### "'34877 139611 128082 70764 226199 69351 129518 208013 113353 135193 179468 8944 92578 14668 64690'"
0 0 0
15434324634137070 148 1
15434324634137070 202 1
15434324634277470 48 -1
15434324634288220 1024 -1
15434324634288312 1024 -1
15434324634288440 119 -1
0 0 0
15434324634335950 148 1
15434324634335950 202 1
0 0 0
15434324633799670 148 1
15434324633799670 194 1
15434324633940188 48 -1
15434324633972640 1024 -1
15434324633972722 253 -1
15434324633973110 1024 -1
15434324633973220 1024 -1
15434324633973220 1024 -1
15434324633973680 1024 -1
15434324633974220 1024 -1
15434324633974220 1024 -1
15434324633974220 1024 -1
15434324633974220 1024 -1
15434324633974730 1024 -1
15434324633974730 1024 -1
15434324633975260 1024 -1
15434324633975260 1024 -1
15434324633975260 1024 -1
15434324633975260 1024 -1
15434324633975812 1024 -1
15434324633975812 1024 -1
15434324633975812 1024 -1
15434324633976340 1024 -1
15434324633976340 1024 -1
15434324633976390 1024 -1
15434324633976390 1024 -1
15434324633976870 1024 -1
15434324633976870 1024 -1
15434324633976870 1024 -1
15434324633976870 63 -1
15434324633976920 1024 -1
15434324633977420 1024 -1
15434324633977420 1024 -1
15434324633977420 1024 -1
15434324633978022 1024 -1
15434324633978068 1024 -1
15434324633978068 1024 -1
15434324633978068 1024 -1
15434324633978068 1024 -1
15434324633978068 121 -1
15434324639299510 78 1
15434324639443400 1024 -1
15434324639443540 1024 -1
15434324639443910 1024 -1
15434324639443910 727 -1
15434324644445960 58 1
15434324644586660 1024 -1
15434324644586790 1024 -1
15434324644587250 1024 -1
15434324644587250 1024 -1
15434324644587740 1024 -1
15434324644587740 1024 -1
15434324644590198 1024 -1
15434324644590780 1024 -1
15434324644590780 1024 -1
15434324644590780 1024 -1
15434324644590780 1024 -1
15434324644591342 1024 -1
15434324644591342 1024 -1
15434324644591342 1024 -1
15434324644591342 1024 -1
15434324644598610 1024 -1
15434324644598610 1024 -1
15434324644599162 1024 -1
15434324644599162 1024 -1
15434324644599162 1024 -1
15434324644599162 1024 -1
15434324644599690 1024 -1
15434324644599690 1024 -1
15434324644599690 1024 -1
15434324644606790 1024 -1
15434324644606790 326 -1
15434324644607338 1024 -1
15434324644607338 1024 -1
15434324644607338 1024 -1
15434324644607338 1024 -1
15434324644607890 1024 -1
15434324644607890 1024 -1
15434324644608410 1024 -1
15434324644608410 1024 -1
15434324644608410 1024 -1
15434324644616690 1024 -1
15434324644616690 1024 -1
15434324644617240 1024 -1
15434324644617240 1024 -1
15434324644617240 1024 -1
15434324644617240 1024 -1
15434324644617800 1024 -1
15434324644617800 1024 -1
15434324644617800 1024 -1
15434324644617800 1024 -1
15434324644618340 1024 -1
15434324644626588 1024 -1
15434324644626588 1024 -1
15434324644627140 1024 -1
15434324644627140 1024 -1
15434324644627140 1024 -1
15434324644627140 1024 -1
15434324644627650 1024 -1
15434324644627650 919 -1
15434324644627650 1024 -1
15434324644628200 1024 -1
15434324644628200 1024 -1
15434324644636322 1024 -1
15434324644636322 1024 -1
15434324644636870 1024 -1
15434324644636870 1024 -1
15434324644636870 1024 -1
15434324644636870 1024 -1
15434324644637430 1024 -1
15434324644637430 1024 -1
15434324644637430 1024 -1
15434324644637430 1024 -1
15434324644637960 1024 -1
15434324644646310 1024 -1
15434324644646310 1024 -1
15434324644646880 1024 -1
15434324644646880 1024 -1
15434324644715550 1024 -1
15434324644715550 1024 -1
15434324644716100 1024 -1
15434324644716100 1024 -1
15434324644716100 1024 -1
15434324644716100 1024 -1
15434324644718822 1024 -1
15434324644719390 1024 -1
15434324644719390 1024 -1
15434324644719390 919 -1
15434324644719390 1024 -1
15434324644719920 1024 -1
15434324644719920 1024 -1
15434324644719920 1024 -1
15434324644719920 1024 -1
15434324644719920 1024 -1
15434324644720470 1024 -1
15434324644720470 1024 -1
15434324644720470 1024 -1
15434324644720470 1024 -1
15434324644721050 1024 -1
15434324644721050 1024 -1
15434324644721570 1024 -1
15434324644721570 1024 -1
15434324644721570 1024 -1
15434324644722140 1024 -1
15434324644722140 1024 -1
15434324644722140 1024 -1
15434324644722140 1024 -1
15434324644722690 1024 -1
15434324644722690 1024 -1
15434324644727390 1024 -1
15434324644727390 1024 -1
15434324644727900 1024 -1
15434324644727900 1024 -1
15434324644727900 1024 -1
15434324644728460 1024 -1
15434324644728460 919 -1
15434324644728460 1024 -1
15434324644728460 1024 -1
15434324644729000 1024 -1
15434324644729000 1024 -1
15434324644729000 1024 -1
15434324644729550 1024 -1
15434324644729550 1024 -1
15434324644735410 1024 -1
15434324644735410 1024 -1
15434324644735860 1024 -1
15434324644735860 1024 -1
15434324644735860 1024 -1
15434324644735860 1024 -1
15434324644736490 1024 -1
15434324644736490 1024 -1
15434324644736490 1024 -1
15434324644736980 1024 -1
15434324644736980 1024 -1
15434324644736980 1024 -1
15434324644736980 1024 -1
15434324644741060 1024 -1
15434324644741060 1024 -1
15434324644741060 1024 -1
15434324644741540 1024 -1
15434324644741540 1024 -1
15434324644741540 1024 -1
15434324644742070 1024 -1
15434324644742070 928 -1
15434324649743680 59 1
15434324649883580 1024 -1
15434324649883922 1024 -1
15434324649884170 1024 -1
15434324649884170 1024 -1
15434324649884490 1024 -1
15434324649884490 1024 -1
15434324649884670 1024 -1
15434324649884670 1024 -1
15434324649884670 1024 -1
15434324649886510 1024 -1
15434324649887050 1024 -1
15434324649887050 1024 -1
15434324649887050 1024 -1
15434324649887050 1024 -1
15434324649887640 1024 -1
15434324649887640 1024 -1
15434324649887640 1024 -1
15434324649887640 1024 -1
15434324649888110 1024 -1
15434324649888110 1024 -1
15434324649893770 1024 -1
15434324649894290 1024 -1
15434324649894290 1024 -1
15434324649894290 1024 -1
15434324649894290 1024 -1
15434324649894290 1012 -1
15434324649942470 1024 -1
15434324649942570 1024 -1
15434324649942570 1024 -1
15434324649943590 1024 -1
15434324649943590 1024 -1
15434324649943590 1024 -1
15434324649943590 1024 -1
15434324649944140 1024 -1
15434324649945900 1024 -1
15434324649946420 1024 -1
15434324649946420 1024 -1
15434324649946420 1024 -1
15434324649946420 1024 -1
15434324649946960 1024 -1
15434324649946960 1024 -1
15434324649949460 1024 -1
15434324649950030 1024 -1
15434324649950030 1024 -1
15434324649950030 1024 -1
15434324649950030 1024 -1
15434324649950530 1024 -1
15434324649950530 1024 -1
15434324649950530 1024 -1
15434324649951090 1024 -1
15434324649951090 1024 -1
15434324649951090 1024 -1
15434324649951090 1024 -1
15434324649951640 919 -1
15434324649955630 1024 -1
15434324649957240 1024 -1
15434324649957240 1024 -1
15434324649957780 1024 -1
15434324649957780 1024 -1
15434324649958342 1024 -1
15434324649958342 1024 -1
15434324649958342 1024 -1
15434324649959700 1024 -1
15434324649960270 1024 -1
15434324649960270 1024 -1
15434324649960270 1024 -1
15434324649960820 1024 -1
15434324649960820 1024 -1
15434324649960820 1024 -1
15434324649960820 1024 -1
15434324649960820 1024 -1
15434324649961370 1024 -1
15434324649961370 1024 -1
15434324649965330 1024 -1
15434324649965910 1024 -1
15434324649965910 1024 -1
15434324649965910 1024 -1
15434324649966460 1024 -1
15434324649966460 1024 -1
15434324649966460 1024 -1
15434324649966460 1024 -1
15434324649966460 919 -1
15434324649966990 1024 -1
15434324649966990 1024 -1
15434324649966990 1024 -1
15434324649967560 1024 -1
15434324649967560 1024 -1
15434324649967560 1024 -1
15434324649967560 1024 -1
15434324649968070 1024 -1
15434324649968070 1024 -1
15434324649968070 1024 -1
15434324649974970 1024 -1
15434324649975532 1024 -1
15434324649975532 1024 -1
15434324649975532 1024 -1
15434324649975532 1024 -1
15434324649976150 1024 -1
15434324649976150 1024 -1
15434324649976150 1024 -1
15434324649976150 1024 -1
15434324649976630 1024 -1
15434324649976630 1024 -1
15434324649976630 1024 -1
15434324649977200 1024 -1
15434324649977200 1024 -1
15434324649977200 1024 -1
15434324649977760 1024 -1
15434324649977760 1024 -1
15434324649977760 919 -1
15434324649983800 1024 -1
15434324649984360 1024 -1
15434324649984360 1024 -1
15434324649984360 1024 -1
15434324649984360 1024 -1
15434324649984880 1024 -1
15434324649984880 1024 -1
15434324649984880 1024 -1
15434324649984880 1024 -1
15434324649985420 1024 -1
15434324649985420 1024 -1
15434324649985420 1024 -1
15434324649985930 1024 -1
15434324649985930 1024 -1
15434324649985930 1024 -1
15434324649985930 973 -1
15434324654987340 88 1
15434324655142620 1024 -1
15434324655142750 235 -1
15434324655155200 1024 -1
15434324655155280 1024 -1
15434324655156270 1024 -1
15434324655156270 1024 -1
15434324655156320 1024 -1
15434324655156800 1024 -1
15434324655156800 1024 -1
15434324655156800 1024 -1
15434324655156800 1024 -1
15434324655158090 1024 -1
15434324655158660 1024 -1
15434324655158660 1024 -1
15434324655158660 1024 -1
15434324655158660 1024 -1
15434324655160210 1024 -1
15434324655160770 1024 -1
15434324655160770 1024 -1
15434324655160770 1024 -1
15434324655160770 1024 -1
15434324655161322 1024 -1
15434324655161322 1024 -1
15434324655161322 1024 -1
15434324655161960 1024 -1
15434324655161960 1024 -1
15434324655161960 63 -1
15434324655164540 1024 -1
15434324655165100 1024 -1
15434324655165100 1024 -1
15434324655165100 1024 -1
15434324655165100 1024 -1
15434324655165638 1024 -1
15434324655165638 1024 -1
15434324655165638 1024 -1
15434324655165638 1024 -1
15434324655166230 1024 -1
15434324655166230 1024 -1
15434324655166230 1024 -1
15434324655166230 1024 -1
15434324655166718 1024 -1
15434324655166718 1024 -1
15434324655166718 1024 -1
15434324655166718 1024 -1
15434324655171800 1024 -1
15434324655172350 1024 -1
15434324655172350 1024 -1
15434324655172350 1024 -1
15434324655172350 1024 -1
15434324655172910 1024 -1
15434324655172910 1024 -1
15434324655172910 63 -1
15434324655172910 1024 -1
15434324655173440 1024 -1
15434324655173440 1024 -1
15434324655173440 1024 -1
15434324655173440 1024 -1
15434324655173982 1024 -1
15434324655173982 1024 -1
15434324655173982 1024 -1
15434324655173982 1024 -1
15434324655174490 1024 -1
15434324655174490 1024 -1
15434324655174490 1024 -1
15434324655175040 1024 -1
15434324655180230 1024 -1
15434324655180790 1024 -1
15434324655180790 1024 -1
15434324655180790 1024 -1
15434324655180790 1024 -1
15434324655181430 1024 -1
15434324655181430 1024 -1
15434324655181430 212 -1
15434324660182480 78 1
15434324660320138 1024 -1
15434324660320310 1024 -1
15434324660320448 1024 -1
15434324660320448 1024 -1
15434324660320498 59 -1
15434324665322650 78 1
15434324665465428 1024 -1
15434324665465742 1024 -1
15434324665465960 1024 -1
15434324665465960 728 -1
15434324670467940 58 1
15434324670621058 1024 -1
15434324670621240 1024 -1
15434324670621570 1024 -1
15434324670621570 1024 -1
15434324670622130 1024 -1
15434324670622130 1024 -1
15434324670622690 1024 -1
15434324670622690 1024 -1
15434324670622690 1024 -1
15434324670624440 1024 -1
15434324670625000 1024 -1
15434324670625000 1024 -1
15434324670625000 1024 -1
15434324670625538 1024 -1
15434324670625538 1024 -1
15434324670625538 1024 -1
15434324670625538 1024 -1
15434324670625538 1024 -1
15434324670626070 1024 -1
15434324670626070 1024 -1
15434324670630340 1024 -1
15434324670630340 1024 -1
15434324670631950 1024 -1
15434324670632442 1024 -1
15434324670632442 1024 -1
15434324670632442 1024 -1
15434324670632442 377 -1
15434324670632442 1024 -1
15434324670632990 1024 -1
15434324670632990 1024 -1
15434324670633560 1024 -1
15434324670633560 1024 -1
15434324670633560 1024 -1
15434324670633560 1024 -1
15434324670633560 1024 -1
15434324670633560 1024 -1
15434324670634060 1024 -1
15434324670634060 1024 -1
15434324670634060 1024 -1
15434324670634610 1024 -1
15434324670641500 1024 -1
15434324670641500 1024 -1
15434324670641500 1024 -1
15434324670642030 1024 -1
15434324670642030 1024 -1
15434324670642030 1024 -1
15434324670642030 1024 -1
15434324670642570 1024 -1
15434324670642570 1024 -1
15434324670642570 1024 -1
15434324670642570 1024 -1
15434324670643130 1024 -1
15434324670643662 1024 -1
15434324670643662 1024 -1
15434324670643662 919 -1
15434324670643662 1024 -1
15434324670643662 1024 -1
15434324670643662 1024 -1
15434324670651090 1024 -1
15434324670651640 1024 -1
15434324670651640 1024 -1
15434324670651640 1024 -1
15434324670651640 1024 -1
15434324670652160 1024 -1
15434324670652160 1024 -1
15434324670652160 1024 -1
15434324670652160 1024 -1
15434324670652160 1024 -1
15434324670652700 1024 -1
15434324670652700 1024 -1
15434324670653260 1024 -1
15434324670653260 1024 -1
15434324670653260 1024 -1
15434324670653820 1024 -1
15434324670653820 1024 -1
15434324670653820 1024 -1
15434324670660520 1024 -1
15434324670661070 1024 -1
15434324670661070 1024 -1
15434324670661070 1024 -1
15434324670661070 1024 -1
15434324670661590 1024 -1
15434324670661590 919 -1
15434324670661590 1024 -1
15434324670661590 1024 -1
15434324670661590 1024 -1
15434324670662110 1024 -1
15434324670662110 1024 -1
15434324670662640 1024 -1
15434324670662640 1024 -1
15434324670662640 1024 -1
15434324670662640 1024 -1
15434324670663190 1024 -1
15434324670663190 1024 -1
15434324670670190 1024 -1
15434324670670720 1024 -1
15434324670670720 1024 -1
15434324670670720 1024 -1
15434324670670720 1024 -1
15434324670671238 1024 -1
15434324670671238 1024 -1
15434324670671238 1024 -1
15434324670671238 1024 -1
15434324670671790 1024 -1
15434324670671790 1024 -1
15434324670671790 1024 -1
15434324670672330 1024 -1
15434324670672330 1024 -1
15434324670672330 1024 -1
15434324670672330 1024 -1
15434324670672880 919 -1
15434324670672880 1024 -1
15434324670679670 1024 -1
15434324670680240 1024 -1
15434324670680240 1024 -1
15434324670680240 1024 -1
15434324670680240 1024 -1
15434324670680240 1024 -1
15434324670680240 1024 -1
15434324670680770 1024 -1
15434324670680770 1024 -1
15434324670681290 1024 -1
15434324670681290 1024 -1
15434324670681290 1024 -1
15434324670681290 1024 -1
15434324670681290 1024 -1
15434324670681800 1024 -1
15434324670681800 1024 -1
15434324670682350 1024 -1
15434324670682350 1024 -1
15434324670689390 1024 -1
15434324670689960 1024 -1
15434324670689960 1024 -1
15434324670689960 1024 -1
15434324670689960 1024 -1
15434324670690530 1024 -1
15434324670690530 1024 -1
15434324670690530 1024 -1
15434324670693750 919 -1
15434324670694290 1024 -1
15434324670694290 1024 -1
15434324670694290 1024 -1
15434324670694860 1024 -1
15434324670694860 1024 -1
15434324670694860 1024 -1
15434324670694860 1024 -1
15434324670694860 1024 -1
15434324670694860 1024 -1
15434324670695360 1024 -1
15434324670695360 1024 -1
15434324670695360 1024 -1
15434324670695360 1024 -1
15434324670695888 1024 -1
15434324670696470 1024 -1
15434324670696470 1024 -1
15434324670696470 1024 -1
15434324670703220 1024 -1
15434324670703780 1024 -1
15434324670703780 1024 -1
15434324670703780 1024 -1
15434324670703780 1024 -1
15434324670704300 1024 -1
15434324670704300 1024 -1
15434324670704300 1024 -1
15434324670704300 1024 -1
15434324670704300 1024 -1
15434324670749158 919 -1
15434324670749158 1024 -1
15434324670753000 1024 -1
15434324670753000 1024 -1
15434324670753540 1024 -1
15434324670753540 1024 -1
15434324670753540 1024 -1
15434324670754060 1024 -1
15434324670754060 1024 -1
15434324670754060 1024 -1
15434324670754060 1024 -1
15434324670754060 1024 -1
15434324670754600 1024 -1
15434324670754600 1024 -1
15434324670754600 1024 -1
15434324670755140 1024 -1
15434324670755140 1024 -1
15434324670755140 1024 -1
15434324670755140 1024 -1
15434324670755680 1024 -1
15434324670755680 1024 -1
15434324670755680 1024 -1
15434324670755680 1024 -1
15434324670756158 1024 -1
15434324670756760 1024 -1
15434324670756760 1024 -1
15434324670756760 1024 -1
15434324670756760 1024 -1
15434324670756760 919 -1
15434324670759830 1024 -1
15434324670759830 1024 -1
15434324670760340 1024 -1
15434324670760340 1024 -1
15434324670760340 1024 -1
15434324670760340 1024 -1
15434324670760870 1024 -1
15434324670760870 1024 -1
15434324670760870 1024 -1
15434324670761450 1024 -1
15434324670761450 1024 -1
15434324670761450 1024 -1
15434324670761450 1024 -1
15434324670761960 1024 -1
15434324670761960 1024 -1
15434324670765140 1024 -1
15434324670765140 1024 -1
15434324670765660 1024 -1
15434324670765660 1024 -1
15434324670765660 1024 -1
15434324670765660 1024 -1
15434324670765660 1024 -1
15434324670766202 1024 -1
15434324670766202 1024 -1
15434324670766740 1024 -1
15434324670766740 1024 -1
15434324670766740 1024 -1
15434324670766740 928 -1
15434324675779400 59 1
15434324675936338 1024 -1
15434324675936530 1024 -1
15434324675936862 1024 -1
15434324675936862 1024 -1
15434324675937440 1024 -1
15434324675937440 1024 -1
15434324675937440 1024 -1
15434324675937440 1024 -1
15434324675937980 1024 -1
15434324675938510 1024 -1
15434324675938510 1024 -1
15434324675939060 1024 -1
15434324675939060 1024 -1
15434324675939060 1024 -1
15434324675939060 1024 -1
15434324675940140 1024 -1
15434324675940750 1024 -1
15434324675940750 1024 -1
15434324675940750 1024 -1
15434324675940750 1024 -1
15434324675940750 1024 -1
15434324675941290 1024 -1
15434324675941290 1024 -1
15434324675941290 1024 -1
15434324675941290 1024 -1
15434324675941290 1024 -1
15434324675941870 312 -1
15434324675943610 1024 -1
15434324675944260 1024 -1
15434324675944260 1024 -1
15434324675944260 1024 -1
15434324675944260 1024 -1
15434324675944710 1024 -1
15434324675944710 1024 -1
15434324675944710 1024 -1
15434324675944710 1024 -1
15434324675945260 1024 -1
15434324675945260 1024 -1
15434324675945260 1024 -1
15434324675945830 1024 -1
15434324675945830 1024 -1
15434324675945830 1024 -1
15434324675945830 1024 -1
15434324675946382 1024 -1
15434324675946382 1024 -1
15434324675946382 1024 -1
15434324675949630 1024 -1
15434324675950160 1024 -1
15434324675950160 1024 -1
15434324675950160 1024 -1
15434324675950160 1024 -1
15434324675950710 1024 -1
15434324675950710 1024 -1
15434324675950710 1024 -1
15434324675950710 919 -1
15434324675951260 1024 -1
15434324675951260 1024 -1
15434324675951260 1024 -1
15434324675951840 1024 -1
15434324675951840 1024 -1
15434324675951840 1024 -1
15434324675951840 1024 -1
15434324675952352 1024 -1
15434324675952352 1024 -1
15434324675952352 1024 -1
15434324675952352 1024 -1
15434324675952858 1024 -1
15434324675952858 1024 -1
15434324675952858 973 -1
15434324680956370 59 1
15434324681096600 1024 -1
15434324681096800 1024 -1
15434324681097110 1024 -1
15434324681097110 1024 -1
15434324681097650 1024 -1
15434324681097650 1024 -1
15434324681098248 1024 -1
15434324681098248 1024 -1
15434324681098248 1024 -1
15434324681098790 1024 -1
15434324681098790 1024 -1
15434324681099350 1024 -1
15434324681099350 1024 -1
15434324681099350 1024 -1
15434324681099910 1024 -1
15434324681099910 1024 -1
15434324681099910 1024 -1
15434324681100540 1024 -1
15434324681100540 1024 -1
15434324681101890 1024 -1
15434324681102530 1024 -1
15434324681102530 1024 -1
15434324681102530 1024 -1
15434324681102530 1024 -1
15434324681102530 1024 -1
15434324681102530 424 -1
15434324681103960 1024 -1
15434324681104510 1024 -1
15434324681104510 1024 -1
15434324681104510 1024 -1
15434324681104510 1024 -1
15434324681105090 1024 -1
15434324681105090 1024 -1
15434324681105090 1024 -1
15434324681105090 1024 -1
15434324681105620 1024 -1
15434324681105620 1024 -1
15434324681105620 1024 -1
15434324681105620 1024 -1
15434324681106170 1024 -1
15434324681106170 1024 -1
15434324681106170 1024 -1
15434324681106740 1024 -1
15434324681106740 1024 -1
15434324681109510 1024 -1
15434324681110080 1024 -1
15434324681110080 1024 -1
15434324681110080 1024 -1
15434324681110080 1024 -1
15434324681110630 1024 -1
15434324681110630 1024 -1
15434324681110630 1024 -1
15434324681110630 1024 -1
15434324681111180 919 -1
15434324681111180 1024 -1
15434324681111180 1024 -1
15434324681113182 1024 -1
15434324681113740 1024 -1
15434324681113740 1024 -1
15434324681113740 1024 -1
15434324681113740 1024 -1
15434324681114270 1024 -1
15434324681114270 1024 -1
15434324681114270 1024 -1
15434324681114270 1024 -1
15434324681114800 1024 -1
15434324681114800 1024 -1
15434324681114800 1024 -1
15434324681114800 1024 -1
15434324681115350 1024 -1
15434324681115350 1024 -1
15434324681115350 1024 -1
15434324681115350 1024 -1
15434324681115880 1024 -1
15434324681115880 1024 -1
15434324681115880 1024 -1
15434324681116440 1024 -1
15434324681116440 1024 -1
15434324681116440 1024 -1
15434324681116440 1024 -1
15434324681116970 1024 -1
15434324681116970 919 -1
15434324681116970 1024 -1
15434324681117510 1024 -1
15434324681117510 1024 -1
15434324681117510 1024 -1
15434324681117510 1024 -1
15434324681123090 1024 -1
15434324681123090 1024 -1
15434324681123632 1024 -1
15434324681123632 1024 -1
15434324681123632 1024 -1
15434324681123632 1024 -1
15434324681124160 1024 -1
15434324681124160 1024 -1
15434324681124160 1024 -1
15434324681124160 1024 -1
15434324681124660 1024 -1
15434324681124660 1024 -1
15434324681124660 1024 -1
15434324681125210 1024 -1
15434324681125210 1024 -1
15434324681125800 1024 -1
15434324681125800 1024 -1
15434324681125800 1024 -1
15434324681125800 1024 -1
15434324681125800 1024 -1
15434324681125800 1024 -1
15434324681126290 1024 -1
15434324681126290 919 -1
15434324681126290 1024 -1
15434324681126822 1024 -1
15434324681126822 1024 -1
15434324681126822 1024 -1
15434324681126822 1024 -1
15434324681127320 1024 -1
15434324681127320 1024 -1
15434324681127320 1024 -1
15434324681127852 1024 -1
15434324681132880 1024 -1
15434324681133440 1024 -1
15434324681133440 1024 -1
15434324681133440 1024 -1
15434324681133440 1024 -1
15434324681133968 1024 -1
15434324681133968 1024 -1
15434324681133968 1024 -1
15434324681133968 958 -1
15434324686135700 58 1
15434324686314312 1024 -1
15434324686314500 429 -1
15434324686314790 1024 -1
15434324686314830 1024 -1
15434324686315360 1024 -1
15434324686315360 1024 -1
15434324686315930 1024 -1
15434324686315930 1024 -1
15434324686315930 1024 -1
15434324686315930 1024 -1
15434324686316472 1024 -1
15434324686316472 1024 -1
15434324686316472 1024 -1
15434324686317590 1024 -1
15434324686317590 1024 -1
15434324686317590 1024 -1
15434324686317590 1024 -1
15434324686318130 1024 -1
15434324686318130 1024 -1
15434324686318130 1024 -1
15434324686318130 1024 -1
15434324686319860 1024 -1
15434324686320400 1024 -1
15434324686320400 1024 -1
15434324686320400 1024 -1
15434324686320400 1024 -1
15434324686320400 63 -1
15434324686320960 1024 -1
15434324686320960 1024 -1
15434324686320960 1024 -1
15434324686320960 1024 -1
15434324686321508 1024 -1
15434324686321508 1024 -1
15434324686321508 1024 -1
15434324686322070 1024 -1
15434324686322070 1024 -1
15434324686322070 1024 -1
15434324686322638 1024 -1
15434324686322638 1024 -1
15434324686325490 1024 -1
15434324686326060 1024 -1
15434324686326060 1024 -1
15434324686326060 1024 -1
15434324686326630 1024 -1
15434324686326630 1024 -1
15434324686326630 1024 -1
15434324686326630 1024 -1
15434324686328990 1024 -1
15434324686329538 1024 -1
15434324686329538 1024 -1
15434324686329538 1024 -1
15434324686329538 63 -1
15434324686329538 1024 -1
15434324686330100 1024 -1
15434324686330100 1024 -1
15434324686330100 1024 -1
15434324686330630 1024 -1
15434324686330630 1024 -1
15434324686330630 1024 -1
15434324686330630 1024 -1
15434324686331192 1024 -1
15434324686331192 1024 -1
15434324686331192 1024 -1
15434324686331720 1024 -1
15434324686331720 1024 -1
15434324686331720 1024 -1
15434324686331720 1024 -1
15434324686332260 1024 -1
15434324686332260 1024 -1
15434324686332260 1024 -1
15434324686332260 1024 -1
15434324686332790 1024 -1
15434324686332790 1024 -1
15434324686332790 1024 -1
15434324686333352 1024 -1
15434324686333352 1024 -1
15434324686333352 63 -1
15434324686333890 1024 -1
15434324686333890 1024 -1
15434324686333890 1024 -1
15434324686338060 1024 -1
15434324686338610 1024 -1
15434324686338610 1024 -1
15434324686338610 1024 -1
15434324686338610 1024 -1
15434324686339130 1024 -1
15434324686339130 1024 -1
15434324686339130 1024 -1
15434324686339130 1024 -1
15434324686339130 1024 -1
15434324686339670 1024 -1
15434324686340230 1024 -1
15434324686340230 1024 -1
15434324686340230 1024 -1
15434324686340230 1024 -1
15434324686340840 1024 -1
15434324686340840 1024 -1
15434324686340840 1024 -1
15434324686340840 1024 -1
15434324686340840 1024 -1
15434324686340840 1024 -1
15434324686341320 63 -1
15434324686341320 1024 -1
15434324686341320 1024 -1
15434324686341860 1024 -1
15434324686341860 1024 -1
15434324686341860 1024 -1
15434324686341860 1024 -1
15434324686342400 1024 -1
15434324686342400 1024 -1
15434324686342400 1024 -1
15434324686342960 1024 -1
15434324686348628 1024 -1
15434324686348628 1024 -1
15434324686349248 1024 -1
15434324686349248 1024 -1
15434324686349248 1024 -1
15434324686349248 1024 -1
15434324686349730 1024 -1
15434324686349730 1024 -1
15434324686349730 1024 -1
15434324686349730 1024 -1
15434324686350278 1024 -1
15434324686350278 1024 -1
15434324686350278 1024 -1
15434324686350800 1024 -1
15434324686350800 63 -1
15434324686350800 1024 -1
15434324686350800 1024 -1
15434324686350800 1024 -1
15434324686351340 1024 -1
15434324686351340 1024 -1
15434324686351340 1024 -1
15434324686351870 1024 -1
15434324686351870 1024 -1
15434324686351870 1024 -1
15434324686351870 1024 -1
15434324686352388 1024 -1
15434324686352388 1024 -1
15434324686352388 1024 -1
15434324686352920 1024 -1
15434324686352920 1024 -1
15434324686352920 1024 -1
15434324686352920 1024 -1
15434324686353490 1024 -1
15434324686359250 1024 -1
15434324686359770 1024 -1
15434324686359770 1024 -1
15434324686359770 1024 -1
15434324686359770 1024 -1
15434324686359770 1024 -1
15434324686360310 63 -1
15434324686360310 1024 -1
15434324686360310 1024 -1
15434324686360840 1024 -1
15434324686360840 1024 -1
15434324686360840 1024 -1
15434324686360840 1024 -1
15434324686361402 1024 -1
15434324686361402 1024 -1
15434324686361402 1024 -1
15434324686361970 1024 -1
15434324686361970 1024 -1
15434324686361970 1024 -1
15434324686361970 1024 -1
15434324686361970 1024 -1
15434324686361970 1024 -1
15434324686362432 1024 -1
15434324686362432 1024 -1
15434324686362980 1024 -1
15434324686362980 1024 -1
15434324686362980 1024 -1
15434324686362980 1024 -1
15434324686363530 1024 -1
15434324686363530 1024 -1
15434324686363530 1024 -1
15434324686363530 63 -1
15434324686364080 1024 -1
15434324686368690 1024 -1
15434324686368690 1024 -1
15434324686369240 1024 -1
15434324686369240 1024 -1
15434324686369240 1024 -1
15434324686369240 1024 -1
15434324686369780 1024 -1
15434324686369780 1024 -1
15434324686369780 1024 -1
15434324686369780 1024 -1
15434324686370330 1024 -1
15434324686370330 1024 -1
15434324686370330 1024 -1
15434324686370860 1024 -1
15434324686370860 1024 -1
15434324686370860 1024 -1
15434324686370860 1024 -1
15434324686371428 1024 -1
15434324686371428 1024 -1
15434324686371428 1024 -1
15434324686371428 1024 -1
15434324686371910 1024 -1
15434324686372480 1024 -1
15434324686372480 63 -1
15434324686372480 1024 -1
15434324686372480 1024 -1
15434324686372480 1024 -1
15434324686372480 1024 -1
15434324686372480 1024 -1
15434324686372982 1024 -1
15434324686372982 1024 -1
15434324686372982 1024 -1
15434324686378480 1024 -1
15434324686378480 1024 -1
15434324686378480 33 -1
15434324691379220 58 1
15434324691519270 1024 -1
15434324691519430 1024 -1
15434324691519812 1024 -1
15434324691519812 1024 -1
15434324691520360 1024 -1
15434324691520360 1024 -1
15434324691520360 1024 -1
15434324691520360 1024 -1
15434324691520892 1024 -1
15434324691521450 1024 -1
15434324691521450 1024 -1
15434324691521960 1024 -1
15434324691521960 1024 -1
15434324691521960 1024 -1
15434324691521960 1024 -1
15434324691522480 1024 -1
15434324691522480 1024 -1
15434324691522480 1024 -1
15434324691523030 1024 -1
15434324691523030 1024 -1
15434324691524550 1024 -1
15434324691525120 1024 -1
15434324691525120 1024 -1
15434324691525120 1024 -1
15434324691525120 1024 -1
15434324691525120 546 -1
15434324691526660 1024 -1
15434324691527250 1024 -1
15434324691527250 1024 -1
15434324691527250 1024 -1
15434324691527250 1024 -1
15434324691527250 1024 -1
15434324691527850 1024 -1
15434324691527850 1024 -1
15434324691527850 1024 -1
15434324691528340 1024 -1
15434324691528340 1024 -1
15434324691528340 1024 -1
15434324691528340 1024 -1
15434324691528860 1024 -1
15434324691528860 1024 -1
15434324691528860 1024 -1
15434324691529420 1024 -1
15434324691529420 1024 -1
15434324691531560 1024 -1
15434324691532180 1024 -1
15434324691532180 1024 -1
15434324691532180 1024 -1
15434324691532180 1024 -1
15434324691532710 1024 -1
15434324691532710 1024 -1
15434324691532710 1024 -1
15434324691532710 1024 -1
15434324691533150 919 -1
15434324691533150 1024 -1
15434324691533720 1024 -1
15434324691533720 1024 -1
15434324691533720 1024 -1
15434324691533720 1024 -1
15434324691536250 1024 -1
15434324691536840 1024 -1
15434324691536840 1024 -1
15434324691536840 1024 -1
15434324691536840 1024 -1
15434324691537350 1024 -1
15434324691537350 1024 -1
15434324691537350 1024 -1
15434324691537350 1024 -1
15434324691537850 1024 -1
15434324691537850 1024 -1
15434324691537850 1024 -1
15434324691537850 1024 -1
15434324691538392 1024 -1
15434324691538392 1024 -1
15434324691538392 1024 -1
15434324691538920 1024 -1
15434324691538920 1024 -1
15434324691538920 1024 -1
15434324691539450 1024 -1
15434324691539450 1024 -1
15434324691539450 1024 -1
15434324691539450 919 -1
15434324691539990 1024 -1
15434324691539990 1024 -1
15434324691539990 1024 -1
15434324691539990 1024 -1
15434324691540520 1024 -1
15434324691540520 1024 -1
15434324691540520 1024 -1
15434324691541080 1024 -1
15434324691541080 1024 -1
15434324691541080 1024 -1
15434324691546510 1024 -1
15434324691547040 1024 -1
15434324691547040 1024 -1
15434324691547040 1024 -1
15434324691547040 1024 -1
15434324691547560 1024 -1
15434324691547560 1024 -1
15434324691547560 1024 -1
15434324691547560 1024 -1
15434324691548110 1024 -1
15434324691548110 1024 -1
15434324691548110 1024 -1
15434324691548110 1024 -1
15434324691548650 1024 -1
15434324691548650 1024 -1
15434324691548650 1024 -1
15434324691548650 1024 -1
15434324691548650 919 -1
15434324691549150 1024 -1
15434324691549150 1018 -1
15434324696552480 58 1
15434324696691130 1024 -1
15434324696691300 1024 -1
15434324696691340 1024 -1
15434324696691340 1024 -1
15434324696691990 1024 -1
15434324696691990 1024 -1
15434324696691990 1024 -1
15434324696692532 1024 -1
15434324696692532 1024 -1
15434324696692532 1024 -1
15434324696692532 1024 -1
15434324696693650 1024 -1
15434324696693650 1024 -1
15434324696693650 1024 -1
15434324696693650 1024 -1
15434324696694170 1024 -1
15434324696694170 1024 -1
15434324696694170 1024 -1
15434324696694170 1024 -1
15434324696694720 1024 -1
15434324696695950 1024 -1
15434324696696520 1024 -1
15434324696696520 1024 -1
15434324696696520 1024 -1
15434324696696520 1024 -1
15434324696697062 1024 -1
15434324696697610 1003 -1
15434324696697610 1024 -1
15434324696698142 1024 -1
15434324696698142 1024 -1
15434324696698142 1024 -1
15434324696698690 1024 -1
15434324696698690 1024 -1
15434324696698690 1024 -1
15434324696698690 1024 -1
15434324696700160 1024 -1
15434324696700690 1024 -1
15434324696700690 1024 -1
15434324696700690 1024 -1
15434324696700690 1024 -1
15434324696701250 1024 -1
15434324696701250 1024 -1
15434324696701250 1024 -1
15434324696701250 1024 -1
15434324696701800 1024 -1
15434324696701800 1024 -1
15434324696702362 1024 -1
15434324696702362 1024 -1
15434324696702362 1024 -1
15434324696702362 1024 -1
15434324696702930 1024 -1
15434324696702930 1024 -1
15434324696702930 1024 -1
15434324696702930 1024 -1
15434324696702930 919 -1
15434324696703538 1024 -1
15434324696703538 1024 -1
15434324696703538 1024 -1
15434324696703538 1024 -1
15434324696704010 1024 -1
15434324696704010 1024 -1
15434324696707540 1024 -1
15434324696708080 1024 -1
15434324696708080 1024 -1
15434324696708080 1024 -1
15434324696708080 1024 -1
15434324696708630 1024 -1
15434324696708630 1024 -1
15434324696708630 1024 -1
15434324696709170 1024 -1
15434324696709170 1024 -1
15434324696709170 1024 -1
15434324696709170 1024 -1
15434324696709700 1024 -1
15434324696709700 1024 -1
15434324696709700 1024 -1
15434324696709700 1024 -1
15434324696710210 1024 -1
15434324696710210 1024 -1
15434324696710210 1024 -1
15434324696710740 1024 -1
15434324696710740 1024 -1
15434324696710740 919 -1
15434324696710740 1024 -1
15434324696711270 1024 -1
15434324696711270 1024 -1
15434324696711270 1024 -1
15434324696711820 1024 -1
15434324696711820 1024 -1
15434324696711820 1024 -1
15434324696711820 1024 -1
15434324696711820 1024 -1
15434324696712330 1024 -1
15434324696712330 1024 -1
15434324696712330 1024 -1
15434324696712920 1024 -1
15434324696717650 1024 -1
15434324696717650 1024 -1
15434324696718200 1024 -1
15434324696718200 1024 -1
15434324696718200 1024 -1
15434324696718200 1024 -1
15434324696718740 1024 -1
15434324696718740 1024 -1
15434324696718740 1024 -1
15434324696719270 1024 -1
15434324696719270 1024 -1
15434324696719270 1024 -1
15434324696719270 1024 -1
15434324696719840 1024 -1
15434324696719840 919 -1
15434324696719840 1024 -1
15434324696719840 1024 -1
15434324696720440 1024 -1
15434324696720440 1024 -1
15434324696720440 1024 -1
15434324696720440 1024 -1
15434324696720900 1024 -1
15434324696720900 1024 -1
15434324696720900 1024 -1
15434324696720900 1024 -1
15434324696721430 1024 -1
15434324696721430 1024 -1
15434324696721430 1024 -1
15434324696721980 1024 -1
15434324696721980 1024 -1
15434324696721980 1024 -1
15434324696721980 1024 -1
15434324696722490 1024 -1
15434324696722490 1024 -1
15434324696722490 1024 -1
15434324696723052 1024 -1
15434324696727190 943 -1
15434324701727930 78 1
15434324702014640 1024 -1
15434324702014850 1024 -1
15434324702014870 1024 -1
15434324702014870 727 -1
15434324707016730 59 1
15434324707172710 1024 -1
15434324707172870 366 -1
15434324707172900 1024 -1
15434324707173560 1024 -1
15434324707173560 1024 -1
15434324707173560 1024 -1
15434324707174140 1024 -1
15434324707174140 1024 -1
15434324707174900 1024 -1
15434324707174900 1024 -1
15434324707174900 1024 -1
15434324707175010 1024 -1
15434324707175010 1024 -1
15434324707175010 1024 -1
15434324707175010 1024 -1
15434324707175470 1024 -1
15434324707175470 1024 -1
15434324707176600 1024 -1
15434324707176600 1024 -1
15434324707177170 1024 -1
15434324707177170 1024 -1
15434324707177170 1024 -1
15434324707177170 1024 -1
15434324707177740 1024 -1
15434324707177740 1024 -1
15434324707177740 1024 -1
15434324707177740 63 -1
15434324707178850 1024 -1
15434324707178850 1024 -1
15434324707179400 1024 -1
15434324707179400 1024 -1
15434324707179400 1024 -1
15434324707179950 1024 -1
15434324707179950 1024 -1
15434324707179950 1024 -1
15434324707179950 1024 -1
15434324707180490 1024 -1
15434324707180490 1024 -1
15434324707180490 1024 -1
15434324707180490 1024 -1
15434324707181000 1024 -1
15434324707181000 1024 -1
15434324707181000 1024 -1
15434324707181000 1024 -1
15434324707183370 1024 -1
15434324707183940 1024 -1
15434324707183940 1024 -1
15434324707183940 1024 -1
15434324707183940 1024 -1
15434324707184480 1024 -1
15434324707184480 1024 -1
15434324707184480 63 -1
15434324707185630 1024 -1
15434324707185630 1024 -1
15434324707185630 1024 -1
15434324707185630 1024 -1
15434324707186180 1024 -1
15434324707186180 1024 -1
15434324707186730 1024 -1
15434324707186730 1024 -1
15434324707186730 1024 -1
15434324707186730 1024 -1
15434324707186730 1024 -1
15434324707187290 1024 -1
15434324707187290 1024 -1
15434324707187290 1024 -1
15434324707187290 1024 -1
15434324707187840 1024 -1
15434324707187840 1024 -1
15434324707188390 1024 -1
15434324707188390 1024 -1
15434324707188390 1024 -1
15434324707188390 1024 -1
15434324707188390 1024 -1
15434324707188900 1024 -1
15434324707188900 1024 -1
15434324707188900 63 -1
15434324707188900 1024 -1
15434324707188900 1024 -1
15434324707189460 1024 -1
15434324707189460 1024 -1
15434324707189990 1024 -1
15434324707189990 1024 -1
15434324707189990 1024 -1
15434324707189990 1024 -1
15434324707190508 1024 -1
15434324707190508 1024 -1
15434324707190508 1024 -1
15434324707190508 1024 -1
15434324707195220 1024 -1
15434324707195770 1024 -1
15434324707195770 1024 -1
15434324707195770 1024 -1
15434324707195770 1024 -1
15434324707196320 1024 -1
15434324707196320 1024 -1
15434324707196320 1024 -1
15434324707196320 1024 -1
15434324707196838 1024 -1
15434324707196838 1024 -1
15434324707196838 1024 -1
15434324707196838 63 -1
15434324707196838 1024 -1
15434324707197350 1024 -1
15434324707197350 1024 -1
15434324707197350 1024 -1
15434324707197868 1024 -1
15434324707197868 1024 -1
15434324707197868 1024 -1
15434324707198400 1024 -1
15434324707198400 1024 -1
15434324707198400 1024 -1
15434324707198400 1024 -1
15434324707198940 1024 -1
15434324707198940 1024 -1
15434324707198940 1024 -1
15434324707198940 1024 -1
15434324707199430 1024 -1
15434324707200020 1024 -1
15434324707200020 1024 -1
15434324707200020 1024 -1
15434324707200020 1024 -1
15434324707200570 1024 -1
15434324707200570 1024 -1
15434324707200570 1024 -1
15434324707200570 1024 -1
15434324707200570 63 -1
15434324707205430 1024 -1
15434324707205430 1024 -1
15434324707205970 1024 -1
15434324707205970 1024 -1
15434324707205970 1024 -1
15434324707205970 1024 -1
15434324707206522 1024 -1
15434324707206522 1024 -1
15434324707206522 1024 -1
15434324707207070 1024 -1
15434324707207070 1024 -1
15434324707207070 1024 -1
15434324707207070 1024 -1
15434324707207630 1024 -1
15434324707207630 1024 -1
15434324707207630 1024 -1
15434324707208158 1024 -1
15434324707208158 1024 -1
15434324707208158 1024 -1
15434324707208158 1024 -1
15434324707208690 1024 -1
15434324707208690 1024 -1
15434324707208690 1024 -1
15434324707208690 1024 -1
15434324707208690 63 -1
15434324707209200 1024 -1
15434324707209200 1024 -1
15434324707209750 1024 -1
15434324707209750 1024 -1
15434324707209750 1024 -1
15434324707209750 1024 -1
15434324707209750 1024 -1
15434324707210280 1024 -1
15434324707210280 1024 -1
15434324707210830 1024 -1
15434324707210830 1024 -1
15434324707210830 1024 -1
15434324707210830 1024 -1
15434324707216120 1024 -1
15434324707216120 1024 -1
15434324707216690 1024 -1
15434324707216690 1024 -1
15434324707216690 1024 -1
15434324707217210 1024 -1
15434324707217210 1024 -1
15434324707217210 1024 -1
15434324707217210 1024 -1
15434324707217210 1024 -1
15434324707217720 1024 -1
15434324707217720 63 -1
15434324707217720 1024 -1
15434324707217720 1024 -1
15434324707218260 1024 -1
15434324707218260 1024 -1
15434324707218260 1024 -1
15434324707218260 1024 -1
15434324707218260 215 -1
15434324712219952 9 1
15434324717219940 91 1
15434324717358480 1024 -1
15434324717358602 1024 -1
15434324717359012 1024 -1
15434324717359012 1024 -1
15434324717359012 1024 -1
15434324717359012 1024 -1
15434324717359540 1024 -1
15434324717359540 1024 -1
15434324717359540 1024 -1
15434324717359540 29 -1
15434324722361680 88 1
15434324722931740 1024 -1
15434324722931860 1024 -1
15434324722932270 1024 -1
15434324722932270 1024 -1
15434324722932840 1024 -1
15434324722932840 1024 -1
15434324722932840 1024 -1
15434324722932840 1024 -1
15434324722933380 1024 -1
15434324722933920 1024 -1
15434324722933920 1024 -1
15434324722933920 1024 -1
15434324722933920 1024 -1
15434324722934480 1024 -1
15434324722934480 1024 -1
15434324722935600 1024 -1
15434324722935600 1024 -1
15434324722935600 1024 -1
15434324722935600 1024 -1
15434324722936120 1024 -1
15434324722936120 1024 -1
15434324722936120 1024 -1
15434324722936120 1024 -1
15434324722936680 1024 -1
15434324722936680 1024 -1
15434324722936680 131 -1
15434324722954300 1024 -1
15434324722954460 1024 -1
15434324722954832 1024 -1
15434324722954832 1024 -1
15434324722955360 1024 -1
15434324722955360 1024 -1
15434324722955360 1024 -1
15434324722955360 1024 -1
15434324722955900 1024 -1
15434324722956460 1024 -1
15434324722957030 1024 -1
15434324722957030 1024 -1
15434324722957030 1024 -1
15434324722957030 1024 -1
15434324722957580 1024 -1
15434324722957580 1024 -1
15434324722957580 1024 -1
15434324722957580 1024 -1
15434324722958150 1024 -1
15434324722958150 1024 -1
15434324722959470 1024 -1
15434324722960000 1024 -1
15434324722960000 1024 -1
15434324722960000 1024 -1
15434324722960000 1024 -1
15434324722960620 1024 -1
15434324722961112 1024 -1
15434324722961112 919 -1
15434324722961112 1024 -1
15434324722961112 1024 -1
15434324722961650 1024 -1
15434324722961650 1024 -1
15434324722961650 1024 -1
15434324722962200 1024 -1
15434324722962200 1024 -1
15434324722962200 1024 -1
15434324722962200 1024 -1
15434324722962720 1024 -1
15434324722962720 1024 -1
15434324722962720 1024 -1
15434324722962720 1024 -1
15434324722963272 1024 -1
15434324722963272 1024 -1
15434324722965770 1024 -1
15434324722965770 1024 -1
15434324722966330 1024 -1
15434324722966850 1024 -1
15434324722966850 1024 -1
15434324722966850 1024 -1
15434324722966850 1024 -1
15434324722967420 1024 -1
15434324722967420 1024 -1
15434324722967420 1024 -1
15434324722967980 1024 -1
15434324722967980 1024 -1
15434324722967980 919 -1
15434324722969360 1024 -1
15434324722969912 1024 -1
15434324722969912 1024 -1
15434324722969912 1024 -1
15434324722969912 1024 -1
15434324722970460 1024 -1
15434324722970460 1024 -1
15434324722970460 1024 -1
15434324722970460 1024 -1
15434324722970460 988 -1
15434324727971750 88 1
15434324728111920 1024 -1
15434324728112112 1024 -1
15434324728112130 1024 -1
15434324728112130 1024 -1
15434324728112422 1024 -1
15434324728113010 1024 -1
15434324728113010 1024 -1
15434324728113010 929 -1
15434324733115460 88 1
15434324733258400 1024 -1
15434324733258582 1024 -1
15434324733258610 1024 -1
15434324733258610 1024 -1
15434324733259850 1024 -1
15434324733259850 1024 -1
15434324733259850 1024 -1
15434324733259972 1024 -1
15434324733259972 1024 -1
15434324733260390 1024 -1
15434324733260390 1024 -1
15434324733260460 1024 -1
15434324733260460 1024 -1
15434324733260460 1024 -1
15434324733260460 643 -1
15434324738264640 88 1
15434324738401958 1024 -1
15434324738402400 1024 -1
15434324738402440 1024 -1
15434324738402440 1024 -1
15434324738403210 1024 -1
15434324738403210 819 -1
15434324743407660 89 1
15434324743559260 1024 -1
15434324743559410 1024 -1
15434324743560150 1024 -1
15434324743560150 1024 -1
15434324743560250 1024 -1
15434324743562780 1024 -1
15434324743562850 1024 -1
15434324743563340 1024 -1
15434324743563340 1024 -1
15434324743563860 1024 -1
15434324743563860 1024 -1
15434324743563860 1024 -1
15434324743563860 1024 -1
15434324743564400 1024 -1
15434324743564920 1024 -1
15434324743564980 1024 -1
15434324743564980 1024 -1
15434324743565472 1024 -1
15434324743565472 1024 -1
15434324743565472 1024 -1
15434324743565472 1024 -1
15434324743566000 1024 -1
15434324743566000 1024 -1
15434324743566580 1024 -1
15434324743566580 1024 -1
15434324743566580 748 -1
15434324743567140 1024 -1
15434324743567710 1024 -1
15434324743567710 1024 -1
15434324743568270 1024 -1
15434324743568270 1024 -1
15434324743568270 1024 -1
15434324743568270 1024 -1
15434324743568800 1024 -1
15434324743568800 1024 -1
15434324743568800 1024 -1
15434324743568800 1024 -1
15434324743568800 1024 -1
15434324743569300 1024 -1
15434324743569300 1024 -1
15434324743569300 1024 -1
15434324743569300 1024 -1
15434324743571330 1024 -1
15434324743571950 1024 -1
15434324743571950 1024 -1
15434324743571950 1024 -1
15434324743571950 1024 -1
15434324743572400 1024 -1
15434324743572400 1024 -1
15434324743572400 1024 -1
15434324743572940 1024 -1
15434324743572940 1024 -1
15434324743572940 1024 -1
15434324743572940 919 -1
15434324743572940 1024 -1
15434324743573430 1024 -1
15434324743573430 1024 -1
15434324743573990 1024 -1
15434324743573990 1024 -1
15434324743573990 1024 -1
15434324743573990 1024 -1
15434324743573990 1024 -1
15434324743574540 1024 -1
15434324743574540 988 -1
15434324748577760 88 1
15434324748717812 1024 -1
15434324748718160 1024 -1
15434324748718222 1024 -1
15434324748718222 1024 -1
15434324748718880 1024 -1
15434324748718880 1024 -1
15434324748718880 1024 -1
15434324748718880 1024 -1
15434324748719450 1024 -1
15434324748720110 1024 -1
15434324748720180 1024 -1
15434324748720180 1024 -1
15434324748720180 1024 -1
15434324748720180 1024 -1
15434324748720570 1024 -1
15434324748720570 1024 -1
15434324748721148 1024 -1
15434324748721148 1024 -1
15434324748722310 1024 -1
15434324748722310 1024 -1
15434324748722310 1024 -1
15434324748722310 1024 -1
15434324748722310 1024 -1
15434324748722810 1024 -1
15434324748722810 1024 -1
15434324748722810 690 -1
15434324748723920 1024 -1
15434324748724480 1024 -1
15434324748724480 1024 -1
15434324748724480 1024 -1
15434324748724480 1024 -1
15434324748725190 1024 -1
15434324748725190 1024 -1
15434324748725190 1024 -1
15434324748725190 1024 -1
15434324748725720 1024 -1
15434324748725720 1024 -1
15434324748725720 1024 -1
15434324748725720 1024 -1
15434324748725720 1024 -1
15434324748725720 1024 -1
15434324748726260 1024 -1
15434324748726260 1024 -1
15434324748726260 1024 -1
15434324748726260 1024 -1
15434324748726800 1024 -1
15434324748729790 1024 -1
15434324748730330 1024 -1
15434324748730330 1024 -1
15434324748730330 1024 -1
15434324748730330 1024 -1
15434324748730850 1024 -1
15434324748730850 1024 -1
15434324748730850 919 -1
15434324748730850 1024 -1
15434324748731360 1024 -1
15434324748731360 1024 -1
15434324748731360 1024 -1
15434324748731920 1024 -1
15434324748731920 1024 -1
15434324748733260 1024 -1
15434324748733808 1024 -1
15434324748733808 1024 -1
15434324748733808 1024 -1
15434324748733808 1024 -1
15434324748734360 1024 -1
15434324748734360 1024 -1
15434324748734360 1024 -1
15434324748734360 1024 -1
15434324748734890 1024 -1
15434324748734890 1024 -1
15434324748734890 1024 -1
15434324748735430 1024 -1
15434324748735430 1024 -1
15434324748735430 1024 -1
15434324748735430 1024 -1
15434324748735970 1024 -1
15434324748735970 1024 -1
15434324748735970 1024 -1
15434324748736520 1024 -1
15434324748736520 1024 -1
15434324748736520 919 -1
15434324748736520 1024 -1
15434324748737062 1024 -1
15434324748737062 1024 -1
15434324748737062 1024 -1
15434324748737062 1024 -1
15434324748737610 1024 -1
15434324748737610 1024 -1
15434324748737610 1024 -1
15434324748737610 1024 -1
15434324748738150 1024 -1
15434324748738150 1024 -1
15434324748738150 1024 -1
15434324748738680 1024 -1
15434324748738680 973 -1
15434324753744390 66 1
15434324753886780 1024 -1
15434324753886990 1024 -1
15434324753888040 1024 -1
15434324753888040 1024 -1
15434324753888170 1024 -1
15434324753888170 1024 -1
15434324753888170 1024 -1
15434324753888170 1024 -1
15434324753888170 1024 -1
15434324753888560 1024 -1
15434324753889142 1024 -1
15434324753889142 1024 -1
15434324753889142 1024 -1
15434324753889142 1024 -1
15434324753890250 1024 -1
15434324753890250 1024 -1
15434324753890250 1024 -1
15434324753890250 1024 -1
15434324753890790 1024 -1
15434324753890790 1024 -1
15434324753890790 1024 -1
15434324753890790 1024 -1
15434324753891340 1024 -1
15434324753891340 1024 -1
15434324753891340 329 -1
15434324753907020 1024 -1
15434324753907508 1024 -1
15434324753907620 1024 -1
15434324753907620 1024 -1
15434324753908620 1024 -1
15434324753908620 1024 -1
15434324753909180 1024 -1
15434324753909180 1024 -1
15434324753909180 1024 -1
15434324753910320 1024 -1
15434324753910320 1024 -1
15434324753910320 1024 -1
15434324753910320 1024 -1
15434324753910900 1024 -1
15434324753910900 1024 -1
15434324753910900 1024 -1
15434324753910900 1024 -1
15434324753911418 935 -1
15434324758912780 78 1
15434324759053522 1024 -1
15434324759053720 1024 -1
15434324759053740 318 -1
15434324764056030 78 1
15434324764193180 1024 -1
15434324764193690 1024 -1
15434324764193800 1024 -1
15434324764193800 549 -1
15434324769197550 78 1
15434324769337360 1024 -1
15434324769337570 1024 -1
15434324769337872 1024 -1
15434324769337872 194 -1
15434324774339362 79 1
15434324774480432 1024 -1
15434324774480900 1024 -1
15434324774480980 1024 -1
15434324774481080 371 -1
15434324779482998 78 1
15434324779620550 1024 -1
15434324779620760 1024 -1
15434324779621070 862 -1
15434324784622682 63 1
15434324784768310 1024 -1
15434324784768500 1024 -1
15434324784768520 1024 -1
15434324784768520 1024 -1
15434324784769060 1024 -1
15434324784769060 1024 -1
15434324784769060 1024 -1
15434324784769060 1024 -1
15434324784769060 26 -1
15434324789771430 62 1
15434324789913940 1024 -1
15434324789914120 1024 -1
15434324789914470 1024 -1
15434324789914470 1024 -1
15434324789915060 981 -1
15434324794916720 64 1
15434324795055640 1024 -1
15434324795055840 1024 -1
15434324795056170 1024 -1
15434324795056170 1024 -1
15434324795056730 1024 -1
15434324795056730 1024 -1
15434324795056730 1024 -1
15434324795056730 917 -1
15434324800059010 63 1
15434324800197230 1024 -1
15434324800197480 1024 -1
15434324800197762 1024 -1
15434324800197762 680 -1
15434324805199590 63 1
15434324805370340 1024 -1
15434324805370880 430 -1
15434324805370880 1024 -1
15434324805370942 1024 -1
15434324805371398 1024 -1
15434324805371398 1024 -1
15434324805371398 1024 -1
15434324805371950 1024 -1
15434324805371950 61 -1
15434324810373600 62 1
15434324810541560 1024 -1
15434324810541750 430 -1
15434324810542650 1024 -1
15434324810543230 1024 -1
15434324810543230 1024 -1
15434324810543290 1024 -1
15434324810543290 1024 -1
15434324810543758 1024 -1
15434324810543758 1024 -1
15434324810543758 1024 -1
15434324810544320 152 -1
15434324815545910 88 1
15434324815685760 1024 -1
15434324815686280 1024 -1
15434324815686400 1024 -1
15434324815686400 1024 -1
15434324815686540 1024 -1
15434324815686540 1024 -1
15434324815686540 1024 -1
15434324815686540 1024 -1
15434324815686540 1024 -1
15434324815686628 29 -1
0 0 0
15434324634132690 148 1
15434324634132690 203 1
15434324634283870 48 -1
15434324634296260 1024 -1
15434324634296400 1024 -1
15434324634296550 497 -1
0 0 0
15434324634478660 148 1
15434324634478660 183 1
0 0 0
15434324634120780 148 1
15434324634120780 203 1
15434324634261600 48 -1
15434324634272910 1024 -1
15434324634273010 1024 -1
15434324634273010 1024 -1
15434324634273420 1024 -1
15434324634273980 1024 -1
15434324634273980 1024 -1
15434324634274540 1024 -1
15434324634274540 121 -1
