### "'13025 152351 17532 34030 147521 143693 106866 192191 74691 147341 123811 158447 137875 8237 137492'"
0 0 0
15434347327414070 148 1
15434347327414070 206 1
15434347327583070 48 -1
15434347327596510 1024 -1
15434347327597080 763 -1
0 0 0
15434347327378650 148 1
15434347327560720 48 -1
15434347327560800 207 1
15434347327754310 1024 -1
15434347327754440 1024 -1
15434347327754850 1024 -1
15434347327754850 1024 -1
15434347327755420 1024 -1
15434347327755420 1024 -1
15434347327755420 1024 -1
15434347327755420 1024 -1
15434347327755420 1024 -1
15434347327755900 1024 -1
15434347327756470 1024 -1
15434347327756470 1024 -1
15434347327756470 1024 -1
15434347327756470 24 -1
0 0 0
15434347327349720 148 1
15434347327349720 198 1
0 0 0
15434347335164780 148 1
15434347335164780 206 1
15434347335291970 48 -1
15434347335305040 1024 -1
15434347335305150 1024 -1
15434347335305172 862 -1
15434347340306510 78 1
15434347340443060 1024 -1
15434347340443420 1024 -1
15434347340443680 1024 -1
15434347340443680 370 -1
15434347345447280 79 1
15434347345594740 1024 -1
15434347345594860 1024 -1
15434347345594972 852 -1
15434347350596800 78 1
15434347350753930 1024 -1
15434347350754120 1024 -1
15434347350754450 861 -1
15434347355755960 78 1
15434347355896110 1024 -1
15434347355896310 1024 -1
15434347355896670 1024 -1
15434347355896670 550 -1
15434347360898320 63 1
15434347361054570 1024 -1
15434347361055030 302 -1
15434347361055100 1024 -1
15434347361055150 1024 -1
15434347361055150 1024 -1
15434347361056210 1024 -1
15434347361056210 312 -1
15434347366060570 63 1
15434347366196340 1024 -1
15434347366196900 1024 -1
15434347366196990 1024 -1
15434347366196990 1024 -1
15434347366197050 1024 -1
15434347366197050 704 -1
15434347371204730 63 1
15434347371394392 1024 -1
15434347371394530 366 -1
15434347371434218 1024 -1
15434347371434450 1024 -1
15434347371434742 1024 -1
15434347371434792 1024 -1
15434347371435310 915 -1
15434347376437672 63 1
15434347376580990 1024 -1
15434347376581170 1024 -1
15434347376581220 1024 -1
15434347376581220 1024 -1
15434347376581522 1024 -1
15434347376582090 1024 -1
15434347376582090 35 -1
15434347381583720 62 1
15434347381741080 1024 -1
15434347381741272 494 -1
15434347381741570 1024 -1
15434347381742210 1024 -1
15434347381742210 1024 -1
15434347381743920 1024 -1
15434347381743920 42 -1
15434347386744680 62 1
15434347386913150 1024 -1
15434347386913468 429 -1
15434347386913518 1024 -1
15434347386913630 1024 -1
15434347386914200 1024 -1
15434347386914770 1024 -1
15434347386914770 79 -1
15434347391916060 9 1
15434347396916160 61 1
15434347397060650 1024 -1
15434347397060780 1024 -1
15434347397061140 1024 -1
15434347397061710 1024 -1
15434347397061710 1024 -1
15434347397061710 1024 -1
15434347397063930 1024 -1
15434347397064500 1024 -1
15434347397064500 1024 -1
15434347397064500 1024 -1
15434347397065100 1024 -1
15434347397065100 1024 -1
15434347397065100 1024 -1
15434347397065100 1024 -1
15434347397072510 1024 -1
15434347397073050 1024 -1
15434347397073050 1024 -1
15434347397073050 444 -1
15434347412958700 78 1
15434347413186628 1024 -1
15434347413186820 1024 -1
15434347413186860 29 -1
15434347418188620 59 1
15434347418343440 1024 -1
15434347418343640 431 -1
15434347418353150 1024 -1
15434347418353300 1024 -1
15434347418353300 1024 -1
15434347418354918 1024 -1
15434347418355460 1024 -1
15434347418355460 1024 -1
15434347418357552 1024 -1
15434347418358100 1024 -1
15434347418358100 1024 -1
15434347418358100 1024 -1
15434347418358100 1024 -1
15434347418358650 1024 -1
15434347418358650 1024 -1
15434347418365640 1024 -1
15434347418365640 1024 -1
15434347418366150 1024 -1
15434347418366150 1024 -1
15434347418366150 1024 -1
15434347418366670 1024 -1
15434347418366670 1024 -1
15434347418366670 1024 -1
15434347418366670 1024 -1
15434347418366670 1024 -1
15434347418374478 1024 -1
15434347418374478 63 -1
15434347418374990 1024 -1
15434347418374990 1024 -1
15434347418374990 1024 -1
15434347418374990 1024 -1
15434347418375530 1024 -1
15434347418375530 1024 -1
15434347418375530 1024 -1
15434347418375530 1024 -1
15434347418375530 120 -1
15434347423378070 58 1
15434347423599948 1024 -1
15434347423600150 375 -1
15434347423602260 1024 -1
15434347423602840 1024 -1
15434347423602840 1024 -1
15434347423603972 1024 -1
15434347423603972 1024 -1
15434347423604528 1024 -1
15434347423604528 1024 -1
15434347423604528 1024 -1
15434347423607750 1024 -1
15434347423608270 1024 -1
15434347423608270 1024 -1
15434347423608270 1024 -1
15434347423608270 1024 -1
15434347423611620 1024 -1
15434347423612160 1024 -1
15434347423612160 1024 -1
15434347423612160 1024 -1
15434347423612160 1024 -1
15434347423612710 1024 -1
15434347423612710 1024 -1
15434347423612710 1024 -1
15434347423613390 1024 -1
15434347423613390 1024 -1
15434347423613390 1024 -1
15434347423613390 63 -1
15434347423613390 1024 -1
15434347423621860 1024 -1
15434347423621860 1024 -1
15434347423622370 1024 -1
15434347423622370 1024 -1
15434347423622370 1024 -1
15434347423622950 1024 -1
15434347423622950 1024 -1
15434347423622950 1024 -1
15434347423622950 1024 -1
15434347423623450 1024 -1
15434347423623450 1024 -1
15434347423623450 1024 -1
15434347423631070 1024 -1
15434347423631650 1024 -1
15434347423631650 1024 -1
15434347423631650 1024 -1
15434347423631650 1024 -1
15434347423632180 1024 -1
15434347423632180 1024 -1
15434347423632180 1024 -1
15434347423632710 1024 -1
15434347423632710 1024 -1
15434347423632710 1024 -1
15434347423632710 63 -1
15434347423632710 1024 -1
15434347423641320 1024 -1
15434347423641850 1024 -1
15434347423641850 1024 -1
15434347423641850 1024 -1
15434347423641850 1024 -1
15434347423642380 1024 -1
15434347423642380 1024 -1
15434347423642380 1024 -1
15434347423642940 1024 -1
15434347423642940 1024 -1
15434347423642940 1024 -1
15434347423642940 1024 -1
15434347423651480 1024 -1
15434347423651480 1024 -1
15434347423651480 1024 -1
15434347423651810 1024 -1
15434347423651810 1024 -1
15434347423651810 1024 -1
15434347423652350 1024 -1
15434347423652350 1024 -1
15434347423652912 1024 -1
15434347423652912 1024 -1
15434347423652912 1024 -1
15434347423652912 63 -1
15434347423653482 1024 -1
15434347423661220 1024 -1
15434347423661220 1024 -1
15434347423661220 1024 -1
15434347423661662 1024 -1
15434347423661662 1024 -1
15434347423661662 1024 -1
15434347423661662 1024 -1
15434347423662260 1024 -1
15434347423662260 1024 -1
15434347423662260 1024 -1
15434347423727110 1024 -1
15434347423727110 1024 -1
15434347423727110 1024 -1
15434347423730700 1024 -1
15434347423731260 1024 -1
15434347423731260 1024 -1
15434347423731260 1024 -1
15434347423734520 1024 -1
15434347423734520 1024 -1
15434347423734520 1024 -1
15434347423734520 1024 -1
15434347423734520 1024 -1
15434347423734520 1024 -1
15434347423734520 63 -1
15434347423734520 1024 -1
15434347423734520 1024 -1
15434347423734520 1024 -1
15434347423734520 1024 -1
15434347423734520 1024 -1
15434347423734520 1024 -1
15434347423734520 1024 -1
15434347423734520 1024 -1
15434347423734520 1024 -1
15434347423734870 1024 -1
15434347423738150 1024 -1
15434347423738150 1024 -1
15434347423738150 1024 -1
15434347423738150 1024 -1
15434347423738530 1024 -1
15434347423738530 1024 -1
15434347423738530 1024 -1
15434347423739172 1024 -1
15434347423739172 1024 -1
15434347423739172 1024 -1
15434347423739172 1024 -1
15434347423739172 1024 -1
15434347423739172 1024 -1
15434347423739980 1024 -1
15434347423739980 63 -1
15434347423739980 1024 -1
15434347423739980 1024 -1
15434347423739980 1024 -1
15434347423740500 1024 -1
15434347423740500 1024 -1
15434347423740500 1024 -1
15434347423740500 1024 -1
15434347423741060 1024 -1
15434347423741060 1024 -1
15434347423741060 1024 -1
15434347423741060 1024 -1
15434347423741528 1024 -1
15434347423741528 1024 -1
15434347423741528 1024 -1
15434347423742290 1024 -1
15434347423742290 1024 -1
15434347423742290 1024 -1
15434347423742290 1024 -1
15434347423749558 1024 -1
15434347423749558 1024 -1
15434347423749558 1024 -1
15434347423749900 1024 -1
15434347423749900 1024 -1
15434347423749900 39 -1
15434347428761720 58 1
15434347428902430 1024 -1
15434347428902630 1024 -1
15434347428902940 1024 -1
15434347428902940 1024 -1
15434347428903480 1024 -1
15434347428903480 1024 -1
15434347428904030 1024 -1
15434347428904030 1024 -1
15434347428904030 1024 -1
15434347428905160 1024 -1
15434347428905720 1024 -1
15434347428905720 1024 -1
15434347428906250 1024 -1
15434347428906250 1024 -1
15434347428906250 1024 -1
15434347428906250 1024 -1
15434347428906780 1024 -1
15434347428906780 1024 -1
15434347428909280 1024 -1
15434347428909832 1024 -1
15434347428909832 1024 -1
15434347428909832 1024 -1
15434347428909832 1024 -1
15434347428910370 1024 -1
15434347428910370 1024 -1
15434347428910370 336 -1
15434347428912570 1024 -1
15434347428913110 1024 -1
15434347428913110 1024 -1
15434347428913110 1024 -1
15434347428913110 1024 -1
15434347428913660 1024 -1
15434347428913660 1024 -1
15434347428913660 1024 -1
15434347428914230 1024 -1
15434347428914230 1024 -1
15434347428914230 1024 -1
15434347428914790 1024 -1
15434347428914790 1024 -1
15434347428914790 1024 -1
15434347428914790 1024 -1
15434347428914790 1024 -1
15434347428915340 1024 -1
15434347428915910 1024 -1
15434347428915910 1024 -1
15434347428921370 1024 -1
15434347428921370 1024 -1
15434347428921790 1024 -1
15434347428921790 1024 -1
15434347428921790 1024 -1
15434347428922310 1024 -1
15434347428922310 1024 -1
15434347428922310 1024 -1
15434347428922310 919 -1
15434347428922820 1024 -1
15434347428922820 1024 -1
15434347428922820 1024 -1
15434347428923380 1024 -1
15434347428923380 1024 -1
15434347428923380 1024 -1
15434347428923940 1024 -1
15434347428923940 1024 -1
15434347428923940 1024 -1
15434347428923940 1024 -1
15434347428924480 1024 -1
15434347428925050 1024 -1
15434347428925050 1024 -1
15434347428931560 1024 -1
15434347428932120 1024 -1
15434347428932120 1024 -1
15434347428932120 1024 -1
15434347428932120 1024 -1
15434347428932620 1024 -1
15434347428932620 1024 -1
15434347428932620 1024 -1
15434347428933170 1024 -1
15434347428933170 1024 -1
15434347428933170 1024 -1
15434347428933730 1024 -1
15434347428933730 1024 -1
15434347428934260 1024 -1
15434347428934260 919 -1
15434347428934260 1024 -1
15434347428934260 1024 -1
15434347428934260 1024 -1
15434347428934792 1024 -1
15434347428934792 1024 -1
15434347428935360 1024 -1
15434347428935360 1024 -1
15434347428941510 1024 -1
15434347428942090 1024 -1
15434347428942090 1024 -1
15434347428942090 1024 -1
15434347428942730 1024 -1
15434347428942730 1024 -1
15434347428942730 1024 -1
15434347428942730 1024 -1
15434347428943210 1024 -1
15434347428943210 1024 -1
15434347428943210 1024 -1
15434347428943760 1024 -1
15434347428943760 1024 -1
15434347428943760 1024 -1
15434347428943760 1024 -1
15434347428944320 1024 -1
15434347428944320 1024 -1
15434347428944320 1024 -1
15434347428944860 1024 -1
15434347428944860 1024 -1
15434347428944860 919 -1
15434347428944860 1024 -1
15434347428951600 1024 -1
15434347428952160 1024 -1
15434347428952160 1024 -1
15434347428952160 1024 -1
15434347428952160 1024 -1
15434347428952720 1024 -1
15434347428952720 1024 -1
15434347428952720 1024 -1
15434347428953240 1024 -1
15434347428953240 1024 -1
15434347428953240 1024 -1
15434347428953240 1024 -1
15434347428953800 1024 -1
15434347428953800 1024 -1
15434347428953800 1024 -1
15434347428953800 1024 -1
15434347428954350 1024 -1
15434347428954350 1024 -1
15434347428954908 1024 -1
15434347428954908 1024 -1
15434347428954908 1024 -1
15434347428954908 1024 -1
15434347428961760 1024 -1
15434347428962310 1024 -1
15434347428962310 1024 -1
15434347428962310 1024 -1
15434347428962310 919 -1
15434347428962860 1024 -1
15434347428962860 1024 -1
15434347428962860 1024 -1
15434347428962860 1018 -1
15434347433964550 58 1
15434347434132630 1024 -1
15434347434132800 375 -1
15434347434133440 1024 -1
15434347434134050 1024 -1
15434347434134050 1024 -1
15434347434134770 1024 -1
15434347434134770 1024 -1
15434347434134770 1024 -1
15434347434134770 1024 -1
15434347434134770 1024 -1
15434347434136080 1024 -1
15434347434136630 1024 -1
15434347434136630 1024 -1
15434347434136630 1024 -1
15434347434136630 1024 -1
15434347434137160 1024 -1
15434347434137160 1024 -1
15434347434137160 1024 -1
15434347434137710 1024 -1
15434347434137710 1024 -1
15434347434137710 1024 -1
15434347434140010 1024 -1
15434347434140570 1024 -1
15434347434140570 1024 -1
15434347434140570 1024 -1
15434347434140570 1024 -1
15434347434140570 63 -1
15434347434141970 1024 -1
15434347434142530 1024 -1
15434347434142530 1024 -1
15434347434142530 1024 -1
15434347434142530 1024 -1
15434347434143072 1024 -1
15434347434143640 1024 -1
15434347434143640 1024 -1
15434347434143640 1024 -1
15434347434143640 1024 -1
15434347434143640 1024 -1
15434347434143640 1024 -1
15434347434144140 1024 -1
15434347434144140 1024 -1
15434347434144140 1024 -1
15434347434144700 1024 -1
15434347434144700 1024 -1
15434347434145250 1024 -1
15434347434145250 1024 -1
15434347434145250 1024 -1
15434347434145820 1024 -1
15434347434145820 1024 -1
15434347434145820 1024 -1
15434347434151670 1024 -1
15434347434151670 63 -1
15434347434152200 1024 -1
15434347434152200 1024 -1
15434347434152200 1024 -1
15434347434152730 1024 -1
15434347434152730 1024 -1
15434347434152730 1024 -1
15434347434152730 1024 -1
15434347434153270 1024 -1
15434347434153270 1024 -1
15434347434153270 1024 -1
15434347434153832 1024 -1
15434347434153832 1024 -1
15434347434153832 1024 -1
15434347434153832 1024 -1
15434347434154370 1024 -1
15434347434154370 1024 -1
15434347434154370 1024 -1
15434347434154912 1024 -1
15434347434154912 1024 -1
15434347434155468 1024 -1
15434347434155468 1024 -1
15434347434155468 1024 -1
15434347434161610 1024 -1
15434347434161610 1024 -1
15434347434162170 63 -1
15434347434162170 1024 -1
15434347434162170 1024 -1
15434347434162740 1024 -1
15434347434162740 1024 -1
15434347434162740 1024 -1
15434347434162740 1024 -1
15434347434162740 1024 -1
15434347434162740 1024 -1
15434347434163290 1024 -1
15434347434163290 1024 -1
15434347434163830 1024 -1
15434347434163830 1024 -1
15434347434163830 1024 -1
15434347434164350 1024 -1
15434347434164350 1024 -1
15434347434164350 1024 -1
15434347434164350 1024 -1
15434347434164880 1024 -1
15434347434164880 1024 -1
15434347434165462 1024 -1
15434347434165462 1024 -1
15434347434171140 1024 -1
15434347434171140 1024 -1
15434347434171690 1024 -1
15434347434171690 63 -1
15434347434171690 1024 -1
15434347434172230 1024 -1
15434347434172230 1024 -1
15434347434172230 1024 -1
15434347434172230 1024 -1
15434347434172230 1024 -1
15434347434172770 1024 -1
15434347434172770 308 -1
15434347443077220 58 1
15434347443213170 1024 -1
15434347443213350 1024 -1
15434347443213660 1024 -1
15434347443214180 1024 -1
15434347443214260 1024 -1
15434347443214260 1024 -1
15434347443214750 1024 -1
15434347443214750 1024 -1
15434347443214750 1024 -1
15434347443215858 1024 -1
15434347443216590 1024 -1
15434347443216590 1024 -1
15434347443217160 1024 -1
15434347443217160 1024 -1
15434347443217700 1024 -1
15434347443217700 1024 -1
15434347443217700 1024 -1
15434347443218260 1024 -1
15434347443218260 1024 -1
15434347443218260 1024 -1
15434347443218830 1024 -1
15434347443218830 1024 -1
15434347443221330 1024 -1
15434347443221870 1024 -1
15434347443221870 1024 -1
15434347443221870 1024 -1
15434347443221870 992 -1
15434347443222960 1024 -1
15434347443223540 1024 -1
15434347443223540 1024 -1
15434347443223540 1024 -1
15434347443224110 1024 -1
15434347443224110 1024 -1
15434347443224110 1024 -1
15434347443224110 1024 -1
15434347443224110 1024 -1
15434347443224620 1024 -1
15434347443224620 1024 -1
15434347443225160 1024 -1
15434347443225160 1024 -1
15434347443225160 1024 -1
15434347443225160 1024 -1
15434347443225160 1024 -1
15434347443225688 1024 -1
15434347443225688 1024 -1
15434347443225688 1024 -1
15434347443226250 1024 -1
15434347443226250 1024 -1
15434347443231890 1024 -1
15434347443232370 1024 -1
15434347443232370 1024 -1
15434347443232370 1024 -1
15434347443232370 1024 -1
15434347443232902 1024 -1
15434347443232902 919 -1
15434347443232902 1024 -1
15434347443233420 1024 -1
15434347443233420 1024 -1
15434347443233420 1024 -1
15434347443233420 1024 -1
15434347443233960 1024 -1
15434347443234488 1024 -1
15434347443234488 1024 -1
15434347443234488 1024 -1
15434347443234488 1024 -1
15434347443235030 1024 -1
15434347443235030 1024 -1
15434347443235030 1024 -1
15434347443235030 1024 -1
15434347443235030 1024 -1
15434347443235580 1024 -1
15434347443235580 1024 -1
15434347443241970 1024 -1
15434347443241970 1024 -1
15434347443242518 1024 -1
15434347443242518 1024 -1
15434347443243060 1024 -1
15434347443243060 1024 -1
15434347443243060 1024 -1
15434347443243060 1024 -1
15434347443243060 1024 -1
15434347443243590 1024 -1
15434347443243590 919 -1
15434347443244150 1024 -1
15434347443244150 1024 -1
15434347443244150 1024 -1
15434347443244150 1024 -1
15434347443244150 1024 -1
15434347443244710 1024 -1
15434347443244710 1024 -1
15434347443244710 1024 -1
15434347443244710 1024 -1
15434347443245240 1024 -1
15434347443245240 1024 -1
15434347443245780 1024 -1
15434347443245780 1024 -1
15434347443245780 1024 -1
15434347443252280 1024 -1
15434347443252280 1024 -1
15434347443252830 1024 -1
15434347443252830 1024 -1
15434347443252830 1024 -1
15434347443252830 1024 -1
15434347443253340 1024 -1
15434347443253340 1024 -1
15434347443253870 1024 -1
15434347443253870 1024 -1
15434347443253870 1024 -1
15434347443254420 1024 -1
15434347443254420 1024 -1
15434347443254420 919 -1
15434347443254420 1024 -1
15434347443254940 1024 -1
15434347443254940 1024 -1
15434347443254940 1024 -1
15434347443255500 1024 -1
15434347443255500 1024 -1
15434347443255500 1024 -1
15434347443256070 1024 -1
15434347443256070 1024 -1
15434347443256070 1024 -1
15434347443256070 1024 -1
15434347443261850 1024 -1
15434347443262342 1024 -1
15434347443262342 1024 -1
15434347443262342 1024 -1
15434347443262342 1024 -1
15434347443262342 1024 -1
15434347443262870 1024 -1
15434347443262870 1024 -1
15434347443263430 1024 -1
15434347443263430 1024 -1
15434347443263430 1024 -1
15434347443263430 1024 -1
15434347443263970 1024 -1
15434347443263970 1024 -1
15434347443263970 1024 -1
15434347443264502 1024 -1
15434347443264502 919 -1
15434347443264502 1024 -1
15434347443265058 1024 -1
15434347443265058 1024 -1
15434347443265058 1024 -1
15434347443265628 1024 -1
15434347443265628 1024 -1
15434347443265628 1024 -1
15434347443265628 1024 -1
15434347443271720 1024 -1
15434347443272290 1024 -1
15434347443272290 1024 -1
15434347443272290 1024 -1
15434347443272290 1024 -1
15434347443272810 1024 -1
15434347443272810 1024 -1
15434347443272810 1024 -1
15434347443273330 1024 -1
15434347443273330 1024 -1
15434347443273330 1024 -1
15434347443273330 1024 -1
15434347443276840 1024 -1
15434347443276840 1024 -1
15434347443277400 1024 -1
15434347443277400 1024 -1
15434347443277400 1024 -1
15434347443277400 1024 -1
15434347443277950 1024 -1
15434347443277950 919 -1
15434347443277950 1024 -1
15434347443278490 1024 -1
15434347443278490 1024 -1
15434347443278490 1024 -1
15434347443278490 1024 -1
15434347443279030 1024 -1
15434347443279030 1024 -1
15434347443279030 1024 -1
15434347443279700 1024 -1
15434347443339880 1024 -1
15434347443340390 1024 -1
15434347443340390 1024 -1
15434347443343430 1024 -1
15434347443343970 1024 -1
15434347443343970 1024 -1
15434347443343970 1024 -1
15434347443343970 1024 -1
15434347443344460 1024 -1
15434347443344460 1024 -1
15434347443344460 1024 -1
15434347443345038 1024 -1
15434347443345038 943 -1
15434347448346710 58 1
15434347448500480 1024 -1
15434347448500630 430 -1
15434347448500670 1024 -1
15434347448500710 1024 -1
15434347448500710 1024 -1
15434347448501320 1024 -1
15434347448501862 1024 -1
15434347448501862 1024 -1
15434347448501862 1024 -1
15434347448501862 1024 -1
15434347448502720 1024 -1
15434347448502720 1024 -1
15434347448502720 1024 -1
15434347448502720 1024 -1
15434347448502720 1024 -1
15434347448503240 1024 -1
15434347448503240 1024 -1
15434347448503240 1024 -1
15434347448503758 1024 -1
15434347448503758 1024 -1
15434347448503758 1024 -1
15434347448504870 1024 -1
15434347448504952 1024 -1
15434347448505470 1024 -1
15434347448505470 1024 -1
15434347448505470 1024 -1
15434347448505470 63 -1
15434347448506020 1024 -1
15434347448506020 1024 -1
15434347448506560 1024 -1
15434347448506560 1024 -1
15434347448507710 1024 -1
15434347448507710 1024 -1
15434347448508270 1024 -1
15434347448508270 1024 -1
15434347448508270 1024 -1
15434347448508820 1024 -1
15434347448508820 1024 -1
15434347448508820 1024 -1
15434347448508820 1024 -1
15434347448509360 1024 -1
15434347448509360 1024 -1
15434347448509360 1024 -1
15434347448509920 1024 -1
15434347448509920 1024 -1
15434347448509920 1024 -1
15434347448509920 1024 -1
15434347448510470 1024 -1
15434347448510470 1024 -1
15434347448510470 1024 -1
15434347448510470 1024 -1
15434347448510470 72 -1
15434347448511000 1024 -1
15434347448511000 1024 -1
15434347448511000 1024 -1
15434347448513500 1024 -1
15434347448514100 1024 -1
15434347448514100 1024 -1
15434347448514100 1024 -1
15434347448514100 1024 -1
15434347448514618 1024 -1
15434347448514618 1024 -1
15434347448514618 1024 -1
15434347448515180 1024 -1
15434347448515180 1024 -1
15434347448515180 1024 -1
15434347448515180 1024 -1
15434347448515690 1024 -1
15434347448515690 1024 -1
15434347448515690 1024 -1
15434347448516250 1024 -1
15434347448516250 1024 -1
15434347448516810 1024 -1
15434347448516810 1024 -1
15434347448516810 1024 -1
15434347448516810 872 -1
15434347453520420 59 1
15434347453677660 1024 -1
15434347453677810 367 -1
15434347453677830 1024 -1
15434347453677860 1024 -1
15434347453678600 1024 -1
15434347453678690 1024 -1
15434347453678690 1024 -1
15434347453679150 1024 -1
15434347453679150 1024 -1
15434347453679150 1024 -1
15434347453679700 1024 -1
15434347453679750 1024 -1
15434347453680230 1024 -1
15434347453680230 1024 -1
15434347453680230 1024 -1
15434347453680230 1024 -1
15434347453680780 1024 -1
15434347453680780 1024 -1
15434347453680780 1024 -1
15434347453681900 1024 -1
15434347453682520 1024 -1
15434347453682520 1024 -1
15434347453682520 1024 -1
15434347453682520 1024 -1
15434347453683072 1024 -1
15434347453683072 1024 -1
15434347453683072 63 -1
15434347453683072 1024 -1
15434347453683620 1024 -1
15434347453683620 1024 -1
15434347453683620 1024 -1
15434347453683620 1024 -1
15434347453683620 1024 -1
15434347453685360 1024 -1
15434347453685902 1024 -1
15434347453685902 1024 -1
15434347453685902 1024 -1
15434347453685902 1024 -1
15434347453686440 1024 -1
15434347453686440 1024 -1
15434347453686440 1024 -1
15434347453686978 1024 -1
15434347453686978 1024 -1
15434347453686978 1024 -1
15434347453687500 1024 -1
15434347453687500 1024 -1
15434347453687500 1024 -1
15434347453687500 1024 -1
15434347453688030 1024 -1
15434347453688030 1024 -1
15434347453688600 1024 -1
15434347453688600 63 -1
15434347453688600 1024 -1
15434347453688600 1024 -1
15434347453689138 1024 -1
15434347453689138 1024 -1
15434347453689138 1024 -1
15434347453689138 1024 -1
15434347453689138 1024 -1
15434347453692160 1024 -1
15434347453692700 1024 -1
15434347453692700 1024 -1
15434347453692700 1024 -1
15434347453692700 1024 -1
15434347453693262 1024 -1
15434347453693262 1024 -1
15434347453693262 1024 -1
15434347453693790 1024 -1
15434347453693790 1024 -1
15434347453693790 1024 -1
15434347453693790 1024 -1
15434347453694320 1024 -1
15434347453694320 1024 -1
15434347453694320 1024 -1
15434347453694850 1024 -1
15434347453694850 1024 -1
15434347453694850 63 -1
15434347453694850 1024 -1
15434347453694850 1024 -1
15434347453695380 1024 -1
15434347453695380 1024 -1
15434347453695940 1024 -1
15434347453695940 1024 -1
15434347453695940 1024 -1
15434347453695940 1024 -1
15434347453695940 1024 -1
15434347453696490 1024 -1
15434347453699430 1024 -1
15434347453700010 1024 -1
15434347453700010 1024 -1
15434347453700010 1024 -1
15434347453700010 1024 -1
15434347453700550 1024 -1
15434347453700550 1024 -1
15434347453700550 1024 -1
15434347453701110 1024 -1
15434347453701110 1024 -1
15434347453701110 1024 -1
15434347453701110 1024 -1
15434347453701640 1024 -1
15434347453701640 1024 -1
15434347453701640 63 -1
15434347453701640 1024 -1
15434347453701640 1024 -1
15434347453702158 1024 -1
15434347453702158 1024 -1
15434347453702158 1024 -1
15434347453702700 1024 -1
15434347453702700 1024 -1
15434347453702700 1024 -1
15434347453702700 1024 -1
15434347453703210 1024 -1
15434347453703210 1024 -1
15434347453703210 1024 -1
15434347453703740 1024 -1
15434347453703740 1024 -1
15434347453704280 1024 -1
15434347453704280 1024 -1
15434347453704280 1024 -1
15434347453704800 1024 -1
15434347453704800 1024 -1
15434347453704800 1024 -1
15434347453704800 1024 -1
15434347453705360 1024 -1
15434347453705360 1024 -1
15434347453709260 1024 -1
15434347453709260 63 -1
15434347453709850 1024 -1
15434347453709850 1024 -1
15434347453709850 1024 -1
15434347453709850 1024 -1
15434347453710490 1024 -1
15434347453710490 1024 -1
15434347453710490 1024 -1
15434347453710490 1024 -1
15434347453710940 1024 -1
15434347453710940 1024 -1
15434347453710940 1024 -1
15434347453711620 1024 -1
15434347453711620 1024 -1
15434347453711620 1024 -1
15434347453711620 1024 -1
15434347453712190 1024 -1
15434347453712190 1024 -1
15434347453712190 1024 -1
15434347453712190 1024 -1
15434347453712680 1024 -1
15434347453712680 1024 -1
15434347453712680 1024 -1
15434347453712680 891 -1
15434347458725520 58 1
15434347458941920 1024 -1
15434347458942180 493 -1
15434347458942810 1024 -1
15434347458942872 1024 -1
15434347458942872 1024 -1
15434347458942872 1024 -1
15434347458943410 1024 -1
15434347458943410 1024 -1
15434347458944358 1024 -1
15434347458944358 1024 -1
15434347458944358 1024 -1
15434347458944358 1024 -1
15434347458944358 1024 -1
15434347458944870 1024 -1
15434347458944870 1024 -1
15434347458945420 1024 -1
15434347458945420 1024 -1
15434347458945420 1024 -1
15434347458945960 1024 -1
15434347458945960 1024 -1
15434347458945960 1024 -1
15434347458945960 1024 -1
15434347458946510 1024 -1
15434347458946510 1024 -1
15434347458946510 1024 -1
15434347458947970 1024 -1
15434347458947970 63 -1
15434347458948482 1024 -1
15434347458948482 1024 -1
15434347458948482 1024 -1
15434347458948482 1024 -1
15434347458949030 1024 -1
15434347458949030 1024 -1
15434347458950160 1024 -1
15434347458950160 1024 -1
15434347458950720 1024 -1
15434347458950720 1024 -1
15434347458950720 1024 -1
15434347458950720 1024 -1
15434347458951280 1024 -1
15434347458951280 1024 -1
15434347458951280 1024 -1
15434347458951280 1024 -1
15434347458951280 1024 -1
15434347458951840 1024 -1
15434347458952370 1024 -1
15434347458952370 1024 -1
15434347458952370 1024 -1
15434347458952370 1024 -1
15434347458952890 1024 -1
15434347458952890 1024 -1
15434347458952890 63 -1
15434347458952890 1024 -1
15434347458952890 1024 -1
15434347458953450 1024 -1
15434347458956310 1024 -1
15434347458956850 1024 -1
15434347458956850 1024 -1
15434347458956850 1024 -1
15434347458956850 1024 -1
15434347458957390 1024 -1
15434347458957390 1024 -1
15434347458957390 1024 -1
15434347458957990 1024 -1
15434347458957990 1024 -1
15434347458957990 1024 -1
15434347458957990 1024 -1
15434347458958500 1024 -1
15434347458958500 1024 -1
15434347458958500 1024 -1
15434347458959040 1024 -1
15434347458959040 1024 -1
15434347458959040 1024 -1
15434347458959040 1024 -1
15434347458959550 1024 -1
15434347458959550 1024 -1
15434347458959550 72 -1
15434347458960070 1024 -1
15434347458960070 1024 -1
15434347458960070 1024 -1
15434347458960590 1024 -1
15434347458960590 1024 -1
15434347458960590 1024 -1
15434347458960590 1024 -1
15434347458961110 1024 -1
15434347458961110 1024 -1
15434347458964290 1024 -1
15434347458964830 1024 -1
15434347458964830 1024 -1
15434347458964830 1024 -1
15434347458964830 1024 -1
15434347458965370 1024 -1
15434347458965370 1024 -1
15434347458965370 1024 -1
15434347458965370 1024 -1
15434347458965900 1024 -1
15434347458965900 1024 -1
15434347458966470 1024 -1
15434347458966470 1024 -1
15434347458966470 1024 -1
15434347458966470 1024 -1
15434347458966470 63 -1
15434347458967020 1024 -1
15434347458967020 1024 -1
15434347458967560 1024 -1
15434347458967560 1024 -1
15434347458967560 1024 -1
15434347458968150 1024 -1
15434347458968150 1024 -1
15434347458968150 1024 -1
15434347458968150 1024 -1
15434347458968150 1024 -1
15434347458968150 1024 -1
15434347458968698 812 -1
15434347458968698 1024 -1
15434347458969222 1024 -1
15434347458969222 1024 -1
15434347458969222 1024 -1
15434347458969222 1024 -1
15434347458969222 1024 -1
15434347458969790 1024 -1
15434347458969790 1024 -1
15434347458974270 1024 -1
15434347458974270 1024 -1
15434347458974832 1024 -1
15434347458974832 988 -1
15434347463975570 58 1
15434347464113080 1024 -1
15434347464113250 1024 -1
15434347464113300 1024 -1
15434347464113300 1024 -1
15434347464113960 1024 -1
15434347464113960 1024 -1
15434347464113960 1024 -1
15434347464113960 1024 -1
15434347464114540 1024 -1
15434347464115450 1024 -1
15434347464115450 1024 -1
15434347464115450 1024 -1
15434347464115450 1024 -1
15434347464115450 1024 -1
15434347464115970 1024 -1
15434347464115970 1024 -1
15434347464115970 1024 -1
15434347464116520 1024 -1
15434347464116520 1024 -1
15434347464116520 1024 -1
15434347464117640 1024 -1
15434347464117640 1024 -1
15434347464118150 1024 -1
15434347464118150 1024 -1
15434347464118150 1024 -1
15434347464118150 848 -1
15434347464119270 1024 -1
15434347464119270 1024 -1
15434347464119840 1024 -1
15434347464119840 1024 -1
15434347464119840 1024 -1
15434347464119840 1024 -1
15434347464120360 1024 -1
15434347464120360 1024 -1
15434347464120360 1024 -1
15434347464120900 1024 -1
15434347464120900 1024 -1
15434347464120900 1024 -1
15434347464121448 1024 -1
15434347464121448 1024 -1
15434347464121448 1024 -1
15434347464122018 1024 -1
15434347464122018 1024 -1
15434347464122018 1024 -1
15434347464122018 1024 -1
15434347464124560 1024 -1
15434347464125112 1024 -1
15434347464125112 1024 -1
15434347464125112 1024 -1
15434347464125112 1024 -1
15434347464125650 1024 -1
15434347464125650 1024 -1
15434347464125650 1024 -1
15434347464125650 919 -1
15434347464126912 1024 -1
15434347464127470 1024 -1
15434347464127470 1024 -1
15434347464127470 1024 -1
15434347464127470 1024 -1
15434347464127988 1024 -1
15434347464127988 1024 -1
15434347464127988 1024 -1
15434347464128550 1024 -1
15434347464129660 1024 -1
15434347464129660 1024 -1
15434347464130230 1024 -1
15434347464130230 1024 -1
15434347464130230 1024 -1
15434347464130780 1024 -1
15434347464130780 1024 -1
15434347464130780 1024 -1
15434347464131350 1024 -1
15434347464131350 1024 -1
15434347464131350 1024 -1
15434347464131350 1024 -1
15434347464131880 1024 -1
15434347464131880 1024 -1
15434347464131880 1024 -1
15434347464131880 1024 -1
15434347464132400 1024 -1
15434347464132400 1024 -1
15434347464132400 919 -1
15434347464132960 1024 -1
15434347464135240 1024 -1
15434347464135830 1024 -1
15434347464135830 1024 -1
15434347464135830 1024 -1
15434347464135830 1024 -1
15434347464136370 1024 -1
15434347464136370 1024 -1
15434347464136370 1024 -1
15434347464136370 1024 -1
15434347464136888 1024 -1
15434347464136888 1024 -1
15434347464136888 1024 -1
15434347464137462 1024 -1
15434347464137462 1024 -1
15434347464137462 1024 -1
15434347464137980 1024 -1
15434347464137980 1024 -1
15434347464137980 1024 -1
15434347464137980 1024 -1
15434347464138510 1024 -1
15434347464138510 1024 -1
15434347464138510 1024 -1
15434347464139050 1024 -1
15434347464139050 1024 -1
15434347464139600 1024 -1
15434347464139600 1024 -1
15434347464139600 919 -1
15434347464139600 1024 -1
15434347464140192 1024 -1
15434347464140192 1024 -1
15434347464140192 1024 -1
15434347464140698 1024 -1
15434347464140698 1024 -1
15434347464140698 1024 -1
15434347464140698 1024 -1
15434347464144550 1024 -1
15434347464144550 1024 -1
15434347464145090 1024 -1
15434347464145090 1024 -1
15434347464145090 1024 -1
15434347464145090 1024 -1
15434347464145650 1024 -1
15434347464145650 1024 -1
15434347464145650 1024 -1
15434347464146200 1024 -1
15434347464146200 1024 -1
15434347464146200 1024 -1
15434347464146200 1024 -1
15434347464146750 1024 -1
15434347464146750 1024 -1
15434347464147260 1024 -1
15434347464147260 1024 -1
15434347464147260 1024 -1
15434347464147260 1024 -1
15434347464147260 919 -1
15434347464147780 1024 -1
15434347464147780 1024 -1
15434347464148330 1024 -1
15434347464148330 1024 -1
15434347464148330 1024 -1
15434347464148330 1024 -1
15434347464148330 1024 -1
15434347464148870 1024 -1
15434347464148870 1024 -1
15434347464149410 1024 -1
15434347464149410 1024 -1
15434347464149410 1024 -1
15434347464149410 1024 -1
15434347464149940 1024 -1
15434347464149940 1024 -1
15434347464150500 1024 -1
15434347464154540 1024 -1
15434347464154540 958 -1
15434347469155300 58 1
15434347469314650 1024 -1
15434347469314858 430 -1
15434347469314930 1024 -1
15434347469315600 1024 -1
15434347469315600 1024 -1
15434347469315600 1024 -1
15434347469316650 1024 -1
15434347469316650 1024 -1
15434347469316650 1024 -1
15434347469316650 1024 -1
15434347469316650 1024 -1
15434347469317190 1024 -1
15434347469317190 1024 -1
15434347469317760 1024 -1
15434347469317760 1024 -1
15434347469317760 1024 -1
15434347469317760 1024 -1
15434347469318300 1024 -1
15434347469318882 1024 -1
15434347469318882 1024 -1
15434347469318882 1024 -1
15434347469320040 1024 -1
15434347469320610 1024 -1
15434347469320610 1024 -1
15434347469320610 1024 -1
15434347469321150 1024 -1
15434347469321150 63 -1
15434347469321150 1024 -1
15434347469321762 1024 -1
15434347469321762 1024 -1
15434347469321762 1024 -1
15434347469321762 1024 -1
15434347469321762 1024 -1
15434347469321762 1024 -1
15434347469322250 1024 -1
15434347469322250 1024 -1
15434347469322250 1024 -1
15434347469322810 1024 -1
15434347469322810 1024 -1
15434347469324750 1024 -1
15434347469325932 1024 -1
15434347469325932 1024 -1
15434347469326420 1024 -1
15434347469326420 1024 -1
15434347469326420 1024 -1
15434347469326420 1024 -1
15434347469326962 1024 -1
15434347469326962 1024 -1
15434347469326962 1024 -1
15434347469327518 1024 -1
15434347469327518 1024 -1
15434347469327518 63 -1
15434347469327518 1024 -1
15434347469328060 1024 -1
15434347469328060 1024 -1
15434347469328060 1024 -1
15434347469328060 1024 -1
15434347469328580 1024 -1
15434347469328580 1024 -1
15434347469328580 1024 -1
15434347469328580 1024 -1
15434347469329130 1024 -1
15434347469329130 1024 -1
15434347469329130 1024 -1
15434347469329680 1024 -1
15434347469329680 1024 -1
15434347469329680 1024 -1
15434347469330230 1024 -1
15434347469330230 1024 -1
15434347469330230 1024 -1
15434347469333100 1024 -1
15434347469333660 1024 -1
15434347469333660 1024 -1
15434347469333660 1024 -1
15434347469333660 1024 -1
15434347469334208 1024 -1
15434347469334208 72 -1
15434347469334208 1024 -1
15434347469334208 1024 -1
15434347469334740 1024 -1
15434347469334740 1024 -1
15434347469334740 1024 -1
15434347469334740 1024 -1
15434347469335260 1024 -1
15434347469335260 1024 -1
15434347469335260 1024 -1
15434347469335820 1024 -1
15434347469335820 1024 -1
15434347469335820 1024 -1
15434347469335820 1024 -1
15434347469336350 1024 -1
15434347469336350 1024 -1
15434347469336910 1024 -1
15434347469336910 1024 -1
15434347469336910 1024 -1
15434347469336910 1024 -1
15434347469336910 1024 -1
15434347469337430 1024 -1
15434347469337430 1024 -1
15434347469337940 1024 -1
15434347469337940 1024 -1
15434347469337940 63 -1
15434347469338470 1024 -1
15434347469338470 1024 -1
15434347469338470 1024 -1
15434347469338470 1024 -1
15434347469339020 1024 -1
15434347469343290 1024 -1
15434347469343842 1024 -1
15434347469343842 1024 -1
15434347469343842 1024 -1
15434347469343842 1024 -1
15434347469343842 1024 -1
15434347469344380 1024 -1
15434347469344380 1024 -1
15434347469344940 1024 -1
15434347469344940 1024 -1
15434347469344940 1024 -1
15434347469345510 1024 -1
15434347469345510 1024 -1
15434347469345510 1024 -1
15434347469345510 1024 -1
15434347469346040 1024 -1
15434347469346040 1024 -1
15434347469346040 1024 -1
15434347469346040 1024 -1
15434347469346040 63 -1
15434347469346590 1024 -1
15434347469346590 1024 -1
15434347469346590 1024 -1
15434347469347100 1024 -1
15434347469347100 1024 -1
15434347469347100 1024 -1
15434347469347630 1024 -1
15434347469347630 1024 -1
15434347469347630 1024 -1
15434347469347630 1024 -1
15434347469348170 1024 -1
15434347469348170 1024 -1
15434347469348170 1024 -1
15434347469348170 551 -1
15434347474351252 58 1
15434347474508880 1024 -1
15434347474509070 365 -1
15434347474509370 1024 -1
15434347474509430 1024 -1
15434347474509940 1024 -1
15434347474510010 1024 -1
15434347474510530 1024 -1
15434347474510530 1024 -1
15434347474510530 1014 -1
15434347479512140 58 1
15434347479667340 1024 -1
15434347479667510 439 -1
15434347479667850 1024 -1
15434347479668450 1024 -1
15434347479668450 1024 -1
15434347479669002 1024 -1
15434347479669002 1024 -1
15434347479669002 1024 -1
15434347479669520 1024 -1
15434347479669520 1024 -1
15434347479669520 1024 -1
15434347479669520 1024 -1
15434347479670060 1024 -1
15434347479670060 1024 -1
15434347479670060 1024 -1
15434347479671180 1024 -1
15434347479671180 1024 -1
15434347479671750 1024 -1
15434347479672288 1024 -1
15434347479672288 1024 -1
15434347479672288 1024 -1
15434347479672850 1024 -1
15434347479672850 1024 -1
15434347479673410 1024 -1
15434347479673410 1024 -1
15434347479673410 850 -1
15434347479673930 1024 -1
15434347479673930 1024 -1
15434347479674480 1024 -1
15434347479674480 1024 -1
15434347479674480 1024 -1
15434347479675040 1024 -1
15434347479675040 1024 -1
15434347479675040 1024 -1
15434347479675600 1024 -1
15434347479675600 1024 -1
15434347479675600 1024 -1
15434347479676148 1024 -1
15434347479676148 1024 -1
15434347479676148 1024 -1
15434347479676148 1024 -1
15434347479676148 1024 -1
15434347479676148 45 -1
15434347479678208 1024 -1
15434347479678760 1024 -1
15434347479678760 1024 -1
15434347479678760 1024 -1
15434347479678760 1024 -1
15434347479679270 1024 -1
15434347479679270 1024 -1
15434347479679270 1024 -1
15434347479679780 1024 -1
15434347479679780 1024 -1
15434347479679780 1024 -1
15434347479680340 883 -1
15434347479681410 1024 -1
15434347479681940 1024 -1
15434347479681940 1024 -1
15434347479681940 1024 -1
15434347479682470 1024 -1
15434347479682470 1024 -1
15434347479682470 1024 -1
15434347479682470 1024 -1
15434347479683020 1024 -1
15434347479683020 1024 -1
15434347479683020 1024 -1
15434347479683558 1024 -1
15434347479683558 1024 -1
15434347479683558 1024 -1
15434347479683558 1024 -1
15434347479684070 1024 -1
15434347479684070 45 -1
15434347479684620 1024 -1
15434347479684620 1024 -1
15434347479684620 1024 -1
15434347479684620 1024 -1
15434347479685162 1024 -1
15434347479685162 1024 -1
15434347479685162 1024 -1
15434347479685690 1024 -1
15434347479685690 1024 -1
15434347479685690 1024 -1
15434347479686210 1024 -1
15434347479686210 883 -1
15434347479686730 1024 -1
15434347479686730 1024 -1
15434347479688740 1024 -1
15434347479689310 1024 -1
15434347479689310 1024 -1
15434347479689310 1024 -1
15434347479689860 1024 -1
15434347479689860 1024 -1
15434347479690462 1024 -1
15434347479690462 1024 -1
15434347479690462 1024 -1
15434347479690462 1024 -1
15434347479690462 1024 -1
15434347479690462 1024 -1
15434347479690960 1024 -1
15434347479691530 1024 -1
15434347479691530 1024 -1
15434347479691530 1024 -1
15434347479691530 1024 -1
15434347479692050 1024 -1
15434347479692050 1024 -1
15434347479692050 1024 -1
15434347479692050 1024 -1
15434347479692050 1024 -1
15434347479692600 63 -1
15434347479692600 1024 -1
15434347479693130 1024 -1
15434347479693130 1024 -1
15434347479693130 865 -1
15434347479693130 1024 -1
15434347479693630 1024 -1
15434347479693630 1024 -1
15434347479693630 1024 -1
15434347479694190 1024 -1
15434347479694190 1024 -1
15434347479694190 1024 -1
15434347479694770 1024 -1
15434347479694770 1024 -1
15434347479694770 1024 -1
15434347479694770 1024 -1
15434347479695260 1024 -1
15434347479695260 1024 -1
15434347479699120 1024 -1
15434347479699120 1024 -1
15434347479699640 1024 -1
15434347479699640 1024 -1
15434347479699640 1024 -1
15434347479699640 1024 -1
15434347479700150 1024 -1
15434347479700150 1024 -1
15434347479700150 1024 -1
15434347479700698 1024 -1
15434347479700698 1024 -1
15434347479700698 63 -1
15434347479701240 1024 -1
15434347479701240 874 -1
15434347484704230 59 1
15434347485075532 1024 -1
15434347485075728 430 -1
15434347485076060 1024 -1
15434347485076120 1024 -1
15434347485076620 1024 -1
15434347485076680 1024 -1
15434347485077200 1024 -1
15434347485077760 1024 -1
15434347485077810 1024 -1
15434347485078362 1024 -1
15434347485078362 1024 -1
15434347485078362 1024 -1
15434347485078362 1024 -1
15434347485078890 1024 -1
15434347485078960 1024 -1
15434347485078960 1024 -1
15434347485078960 45 -1
15434347485079430 1024 -1
15434347485079430 1024 -1
15434347485079980 1024 -1
15434347485079980 1024 -1
15434347485079980 1024 -1
15434347485080530 1024 -1
15434347485081090 1024 -1
15434347485081090 1024 -1
15434347485081090 1024 -1
15434347485081090 1024 -1
15434347485081630 759 -1
15434347485082190 1024 -1
15434347485082190 1024 -1
15434347485082728 1024 -1
15434347485082728 1024 -1
15434347485082728 1024 -1
15434347485082728 1024 -1
15434347485083850 1024 -1
15434347485084390 1024 -1
15434347485084420 1024 -1
15434347485084940 1024 -1
15434347485084940 1024 -1
15434347485084940 1024 -1
15434347485085480 1024 -1
15434347485085480 1024 -1
15434347485085480 1024 -1
15434347485085480 1024 -1
15434347485085480 45 -1
15434347485085980 1024 -1
15434347485085980 1024 -1
15434347485087640 1024 -1
15434347485087640 1024 -1
15434347485087640 1024 -1
15434347485087640 1024 -1
15434347485088192 1024 -1
15434347485088192 1024 -1
15434347485088192 1024 -1
15434347485088192 1024 -1
15434347485088748 1024 -1
15434347485090170 883 -1
15434347485090170 1024 -1
15434347485090712 1024 -1
15434347485090712 1024 -1
15434347485090712 1024 -1
15434347485090712 1024 -1
15434347485091270 1024 -1
15434347485091270 1024 -1
15434347485091792 1024 -1
15434347485091792 1024 -1
15434347485091792 1024 -1
15434347485091792 1024 -1
15434347485091792 1024 -1
15434347485092330 1024 -1
15434347485092330 1024 -1
15434347485092890 1024 -1
15434347485092890 1024 -1
15434347485092890 45 -1
15434347485094730 1024 -1
15434347485094730 1024 -1
15434347485094730 1024 -1
15434347485094730 1024 -1
15434347485095280 1024 -1
15434347485095280 1024 -1
15434347485095850 1024 -1
15434347485095850 1024 -1
15434347485095850 1024 -1
15434347485095850 1024 -1
15434347485095850 1024 -1
15434347485096400 883 -1
15434347485096400 1024 -1
15434347485096400 1024 -1
15434347485096400 1024 -1
15434347485096930 1024 -1
15434347485096930 1024 -1
15434347485096930 1024 -1
15434347485097440 1024 -1
15434347485097440 1024 -1
15434347485097970 1024 -1
15434347485097970 1024 -1
15434347485097970 1024 -1
15434347485098520 1024 -1
15434347485098520 1024 -1
15434347485098520 1024 -1
15434347485098520 1024 -1
15434347485098520 1024 -1
15434347485102292 1024 -1
15434347485102830 1024 -1
15434347485102830 1024 -1
15434347485102830 1024 -1
15434347485102830 1024 -1
15434347485103380 1024 -1
15434347485103380 1024 -1
15434347485103380 1024 -1
15434347485103380 63 -1
15434347485103940 1024 -1
15434347485103940 1024 -1
15434347485103940 1024 -1
15434347485103940 1024 -1
15434347485104452 1024 -1
15434347485104452 1024 -1
15434347485104452 1024 -1
15434347485104990 1024 -1
15434347485104990 1024 -1
15434347485104990 1024 -1
15434347485104990 1024 -1
15434347485105500 1024 -1
15434347485106070 1024 -1
15434347485106070 1024 -1
15434347485106070 1024 -1
15434347485106070 1024 -1
15434347485108640 1024 -1
15434347485109200 1024 -1
15434347485109200 1024 -1
15434347485109200 814 -1
15434347490110240 58 1
15434347490263540 1024 -1
15434347490263760 366 -1
15434347490264630 1024 -1
15434347490264708 1024 -1
15434347490265240 1024 -1
15434347490265780 1024 -1
15434347490265780 1024 -1
15434347490265780 1024 -1
15434347490266340 1024 -1
15434347490266340 1024 -1
15434347490266900 1024 -1
15434347490266900 1024 -1
15434347490266900 1024 -1
15434347490267460 1024 -1
15434347490267460 1024 -1
15434347490268030 1024 -1
15434347490268030 1024 -1
15434347490268568 1024 -1
15434347490268568 1024 -1
15434347490269138 1024 -1
15434347490269138 1024 -1
15434347490269712 1024 -1
15434347490269712 1024 -1
15434347490269712 1024 -1
15434347490269712 1024 -1
15434347490270260 1024 -1
15434347490270260 63 -1
15434347490271400 1024 -1
15434347490271400 1024 -1
15434347490271400 1024 -1
15434347490271400 1024 -1
15434347490271950 1024 -1
15434347490271950 1024 -1
15434347490271950 1024 -1
15434347490271950 1024 -1
15434347490272480 1024 -1
15434347490272480 1024 -1
15434347490272480 1024 -1
15434347490273010 1024 -1
15434347490273010 1024 -1
15434347490274480 1024 -1
15434347490275090 1024 -1
15434347490275090 1024 -1
15434347490275090 585 -1
15434347490275090 1024 -1
15434347490275610 1024 -1
15434347490275610 1024 -1
15434347490275610 1024 -1
15434347490276188 1024 -1
15434347490276188 1024 -1
15434347490276188 1024 -1
15434347490276188 1024 -1
15434347490276720 1024 -1
15434347490276720 1024 -1
15434347490276720 1024 -1
15434347490278440 1024 -1
15434347490278440 1024 -1
15434347490278950 1024 -1
15434347490278950 1024 -1
15434347490278950 1024 -1
15434347490279520 1024 -1
15434347490279520 1024 -1
15434347490279520 1024 -1
15434347490280070 1024 -1
15434347490280070 1024 -1
15434347490280070 1024 -1
15434347490280070 1024 -1
15434347490280622 1024 -1
15434347490280622 63 -1
15434347490280622 1024 -1
15434347490280622 1024 -1
15434347490280622 1024 -1
15434347490281170 1024 -1
15434347490281170 1024 -1
15434347490281170 1024 -1
15434347490281710 1024 -1
15434347490281710 1024 -1
15434347490282290 1024 -1
15434347490282290 1024 -1
15434347490282290 1024 -1
15434347490282290 1024 -1
15434347490282290 1024 -1
15434347490282850 1024 -1
15434347490282850 1024 -1
15434347490283380 1024 -1
15434347490283380 1024 -1
15434347490283380 1024 -1
15434347490283380 1024 -1
15434347490283880 1024 -1
15434347490283880 1024 -1
15434347490283880 1024 -1
15434347490284430 1024 -1
15434347490284430 1024 -1
15434347490288240 63 -1
15434347490288240 1024 -1
15434347490288790 1024 -1
15434347490288790 1024 -1
15434347490288790 1024 -1
15434347490288790 1024 -1
15434347490289310 1024 -1
15434347490289310 1024 -1
15434347490289310 1024 -1
15434347490289860 1024 -1
15434347490289860 1024 -1
15434347490290420 1024 -1
15434347490290420 1024 -1
15434347490290420 1024 -1
15434347490290420 1024 -1
15434347490290420 1024 -1
15434347490290990 1024 -1
15434347490290990 1024 -1
15434347490291532 1024 -1
15434347490291532 1024 -1
15434347490291532 1024 -1
15434347490291532 1024 -1
15434347490292038 1024 -1
15434347490292038 1024 -1
15434347490292038 1024 -1
15434347490292038 63 -1
15434347490292600 1024 -1
15434347490292600 1024 -1
15434347490292600 1024 -1
15434347490292600 1024 -1
15434347490293130 1024 -1
15434347490293130 1024 -1
15434347490293700 1024 -1
15434347490293700 1024 -1
15434347490293700 1024 -1
15434347490293700 1024 -1
15434347490294250 1024 -1
15434347490294250 1024 -1
15434347490298380 1024 -1
15434347490298380 1024 -1
15434347490298920 1024 -1
15434347490298920 1024 -1
15434347490298920 1024 -1
15434347490298920 430 -1
0 0 0
15434347327438100 148 1
15434347327438100 186 1
0 0 0
15434347327595520 148 1
15434347327595520 186 1
15434347327878430 48 -1
15434347328216080 1024 -1
15434347328216270 432 -1
15434347328261390 1024 -1
15434347328261550 1024 -1
15434347328261910 1024 -1
15434347328261910 1024 -1
15434347328262420 1024 -1
15434347328262420 1024 -1
15434347328262960 1024 -1
15434347328262960 1024 -1
15434347328262960 1024 -1
15434347328263500 1024 -1
15434347328263500 1024 -1
15434347328263500 1024 -1
15434347328263500 1024 -1
15434347328264060 1024 -1
15434347328264060 1024 -1
15434347328264060 1024 -1
15434347328264640 1024 -1
15434347328264640 1024 -1
15434347328264640 1024 -1
15434347328264640 1024 -1
15434347328265172 1024 -1
15434347328265760 1024 -1
15434347328265760 1024 -1
15434347328265760 1024 -1
15434347328265760 63 -1
15434347328268400 1024 -1
15434347328268508 1024 -1
15434347328268890 1024 -1
15434347328268890 1024 -1
15434347328269538 1024 -1
15434347328269538 1024 -1
15434347328269538 1024 -1
15434347328269538 1024 -1
15434347328270000 1024 -1
15434347328270000 1024 -1
15434347328270640 1024 -1
15434347328270640 1024 -1
15434347328343180 1024 -1
15434347328343698 1024 -1
15434347328343698 1024 -1
15434347328343698 1024 -1
15434347328388540 1024 -1
15434347328388540 1024 -1
15434347328388540 1024 -1
15434347328389090 1024 -1
15434347328389090 1024 -1
15434347328389090 1024 -1
15434347328389090 1024 -1
15434347328389690 1024 -1
15434347328389690 63 -1
15434347328389690 1024 -1
15434347328389690 1024 -1
15434347328389690 1024 -1
15434347328390190 1024 -1
15434347328390190 1024 -1
15434347328390190 1024 -1
15434347328390738 1024 -1
15434347328390738 1024 -1
15434347328390738 1024 -1
15434347328390738 1024 -1
15434347328391270 1024 -1
15434347328391270 1024 -1
15434347328391890 1024 -1
15434347328391890 1024 -1
15434347328391890 1024 -1
15434347328392420 1024 -1
15434347328392420 1024 -1
15434347328392420 1024 -1
15434347328392420 1024 -1
15434347328392950 1024 -1
15434347328392950 1024 -1
15434347328392950 1024 -1
15434347328392950 1024 -1
15434347328393480 1024 -1
15434347328393480 63 -1
15434347328393480 1024 -1
15434347328394080 1024 -1
15434347328394080 1024 -1
15434347328394080 1024 -1
15434347328394080 1024 -1
15434347328394620 1024 -1
15434347328394620 1024 -1
15434347328394620 1024 -1
15434347328394620 1024 -1
15434347328395190 1024 -1
15434347328395190 1024 -1
15434347328395190 1024 -1
15434347328400928 1024 -1
15434347328401480 1024 -1
15434347328401480 1024 -1
15434347328401480 1024 -1
15434347328402050 1024 -1
15434347328402050 1024 -1
15434347328402050 1024 -1
15434347328402050 1024 -1
15434347328402050 1024 -1
15434347328408280 1024 -1
15434347328408280 1024 -1
15434347328408820 1024 -1
15434347328408820 72 -1
15434347328408820 1024 -1
15434347328408820 1024 -1
15434347328408820 1024 -1
15434347328409330 1024 -1
15434347328409330 1024 -1
15434347328409892 1024 -1
15434347328409892 1024 -1
15434347328409892 1024 -1
15434347328416960 1024 -1
15434347328416960 1024 -1
15434347328417520 1024 -1
15434347328417520 1024 -1
15434347328418090 1024 -1
15434347328418090 1024 -1
15434347328418090 1024 -1
15434347328418090 1024 -1
15434347328470150 1024 -1
15434347328470150 1024 -1
15434347328470150 1024 -1
15434347328471078 1024 -1
15434347328471078 1024 -1
15434347328471078 1024 -1
15434347328471078 1024 -1
15434347328471610 1024 -1
15434347328471610 63 -1
15434347328471610 1024 -1
15434347328471610 1024 -1
15434347328471610 1024 -1
15434347328472150 1024 -1
15434347328472150 1024 -1
15434347328475030 1024 -1
15434347328475590 1024 -1
15434347328475590 1024 -1
15434347328475590 1024 -1
15434347328475590 1024 -1
15434347328476130 1024 -1
15434347328476130 1024 -1
15434347328515930 1024 -1
15434347328515930 1024 -1
15434347328516740 1024 -1
15434347328516740 1024 -1
15434347328516740 1024 -1
15434347328517870 1024 -1
15434347328517870 1024 -1
15434347328517870 1024 -1
15434347328517870 1024 -1
15434347328518390 1024 -1
15434347328518390 1024 -1
15434347328518390 1024 -1
15434347328518390 63 -1
15434347328518920 1024 -1
15434347328518920 1024 -1
15434347328518920 1024 -1
15434347328518920 663 -1
0 0 0
15434347327341970 148 1
15434347327341970 206 1
15434347327563830 48 -1
15434347327573280 1024 -1
15434347327573350 1024 -1
15434347327573810 29 -1
