### "'36239 13025 110118 152351 17532 34030 147521 143693 106866 192191 74691 147341 123811 158447 137875'"
0 0 0
15434342911751480 148 1
15434342911751480 198 1
15434342911751530 39 -1
15434342911751550 13 -1
15434342911806050 9 -1
15434342911813828 307 -1
15434342911814352 9 -1
15434342911817500 16383 -1
15434342911817500 1 -1
15434342911817542 9 -1
15434342911820140 16383 -1
15434342911820140 1 -1
15434342911820140 9 -1
15434342911820710 3471 -1
0 0 0
15434342911639720 148 1
15434342911639720 206 1
0 0 0
15434342911689670 39 -1
15434342911689730 13 -1
15434342911705288 148 1
15434342911705288 186 1
15434342911753800 9 -1
15434342911759260 294 -1
15434342911759378 9 -1
15434342911762300 16383 -1
15434342911762300 1 -1
15434342911762380 9 -1
15434342911765000 16383 -1
15434342911765000 1 -1
15434342911765000 9 -1
15434342911809020 16382 -1
15434342911809020 2 -1
15434342911809020 9 -1
15434342911811730 16381 -1
15434342911811730 3 -1
15434342911811730 9 -1
15434342911813860 16383 -1
15434342911813860 1 -1
15434342911813860 9 -1
15434342911815980 16382 -1
15434342911815980 2 -1
15434342911815980 9 -1
15434342911819200 16381 -1
15434342911819200 3 -1
15434342911819200 9 -1
15434342911856820 16380 -1
15434342911856820 4 -1
15434342911856820 9 -1
15434342911858990 16383 -1
15434342911858990 1 -1
15434342911858990 9 -1
15434342911859540 4895 -1
0 0 0
15434342911812310 148 1
15434342911812310 206 1
15434342911812790 39 -1
15434342911812840 13 -1
15434342911860098 9 -1
15434342911871130 311 -1
15434342911871670 9 -1
15434342911872252 1503 -1
0 0 0
15434342911819150 148 1
15434342911819150 186 1
15434342911820690 39 -1
15434342911820732 13 -1
15434342911867020 9 -1
15434342911873940 294 -1
15434342911874490 9 -1
15434342911878070 16383 -1
15434342911878070 1 -1
15434342911878070 9 -1
15434342911880280 16382 -1
15434342911880280 2 -1
15434342911880830 9 -1
15434342911924060 16383 -1
15434342911924060 1 -1
15434342911924060 9 -1
15434342911926770 16382 -1
15434342911926770 2 -1
15434342911926770 9 -1
15434342911928950 16381 -1
15434342911928950 3 -1
15434342911928950 9 -1
15434342911931610 16380 -1
15434342911931610 4 -1
15434342911931610 9 -1
15434342911933250 11814 -1
0 0 0
15434342911421872 39 -1
15434342911421960 13 -1
15434342911694630 148 1
15434342911694630 207 1
15434342911742762 9 -1
15434342911748000 311 -1
15434342911748062 9 -1
15434342911750340 13025 -1
0 0 0
15434342919957300 148 1
15434342919957300 191 1
15434342919957350 39 -1
15434342919957380 13 -1
15434342920005720 9 -1
15434342920012450 292 -1
15434342920012490 9 -1
15434342920014120 5432 -1
15434342925014780 63 1
15434342925073010 148 -1
15434342925073130 9 -1
15434342925074962 5532 -1
15434342930075532 63 1
15434342930129970 153 -1
15434342930130100 9 -1
15434342930132870 6099 -1
15434342935133490 63 1
15434342936123878 128 -1
15434342936124020 9 -1
15434342936126090 5887 -1
15434342941126750 62 1
15434342941181058 150 -1
15434342941181650 9 -1
15434342941183310 5354 -1
15434342946184160 62 1
15434342946240252 129 -1
15434342946240780 9 -1
15434342946242440 5327 -1
15434342951243160 9 1
15434342956245880 81 1
15434342956303740 172 -1
15434342956304260 9 -1
15434342956304830 2617 -1
15434342961305630 78 1
15434342961359920 171 -1
15434342961360020 9 -1
15434342961361610 3151 -1
15434342966362570 79 1
15434342966417370 134 -1
15434342966417580 9 -1
15434342966418440 2617 -1
15434342971419340 78 1
15434342971473970 153 -1
15434342971474090 9 -1
15434342971474790 2617 -1
15434342976475560 78 1
15434342976530048 238 -1
15434342976530590 9 -1
15434342976531702 3329 -1
15434342981532340 58 1
15434342981587050 154 -1
15434342981587600 9 -1
15434342981590870 16383 -1
15434342981590870 1 -1
15434342981590870 9 -1
15434342981590870 1148 -1
15434342994992558 78 1
15434342995046540 173 -1
15434342995046670 9 -1
15434342995047080 1794 -1
15434343000048630 59 1
15434343000102620 154 -1
15434343000102780 9 -1
15434343000105432 16383 -1
15434343000105432 1 -1
15434343000105470 9 -1
15434343000108140 16383 -1
15434343000108140 1 -1
15434343000108140 9 -1
15434343000108140 1262 -1
15434343005110190 58 1
15434343005165320 131 -1
15434343005165430 9 -1
15434343005168020 16383 -1
15434343005168590 1 -1
15434343005168632 9 -1
15434343005171290 16383 -1
15434343005171320 1 -1
15434343005171350 9 -1
15434343005174010 16382 -1
15434343005174040 2 -1
15434343005174050 9 -1
15434343005176670 16381 -1
15434343005176720 3 -1
15434343005176720 9 -1
15434343005214970 16380 -1
15434343005214970 4 -1
15434343005214970 9 -1
15434343005217618 16379 -1
15434343005217618 5 -1
15434343005217618 9 -1
15434343005219790 16378 -1
15434343005219790 6 -1
15434343005219790 9 -1
15434343005221980 16383 -1
15434343005221980 1 -1
15434343005221980 9 -1
15434343005224600 16382 -1
15434343005224600 2 -1
15434343005224600 9 -1
15434343005224600 65 -1
15434343010225420 58 1
15434343010281110 155 -1
15434343010281240 9 -1
15434343010283850 16383 -1
15434343010284318 1 -1
15434343010284368 9 -1
15434343010287080 16383 -1
15434343010287130 1 -1
15434343010287170 9 -1
15434343010289810 16382 -1
15434343010290360 2 -1
15434343010290390 9 -1
15434343010292540 16381 -1
15434343010293080 3 -1
15434343010293110 9 -1
15434343010295820 16380 -1
15434343010295870 4 -1
15434343010295890 9 -1
15434343010298610 16379 -1
15434343010299150 5 -1
15434343010299170 9 -1
15434343010301810 16378 -1
15434343010301860 6 -1
15434343010301890 9 -1
15434343010304520 16377 -1
15434343010304590 7 -1
15434343010305080 9 -1
15434343010307270 12621 -1
15434343015308052 58 1
15434343015364680 127 -1
15434343015365240 9 -1
15434343015367442 16383 -1
15434343015367970 1 -1
15434343015368030 9 -1
15434343015370728 16382 -1
15434343015370780 2 -1
15434343015370820 9 -1
15434343015373470 16383 -1
15434343015373540 1 -1
15434343015373580 9 -1
15434343015376160 16382 -1
15434343015376720 2 -1
15434343015376760 9 -1
15434343015378860 16381 -1
15434343015379360 3 -1
15434343015379420 9 -1
15434343015382080 16380 -1
15434343015382130 4 -1
15434343015382650 9 -1
15434343015383790 8562 -1
15434343027233930 58 1
15434343027288940 154 -1
15434343027289150 9 -1
15434343027292190 16383 -1
15434343027292250 1 -1
15434343027292290 9 -1
15434343027294992 16383 -1
15434343027295060 1 -1
15434343027295100 9 -1
15434343027297670 16382 -1
15434343027297730 2 -1
15434343027298232 9 -1
15434343027300970 16381 -1
15434343027301020 3 -1
15434343027301070 9 -1
15434343027303740 16383 -1
15434343027303780 1 -1
15434343027303800 9 -1
15434343027306420 16382 -1
15434343027306982 2 -1
15434343027307000 9 -1
15434343027309150 16381 -1
15434343027309700 3 -1
15434343027309730 9 -1
15434343027312490 16380 -1
15434343027312510 4 -1
15434343027312530 9 -1
15434343027315208 16379 -1
15434343027315240 5 -1
15434343027315258 9 -1
15434343027318000 16378 -1
15434343027318038 6 -1
15434343027318562 9 -1
15434343027320740 16383 -1
15434343027321280 1 -1
15434343027321300 9 -1
15434343027339840 11967 -1
15434343032340742 58 1
15434343032395440 149 -1
15434343032396030 9 -1
15434343032398720 16383 -1
15434343032398760 1 -1
15434343032398810 9 -1
15434343032401440 16383 -1
15434343032401490 1 -1
15434343032401530 9 -1
15434343032404210 16382 -1
15434343032404770 2 -1
15434343032404800 9 -1
15434343032406910 16381 -1
15434343032407470 3 -1
15434343032407500 9 -1
15434343032409130 9155 -1
15434343037409830 59 1
15434343037474862 108 -1
15434343037475400 9 -1
15434343037478140 16383 -1
15434343037478660 1 -1
15434343037478710 9 -1
15434343037480810 16383 -1
15434343037481338 1 -1
15434343037481390 9 -1
15434343037484140 16382 -1
15434343037484190 2 -1
15434343037484210 9 -1
15434343037486860 16381 -1
15434343037486910 3 -1
15434343037487422 9 -1
15434343037489632 16383 -1
15434343037489678 1 -1
15434343037490140 9 -1
15434343037492350 16382 -1
15434343037492910 2 -1
15434343037492940 9 -1
15434343037495640 16381 -1
15434343037495670 3 -1
15434343037495690 9 -1
15434343037498332 16383 -1
15434343037498382 1 -1
15434343037498400 9 -1
15434343037501080 16269 -1
15434343042501882 58 1
15434343042557070 256 -1
15434343042557260 9 -1
15434343042559960 16383 -1
15434343042560030 1 -1
15434343042560670 9 -1
15434343042562840 16383 -1
15434343042562880 1 -1
15434343042562910 9 -1
15434343042565588 16382 -1
15434343042566150 2 -1
15434343042566180 9 -1
15434343042568340 16381 -1
15434343042568930 3 -1
15434343042568960 9 -1
15434343042571610 16380 -1
15434343042571660 4 -1
15434343042571680 9 -1
15434343042574270 16379 -1
15434343042574830 5 -1
15434343042574862 9 -1
15434343042577080 16378 -1
15434343042577130 6 -1
15434343042577620 9 -1
15434343042579250 9123 -1
15434343047579830 58 1
15434343047642760 127 -1
15434343047643300 9 -1
15434343047645450 16383 -1
15434343047645970 1 -1
15434343047646000 9 -1
15434343047648662 16383 -1
15434343047648690 1 -1
15434343047648720 9 -1
15434343047651340 16382 -1
15434343047651380 2 -1
15434343047651898 9 -1
15434343047654058 16381 -1
15434343047654610 3 -1
15434343047654632 9 -1
15434343047657362 16383 -1
15434343047657380 1 -1
15434343047657400 9 -1
15434343047660090 16382 -1
15434343047660140 2 -1
15434343047660160 9 -1
15434343047662920 16381 -1
15434343047662940 3 -1
15434343047663432 9 -1
15434343047665610 16380 -1
15434343047665638 4 -1
15434343047666162 9 -1
15434343047668860 16383 -1
15434343047668880 1 -1
15434343047668890 9 -1
15434343047670440 10991 -1
15434343052674100 58 1
15434343052734252 141 -1
15434343052734800 9 -1
15434343052736960 16383 -1
15434343052737480 1 -1
15434343052737520 9 -1
15434343052740280 16383 -1
15434343052740330 1 -1
15434343052740350 9 -1
15434343052742870 16382 -1
15434343052742900 2 -1
15434343052742910 9 -1
15434343052745640 16381 -1
15434343052745690 3 -1
15434343052745710 9 -1
15434343052748370 16383 -1
15434343052748420 1 -1
15434343052748440 9 -1
15434343052751050 16382 -1
15434343052751080 2 -1
15434343052751588 9 -1
15434343052753740 16381 -1
15434343052753760 3 -1
15434343052754250 9 -1
15434343052756938 16383 -1
15434343052756960 1 -1
15434343052756980 9 -1
15434343052758018 6803 -1
15434343057759130 58 1
15434343057814270 129 -1
15434343057814770 9 -1
15434343057817572 8237 -1
15434343062818180 58 1
15434343062873002 142 -1
15434343062873550 9 -1
15434343062876170 16383 -1
15434343062876210 1 -1
15434343062876238 9 -1
15434343062878890 16383 -1
15434343062878930 1 -1
15434343062878950 9 -1
15434343062881600 16382 -1
15434343062881620 2 -1
15434343062882130 9 -1
15434343062884240 16381 -1
15434343062884800 3 -1
15434343062884830 9 -1
15434343062888752 16380 -1
15434343062888840 4 -1
15434343062889300 9 -1
15434343062891480 16379 -1
15434343062891540 5 -1
15434343062891560 9 -1
15434343062894210 16383 -1
15434343062894240 1 -1
15434343062894772 9 -1
15434343062897028 16382 -1
15434343062897050 2 -1
15434343062897070 9 -1
15434343062898682 6420 -1
15434343067899380 59 1
15434343067985908 131 -1
15434343067986440 9 -1
15434343067989110 16383 -1
15434343067989140 1 -1
15434343067989170 9 -1
15434343067991820 16383 -1
15434343067991850 1 -1
15434343067992370 9 -1
15434343067994540 16382 -1
15434343067994558 2 -1
15434343067995070 9 -1
15434343067997292 16381 -1
15434343067997330 3 -1
15434343067997360 9 -1
15434343068000050 16380 -1
15434343068000100 4 -1
15434343068000122 9 -1
15434343068002770 16379 -1
15434343068002820 5 -1
15434343068002852 9 -1
15434343068005530 16378 -1
15434343068006080 6 -1
15434343068006100 9 -1
15434343068008290 13597 -1
15434343073009000 58 1
15434343073064762 155 -1
15434343073065260 9 -1
15434343073067450 15873 -1
15434343073067492 511 -1
15434343073067520 9 -1
15434343073070130 15872 -1
15434343073070170 512 -1
15434343073070200 9 -1
15434343073072880 16383 -1
15434343073072888 1 -1
15434343073072910 9 -1
15434343073075572 16383 -1
15434343073075590 1 -1
15434343073075600 9 -1
15434343073078320 16383 -1
15434343073078370 1 -1
15434343073078402 9 -1
15434343073081040 16382 -1
15434343073081090 2 -1
15434343073081110 9 -1
15434343073083760 16381 -1
15434343073083810 3 -1
15434343073084290 9 -1
15434343073086450 16383 -1
15434343073087010 1 -1
15434343073087030 9 -1
15434343073087590 3044 -1
