### "'23210 189779 225814 221793 171211 215203 221718 173005 203368 209261 218043 190385 162086 16298 33894 8806'"
0 0 0
15444627735775600 148 1
15444627735775600 187 1
15444627735775650 39 -1
15444627735776060 13 -1
15444627735831940 9 -1
15444627735835472 294 -1
15444627735835550 9 -1
15444627735838380 16383 -1
15444627735838380 1 -1
15444627735838922 9 -1
15444627735841752 16383 -1
15444627735841752 1 -1
15444627735841752 9 -1
15444627735892120 16382 -1
15444627735892120 2 -1
15444627735892120 9 -1
15444627735894790 16381 -1
15444627735894790 3 -1
15444627735894790 9 -1
15444627735896950 16383 -1
15444627735896950 1 -1
15444627735896950 9 -1
15444627735899110 16382 -1
15444627735899110 2 -1
15444627735899110 9 -1
15444627735901800 16383 -1
15444627735901800 1 -1
15444627735901800 9 -1
15444627735946320 16382 -1
15444627735946320 2 -1
15444627735946320 9 -1
15444627735948510 16383 -1
15444627735948510 1 -1
15444627735948510 9 -1
15444627736119960 16382 -1
15444627736119960 2 -1
15444627736119960 9 -1
15444627736122640 16381 -1
15444627736122690 3 -1
15444627736122730 9 -1
15444627736125390 16380 -1
15444627736125520 4 -1
15444627736125640 9 -1
15444627736128230 16379 -1
15444627736128458 5 -1
15444627736128520 9 -1
15444627736130400 12822 -1
0 0 0
15444627735049660 148 1
15444627735049660 208 1
15444627735049730 39 -1
15444627735049760 13 -1
15444627735098160 9 -1
15444627735107880 312 -1
15444627735108040 9 -1
15444627735110580 15847 -1
15444627735110580 537 -1
15444627735110580 9 -1
15444627735111660 6826 -1
15444627739176340 59 1
15444627739230040 129 -1
15444627739230280 9 -1
15444627739233280 16383 -1
15444627739233280 1 -1
15444627739233370 9 -1
15444627739236022 16383 -1
15444627739236022 1 -1
15444627739236022 9 -1
15444627739242690 16382 -1
15444627739242690 2 -1
15444627739242690 9 -1
15444627739280670 16383 -1
15444627739280670 1 -1
15444627739280670 9 -1
15444627739281740 16382 -1
15444627739281740 2 -1
15444627739281740 9 -1
15444627739284360 16383 -1
15444627739284360 1 -1
15444627739284360 9 -1
15444627739286922 16382 -1
15444627739286922 2 -1
15444627739286922 9 -1
15444627739290150 16381 -1
15444627739290150 3 -1
15444627739290150 9 -1
15444627739292582 16380 -1
15444627739292582 4 -1
15444627739292582 9 -1
15444627739295180 16383 -1
15444627739295180 1 -1
15444627739295180 9 -1
15444627739297680 16382 -1
15444627739297680 2 -1
15444627739297680 9 -1
15444627739329280 16381 -1
15444627739329280 3 -1
15444627739329280 9 -1
15444627739332500 16380 -1
15444627739332500 4 -1
15444627739332500 9 -1
15444627739335010 8801 -1
15444627743971660 59 1
15444627744026238 131 -1
15444627744026640 9 -1
15444627744029090 16383 -1
15444627744029182 1 -1
15444627744029240 9 -1
15444627744032290 16383 -1
15444627744032372 1 -1
15444627744032422 9 -1
15444627744035010 16382 -1
15444627744035060 2 -1
15444627744035090 9 -1
15444627744037690 16381 -1
15444627744037760 3 -1
15444627744037790 9 -1
15444627744040360 16380 -1
15444627744040920 4 -1
15444627744040958 9 -1
15444627744044600 16379 -1
15444627744044730 5 -1
15444627744044768 9 -1
15444627744047640 16378 -1
15444627744047760 6 -1
15444627744047790 9 -1
15444627744048800 16377 -1
15444627744048880 7 -1
15444627744048900 9 -1
15444627744051412 16383 -1
15444627744051590 1 -1
15444627744053900 9 -1
15444627744077230 16382 -1
15444627744077230 2 -1
15444627744077230 9 -1
15444627744077230 7371 -1
15444627748238810 59 1
15444627748293550 107 -1
15444627748294160 9 -1
15444627748296290 16383 -1
15444627748296658 1 -1
15444627748296750 9 -1
15444627748299190 16383 -1
15444627748299460 1 -1
15444627748299560 9 -1
15444627748302260 16382 -1
15444627748302440 2 -1
15444627748302550 9 -1
15444627748304720 16381 -1
15444627748305140 3 -1
15444627748305320 9 -1
15444627748307682 16383 -1
15444627748307970 1 -1
15444627748308110 9 -1
15444627748311010 16382 -1
15444627748311240 2 -1
15444627748311328 9 -1
15444627748314158 16381 -1
15444627748315070 3 -1
15444627748315170 9 -1
15444627748316510 16380 -1
15444627748316780 4 -1
15444627748316870 9 -1
15444627748319180 16379 -1
15444627748319818 5 -1
15444627748319890 9 -1
15444627748321700 16378 -1
15444627748322110 6 -1
15444627748322170 9 -1
15444627748344100 16383 -1
15444627748344100 1 -1
15444627748344100 9 -1
15444627748344100 16382 -1
15444627748344100 2 -1
15444627748344100 9 -1
15444627748347860 16381 -1
15444627748347860 3 -1
15444627748347860 9 -1
15444627748347860 2211 -1
15444627752750180 58 1
15444627752806490 154 -1
15444627752806770 9 -1
15444627752809630 16383 -1
15444627752809700 1 -1
15444627752809752 9 -1
15444627752812360 16382 -1
15444627752812480 2 -1
15444627752812530 9 -1
15444627752815040 16381 -1
15444627752815120 3 -1
15444627752815590 9 -1
15444627752817770 16383 -1
15444627752817860 1 -1
15444627752817900 9 -1
15444627752820550 16382 -1
15444627752821110 2 -1
15444627752821140 9 -1
15444627752823350 16381 -1
15444627752823410 3 -1
15444627752823880 9 -1
15444627752825990 16380 -1
15444627752826520 4 -1
15444627752826550 9 -1
15444627752829190 16379 -1
15444627752829240 5 -1
15444627752829270 9 -1
15444627752831890 16378 -1
15444627752831950 6 -1
15444627752831970 9 -1
15444627752834670 16377 -1
15444627752834720 7 -1
15444627752834740 9 -1
15444627752837350 16376 -1
15444627752837410 8 -1
15444627752837902 9 -1
15444627752840632 16375 -1
15444627752840660 9 -1
15444627752840690 9 -1
15444627752842860 16383 -1
15444627752843298 1 -1
15444627752843330 9 -1
15444627752844952 8726 -1
15444627757228178 58 1
15444627757282730 104 -1
15444627757283010 9 -1
15444627757285982 16383 -1
15444627757286078 1 -1
15444627757286140 9 -1
15444627757288750 16383 -1
15444627757288830 1 -1
15444627757288890 9 -1
15444627757291510 16382 -1
15444627757291580 2 -1
15444627757291638 9 -1
15444627757294200 16383 -1
15444627757294240 1 -1
15444627757294270 9 -1
15444627757296880 16383 -1
15444627757296938 1 -1
15444627757296970 9 -1
15444627757299630 16382 -1
15444627757299690 2 -1
15444627757299718 9 -1
15444627757302498 16383 -1
15444627757302720 1 -1
15444627757302750 9 -1
15444627757305500 16382 -1
15444627757305650 2 -1
15444627757305680 9 -1
15444627757308030 16381 -1
15444627757308150 3 -1
15444627757308180 9 -1
15444627757310620 16383 -1
15444627757310760 1 -1
15444627757310792 9 -1
15444627757313180 9165 -1
15444627761609850 59 1
15444627761668990 154 -1
15444627761669280 9 -1
15444627761671660 16383 -1
15444627761672248 1 -1
15444627761672340 9 -1
15444627761674982 16382 -1
15444627761675070 2 -1
15444627761675120 9 -1
15444627761677740 16383 -1
15444627761677780 1 -1
15444627761677812 9 -1
15444627761680450 16382 -1
15444627761680500 2 -1
15444627761680530 9 -1
15444627761683220 16381 -1
15444627761683270 3 -1
15444627761683300 9 -1
15444627761685920 16380 -1
15444627761685970 4 -1
15444627761686460 9 -1
15444627761688680 16379 -1
15444627761688740 5 -1
15444627761688790 9 -1
15444627761691452 16383 -1
15444627761692000 1 -1
15444627761692040 9 -1
15444627761694160 16382 -1
15444627761694720 2 -1
15444627761694760 9 -1
15444627761696930 16381 -1
15444627761697480 3 -1
15444627761697510 9 -1
15444627761701150 16380 -1
15444627761701240 4 -1
15444627761701282 9 -1
15444627761702700 16379 -1
15444627761702760 5 -1
15444627761703228 9 -1
15444627761704308 6760 -1
15444627766305038 58 1
15444627766358290 107 -1
15444627766358580 9 -1
15444627766361480 16383 -1
15444627766361560 1 -1
15444627766361610 9 -1
15444627766364210 16383 -1
15444627766364320 1 -1
15444627766364390 9 -1
15444627766366930 16382 -1
15444627766366990 2 -1
15444627766367020 9 -1
15444627766369610 16381 -1
15444627766369660 3 -1
15444627766369690 9 -1
15444627766372362 16380 -1
15444627766372408 4 -1
15444627766372458 9 -1
15444627766375042 16379 -1
15444627766375110 5 -1
15444627766375142 9 -1
15444627766377790 16383 -1
15444627766377850 1 -1
15444627766377880 9 -1
15444627766380510 16382 -1
15444627766380570 2 -1
15444627766381062 9 -1
15444627766383318 16381 -1
15444627766383390 3 -1
15444627766383870 9 -1
15444627766386070 16380 -1
15444627766386130 4 -1
15444627766386580 9 -1
15444627766389300 16379 -1
15444627766389350 5 -1
15444627766389380 9 -1
15444627766391990 16378 -1
15444627766392022 6 -1
15444627766392060 9 -1
15444627766394150 12653 -1
15444627770417048 58 1
15444627770473090 131 -1
15444627770473400 9 -1
15444627770475740 16383 -1
15444627770476260 1 -1
15444627770476350 9 -1
15444627770478480 16382 -1
15444627770478972 2 -1
15444627770479040 9 -1
15444627770481750 16381 -1
15444627770481852 3 -1
15444627770481910 9 -1
15444627770484490 16383 -1
15444627770484550 1 -1
15444627770484600 9 -1
15444627770487240 16382 -1
15444627770487360 2 -1
15444627770487412 9 -1
15444627770490000 16381 -1
15444627770490120 3 -1
15444627770490160 9 -1
15444627770492740 16383 -1
15444627770492830 1 -1
15444627770492858 9 -1
15444627770495420 16382 -1
15444627770495960 2 -1
15444627770495998 9 -1
15444627770498080 16383 -1
15444627770498632 1 -1
15444627770498670 9 -1
15444627770501320 16382 -1
15444627770501380 2 -1
15444627770501410 9 -1
15444627770504032 16381 -1
15444627770504090 3 -1
15444627770504120 9 -1
15444627770506762 16380 -1
15444627770506830 4 -1
15444627770506858 9 -1
15444627770509592 16383 -1
15444627770509660 1 -1
15444627770509688 9 -1
15444627770510650 5051 -1
15444627775202702 58 1
15444627775256990 94 -1
15444627775257230 9 -1
15444627775259760 16383 -1
15444627775259860 1 -1
15444627775259910 9 -1
15444627775262540 16383 -1
15444627775263060 1 -1
15444627775263150 9 -1
15444627775265220 16382 -1
15444627775265770 2 -1
15444627775265860 9 -1
15444627775268480 16383 -1
15444627775268530 1 -1
15444627775268560 9 -1
15444627775271152 16382 -1
15444627775271190 2 -1
15444627775271210 9 -1
15444627775273910 16381 -1
15444627775273982 3 -1
15444627775274000 9 -1
15444627775276570 16380 -1
15444627775276630 4 -1
15444627775276670 9 -1
15444627775279750 16383 -1
15444627775279800 1 -1
15444627775279830 9 -1
15444627775282440 16382 -1
15444627775282960 2 -1
15444627775283000 9 -1
15444627775285650 16381 -1
15444627775285708 3 -1
15444627775285740 9 -1
15444627775288770 16380 -1
15444627775288820 4 -1
15444627775288848 9 -1
15444627775290870 10161 -1
15444627779713190 78 1
15444627779766550 149 -1
15444627779766840 9 -1
15444627779767640 3329 -1
15444627783786840 58 1
15444627783844810 154 -1
15444627783845210 9 -1
15444627783847490 16383 -1
15444627783848000 1 -1
15444627783848090 9 -1
15444627783850720 16383 -1
15444627783850852 1 -1
15444627783850910 9 -1
15444627783853480 16382 -1
15444627783853510 2 -1
15444627783853540 9 -1
15444627783856180 16381 -1
15444627783856230 3 -1
15444627783856260 9 -1
15444627783858870 16383 -1
15444627783858940 1 -1
15444627783859410 9 -1
15444627783861540 16382 -1
15444627783862080 2 -1
15444627783862122 9 -1
15444627783864750 16381 -1
15444627783864790 3 -1
15444627783864820 9 -1
15444627783867480 16380 -1
15444627783867518 4 -1
15444627783867540 9 -1
15444627783870210 16383 -1
15444627783870270 1 -1
15444627783870298 9 -1
15444627783873810 14630 -1
15444627788229260 78 1
15444627788285820 252 -1
15444627788286130 9 -1
15444627788287430 2973 -1
15444627792305890 78 1
15444627794473700 157 -1
15444627794473938 9 -1
15444627794475360 3151 -1
15444627798482360 78 1
15444627798535890 147 -1
15444627798536070 9 -1
15444627798537000 3151 -1
15444627802546920 9 1
15444627802546920 81 1
15444627802601510 170 -1
15444627802601790 9 -1
15444627802602570 2973 -1
15444627806619010 78 1
15444627806671830 148 -1
15444627806672090 9 -1
15444627806673440 3151 -1
15444627810696640 78 1
15444627810774540 171 -1
15444627810774910 9 -1
15444627810775600 2617 -1
15444627814820060 72 1
15444627814964610 142 -1
15444627814965350 9 -1
15444627814967502 15856 -1
15444627814967710 442 -1
15444627819017840 78 1
15444627819071100 148 -1
15444627819071340 9 -1
15444627819072772 2973 -1
15444627823086870 67 1
15444627823142550 180 -1
15444627823142810 9 -1
15444627823145240 16383 -1
15444627823145340 1 -1
15444627823145390 9 -1
15444627823148488 16383 -1
15444627823148530 1 -1
15444627823148570 9 -1
15444627823148602 1126 -1
15444627827215040 77 1
15444627827271640 146 -1
15444627827271882 9 -1
15444627827273300 3151 -1
15444627831296080 78 1
15444627831351420 274 -1
15444627831351668 9 -1
15444627831352480 2617 -1
15444627835368130 78 1
15444627835422000 147 -1
15444627835422230 9 -1
15444627835423610 3329 -1
15444627839446180 78 1
15444627839500490 143 -1
15444627839500750 9 -1
15444627839502120 2795 -1
15444627843513430 78 1
15444627843567420 171 -1
15444627843567690 9 -1
15444627843568480 2617 -1
15444627847579360 63 1
15444627847632770 124 -1
15444627847633110 9 -1
15444627847634320 5779 -1
15444627851661330 63 1
15444627851714650 128 -1
15444627851714880 9 -1
15444627851717340 5710 -1
15444627855734120 63 1
15444627855787900 124 -1
15444627855788080 9 -1
15444627855790948 7842 -1
15444627859828720 63 1
15444627859881800 106 -1
15444627859882020 9 -1
15444627859884050 5770 -1
15444627863891500 63 1
15444627863945050 129 -1
15444627863945292 9 -1
15444627863948240 7738 -1
15444627867961370 63 1
15444627868015470 115 -1
15444627868015730 9 -1
15444627868018740 8806 -1
0 0 0
15444627735172930 148 1
15444627735172930 208 1
15444627735172990 39 -1
15444627735173350 13 -1
15444627735222098 9 -1
15444627735236690 312 -1
15444627735236810 9 -1
15444627735237460 2111 -1
0 0 0
15444627735426910 39 -1
15444627735426960 13 -1
15444627735500040 148 1
15444627735500040 187 1
15444627735554460 9 -1
15444627735560170 295 -1
15444627735560278 9 -1
15444627735564070 16383 -1
15444627735564070 1 -1
15444627735564120 9 -1
15444627735566850 16383 -1
15444627735566850 1 -1
15444627735566850 9 -1
15444627735616180 16382 -1
15444627735616180 2 -1
15444627735616180 9 -1
15444627735618630 16381 -1
15444627735618630 3 -1
15444627735618630 9 -1
15444627735621140 16380 -1
15444627735621140 4 -1
15444627735621140 9 -1
15444627735623478 16379 -1
15444627735623478 5 -1
15444627735623478 9 -1
15444627735626090 16378 -1
15444627735626090 6 -1
15444627735626090 9 -1
15444627735670208 16383 -1
15444627735670208 1 -1
15444627735670208 9 -1
15444627735672960 16382 -1
15444627735672960 2 -1
15444627735672960 9 -1
15444627735751678 16381 -1
15444627735751678 3 -1
15444627735751678 9 -1
15444627735754370 16380 -1
15444627735754370 4 -1
15444627735754370 9 -1
15444627735757030 9555 -1
0 0 0
15444627735636920 39 -1
15444627735637072 13 -1
15444627735739770 148 1
15444627735739770 200 1
15444627735797680 9 -1
15444627735800480 306 -1
15444627735800820 9 -1
15444627735802710 5040 -1
0 0 0
15444627735334210 39 -1
15444627735334780 13 -1
15444627735367752 148 1
15444627735414810 9 -1
15444627735414960 208 1
15444627735469580 312 -1
15444627735469880 9 -1
15444627735471000 2973 -1
