### "'127335 226661 24590 90498 272628 110004 288855 140420 161583 85598 52498 30522 30522 93871 85523 27900 131747 9923 8012 85598'"
0 0 0
15444628590117610 39 -1
15444628590117690 13 -1
15444628590486860 148 1
15444628590486860 205 1
15444628590542260 9 -1
15444628590551332 310 -1
15444628590551820 9 -1
15444628590551888 2111 -1
0 0 0
15444628590015910 39 -1
15444628590016480 13 -1
15444628590464110 148 1
15444628590464110 205 1
15444628590519530 9 -1
15444628590525410 311 -1
15444628590525500 9 -1
15444628590526782 3151 -1
0 0 0
15444628590438970 39 -1
15444628590439050 13 -1
15444628590491682 148 1
15444628590491682 198 1
15444628590546920 9 -1
15444628590553940 308 -1
15444628590554500 9 -1
15444628590557850 16383 -1
15444628590557850 1 -1
15444628590558400 9 -1
15444628590561200 16383 -1
15444628590561200 1 -1
15444628590561200 9 -1
15444628590611140 16382 -1
15444628590611140 2 -1
15444628590611140 9 -1
15444628590613958 16381 -1
15444628590613958 3 -1
15444628590613958 9 -1
15444628590616742 16380 -1
15444628590616742 4 -1
15444628590616742 9 -1
15444628590618940 16379 -1
15444628590618940 5 -1
15444628590618940 9 -1
15444628590621222 16378 -1
15444628590621222 6 -1
15444628590621222 9 -1
15444628590665130 12647 -1
0 0 0
15444628589807690 148 1
15444628589807690 205 1
15444628589807752 39 -1
15444628589808000 13 -1
15444628589855710 9 -1
15444628589860800 312 -1
15444628589861290 9 -1
15444628589862380 3507 -1
15444628593877330 58 1
15444628593932040 153 -1
15444628593932210 9 -1
15444628593935348 16383 -1
15444628593935348 1 -1
15444628593935450 9 -1
15444628593938630 16383 -1
15444628593938630 1 -1
15444628593938630 9 -1
15444628593981950 16382 -1
15444628593981950 2 -1
15444628593981950 9 -1
15444628593984690 16381 -1
15444628593984690 3 -1
15444628593984690 9 -1
15444628593986890 16383 -1
15444628593986890 1 -1
15444628593986890 9 -1
15444628593988600 8578 -1
15444628598213480 58 1
15444628598269290 131 -1
15444628598269470 9 -1
15444628598272520 16383 -1
15444628598273100 1 -1
15444628598273170 9 -1
15444628598275800 16383 -1
15444628598275840 1 -1
15444628598275860 9 -1
15444628598278520 16382 -1
15444628598278570 2 -1
15444628598278590 9 -1
15444628598281340 16381 -1
15444628598281410 3 -1
15444628598281440 9 -1
15444628598284010 16383 -1
15444628598284070 1 -1
15444628598284530 9 -1
15444628598286790 16382 -1
15444628598287340 2 -1
15444628598287380 9 -1
15444628598290050 16381 -1
15444628598317000 3 -1
15444628598317000 9 -1
15444628598319740 16380 -1
15444628598319740 4 -1
15444628598320280 9 -1
15444628598324260 16383 -1
15444628598324260 1 -1
15444628598324260 9 -1
15444628598326380 16382 -1
15444628598326380 2 -1
15444628598326380 9 -1
15444628598329142 16381 -1
15444628598329142 3 -1
15444628598329142 9 -1
15444628598333390 16380 -1
15444628598333390 4 -1
15444628598333390 9 -1
15444628598350760 16379 -1
15444628598350760 5 -1
15444628598350760 9 -1
15444628598353670 16378 -1
15444628598353670 6 -1
15444628598353670 9 -1
15444628598392798 16377 -1
15444628598392798 7 -1
15444628598392798 9 -1
15444628598395600 16376 -1
15444628598395600 8 -1
15444628598395600 9 -1
15444628598397260 10484 -1
15444628602838010 59 1
15444628602896180 153 -1
15444628602896350 9 -1
15444628602899430 16383 -1
15444628602899530 1 -1
15444628602899560 9 -1
15444628602902110 16382 -1
15444628602902630 2 -1
15444628602902670 9 -1
15444628602905418 16383 -1
15444628602905540 1 -1
15444628602905570 9 -1
15444628602908090 16382 -1
15444628602908180 2 -1
15444628602908640 9 -1
15444628602911320 16381 -1
15444628602911350 3 -1
15444628602911380 9 -1
15444628602913990 16380 -1
15444628602914050 4 -1
15444628602914090 9 -1
15444628602916190 11700 -1
15444628607236062 59 1
15444628607289750 131 -1
15444628607289920 9 -1
15444628607292990 16383 -1
15444628607293040 1 -1
15444628607293060 9 -1
15444628607295720 16383 -1
15444628607295790 1 -1
15444628607296230 9 -1
15444628607298910 16382 -1
15444628607298960 2 -1
15444628607298990 9 -1
15444628607301630 16381 -1
15444628607301682 3 -1
15444628607301700 9 -1
15444628607304890 16380 -1
15444628607304930 4 -1
15444628607304950 9 -1
15444628607307680 16383 -1
15444628607307752 1 -1
15444628607308190 9 -1
15444628607310880 16382 -1
15444628607310920 2 -1
15444628607310938 9 -1
15444628607312810 2 -1
15444628607312910 9 -1
15444628607318090 16381 -1
15444628607318190 3 -1
15444628607318290 9 -1
15444628607319378 16380 -1
15444628607319410 4 -1
15444628607319490 9 -1
15444628607322030 16379 -1
15444628607322140 5 -1
15444628607322340 9 -1
15444628607339020 10327 -1
15444628611664550 9 1
15444628611664550 62 1
15444628611719270 153 -1
15444628611719660 9 -1
15444628611723040 16383 -1
15444628611723090 1 -1
15444628611723130 9 -1
15444628611725832 16383 -1
15444628611726380 1 -1
15444628611726438 9 -1
15444628611729118 16382 -1
15444628611729218 2 -1
15444628611729670 9 -1
15444628611732450 16381 -1
15444628611732572 3 -1
15444628611732630 9 -1
15444628611735160 16383 -1
15444628611735700 1 -1
15444628611735790 9 -1
15444628611738500 16382 -1
15444628611738570 2 -1
15444628611739060 9 -1
15444628611741372 16383 -1
15444628611741870 1 -1
15444628611741960 9 -1
15444628611744680 16382 -1
15444628611744772 2 -1
15444628611744810 9 -1
15444628611746920 9348 -1
15444628615880900 59 1
15444628615934720 131 -1
15444628615935010 9 -1
15444628615937960 16383 -1
15444628615938050 1 -1
15444628615938088 9 -1
15444628615940722 16383 -1
15444628615940780 1 -1
15444628615940830 9 -1
15444628615944030 16382 -1
15444628615944108 2 -1
15444628615944160 9 -1
15444628615946750 16381 -1
15444628615947230 3 -1
15444628615947260 9 -1
15444628615949950 16380 -1
15444628615950540 4 -1
15444628615950590 9 -1
15444628615953240 16383 -1
15444628615953300 1 -1
15444628615953330 9 -1
15444628615956070 16382 -1
15444628615956610 2 -1
15444628615956650 9 -1
15444628615959300 16381 -1
15444628615959360 3 -1
15444628615959830 9 -1
15444628615962530 16380 -1
15444628615962570 4 -1
15444628615962592 9 -1
15444628615965250 14127 -1
15444628620387380 78 1
15444628620445830 171 -1
15444628620446270 9 -1
15444628620446970 3329 -1
15444628624467700 86 1
15444628624523030 160 -1
15444628624523302 9 -1
15444628624526290 16383 -1
15444628624526392 1 -1
15444628624526430 9 -1
15444628624529520 16383 -1
15444628624529590 1 -1
15444628624529640 9 -1
15444628624532840 16382 -1
15444628624532868 2 -1
15444628624532890 9 -1
15444628624535552 16381 -1
15444628624536100 3 -1
15444628624536130 9 -1
15444628624538870 16380 -1
15444628624538910 4 -1
15444628624539380 9 -1
15444628624539950 3678 -1
15444628628764182 88 1
15444628628818110 155 -1
15444628628818400 9 -1
15444628628821310 16383 -1
15444628628821400 1 -1
15444628628821458 9 -1
15444628628824110 16383 -1
15444628628824192 1 -1
15444628628824242 9 -1
15444628628827390 16382 -1
15444628628827428 2 -1
15444628628827460 9 -1
15444628628828540 3346 -1
15444628632981340 88 1
15444628633056910 285 -1
15444628633057230 9 -1
15444628633059490 16383 -1
15444628633060020 1 -1
15444628633060110 9 -1
15444628633062170 14138 -1
15444628637337260 88 1
15444628637393730 161 -1
15444628637394012 9 -1
15444628637396920 16383 -1
15444628637396980 1 -1
15444628637397030 9 -1
15444628637399060 14138 -1
15444628641434640 88 1
15444628641490660 184 -1
15444628641490960 9 -1
15444628641493900 16383 -1
15444628641494450 1 -1
15444628641494542 9 -1
15444628641497150 16382 -1
15444628641497200 2 -1
15444628641497250 9 -1
15444628641499930 16383 -1
15444628641500010 1 -1
15444628641500462 9 -1
15444628641503250 16382 -1
15444628641503280 2 -1
15444628641503310 9 -1
15444628641505960 16381 -1
15444628641506000 3 -1
15444628641506022 9 -1
15444628641508120 11951 -1
15444628645761560 86 1
15444628645815320 148 -1
15444628645815700 9 -1
15444628645819212 16383 -1
15444628645819312 1 -1
15444628645819358 9 -1
15444628645821928 16383 -1
15444628645822020 1 -1
15444628645822070 9 -1
15444628645825200 16382 -1
15444628645825250 2 -1
15444628645825282 9 -1
15444628645827910 16381 -1
15444628645827990 3 -1
15444628645828472 9 -1
15444628645831170 16380 -1
15444628645831210 4 -1
15444628645831240 9 -1
15444628645832270 3603 -1
15444628650089640 88 1
15444628650144120 183 -1
15444628650144510 9 -1
15444628650147390 16383 -1
15444628650147470 1 -1
15444628650147520 9 -1
15444628650149580 11516 -1
15444628654189730 58 1
15444628654247620 126 -1
15444628654247890 9 -1
15444628654250792 16383 -1
15444628654250900 1 -1
15444628654250950 9 -1
15444628654254110 16383 -1
15444628654254190 1 -1
15444628654254240 9 -1
15444628654256820 16382 -1
15444628654256858 2 -1
15444628654256890 9 -1
15444628654259550 16381 -1
15444628654259592 3 -1
15444628654259630 9 -1
15444628654262410 16383 -1
15444628654262490 1 -1
15444628654262518 9 -1
15444628654265180 16382 -1
15444628654265240 2 -1
15444628654265740 9 -1
15444628654267860 16381 -1
15444628654268400 3 -1
15444628654268430 9 -1
15444628654271090 16380 -1
15444628654271140 4 -1
15444628654271172 9 -1
15444628654271582 675 -1
15444628658415570 78 1
15444628658470420 148 -1
15444628658470700 9 -1
15444628658471430 2617 -1
15444628662491660 78 1
15444628662545270 170 -1
15444628662545560 9 -1
15444628662546330 2617 -1
15444628666563880 78 1
15444628666637960 148 -1
15444628666638310 9 -1
15444628666638380 1794 -1
15444628670653700 79 1
15444628670707840 166 -1
15444628670708138 9 -1
15444628670708900 2617 -1
15444628674718770 78 1
15444628674772560 238 -1
15444628674772862 9 -1
15444628674773590 3685 -1
15444628678783310 64 1
15444628678840050 124 -1
15444628678840290 9 -1
15444628678842210 9923 -1
15444628682863520 63 1
15444628682918292 152 -1
15444628682918580 9 -1
15444628682920390 7795 -1
15444628686950008 63 1
15444628687004818 129 -1
15444628687005110 9 -1
15444628687006450 6837 -1
15444628691028718 63 1
15444628691082990 152 -1
15444628691083360 9 -1
15444628691086380 8012 -1
15444628695126810 63 1
15444628695180768 129 -1
15444628695181050 9 -1
15444628695183470 7995 -1
15444628699208610 63 1
15444628699264440 129 -1
15444628699264730 9 -1
15444628699267672 7394 -1
15444628703293468 86 1
15444628703348132 170 -1
15444628703348430 9 -1
15444628703351300 16383 -1
15444628703351390 1 -1
15444628703351440 9 -1
15444628703354002 16383 -1
15444628703354102 1 -1
15444628703354148 9 -1
15444628703356640 16382 -1
15444628703357192 2 -1
15444628703357230 9 -1
15444628703359850 16381 -1
15444628703359890 3 -1
15444628703359910 9 -1
15444628703363130 16383 -1
15444628703363150 1 -1
15444628703363180 9 -1
15444628703364230 3678 -1
0 0 0
15444628590223990 39 -1
15444628590224062 13 -1
15444628590474140 148 1
15444628590474140 206 1
15444628590522530 9 -1
15444628590527880 312 -1
15444628590527930 9 -1
15444628590530700 16383 -1
15444628590530700 1 -1
15444628590530700 9 -1
15444628590532342 8206 -1
0 0 0
15444628590583730 39 -1
15444628590583790 13 -1
15444628590609230 148 1
15444628590609230 186 1
15444628590668860 9 -1
15444628590673750 294 -1
15444628590673850 9 -1
15444628590684040 16383 -1
15444628590684040 1 -1
15444628590684310 9 -1
15444628590684480 16383 -1
15444628590684480 1 -1
15444628590684480 9 -1
15444628590723730 16382 -1
15444628590723730 2 -1
15444628590723730 9 -1
15444628590731120 16381 -1
15444628590731120 3 -1
15444628590731120 9 -1
15444628590733312 16380 -1
15444628590733312 4 -1
15444628590733312 9 -1
15444628590736100 16383 -1
15444628590736100 1 -1
15444628590736100 9 -1
15444628590738400 16382 -1
15444628590738400 2 -1
15444628590738400 9 -1
15444628590770062 16381 -1
15444628590770062 3 -1
15444628590770062 9 -1
15444628590772850 16380 -1
15444628590772850 4 -1
15444628590772850 9 -1
15444628590777080 16379 -1
15444628590777080 5 -1
15444628590777080 9 -1
15444628590779280 16378 -1
15444628590779280 6 -1
15444628590779280 9 -1
15444628590787960 16377 -1
15444628590787960 7 -1
15444628590787960 9 -1
15444628590789570 16376 -1
15444628590789570 8 -1
15444628590789570 9 -1
15444628590791770 13669 -1
