### "'50599 12535 93235 83395 83226 66635 12535 35817 25477 25294 31671 31671 25245 25245 40529'"
0 0 0
15434164474169468 148 1
15434164474169468 202 1
15434164474170598 39 -1
15434164474171150 13 -1
15434164474220190 9 -1
15434164474223248 311 -1
15434164474223300 9 -1
15434164474224470 2795 -1
0 0 0
15434164474914410 148 1
15434164474914410 213 1
15434164474915240 39 -1
15434164474915290 13 -1
15434164474962850 9 -1
15434164474977760 323 -1
15434164474977870 9 -1
15434164474980610 12535 -1
15434164479981670 88 1
15434164480037240 181 -1
15434164480037380 9 -1
15434164480039940 16383 -1
15434164480039940 1 -1
15434164480039940 9 -1
15434164480042650 16382 -1
15434164480042650 2 -1
15434164480042670 9 -1
15434164480086450 16383 -1
15434164480086450 1 -1
15434164480086450 9 -1
15434164480088552 16382 -1
15434164480088552 2 -1
15434164480088552 9 -1
15434164480091200 16381 -1
15434164480091200 3 -1
15434164480091200 9 -1
15434164480092830 11315 -1
15434164485097520 89 1
15434164485163370 160 -1
15434164485163510 9 -1
15434164485166070 16383 -1
15434164485166610 1 -1
15434164485166640 9 -1
15434164485169340 16382 -1
15434164485169340 2 -1
15434164485169340 9 -1
15434164485171480 16381 -1
15434164485171480 3 -1
15434164485171480 9 -1
15434164485173668 16380 -1
15434164485173668 4 -1
15434164485173668 9 -1
15434164485176402 16379 -1
15434164485176402 5 -1
15434164485176402 9 -1
15434164485176402 1475 -1
15434164490178330 88 1
15434164490233120 177 -1
15434164490233280 9 -1
15434164490236370 16383 -1
15434164490236412 1 -1
15434164490236440 9 -1
15434164490239090 16383 -1
15434164490239130 1 -1
15434164490239170 9 -1
15434164490241870 16382 -1
15434164490241920 2 -1
15434164490242410 9 -1
15434164490245170 16381 -1
15434164490245220 3 -1
15434164490245250 9 -1
15434164490247910 16383 -1
15434164490247960 1 -1
15434164490248470 9 -1
15434164490248520 1306 -1
15434164495250080 89 1
15434164495306320 159 -1
15434164495306448 9 -1
15434164495308740 16383 -1
15434164495308780 1 -1
15434164495309310 9 -1
15434164495311552 16383 -1
15434164495312100 1 -1
15434164495312150 9 -1
15434164495314788 16382 -1
15434164495314820 2 -1
15434164495314838 9 -1
15434164495317480 16383 -1
15434164495317530 1 -1
15434164495318040 9 -1
15434164495318070 1099 -1
15434164500319140 9 1
15434164505319040 81 1
15434164505373280 169 -1
15434164505373390 9 -1
15434164505374730 3151 -1
15434164510375330 77 1
15434164510429420 170 -1
15434164510429608 9 -1
15434164510429930 2439 -1
15434164515431458 78 1
15434164515485310 146 -1
15434164515485520 9 -1
15434164515487060 2439 -1
15434164520487750 78 1
15434164520541850 170 -1
15434164520542020 9 -1
15434164520543210 2261 -1
15434164525543940 78 1
15434164525597970 251 -1
15434164525598190 9 -1
15434164525599010 2795 -1
15434164530600100 63 1
15434164530655438 154 -1
15434164530655570 9 -1
15434164530657180 7532 -1
15434164535657908 63 1
15434164535711720 130 -1
15434164535711920 9 -1
15434164535713350 7801 -1
15434164540714058 62 1
15434164540769170 154 -1
15434164540769450 9 -1
15434164540771870 6956 -1
15434164545772910 63 1
15434164545829950 125 -1
15434164545830160 9 -1
15434164545832710 5708 -1
15434164550833390 62 1
15434164550888000 153 -1
15434164550888550 9 -1
15434164550890790 6670 -1
15434164555891408 63 1
15434164555949882 116 -1
15434164555950020 9 -1
15434164555952070 4955 -1
15434164560952640 88 1
15434164561006320 184 -1
15434164561006630 9 -1
15434164561008440 12535 -1
15434164566009570 77 1
15434164566064000 148 -1
15434164566064230 9 -1
15434164566065530 2795 -1
15434164571066280 58 1
15434164571124390 154 -1
15434164571124598 9 -1
15434164571128230 16383 -1
15434164571128280 1 -1
15434164571128390 9 -1
15434164571131000 16382 -1
15434164571131510 2 -1
15434164571131560 9 -1
15434164571132050 3049 -1
15434164576132938 58 1
15434164576188180 236 -1
15434164576188430 9 -1
15434164576191390 16383 -1
15434164576191440 1 -1
15434164576191490 9 -1
15434164576193610 9093 -1
15434164581194680 58 1
15434164581250940 154 -1
15434164581251120 9 -1
15434164581254160 16383 -1
15434164581254210 1 -1
15434164581254720 9 -1
15434164581256400 8910 -1
15434164586257090 58 1
15434164586317050 130 -1
15434164586317570 9 -1
15434164586320320 16383 -1
15434164586320382 1 -1
15434164586320420 9 -1
15434164586322520 15287 -1
15434164591323230 58 1
15434164591377700 154 -1
15434164591378440 9 -1
15434164591380650 16383 -1
15434164591380680 1 -1
15434164591380702 9 -1
15434164591383440 15287 -1
15434164596384330 58 1
15434164596439200 130 -1
15434164596439490 9 -1
15434164596441850 16383 -1
15434164596442370 1 -1
15434164596442430 9 -1
15434164596444020 8861 -1
15434164601444800 58 1
15434164601501270 154 -1
15434164601501820 9 -1
15434164601504600 16383 -1
15434164601504660 1 -1
15434164601504700 9 -1
15434164601506268 8861 -1
15434164606506980 58 1
15434164606563900 117 -1
15434164606564080 9 -1
15434164606566690 16383 -1
15434164606567240 1 -1
15434164606567290 9 -1
15434164606569960 16382 -1
15434164606570010 2 -1
15434164606570050 9 -1
15434164606571570 7761 -1
15434164611572280 58 1
15434164611627130 155 -1
15434164611627310 9 -1
15434164611629900 16383 -1
15434164611629952 1 -1
15434164611630440 9 -1
15434164611632630 16383 -1
15434164611633142 1 -1
15434164611633192 9 -1
15434164611635940 16382 -1
15434164611636000 2 -1
15434164611636500 9 -1
15434164611638680 16383 -1
15434164611639220 1 -1
15434164611639240 9 -1
15434164611641892 16382 -1
15434164611641942 2 -1
15434164611642440 9 -1
15434164611644600 16383 -1
15434164611645132 1 -1
15434164611645160 9 -1
15434164611647840 16383 -1
15434164611647890 1 -1
15434164611648380 9 -1
15434164611677000 16382 -1
15434164611677080 2 -1
15434164611677100 9 -1
15434164611679760 16383 -1
15434164611680250 1 -1
15434164611680320 9 -1
15434164611682950 16382 -1
15434164611683020 2 -1
15434164611683030 9 -1
15434164611685660 16381 -1
15434164611685720 3 -1
15434164611686202 9 -1
15434164611688362 16380 -1
15434164611688900 4 -1
15434164611688930 9 -1
15434164611691620 16379 -1
15434164611691648 5 -1
15434164611691680 9 -1
15434164611694370 16378 -1
15434164611694370 6 -1
15434164611694370 9 -1
15434164611694930 4453 -1
15434164616696032 58 1
15434164616751120 132 -1
15434164616751320 9 -1
15434164616753870 16383 -1
15434164616753932 1 -1
15434164616754430 9 -1
15434164616756640 16383 -1
15434164616757200 1 -1
15434164616757260 9 -1
15434164616759390 16382 -1
15434164616759910 2 -1
15434164616759960 9 -1
15434164616762670 16381 -1
15434164616762720 3 -1
15434164616762770 9 -1
15434164616765430 16383 -1
15434164616765490 1 -1
15434164616765520 9 -1
15434164616768210 16382 -1
15434164616768260 2 -1
15434164616768320 9 -1
15434164616770920 16381 -1
15434164616771482 3 -1
15434164616771570 9 -1
15434164616774200 16380 -1
15434164616774280 4 -1
15434164616774300 9 -1
15434164616777010 16383 -1
15434164616777060 1 -1
15434164616777092 9 -1
15434164616780150 16382 -1
15434164616780200 2 -1
15434164616780220 9 -1
15434164616782860 16381 -1
15434164616782920 3 -1
15434164616782940 9 -1
15434164616784510 7722 -1
15434164621785222 58 1
15434164621839408 152 -1
15434164621839560 9 -1
15434164621842070 16383 -1
15434164621842630 1 -1
15434164621842670 9 -1
15434164621845378 16383 -1
15434164621845420 1 -1
15434164621845450 9 -1
15434164621847020 9901 -1
15434164626847760 59 1
15434164626928410 234 -1
15434164626929210 9 -1
15434164626931340 15874 -1
15434164626931370 510 -1
15434164626931400 9 -1
15434164626932470 6054 -1
15434164631934140 58 1
15434164631987230 154 -1
15434164631987390 9 -1
15434164631989542 16383 -1
15434164631990408 1 -1
15434164631990480 9 -1
15434164631992090 12401 -1
15434164636992782 58 1
15434164637047460 132 -1
15434164637047620 9 -1
15434164637050372 16383 -1
15434164637050400 1 -1
15434164637050430 9 -1
15434164637053120 16382 -1
15434164637053170 2 -1
15434164637053198 9 -1
15434164637055940 16383 -1
15434164637055960 1 -1
15434164637056488 9 -1
15434164637058680 16382 -1
15434164637059200 2 -1
15434164637059218 9 -1
15434164637062010 16381 -1
15434164637062030 3 -1
15434164637062048 9 -1
15434164637064760 16380 -1
15434164637064782 4 -1
15434164637065310 9 -1
15434164637067512 16383 -1
15434164637067540 1 -1
15434164637068060 9 -1
15434164637070270 16382 -1
15434164637070310 2 -1
15434164637070790 9 -1
15434164637073482 16383 -1
15434164637073510 1 -1
15434164637073540 9 -1
15434164637076170 16382 -1
15434164637076730 2 -1
15434164637076760 9 -1
15434164637079580 16381 -1
15434164637079640 3 -1
15434164637079660 9 -1
15434164637080880 7722 -1
15434164642082018 58 1
15434164642160872 154 -1
15434164642161010 9 -1
15434164642163538 15874 -1
15434164642163570 510 -1
15434164642163610 9 -1
15434164642165170 8432 -1
15434164647166040 88 1
15434164647222640 154 -1
15434164647222860 9 -1
15434164647225260 16383 -1
15434164647225780 1 -1
15434164647225830 9 -1
15434164647228460 16383 -1
15434164647228510 1 -1
15434164647228550 9 -1
15434164647229590 5108 -1
15434164652230610 88 1
15434164652286900 183 -1
15434164652287130 9 -1
15434164652289578 16383 -1
15434164652290140 1 -1
15434164652290210 9 -1
15434164652292932 16382 -1
15434164652292970 2 -1
15434164652293010 9 -1
15434164652294682 9112 -1
15434164657295540 88 1
15434164657351770 159 -1
15434164657351990 9 -1
15434164657354390 16383 -1
15434164657354950 1 -1
15434164657355000 9 -1
15434164657357640 16382 -1
15434164657357690 2 -1
15434164657357730 9 -1
15434164657360410 16383 -1
15434164657360970 1 -1
15434164657361000 9 -1
15434164657363182 16382 -1
15434164657363680 2 -1
15434164657363700 9 -1
15434164657366440 16381 -1
15434164657366468 3 -1
15434164657367000 9 -1
15434164657368628 11385 -1
0 0 0
15434164473902020 148 1
15434164473902020 202 1
0 0 0
15434164474106730 148 1
15434164474106730 183 1
0 0 0
15434164473741960 148 1
15434164473741960 195 1
15434164473742002 39 -1
15434164473742020 13 -1
15434164473790520 9 -1
15434164473797200 306 -1
15434164473797268 9 -1
15434164473799480 16383 -1
15434164473799480 1 -1
15434164473800020 9 -1
15434164473802190 16383 -1
15434164473802190 1 -1
15434164473802190 9 -1
15434164473846480 16382 -1
15434164473846480 2 -1
15434164473846480 9 -1
15434164473847010 1447 -1
0 0 0
15434164473729570 148 1
15434164473729570 203 1
0 0 0
15434164473899118 148 1
15434164473899118 202 1
15434164473899478 39 -1
15434164473900040 13 -1
15434164473954970 9 -1
15434164473961680 310 -1
15434164473962230 9 -1
15434164473962800 1959 -1
