### "'156184 56999 56517 141421 118236 117804 88334 84057 107385 41944 45082 9168 104256 102506 88305'"
0 0 0
15434380221558530 148 1
15434380221558530 204 1
0 0 0
15434380221481920 39 -1
15434380221481990 13 -1
15434380221531120 148 1
15434380221531120 195 1
15434380221585440 9 -1
15434380221594150 307 -1
15434380221594680 9 -1
15434380221597460 15855 -1
15434380221597460 529 -1
15434380221597460 9 -1
15434380221600202 15854 -1
15434380221600202 530 -1
15434380221600202 9 -1
15434380221649808 16383 -1
15434380221649808 1 -1
15434380221649808 9 -1
15434380221651968 7847 -1
15434380226765152 58 1
15434380226832870 129 -1
15434380226833370 9 -1
15434380226835490 15874 -1
15434380226835540 510 -1
15434380226835540 9 -1
15434380226838182 15873 -1
15434380226838182 511 -1
15434380226838182 9 -1
15434380226840320 15872 -1
15434380226840320 512 -1
15434380226840320 9 -1
15434380226841430 7365 -1
15434380231843400 59 1
15434380231904170 153 -1
15434380231904300 9 -1
15434380231907410 16383 -1
15434380231907470 1 -1
15434380231907490 9 -1
15434380231910140 16383 -1
15434380231910140 1 -1
15434380231910140 9 -1
15434380231912890 16382 -1
15434380231912890 2 -1
15434380231912890 9 -1
15434380231915080 16381 -1
15434380231915080 3 -1
15434380231915130 9 -1
15434380231917738 16380 -1
15434380231917780 4 -1
15434380231917780 9 -1
15434380231919920 16379 -1
15434380231919920 5 -1
15434380231919920 9 -1
15434380231958440 16378 -1
15434380231958440 6 -1
15434380231958440 9 -1
15434380231960590 16377 -1
15434380231960590 7 -1
15434380231960590 9 -1
15434380231962212 10349 -1
15434380236963090 88 1
15434380237023740 161 -1
15434380237023820 9 -1
15434380237027430 16383 -1
15434380237027500 1 -1
15434380237027522 9 -1
15434380237029760 16383 -1
15434380237030650 1 -1
15434380237030690 9 -1
15434380237032850 16382 -1
15434380237032880 2 -1
15434380237032900 9 -1
15434380237035602 16381 -1
15434380237036100 3 -1
15434380237036120 9 -1
15434380237038800 16380 -1
15434380237038838 4 -1
15434380237038860 9 -1
15434380237041560 16379 -1
15434380237042110 5 -1
15434380237042140 9 -1
15434380237044762 16383 -1
15434380237044808 1 -1
15434380237044820 9 -1
15434380237045880 3548 -1
15434380242046608 58 1
15434380242106910 150 -1
15434380242107420 9 -1
15434380242109620 16383 -1
15434380242110160 1 -1
15434380242110180 9 -1
15434380242112890 16383 -1
15434380242112910 1 -1
15434380242112920 9 -1
15434380242115632 16382 -1
15434380242115682 2 -1
15434380242115740 9 -1
15434380242118868 16381 -1
15434380242118890 3 -1
15434380242118900 9 -1
15434380242121630 16383 -1
15434380242121652 1 -1
15434380242121670 9 -1
15434380242124370 16382 -1
15434380242124400 2 -1
15434380242124920 9 -1
15434380242127110 16381 -1
15434380242127650 3 -1
15434380242127680 9 -1
15434380242128170 3116 -1
15434380247130080 59 1
15434380247189910 131 -1
15434380247190440 9 -1
15434380247192618 16383 -1
15434380247192660 1 -1
15434380247192668 9 -1
15434380247195330 16383 -1
15434380247195910 1 -1
15434380247195930 9 -1
15434380247198588 16382 -1
15434380247198620 2 -1
15434380247198638 9 -1
15434380247201260 16381 -1
15434380247201272 3 -1
15434380247201290 9 -1
15434380247203950 16380 -1
15434380247204000 4 -1
15434380247204030 9 -1
15434380247205040 6414 -1
15434380252206100 87 1
15434380252267370 184 -1
15434380252267910 9 -1
15434380252270100 16383 -1
15434380252270132 1 -1
15434380252270660 9 -1
15434380252272850 16383 -1
15434380252273390 1 -1
15434380252273418 9 -1
15434380252276090 16382 -1
15434380252276120 2 -1
15434380252276140 9 -1
15434380252278800 16381 -1
15434380252278820 3 -1
15434380252278840 9 -1
15434380252281498 16383 -1
15434380252281520 1 -1
15434380252281540 9 -1
15434380252282072 2137 -1
15434380257284110 59 1
15434380257354230 125 -1
15434380257354350 9 -1
15434380257356852 15873 -1
15434380257356902 511 -1
15434380257357400 9 -1
15434380257359632 15872 -1
15434380257359682 512 -1
15434380257359710 9 -1
15434380257362320 15871 -1
15434380257362340 513 -1
15434380257362390 9 -1
15434380257364500 15870 -1
15434380257364550 514 -1
15434380257365050 9 -1
15434380257367200 15869 -1
15434380257367250 515 -1
15434380257367750 9 -1
15434380257369918 15868 -1
15434380257369950 516 -1
15434380257370010 9 -1
15434380257371540 9081 -1
15434380262372330 9 1
15434380267372380 61 1
15434380267460238 149 -1
15434380267460790 9 -1
15434380267463542 16383 -1
15434380267463570 1 -1
15434380267463592 9 -1
15434380267466280 16382 -1
15434380267466320 2 -1
15434380267466340 9 -1
15434380267467980 9176 -1
15434380272468892 88 1
15434380272531760 165 -1
15434380272532290 9 -1
15434380272534480 16383 -1
15434380272535100 1 -1
15434380272535130 9 -1
15434380272537280 16383 -1
15434380272537848 1 -1
15434380272537870 9 -1
15434380272539460 12314 -1
15434380277540268 89 1
15434380277600570 257 -1
15434380277601090 9 -1
15434380277602702 9168 -1
15434380282603330 89 1
15434380282670630 183 -1
15434380282670750 9 -1
15434380282673280 15834 -1
15434380282673330 550 -1
15434380282673358 9 -1
15434380282676070 16383 -1
15434380282676100 1 -1
15434380282676130 9 -1
15434380282679300 16382 -1
15434380282679320 2 -1
15434380282679340 9 -1
15434380282681940 16381 -1
15434380282681962 3 -1
15434380282681980 9 -1
15434380282684680 16383 -1
15434380282684820 1 -1
15434380282684842 9 -1
15434380282687270 16382 -1
15434380282687320 2 -1
15434380282687340 9 -1
15434380282689012 5952 -1
15434380287689650 88 1
15434380287749990 154 -1
15434380287750530 9 -1
15434380287752730 16383 -1
15434380287752790 1 -1
15434380287752820 9 -1
15434380287755480 16382 -1
15434380287755530 2 -1
15434380287755560 9 -1
15434380287758150 16383 -1
15434380287758182 1 -1
15434380287758650 9 -1
15434380287760820 16382 -1
15434380287761340 2 -1
15434380287761372 9 -1
15434380287763560 16381 -1
15434380287764080 3 -1
15434380287764110 9 -1
15434380287766262 16380 -1
15434380287766780 4 -1
15434380287766800 9 -1
15434380287767900 4202 -1
15434380292768550 89 1
15434380292829270 169 -1
15434380292829420 9 -1
15434380292832510 16383 -1
15434380292832540 1 -1
15434380292832570 9 -1
15434380292835240 16383 -1
15434380292835268 1 -1
15434380292835300 9 -1
15434380292837960 16382 -1
15434380292837990 2 -1
15434380292838010 9 -1
15434380292840670 16381 -1
15434380292840720 3 -1
15434380292840740 9 -1
15434380292843340 16383 -1
15434380292843380 1 -1
15434380292843400 9 -1
15434380292844410 6385 -1
15434380297846830 88 1
15434380297907330 155 -1
15434380297907520 9 -1
15434380297910622 16383 -1
15434380297910668 1 -1
15434380297910690 9 -1
15434380297913330 16383 -1
15434380297913390 1 -1
15434380297913430 9 -1
15434380297916010 16383 -1
15434380297916030 1 -1
15434380297916040 9 -1
15434380297917630 7794 -1
15434380302918460 78 1
15434380302982150 170 -1
15434380302982330 9 -1
15434380302983130 3151 -1
15434380307984760 78 1
15434380308077150 149 -1
15434380308077240 9 -1
15434380308077340 1794 -1
15434380313078570 78 1
15434380313138580 171 -1
15434380313139100 9 -1
15434380313139170 2617 -1
15434380318141940 79 1
15434380318200740 134 -1
15434380318201340 9 -1
15434380318201890 2617 -1
15434380323202540 78 1
15434380323265318 172 -1
15434380323265490 9 -1
15434380323266220 3329 -1
15434380328267110 62 1
15434380328333622 232 -1
15434380328333760 9 -1
15434380328337040 8465 -1
15434380333337610 63 1
15434380333398610 147 -1
15434380333398750 9 -1
15434380333401530 6260 -1
15434380338402160 63 1
15434380338463590 130 -1
15434380338463740 9 -1
15434380338466920 9363 -1
15434380343467620 63 1
15434380343528882 152 -1
15434380343528990 9 -1
15434380343531510 6129 -1
15434380348532150 63 1
15434380348595740 129 -1
15434380348596580 9 -1
15434380348597140 4272 -1
15434380353597990 63 1
15434380353660600 151 -1
15434380353660830 9 -1
15434380353663280 7212 -1
15434380358663950 58 1
15434380358724170 126 -1
15434380358724310 9 -1
15434380358726470 16383 -1
15434380358727232 1 -1
15434380358727300 9 -1
15434380358729350 16383 -1
15434380358729392 1 -1
15434380358729410 9 -1
15434380358730910 9176 -1
0 0 0
15434380221732840 39 -1
15434380221733210 13 -1
15434380221737102 148 1
15434380221737102 203 1
15434380221786150 9 -1
15434380221791200 312 -1
15434380221791230 9 -1
15434380221792070 1883 -1
0 0 0
15434380221761160 148 1
15434380221761160 183 1
15434380221762260 39 -1
15434380221762290 13 -1
15434380221809480 9 -1
15434380221815800 326 -1
15434380221815830 9 -1
15434380221818580 16383 -1
15434380221818580 1 -1
15434380221819128 9 -1
15434380221821840 16383 -1
15434380221821840 1 -1
15434380221821840 9 -1
15434380221867290 16382 -1
15434380221867290 2 -1
15434380221867290 9 -1
15434380221869510 16381 -1
15434380221869510 3 -1
15434380221869510 9 -1
15434380221872240 16380 -1
15434380221872240 4 -1
15434380221872240 9 -1
15434380221874930 16383 -1
15434380221874930 1 -1
15434380221874930 9 -1
15434380221877720 16382 -1
15434380221877720 2 -1
15434380221877720 9 -1
15434380221915520 16381 -1
15434380221915520 3 -1
15434380221915520 9 -1
15434380221918220 16380 -1
15434380221918220 4 -1
15434380221918220 9 -1
15434380221919292 8728 -1
0 0 0
15434380221760048 148 1
15434380221760048 203 1
15434380221760120 39 -1
15434380221760140 13 -1
15434380221808490 9 -1
15434380221813530 312 -1
15434380221814110 9 -1
15434380221814730 2617 -1
0 0 0
15434380221877170 148 1
15434380221877170 204 1
15434380221877620 39 -1
15434380221877680 13 -1
15434380221931810 9 -1
15434380221937690 311 -1
15434380221937740 9 -1
15434380221939860 3329 -1
