### "'38834 47806 150911 109866 167716 157625 182761 98634 102043 127485 141205 267482 87410 66515 108242 16298 228387 167645 169127 172693 117684 270178 83194 26027 84452 63129 19883 76320 109595 83194'"
0 0 0
15444636919468010 39 -1
15444636919468350 13 -1
15444636919729840 148 1
15444636919729840 202 1
15444636919784910 9 -1
15444636919792660 310 -1
15444636919792780 9 -1
15444636919793730 2617 -1
0 0 0
15444636919434050 39 -1
15444636919434380 13 -1
15444636919713580 148 1
15444636919713580 203 1
15444636919763960 9 -1
15444636919770170 311 -1
15444636919770300 9 -1
15444636919771572 2439 -1
0 0 0
15444636919061210 148 1
15444636919061210 194 1
0 0 0
15444636919707310 148 1
15444636919707310 203 1
0 0 0
15444636919726150 148 1
15444636919726150 203 1
0 0 0
15444636919102120 39 -1
15444636919102440 13 -1
15444636919146150 148 1
15444636919146150 203 1
15444636919194860 9 -1
15444636919200700 312 -1
15444636919200820 9 -1
15444636919203710 16383 -1
15444636919204250 1 -1
15444636919204290 9 -1
15444636919207070 16382 -1
15444636919207190 2 -1
15444636919249370 9 -1
15444636919250380 6066 -1
15444636923363610 88 1
15444636923418710 183 -1
15444636923419020 9 -1
15444636923421490 16383 -1
15444636923422060 1 -1
15444636923422160 9 -1
15444636923424800 16382 -1
15444636923424890 2 -1
15444636923424940 9 -1
15444636923468420 15038 -1
15444636927515370 58 1
15444636927571818 126 -1
15444636927572120 9 -1
15444636927575030 16383 -1
15444636927575150 1 -1
15444636927575210 9 -1
15444636927577730 16382 -1
15444636927577830 2 -1
15444636927577888 9 -1
15444636927580450 16381 -1
15444636927580970 3 -1
15444636927619670 9 -1
15444636927622330 16383 -1
15444636927622330 1 -1
15444636927622330 9 -1
15444636927624450 16383 -1
15444636927624450 1 -1
15444636927624450 9 -1
15444636927627260 16382 -1
15444636927627260 2 -1
15444636927627260 9 -1
15444636927629380 16383 -1
15444636927629380 1 -1
15444636927629380 9 -1
15444636927631530 16382 -1
15444636927631530 2 -1
15444636927631530 9 -1
15444636927640240 16383 -1
15444636927640240 1 -1
15444636927640240 9 -1
15444636927640790 3455 -1
15444636931903160 58 1
15444636931958960 152 -1
15444636931959218 9 -1
15444636931961580 16383 -1
15444636931962130 1 -1
15444636931962220 9 -1
15444636931964860 16383 -1
15444636931964950 1 -1
15444636931965010 9 -1
15444636931968210 16382 -1
15444636931968310 2 -1
15444636931968360 9 -1
15444636931970980 16381 -1
15444636931971050 3 -1
15444636931971080 9 -1
15444636931973792 16383 -1
15444636931973850 1 -1
15444636931973880 9 -1
15444636931976530 16382 -1
15444636931977120 2 -1
15444636931977160 9 -1
15444636932010642 11562 -1
15444636936276100 59 1
15444636936331770 108 -1
15444636936332050 9 -1
15444636936334910 16383 -1
15444636936335462 1 -1
15444636936335540 9 -1
15444636936338180 16382 -1
15444636936338270 2 -1
15444636936338330 9 -1
15444636936340940 16381 -1
15444636936341050 3 -1
15444636936341490 9 -1
15444636936344290 16380 -1
15444636936344320 4 -1
15444636936344350 9 -1
15444636936346992 16383 -1
15444636936347050 1 -1
15444636936347080 9 -1
15444636936350220 16382 -1
15444636936350260 2 -1
15444636936350290 9 -1
15444636936380702 16381 -1
15444636936380702 3 -1
15444636936380702 9 -1
15444636936382908 16380 -1
15444636936382908 4 -1
15444636936382908 9 -1
15444636936385630 16379 -1
15444636936385630 5 -1
15444636936385630 9 -1
15444636936387720 16378 -1
15444636936387720 6 -1
15444636936387720 9 -1
15444636936388290 3876 -1
15444636940688332 59 1
15444636940758100 131 -1
15444636940758368 9 -1
15444636940760700 16383 -1
15444636940761230 1 -1
15444636940761290 9 -1
15444636940763960 16382 -1
15444636940764060 2 -1
15444636940764120 9 -1
15444636940766630 16381 -1
15444636940767168 3 -1
15444636940767200 9 -1
15444636940769880 16380 -1
15444636940769940 4 -1
15444636940769970 9 -1
15444636940772660 16383 -1
15444636940772710 1 -1
15444636940773200 9 -1
15444636940775370 16382 -1
15444636940775420 2 -1
15444636940775918 9 -1
15444636940778648 16381 -1
15444636940778680 3 -1
15444636940778710 9 -1
15444636940781382 16380 -1
15444636940781428 4 -1
15444636940781460 9 -1
15444636940807590 16379 -1
15444636940807590 5 -1
15444636940807590 9 -1
15444636940809218 10169 -1
15444636945073480 59 1
15444636945128970 108 -1
15444636945129300 9 -1
15444636945132210 16383 -1
15444636945132288 1 -1
15444636945132340 9 -1
15444636945134922 16382 -1
15444636945135010 2 -1
15444636945135060 9 -1
15444636945137580 16383 -1
15444636945138120 1 -1
15444636945138208 9 -1
15444636945140842 16382 -1
15444636945140920 2 -1
15444636945140980 9 -1
15444636945143558 16381 -1
15444636945143672 3 -1
15444636945143722 9 -1
15444636945146870 16380 -1
15444636945146920 4 -1
15444636945146950 9 -1
15444636945149610 16383 -1
15444636945149670 1 -1
15444636945149700 9 -1
15444636945152350 16382 -1
15444636945152410 2 -1
15444636945152440 9 -1
15444636945155110 16381 -1
15444636945155180 3 -1
15444636945155210 9 -1
15444636945180100 16380 -1
15444636945180100 4 -1
15444636945180100 9 -1
15444636945181710 16379 -1
15444636945181710 5 -1
15444636945181710 9 -1
15444636945182260 2537 -1
15444636949276600 59 1
15444636949333748 128 -1
15444636949334040 9 -1
15444636949336980 16383 -1
15444636949337050 1 -1
15444636949337110 9 -1
15444636949339718 16382 -1
15444636949339810 2 -1
15444636949339870 9 -1
15444636949342470 16383 -1
15444636949342560 1 -1
15444636949342610 9 -1
15444636949345680 16382 -1
15444636949345720 2 -1
15444636949345750 9 -1
15444636949348410 16381 -1
15444636949348500 3 -1
15444636949348530 9 -1
15444636949351190 16380 -1
15444636949351270 4 -1
15444636949351298 9 -1
15444636949351708 330 -1
15444636953885700 59 1
15444636953941970 131 -1
15444636953942280 9 -1
15444636953945160 16383 -1
15444636953945260 1 -1
15444636953945320 9 -1
15444636953947870 16382 -1
15444636953947958 2 -1
15444636953948020 9 -1
15444636953950592 16383 -1
15444636953950642 1 -1
15444636953951098 9 -1
15444636953953350 16382 -1
15444636953953900 2 -1
15444636953953950 9 -1
15444636953956670 16381 -1
15444636953956730 3 -1
15444636953956758 9 -1
15444636953959420 16380 -1
15444636953959488 4 -1
15444636953959970 9 -1
15444636953960550 3739 -1
15444636958409988 58 1
15444636958507370 103 -1
15444636958507650 9 -1
15444636958510650 15873 -1
15444636958510750 511 -1
15444636958510800 9 -1
15444636958513270 15872 -1
15444636958513340 512 -1
15444636958513380 9 -1
15444636958516030 15871 -1
15444636958516100 513 -1
15444636958516130 9 -1
15444636958518650 15870 -1
15444636958518710 514 -1
15444636958518742 9 -1
15444636958521340 15869 -1
15444636958521380 515 -1
15444636958521400 9 -1
15444636958524088 15868 -1
15444636958524130 516 -1
15444636958524160 9 -1
15444636958526280 15867 -1
15444636958526868 517 -1
15444636958526918 9 -1
15444636958529090 12797 -1
15444636962679960 58 1
15444636962735130 130 -1
15444636962735420 9 -1
15444636962738280 16383 -1
15444636962738370 1 -1
15444636962738430 9 -1
15444636962740950 16382 -1
15444636962741480 2 -1
15444636962741550 9 -1
15444636962744228 16383 -1
15444636962744310 1 -1
15444636962744340 9 -1
15444636962746890 16382 -1
15444636962746940 2 -1
15444636962746970 9 -1
15444636962749610 16381 -1
15444636962750152 3 -1
15444636962750190 9 -1
15444636962752790 16380 -1
15444636962752840 4 -1
15444636962752870 9 -1
15444636962755480 16379 -1
15444636962755540 5 -1
15444636962756050 9 -1
15444636962758250 16378 -1
15444636962758328 6 -1
15444636962758790 9 -1
15444636962760480 10133 -1
15444636967219940 59 1
15444636967276740 198 -1
15444636967277050 9 -1
15444636967279980 16383 -1
15444636967280080 1 -1
15444636967280130 9 -1
15444636967282692 16383 -1
15444636967282770 1 -1
15444636967283240 9 -1
15444636967285400 16382 -1
15444636967285910 2 -1
15444636967285950 9 -1
15444636967288680 16383 -1
15444636967288750 1 -1
15444636967288770 9 -1
15444636967291430 16382 -1
15444636967291910 2 -1
15444636967291952 9 -1
15444636967294640 16381 -1
15444636967294700 3 -1
15444636967294732 9 -1
15444636967297310 16380 -1
15444636967297380 4 -1
15444636967297860 9 -1
15444636967300560 16379 -1
15444636967300602 5 -1
15444636967300630 9 -1
15444636967303230 16378 -1
15444636967303280 6 -1
15444636967303310 9 -1
15444636967305980 16377 -1
15444636967306048 7 -1
15444636967306080 9 -1
15444636967326780 16376 -1
15444636967326780 8 -1
15444636967326780 9 -1
15444636967329490 16375 -1
15444636967329490 9 -1
15444636967329490 9 -1
15444636967332120 16383 -1
15444636967332120 1 -1
15444636967332120 9 -1
15444636967334230 16382 -1
15444636967334230 2 -1
15444636967334230 9 -1
15444636967336400 16381 -1
15444636967336400 3 -1
15444636967336400 9 -1
15444636967339020 16380 -1
15444636967339020 4 -1
15444636967339020 9 -1
15444636967339620 5338 -1
15444636972364090 59 1
15444636972419528 164 -1
15444636972419780 9 -1
15444636972422720 16383 -1
15444636972422820 1 -1
15444636972422890 9 -1
15444636972425480 16382 -1
15444636972425580 2 -1
15444636972425620 9 -1
15444636972428150 16383 -1
15444636972428700 1 -1
15444636972428750 9 -1
15444636972431430 16382 -1
15444636972431468 2 -1
15444636972431490 9 -1
15444636972434120 16381 -1
15444636972434190 3 -1
15444636972434210 9 -1
15444636972435170 5490 -1
15444636976605800 58 1
15444636976660882 89 -1
15444636976661060 9 -1
15444636976664160 16383 -1
15444636976664700 1 -1
15444636976664770 9 -1
15444636976667380 16382 -1
15444636976667480 2 -1
15444636976667530 9 -1
15444636976670100 16383 -1
15444636976670170 1 -1
15444636976670660 9 -1
15444636976673390 16382 -1
15444636976673440 2 -1
15444636976673470 9 -1
15444636976673940 979 -1
15444636980789440 58 1
15444636980845070 114 -1
15444636980845600 9 -1
15444636980848340 16383 -1
15444636980848430 1 -1
15444636980848492 9 -1
15444636980851070 16382 -1
15444636980851140 2 -1
15444636980851190 9 -1
15444636980853860 16383 -1
15444636980854412 1 -1
15444636980854430 9 -1
15444636980857110 16382 -1
15444636980857150 2 -1
15444636980857180 9 -1
15444636980859850 16381 -1
15444636980859900 3 -1
15444636980859930 9 -1
15444636980863112 16380 -1
15444636980863130 4 -1
15444636980863150 9 -1
15444636980864710 9938 -1
15444636984991610 72 1
15444636985047690 129 -1
15444636985047900 9 -1
15444636985051010 16298 -1
15444636989080200 58 1
15444636989135690 132 -1
15444636989135870 9 -1
15444636989138960 16383 -1
15444636989139050 1 -1
15444636989139100 9 -1
15444636989141720 16382 -1
15444636989141790 2 -1
15444636989141840 9 -1
15444636989145030 16383 -1
15444636989145060 1 -1
15444636989145090 9 -1
15444636989147800 16382 -1
15444636989147850 2 -1
15444636989147880 9 -1
15444636989150500 16381 -1
15444636989150570 3 -1
15444636989151052 9 -1
15444636989153308 16380 -1
15444636989153380 4 -1
15444636989153400 9 -1
15444636989156050 16379 -1
15444636989156110 5 -1
15444636989156610 9 -1
15444636989159340 16383 -1
15444636989159370 1 -1
15444636989159390 9 -1
15444636989162020 16382 -1
15444636989162050 2 -1
15444636989162070 9 -1
15444636989164730 16381 -1
15444636989165270 3 -1
15444636989165298 9 -1
15444636989168010 16380 -1
15444636989168050 4 -1
15444636989168070 9 -1
15444636989170740 16379 -1
15444636989170790 5 -1
15444636989170812 9 -1
15444636989183650 16378 -1
15444636989183650 6 -1
15444636989183650 9 -1
15444636989187010 15395 -1
15444636993488850 59 1
15444636993542150 150 -1
15444636993542312 9 -1
15444636993545470 16383 -1
15444636993545520 1 -1
15444636993545590 9 -1
15444636993548240 16383 -1
15444636993548328 1 -1
15444636993548470 9 -1
15444636993550910 16382 -1
15444636993551450 2 -1
15444636993551490 9 -1
15444636993554230 16381 -1
15444636993554290 3 -1
15444636993554310 9 -1
15444636993556890 16380 -1
15444636993556950 4 -1
15444636993557420 9 -1
15444636993560090 16383 -1
15444636993560122 1 -1
15444636993560140 9 -1
15444636993562720 16382 -1
15444636993562760 2 -1
15444636993562780 9 -1
15444636993565480 16381 -1
15444636993565530 3 -1
15444636993566030 9 -1
15444636993568290 16380 -1
15444636993568340 4 -1
15444636993568370 9 -1
15444636993570950 16379 -1
15444636993571510 5 -1
15444636993571570 9 -1
15444636993572050 3805 -1
15444636997905350 58 1
15444636997981650 131 -1
15444636997981840 9 -1
15444636997984870 16383 -1
15444636997984960 1 -1
15444636997985010 9 -1
15444636997987570 16382 -1
15444636997987630 2 -1
15444636997987670 9 -1
15444636997990280 16381 -1
15444636997990342 3 -1
15444636997990830 9 -1
15444636997993040 16380 -1
15444636997993510 4 -1
15444636997993540 9 -1
15444636997996240 16379 -1
15444636997996290 5 -1
15444636997996312 9 -1
15444636997999440 16378 -1
15444636997999480 6 -1
15444636997999498 9 -1
15444636998002130 16383 -1
15444636998002182 1 -1
15444636998002200 9 -1
15444636998004900 16382 -1
15444636998004950 2 -1
15444636998004980 9 -1
15444636998007670 16381 -1
15444636998008210 3 -1
15444636998008252 9 -1
15444636998010450 16380 -1
15444636998010890 4 -1
15444636998010932 9 -1
15444636998011980 5287 -1
15444637002311470 78 1
15444637002366130 170 -1
15444637002366300 9 -1
15444637002367180 2617 -1
15444637006374310 58 1
15444637006429688 131 -1
15444637006429940 9 -1
15444637006432310 16383 -1
15444637006432800 1 -1
15444637006432860 9 -1
15444637006435550 16382 -1
15444637006435630 2 -1
15444637006435680 9 -1
15444637006438300 16383 -1
15444637006438360 1 -1
15444637006438848 9 -1
15444637006441628 16382 -1
15444637006441670 2 -1
15444637006441690 9 -1
15444637006444380 16381 -1
15444637006444420 3 -1
15444637006444450 9 -1
15444637006447092 16383 -1
15444637006447142 1 -1
15444637006447170 9 -1
15444637006449820 16382 -1
15444637006449880 2 -1
15444637006450350 9 -1
15444637006452530 16381 -1
15444637006453070 3 -1
15444637006453130 9 -1
15444637006455800 16383 -1
15444637006455842 1 -1
15444637006455870 9 -1
15444637006458500 16382 -1
15444637006459050 2 -1
15444637006459100 9 -1
15444637006460680 8853 -1
15444637010852030 78 1
15444637010907030 170 -1
15444637010907290 9 -1
15444637010907550 1794 -1
15444637014923310 58 1
15444637014980360 131 -1
15444637014981160 9 -1
15444637014983088 16383 -1
15444637014983290 1 -1
15444637014983420 9 -1
15444637014985930 16382 -1
15444637014986420 2 -1
15444637014986580 9 -1
15444637014989180 16383 -1
15444637014989240 1 -1
15444637014989272 9 -1
15444637014991910 16382 -1
15444637014992458 2 -1
15444637014992500 9 -1
15444637014994668 16381 -1
15444637014995220 3 -1
15444637014995260 9 -1
15444637014997940 16380 -1
15444637014997980 4 -1
15444637014998010 9 -1
15444637015000630 16379 -1
15444637015000690 5 -1
15444637015000710 9 -1
15444637015001740 2996 -1
15444637019218280 58 1
15444637019272740 230 -1
15444637019273240 9 -1
15444637019275420 16383 -1
15444637019276020 1 -1
15444637019276100 9 -1
15444637019278710 16383 -1
15444637019278770 1 -1
15444637019278820 9 -1
15444637019281458 16382 -1
15444637019281508 2 -1
15444637019281980 9 -1
15444637019284698 16383 -1
15444637019284750 1 -1
15444637019284770 9 -1
15444637019287390 16383 -1
15444637019287440 1 -1
15444637019287930 9 -1
15444637019290050 16382 -1
15444637019290100 2 -1
15444637019290610 9 -1
15444637019292750 16381 -1
15444637019293310 3 -1
15444637019293340 9 -1
15444637019295950 16383 -1
15444637019296000 1 -1
15444637019296500 9 -1
15444637019298740 16382 -1
15444637019298790 2 -1
15444637019299280 9 -1
15444637019301570 16383 -1
15444637019301650 1 -1
15444637019301680 9 -1
15444637019304290 16382 -1
15444637019304850 2 -1
15444637019304882 9 -1
15444637019307020 16381 -1
15444637019307560 3 -1
15444637019307590 9 -1
15444637019310200 16383 -1
15444637019310250 1 -1
15444637019310278 9 -1
15444637019322280 16382 -1
15444637019322280 2 -1
15444637019322280 9 -1
15444637019324840 16381 -1
15444637019324840 3 -1
15444637019324840 9 -1
15444637019326990 16380 -1
15444637019326990 4 -1
15444637019326990 9 -1
15444637019328060 8034 -1
15444637023617440 9 1
15444637023617440 91 1
15444637023700450 182 -1
15444637023700660 9 -1
15444637023703230 16383 -1
15444637023703320 1 -1
15444637023703762 9 -1
15444637023706460 16382 -1
15444637023706560 2 -1
15444637023706610 9 -1
15444637023709120 16381 -1
15444637023709180 3 -1
15444637023709208 9 -1
15444637023711830 16383 -1
15444637023711892 1 -1
15444637023712380 9 -1
15444637023715070 16382 -1
15444637023715120 2 -1
15444637023715150 9 -1
15444637023715630 1274 -1
15444637027815140 89 1
15444637027889240 155 -1
15444637027889490 9 -1
15444637027892510 16383 -1
15444637027892590 1 -1
15444637027892640 9 -1
15444637027894148 9643 -1
15444637032047430 88 1
15444637032122220 182 -1
15444637032122418 9 -1
15444637032124900 16383 -1
15444637032125430 1 -1
15444637032125490 9 -1
15444637032128140 16382 -1
15444637032128242 2 -1
15444637032128292 9 -1
15444637032130850 16383 -1
15444637032130900 1 -1
15444637032131390 9 -1
15444637032134090 16382 -1
15444637032134130 2 -1
15444637032134160 9 -1
15444637032136770 16381 -1
15444637032136828 3 -1
15444637032137300 9 -1
15444637032137340 2532 -1
15444637036301400 58 1
15444637036369250 127 -1
15444637036369420 9 -1
15444637036372480 16383 -1
15444637036372580 1 -1
15444637036372630 9 -1
15444637036375200 16382 -1
15444637036375280 2 -1
15444637036375330 9 -1
15444637036377972 16381 -1
15444637036378550 3 -1
15444637036378592 9 -1
15444637036380720 13977 -1
15444637040471700 88 1
15444637040539680 180 -1
15444637040539940 9 -1
15444637040542500 5792 -1
15444637044557640 89 1
15444637044630390 159 -1
15444637044630570 9 -1
15444637044633660 16383 -1
15444637044633760 1 -1
15444637044633810 9 -1
15444637044634200 3499 -1
15444637048687900 58 1
15444637048742940 130 -1
15444637048743100 9 -1
15444637048745670 15874 -1
15444637048745770 510 -1
15444637048746222 9 -1
15444637048748370 15873 -1
15444637048748930 511 -1
15444637048748990 9 -1
15444637048751668 16383 -1
15444637048751710 1 -1
15444637048751730 9 -1
15444637048754340 16382 -1
15444637048754390 2 -1
15444637048754420 9 -1
15444637048756060 10784 -1
15444637052915830 88 1
15444637052974588 170 -1
15444637052975140 9 -1
15444637052977290 16383 -1
15444637052977380 1 -1
15444637052977850 9 -1
15444637052980152 16383 -1
15444637052980620 1 -1
15444637052980680 9 -1
15444637052983410 16382 -1
15444637052983460 2 -1
15444637052983950 9 -1
15444637052986060 16383 -1
15444637052986600 1 -1
15444637052986640 9 -1
15444637052989358 16383 -1
15444637052989408 1 -1
15444637052989440 9 -1
15444637052992050 16382 -1
15444637052992100 2 -1
15444637052992590 9 -1
15444637052994240 11291 -1
15444637057174460 78 1
15444637057228630 148 -1
15444637057228848 9 -1
15444637057229710 2617 -1
15444637061253400 78 1
15444637061308680 274 -1
15444637061308848 9 -1
15444637061309782 3329 -1
15444637065332730 78 1
15444637065387800 147 -1
15444637065387990 9 -1
15444637065388898 3685 -1
15444637069400290 78 1
15444637069454860 148 -1
15444637069455070 9 -1
15444637069455960 3151 -1
15444637073480630 78 1
15444637073534460 170 -1
15444637073534630 9 -1
15444637073535572 2973 -1
15444637077542480 63 1
15444637077609438 129 -1
15444637077609710 9 -1
15444637077611042 6695 -1
15444637081655682 63 1
15444637081718900 151 -1
15444637081719100 9 -1
15444637081721712 7062 -1
15444637085738070 63 1
15444637085795950 106 -1
15444637085796120 9 -1
15444637085798100 7852 -1
15444637089839380 63 1
15444637090415720 127 -1
15444637090416000 9 -1
15444637090444820 7059 -1
15444637094456360 63 1
15444637094515830 106 -1
15444637094516390 9 -1
15444637094517490 7373 -1
15444637098530418 63 1
15444637098598090 124 -1
15444637098598290 9 -1
15444637098601438 7531 -1
15444637102614282 88 1
15444637102703568 182 -1
15444637102703760 9 -1
15444637102706850 16383 -1
15444637102706940 1 -1
15444637102707000 9 -1
15444637102709640 16383 -1
15444637102709730 1 -1
15444637102709760 9 -1
15444637102712360 16382 -1
15444637102712410 2 -1
15444637102712430 9 -1
15444637102715020 16381 -1
15444637102715090 3 -1
15444637102715110 9 -1
15444637102717820 16380 -1
15444637102718380 4 -1
15444637102718410 9 -1
15444637102718950 1274 -1
15444637106917610 396 1
15444637106977040 227 -1
15444637106977250 9 -1
15444637106978670 6787 -1
