### "'16298 17768 94408 53520 95164 61123 62650 31767 9014 8547 9797 8081 95164 21596 43352'"
0 0 0
15434454060744020 148 1
15434454060744020 198 1
15434454060744520 39 -1
15434454060744550 13 -1
15434454060792260 9 -1
15434454060797710 336 -1
15434454060797780 9 -1
15434454060800418 16383 -1
15434454060800970 1 -1
15434454060801000 9 -1
15434454060846168 16383 -1
15434454060846168 1 -1
15434454060846168 9 -1
15434454060848340 16382 -1
15434454060848340 2 -1
15434454060848340 9 -1
15434454060851660 16381 -1
15434454060851660 3 -1
15434454060851660 9 -1
15434454060853888 16383 -1
15434454060853888 1 -1
15434454060853888 9 -1
15434454060856080 12488 -1
0 0 0
15434454060629950 39 -1
15434454060630010 13 -1
15434454060658450 148 1
15434454060658450 217 1
15434454060706920 9 -1
15434454060713530 306 -1
15434454060713552 9 -1
15434454060716260 16298 -1
0 0 0
15434454060694640 148 1
15434454060694640 206 1
15434454060695118 39 -1
15434454060695160 13 -1
15434454060742750 9 -1
15434454060747680 341 -1
15434454060747718 9 -1
15434454060750900 16383 -1
15434454060750900 1 -1
15434454060750900 9 -1
15434454060751390 1384 -1
0 0 0
15434454060655990 148 1
15434454060655990 206 1
15434454060656440 39 -1
15434454060656480 13 -1
15434454060704400 9 -1
15434454060711780 312 -1
15434454060712320 9 -1
15434454060713450 4219 -1
15434454065722000 78 1
15434454065776270 147 -1
15434454065776380 9 -1
15434454065777832 3863 -1
15434454070778862 78 1
15434454070832960 95 -1
15434454070833148 9 -1
15434454070834050 2643 -1
15434454075834980 78 1
15434454075889298 147 -1
15434454075889430 9 -1
15434454075891220 2617 -1
15434454080891970 58 1
15434454080946770 154 -1
15434454080946950 9 -1
15434454080949522 16383 -1
15434454080949522 1 -1
15434454080949522 9 -1
15434454080952138 16382 -1
15434454080952138 2 -1
15434454080952180 9 -1
15434454080996000 16383 -1
15434454080996000 1 -1
15434454080996000 9 -1
15434454080997130 4368 -1
15434454085998040 58 1
15434454086052858 130 -1
15434454086053010 9 -1
15434454086055770 16383 -1
15434454086056390 1 -1
15434454086056458 9 -1
15434454086058550 16383 -1
15434454086059100 1 -1
15434454086059142 9 -1
15434454086061790 16382 -1
15434454086061810 2 -1
15434454086061820 9 -1
15434454086064530 16381 -1
15434454086064550 3 -1
15434454086064570 9 -1
15434454086067260 16380 -1
15434454086067290 4 -1
15434454086100300 9 -1
15434454086103080 13244 -1
15434454091103620 59 1
15434454091159640 152 -1
15434454091159770 9 -1
15434454091162860 16383 -1
15434454091162910 1 -1
15434454091162950 9 -1
15434454091165000 16383 -1
15434454091165030 1 -1
15434454091165060 9 -1
15434454091167750 16382 -1
15434454091167778 2 -1
15434454091167810 9 -1
15434454091169980 11971 -1
15434454096170700 59 1
15434454096226160 131 -1
15434454096226290 9 -1
15434454096228740 16383 -1
15434454096229280 1 -1
15434454096229320 9 -1
15434454096232008 16383 -1
15434454096232060 1 -1
15434454096232100 9 -1
15434454096234750 16382 -1
15434454096234800 2 -1
15434454096234838 9 -1
15434454096236948 13498 -1
15434454101237740 66 1
15434454101295750 175 -1
15434454101295878 9 -1
15434454101298038 16383 -1
15434454101298840 1 -1
15434454101298910 9 -1
15434454101301070 15383 -1
15434454106301660 9 1
15434454111301690 81 1
15434454111356320 165 -1
15434454111356910 9 -1
15434454111357480 2617 -1
15434454116358200 78 1
15434454116412470 251 -1
15434454116413010 9 -1
15434454116413060 2261 -1
15434454121414120 77 1
15434454121468870 200 -1
15434454121469050 9 -1
15434454121469960 3151 -1
15434454126470790 78 1
15434454126525928 134 -1
15434454126526480 9 -1
15434454126527050 2795 -1
15434454131527800 78 1
15434454131584560 170 -1
15434454131585100 9 -1
15434454131585168 2973 -1
15434454136586170 400 1
15434454136640070 137 -1
15434454136640242 9 -1
15434454136642230 5234 -1
15434454141642930 63 1
15434454141697510 152 -1
15434454141697610 9 -1
15434454141698288 2961 -1
15434454146699190 63 1
15434454146754330 125 -1
15434454146754460 9 -1
15434454146756042 9014 -1
15434454151757040 63 1
15434454151812170 148 -1
15434454151812370 9 -1
15434454151814920 8547 -1
15434454156815700 63 1
15434454156869970 128 -1
15434454156870192 9 -1
15434454156872960 6750 -1
15434454161873540 63 1
15434454161929330 152 -1
15434454161929490 9 -1
15434454161930770 9797 -1
15434454166931378 63 1
15434454166986410 232 -1
15434454166986570 9 -1
15434454166988750 8081 -1
15434454171989560 78 1
15434454172044890 171 -1
15434454172045110 9 -1
15434454172045960 2973 -1
15434454177046780 58 1
15434454177102470 130 -1
15434454177102612 9 -1
15434454177105610 16383 -1
15434454177105690 1 -1
15434454177105720 9 -1
15434454177108290 16382 -1
15434454177108360 2 -1
15434454177108410 9 -1
15434454177111070 16381 -1
15434454177111110 3 -1
15434454177111630 9 -1
15434454177114310 16380 -1
15434454177114360 4 -1
15434454177114370 9 -1
15434454177117030 16379 -1
15434454177117570 5 -1
15434454177117590 9 -1
15434454177119770 13244 -1
15434454182120860 78 1
15434454182175340 172 -1
15434454182175460 9 -1
15434454182176960 4219 -1
15434454187177570 78 1
15434454187232470 72 -1
15434454187232600 9 -1
15434454187233200 2643 -1
15434454192234020 88 1
15434454192289770 181 -1
15434454192289870 9 -1
15434454192292510 16383 -1
15434454192292590 1 -1
15434454192292622 9 -1
15434454192293780 5212 -1
15434454197294570 59 1
15434454197349110 130 -1
15434454197349240 9 -1
15434454197351748 16383 -1
15434454197352310 1 -1
15434454197352360 9 -1
15434454197354970 16382 -1
15434454197355040 2 -1
15434454197355080 9 -1
15434454197356600 10584 -1
15434454202357390 59 1
15434454202410850 154 -1
15434454202411060 9 -1
15434454202413580 16383 -1
15434454202413620 1 -1
15434454202414132 9 -1
15434454202416880 16383 -1
15434454202416950 1 -1
15434454202417000 9 -1
15434454202419580 16382 -1
15434454202419630 2 -1
15434454202419642 9 -1
15434454202422350 16381 -1
15434454202422890 3 -1
15434454202422910 9 -1
15434454202425680 16380 -1
15434454202425700 4 -1
15434454202425720 9 -1
15434454202428470 16383 -1
15434454202428520 1 -1
15434454202429020 9 -1
15434454202431240 16382 -1
15434454202431790 2 -1
15434454202431810 9 -1
15434454202460740 16381 -1
15434454202460790 3 -1
15434454202460820 9 -1
15434454202461880 3557 -1
15434454207462690 59 1
15434454207517340 130 -1
15434454207517480 9 -1
15434454207520500 16383 -1
15434454207520558 1 -1
15434454207520590 9 -1
15434454207522630 16383 -1
15434454207523100 1 -1
15434454207523150 9 -1
15434454207525870 16382 -1
15434454207525920 2 -1
15434454207525960 9 -1
15434454207529212 16381 -1
15434454207529240 3 -1
15434454207529262 9 -1
15434454207531980 16383 -1
15434454207532000 1 -1
15434454207532020 9 -1
15434454207534708 16382 -1
15434454207534740 2 -1
15434454207535260 9 -1
15434454207535820 2697 -1
15434454212536790 78 1
15434454212591730 171 -1
15434454212591870 9 -1
15434454212593410 3151 -1
15434454217594060 58 1
15434454217648900 232 -1
15434454217649470 9 -1
15434454217652180 16383 -1
15434454217652212 1 -1
15434454217652240 9 -1
15434454217654930 16383 -1
15434454217654960 1 -1
15434454217655490 9 -1
15434454217658182 16382 -1
15434454217658220 2 -1
15434454217658240 9 -1
15434454217660890 16381 -1
15434454217660912 3 -1
15434454217660930 9 -1
15434454217663630 16380 -1
15434454217664180 4 -1
15434454217664210 9 -1
15434454217666850 16383 -1
15434454217666882 1 -1
15434454217666900 9 -1
15434454217669560 16382 -1
15434454217669600 2 -1
15434454217669610 9 -1
15434454217670090 2229 -1
15434454222671210 59 1
15434454222725940 131 -1
15434454222726460 9 -1
15434454222729090 16383 -1
15434454222729140 1 -1
15434454222729160 9 -1
15434454222731820 16382 -1
15434454222732370 2 -1
15434454222732410 9 -1
15434454222735030 16383 -1
15434454222735072 1 -1
15434454222735080 9 -1
15434454222737720 16382 -1
15434454222738270 2 -1
15434454222738300 9 -1
15434454222740970 16381 -1
15434454222741010 3 -1
15434454222741030 9 -1
15434454222743660 16380 -1
15434454222743710 4 -1
15434454222744210 9 -1
15434454222746350 16379 -1
15434454222746890 5 -1
15434454222746912 9 -1
15434454222749578 16378 -1
15434454222749630 6 -1
15434454222749650 9 -1
15434454222752290 16383 -1
15434454222752340 1 -1
15434454222752358 9 -1
15434454222755030 16382 -1
15434454222755580 2 -1
15434454222755610 9 -1
15434454222757740 16381 -1
15434454222758260 3 -1
15434454222758278 9 -1
15434454222760930 16380 -1
15434454222760950 4 -1
15434454222760962 9 -1
15434454222763680 16379 -1
15434454222764230 5 -1
15434454222764248 9 -1
15434454222764790 940 -1
15434454227765360 59 1
15434454227819620 103 -1
15434454227820200 9 -1
15434454227822880 16383 -1
15434454227822918 1 -1
15434454227822960 9 -1
15434454227825652 16383 -1
15434454227825690 1 -1
15434454227826190 9 -1
15434454227828960 16382 -1
15434454227828990 2 -1
15434454227829030 9 -1
15434454227831660 16381 -1
15434454227831700 3 -1
15434454227831730 9 -1
15434454227834360 16383 -1
15434454227834908 1 -1
15434454227834960 9 -1
15434454227837132 16382 -1
15434454227837670 2 -1
15434454227837720 9 -1
15434454227840390 16381 -1
15434454227840440 3 -1
15434454227840468 9 -1
15434454227843102 16380 -1
15434454227843152 4 -1
15434454227843180 9 -1
15434454227844780 7086 -1
15434454232845420 58 1
15434454232902200 153 -1
15434454232902310 9 -1
15434454232905012 16383 -1
15434454232905480 1 -1
15434454232905520 9 -1
15434454232908198 16383 -1
15434454232908240 1 -1
15434454232908270 9 -1
15434454232910920 16382 -1
15434454232910950 2 -1
15434454232911480 9 -1
15434454232912058 4433 -1
15434454237912840 67 1
15434454237966730 152 -1
15434454237966910 9 -1
15434454237969502 16383 -1
15434454237969552 1 -1
15434454237970050 9 -1
15434454237971690 10571 -1
15434454242973600 87 1
15434454243031620 180 -1
15434454243031750 9 -1
15434454243034320 16383 -1
15434454243034370 1 -1
15434454243034420 9 -1
15434454243037040 16382 -1
15434454243037590 2 -1
15434454243037642 9 -1
15434454243040300 16383 -1
15434454243040850 1 -1
15434454243040900 9 -1
15434454243043070 16382 -1
15434454243043620 2 -1
15434454243043670 9 -1
15434454243046270 16381 -1
15434454243046300 3 -1
15434454243046810 9 -1
15434454243048460 13289 -1
15434454248049660 66 1
15434454248104300 156 -1
15434454248104848 9 -1
15434454248107640 16383 -1
15434454248107678 1 -1
15434454248108160 9 -1
15434454248110362 15383 -1
15434454253111050 58 1
15434454253165500 149 -1
15434454253165678 9 -1
15434454253168340 16383 -1
15434454253168400 1 -1
15434454253168450 9 -1
15434454253171720 16383 -1
15434454253171780 1 -1
15434454253171840 9 -1
15434454253174470 16382 -1
15434454253174530 2 -1
15434454253174560 9 -1
15434454253177270 16381 -1
15434454253177350 3 -1
15434454253177380 9 -1
15434454253180230 16383 -1
15434454253180290 1 -1
15434454253180310 9 -1
15434454253183060 16382 -1
15434454253183160 2 -1
15434454253183488 9 -1
15434454253186230 16381 -1
15434454253186300 3 -1
15434454253186330 9 -1
15434454253188850 16380 -1
15434454253189390 4 -1
15434454253189430 9 -1
15434454253192060 16383 -1
15434454253192130 1 -1
15434454253192170 9 -1
15434454253194860 16382 -1
15434454253194980 2 -1
15434454253195030 9 -1
15434454253198200 16381 -1
15434454253198300 3 -1
15434454253198340 9 -1
15434454253200880 16380 -1
15434454253200950 4 -1
15434454253200992 9 -1
15434454253202520 6755 -1
15434454258215680 58 1
15434454258270610 130 -1
15434454258270750 9 -1
15434454258273900 16383 -1
15434454258273950 1 -1
15434454258273990 9 -1
15434454258276638 16383 -1
15434454258276690 1 -1
15434454258277190 9 -1
15434454258279380 16382 -1
15434454258279910 2 -1
15434454258279950 9 -1
15434454258282680 16383 -1
15434454258282780 1 -1
15434454258282800 9 -1
15434454258284882 12103 -1
15434454263285540 78 1
15434454263341178 158 -1
15434454263341380 9 -1
15434454263342162 3329 -1
0 0 0
15434454060573940 39 -1
15434454060573980 13 -1
15434454060721900 148 1
15434454060721900 206 1
15434454060770390 9 -1
15434454060774478 311 -1
15434454060775002 9 -1
15434454060775570 2973 -1
0 0 0
15434454060718370 148 1
15434454060718370 206 1
15434454060718770 39 -1
15434454060718802 13 -1
15434454060772450 9 -1
15434454060778502 311 -1
15434454060778570 9 -1
15434454060779360 2035 -1
