### "'77997 74866 196462 8269 39234 71795 68943 64432 35032 180385 127147 15018 94886 103191 162993'"
0 0 0
15433313815334448 148 1
15433313815334448 204 1
0 0 0
15433313815789630 148 1
15433313815789630 204 1
15433313815933760 48 -1
15433313815945410 1024 -1
15433313815945630 1024 -1
15433313815945630 1024 -1
15433313815945870 194 -1
0 0 0
15433313815681118 148 1
15433313815681118 185 1
15433313815823690 48 -1
15433313816072850 1024 -1
15433313816072928 430 -1
15433313816073360 1024 -1
15433313816073400 1024 -1
15433313816073920 1024 -1
15433313816073920 1024 -1
15433313816073980 1024 -1
15433313816074482 1024 -1
15433313816074482 1024 -1
15433313816074482 1024 -1
15433313816075010 1024 -1
15433313816075010 1024 -1
15433313816075010 1024 -1
15433313816075010 1024 -1
15433313816075580 1024 -1
15433313816075580 1024 -1
15433313816075580 1024 -1
15433313816075580 1024 -1
15433313816076110 1024 -1
15433313816076110 1024 -1
15433313816076110 1024 -1
15433313816076642 1024 -1
15433313816076642 1024 -1
15433313816076642 1024 -1
15433313816076642 1024 -1
15433313816077190 1024 -1
15433313816077190 63 -1
15433313816077190 1024 -1
15433313816077740 1024 -1
15433313816077740 1024 -1
15433313816077740 1024 -1
15433313816077740 1024 -1
15433313816077740 1024 -1
15433313816078310 1024 -1
15433313816078310 1024 -1
15433313816427440 1024 -1
15433313816427440 1024 -1
15433313816427938 1024 -1
15433313816427938 1024 -1
15433313816428450 1024 -1
15433313816428450 1024 -1
15433313816428450 1024 -1
15433313816428450 1024 -1
15433313816428450 1024 -1
15433313816428990 1024 -1
15433313816428990 1024 -1
15433313816429530 1024 -1
15433313816429530 1024 -1
15433313816430110 1024 -1
15433313816430110 1024 -1
15433313816431310 1024 -1
15433313816431310 63 -1
15433313816431310 1024 -1
15433313816431310 1024 -1
15433313816431310 1024 -1
15433313816431850 1024 -1
15433313816431850 1024 -1
15433313816432418 1024 -1
15433313816432418 1024 -1
15433313816432418 1024 -1
15433313816433510 1024 -1
15433313816434970 1024 -1
15433313816434970 1024 -1
15433313816434970 1024 -1
15433313816435512 1024 -1
15433313816436060 1024 -1
15433313816436060 1024 -1
15433313816436060 1024 -1
15433313816436060 1024 -1
15433313816436660 1024 -1
15433313816436660 1024 -1
15433313816436660 1024 -1
15433313816436660 1024 -1
15433313816437190 1024 -1
15433313816437190 1024 -1
15433313816437190 1024 -1
15433313816437190 63 -1
15433313816437750 1024 -1
15433313816437750 1024 -1
15433313816437750 1024 -1
15433313816437750 46 -1
0 0 0
15433313815670870 148 1
15433313815670870 184 1
15433313815797300 48 -1
15433313815888200 1024 -1
15433313815888280 1024 -1
15433313815888720 1024 -1
15433313815888720 1024 -1
15433313815889280 1024 -1
15433313815889280 1024 -1
15433313815889280 1024 -1
15433313815889800 1024 -1
15433313815889800 1024 -1
15433313815890350 1024 -1
15433313815890350 1024 -1
15433313815890378 1024 -1
15433313815890960 1024 -1
15433313815890960 1024 -1
15433313815890960 1024 -1
15433313815890960 1024 -1
15433313815890960 1024 -1
15433313815891520 1024 -1
15433313815891520 1024 -1
15433313815891520 1024 -1
15433313815892040 1024 -1
15433313815892040 1024 -1
15433313815892040 1024 -1
15433313815892040 1024 -1
15433313815892630 1024 -1
15433313815892630 731 -1
15433313815892702 1024 -1
15433313815893170 1024 -1
15433313815893170 1024 -1
15433313815893720 1024 -1
15433313815893720 1024 -1
15433313815893720 1024 -1
15433313815894290 1024 -1
15433313815894290 1024 -1
15433313815894290 1024 -1
15433313815894290 1024 -1
15433313816014270 1024 -1
15433313816014270 1024 -1
15433313816014910 1024 -1
15433313816014910 1024 -1
15433313816014910 1024 -1
15433313816014910 1024 -1
15433313816014910 1024 -1
15433313816014910 1024 -1
15433313816015470 1024 -1
15433313816015470 1024 -1
15433313816015470 1024 -1
15433313816015990 1024 -1
15433313816015990 1024 -1
15433313816015990 1024 -1
15433313816015990 1024 -1
15433313816016500 1024 -1
15433313816016500 1024 -1
15433313816016500 919 -1
15433313816017050 1024 -1
15433313816017050 1024 -1
15433313816017600 1024 -1
15433313816017600 1024 -1
15433313816017600 1024 -1
15433313816017600 1024 -1
15433313816018140 1024 -1
15433313816018140 1024 -1
15433313816018140 1024 -1
15433313816018730 1024 -1
15433313816018730 1024 -1
15433313816018730 1024 -1
15433313816018730 1024 -1
15433313816018730 1024 -1
15433313816018730 1024 -1
15433313816019260 1024 -1
15433313816019260 1024 -1
15433313816019822 1024 -1
15433313816019822 1024 -1
15433313816019822 958 -1
0 0 0
15433313815659740 148 1
15433313815659740 204 1
15433313815799990 48 -1
15433313815812890 1024 -1
15433313815813128 1024 -1
15433313815813590 270 -1
0 0 0
15433313815680680 148 1
15433313815680680 196 1
15433313815821200 48 -1
15433313815928990 1024 -1
15433313815929288 1024 -1
15433313815929870 1024 -1
15433313815929870 1024 -1
15433313815930260 1024 -1
15433313815930260 1024 -1
15433313815930260 1024 -1
15433313815930260 1024 -1
15433313815930260 1024 -1
15433313815930260 1024 -1
15433313815930600 1024 -1
15433313815930600 1024 -1
15433313815930600 1024 -1
15433313815933380 1024 -1
15433313815933380 1024 -1
15433313815933380 1024 -1
15433313815933380 1024 -1
15433313815933380 1024 -1
15433313815933380 1024 -1
15433313815933970 1024 -1
15433313815933970 1024 -1
15433313815933970 1024 -1
15433313815933970 1024 -1
15433313815933970 1024 -1
15433313815933970 1024 -1
15433313815933970 169 -1
15433313815934060 1024 -1
15433313815934220 1024 -1
15433313815934220 1024 -1
15433313815934330 1024 -1
15433313815934330 1024 -1
15433313815934330 1024 -1
15433313815934700 1024 -1
15433313815934700 1024 -1
15433313815934700 1024 -1
15433313815934700 1024 -1
15433313815934700 1024 -1
15433313815934700 1024 -1
15433313816088390 1024 -1
15433313816088390 1024 -1
15433313816088960 1024 -1
15433313816088960 1024 -1
15433313816088960 1024 -1
15433313816088960 1024 -1
15433313816089460 1024 -1
15433313816089980 1024 -1
15433313816089980 1024 -1
15433313816089980 1024 -1
15433313816090540 1024 -1
15433313816091090 1024 -1
15433313816091090 1024 -1
15433313816091670 1024 -1
15433313816092240 1024 -1
15433313816092240 919 -1
15433313816092240 1024 -1
15433313816092240 1024 -1
15433313816092240 1024 -1
15433313816092240 1024 -1
15433313816092752 1024 -1
15433313816092752 1024 -1
15433313816092752 1024 -1
15433313816092752 1024 -1
15433313816093280 1024 -1
15433313816093280 1024 -1
15433313816093280 1024 -1
15433313816093810 1024 -1
15433313816093810 1024 -1
15433313816094602 1024 -1
15433313816094602 1024 -1
15433313816095390 1024 -1
15433313816097160 1024 -1
15433313816097720 1024 -1
15433313816097720 1024 -1
15433313816097720 1024 -1
15433313816097720 1024 -1
15433313816097720 1024 -1
15433313816098290 1024 -1
15433313816098290 1024 -1
15433313816098290 1024 -1
15433313816098290 1024 -1
15433313816098780 1024 -1
15433313816098780 919 -1
15433313816110280 1024 -1
15433313816110280 1024 -1
15433313816110280 1024 -1
15433313816110740 1024 -1
15433313816110740 1024 -1
15433313816110740 1024 -1
15433313816111268 1024 -1
15433313816111268 1024 -1
15433313816111268 1024 -1
15433313816111268 1024 -1
15433313816128430 1024 -1
15433313816128430 1024 -1
15433313816128430 1024 -1
15433313816128790 1024 -1
15433313816128790 1024 -1
15433313816128790 1024 -1
15433313816128790 1024 -1
15433313816129410 1024 -1
15433313816129410 1024 -1
15433313816129410 1024 -1
15433313816140090 1024 -1
15433313816140480 1024 -1
15433313816141068 1024 -1
15433313816141068 1024 -1
15433313816141620 1024 -1
15433313816142180 1024 -1
15433313816142180 1024 -1
15433313816142180 919 -1
15433313816161700 1024 -1
15433313816162428 1024 -1
15433313816162428 1024 -1
15433313816162970 1024 -1
15433313816162970 1024 -1
15433313816162970 1024 -1
15433313816163540 1024 -1
15433313816163540 1024 -1
15433313816164070 1024 -1
15433313816164070 1024 -1
15433313816164070 1024 -1
15433313816181778 1024 -1
15433313816182310 1024 -1
15433313816182310 1024 -1
15433313816182310 1024 -1
15433313816182310 1024 -1
15433313816182310 1024 -1
15433313816470240 1024 -1
15433313816474840 1024 -1
15433313816475400 1024 -1
15433313816475400 1024 -1
15433313816475400 1024 -1
15433313816475400 1024 -1
15433313816475400 1024 -1
15433313816475400 1024 -1
15433313816475920 1024 -1
15433313816476490 1024 -1
15433313816476490 919 -1
15433313816476490 1024 -1
15433313816477050 1024 -1
15433313816488112 1024 -1
15433313816488112 1024 -1
15433313816488718 1024 -1
15433313816489292 1024 -1
15433313816489292 1024 -1
15433313816489820 1024 -1
15433313816588048 1024 -1
15433313816588610 1024 -1
15433313816588610 1024 -1
15433313816588610 1024 -1
15433313816589160 1024 -1
15433313816589880 1024 -1
15433313816589880 1024 -1
15433313816590322 1024 -1
15433313816590900 1024 -1
15433313816590900 1024 -1
15433313816591520 1024 -1
15433313816592210 1024 -1
15433313816592210 1024 -1
15433313816592210 1024 -1
15433313816592760 1024 -1
15433313816593470 1024 -1
15433313816594232 1024 -1
15433313816594232 1024 -1
15433313816601910 1024 -1
15433313816601910 919 -1
15433313816601910 1024 -1
15433313816602370 1024 -1
15433313816603020 1024 -1
15433313816603500 1024 -1
15433313816603500 1024 -1
15433313816603500 1024 -1
15433313816604030 1024 -1
15433313816604030 1024 -1
15433313816604030 1024 -1
15433313816604580 1024 -1
15433313816605130 1024 -1
15433313816605130 1024 -1
15433313816605130 1024 -1
15433313816605680 1024 -1
15433313816606250 1024 -1
15433313816606250 1024 -1
15433313816630412 1024 -1
15433313816630412 1024 -1
15433313816630412 1024 -1
15433313816630850 1024 -1
15433313816631380 1024 -1
15433313816631380 1024 -1
15433313816631380 1024 -1
15433313816631920 1024 -1
15433313816631920 1024 -1
15433313816632440 1024 -1
15433313816632440 1024 -1
15433313816632440 928 -1
0 0 0
15433313823428550 148 1
15433313823428550 204 1
15433313823555068 48 -1
15433313823565090 1024 -1
15433313823565180 1024 -1
15433313823565180 1024 -1
15433313823565208 194 -1
15433313828566510 77 1
15433313828701610 1024 -1
15433313828702140 1024 -1
15433313828702190 1024 -1
15433313828702190 15 -1
15433313833707440 79 1
15433313834032340 1024 -1
15433313834032510 1024 -1
15433313834032878 1024 -1
15433313834032878 728 -1
15433313839034250 77 1
15433313839174700 1024 -1
15433313839174900 1024 -1
15433313839174920 1024 -1
15433313839174920 194 -1
15433313844176900 78 1
15433313844315060 1024 -1
15433313844315240 1024 -1
15433313844315590 318 -1
15433313849316830 63 1
15433313849508690 1024 -1
15433313849508850 1024 -1
15433313849509202 1024 -1
15433313849509202 1024 -1
15433313849509770 1024 -1
15433313849509770 1024 -1
15433313849510310 1024 -1
15433313849510310 1024 -1
15433313849510360 378 -1
15433313854512470 63 1
15433313854907280 1024 -1
15433313854907488 1024 -1
15433313854907780 1024 -1
15433313854907780 1024 -1
15433313854908370 1024 -1
15433313854908370 1024 -1
15433313854908950 1024 -1
15433313854908950 768 -1
15433313859910740 62 1
15433313860135620 1024 -1
15433313860135788 366 -1
15433313860135810 1024 -1
15433313860136480 1024 -1
15433313860136480 1024 -1
15433313860136480 429 -1
15433313865138030 63 1
15433313865436940 1024 -1
15433313865437190 1024 -1
15433313865437480 1024 -1
15433313865437480 1024 -1
15433313865438030 1024 -1
15433313865438070 268 -1
15433313870440012 63 1
15433313870761240 1024 -1
15433313870761672 430 -1
15433313870762450 1024 -1
15433313870763050 1024 -1
15433313870763050 1024 -1
15433313870764990 1024 -1
15433313870764990 1024 -1
15433313870764990 166 -1
15433313875766758 63 1
15433313875914670 1024 -1
15433313875914860 430 -1
15433313875915170 1024 -1
15433313875915230 1024 -1
15433313875915230 1024 -1
15433313875916300 1024 -1
15433313875918760 1024 -1
15433313875918760 1024 -1
15433313875918760 542 -1
15433313880925550 9 1
15433313886238470 81 1
15433313886375390 1024 -1
15433313886375530 1024 -1
15433313886375920 1024 -1
15433313886375920 194 -1
15433313891377512 59 1
15433313891574680 1024 -1
15433313891574890 494 -1
15433313891575292 1024 -1
15433313891575760 1024 -1
15433313891575760 1024 -1
15433313891575760 1024 -1
15433313891576960 1024 -1
15433313891577490 1024 -1
15433313891577490 1024 -1
15433313891577490 1024 -1
15433313891577490 1024 -1
15433313891578040 1024 -1
15433313891578040 1024 -1
15433313891583290 1024 -1
15433313891583840 1024 -1
15433313891583840 1024 -1
15433313891583840 1024 -1
15433313891583840 1024 -1
15433313891584370 1024 -1
15433313891584370 1024 -1
15433313891584370 1024 -1
15433313891584370 1024 -1
15433313891584908 1024 -1
15433313891584908 1024 -1
15433313891593380 1024 -1
15433313891593380 1024 -1
15433313891593380 63 -1
15433313891593840 1024 -1
15433313891593840 1024 -1
15433313891593840 1024 -1
15433313891594360 1024 -1
15433313891594360 1024 -1
15433313891594360 1024 -1
15433313891594920 1024 -1
15433313891594920 1024 -1
15433313891603292 1024 -1
15433313891603292 1024 -1
15433313891603292 1024 -1
15433313891603798 1024 -1
15433313891603798 1024 -1
15433313891603798 150 -1
15433313896605720 79 1
15433313897445390 1024 -1
15433313897445580 1024 -1
15433313897445620 345 -1
15433313902447050 59 1
15433313905333750 1024 -1
15433313905333910 494 -1
15433313905411580 1024 -1
15433313905411730 1024 -1
15433313905412960 1024 -1
15433313905412960 1024 -1
15433313905414988 1024 -1
15433313905415600 1024 -1
15433313905415600 1024 -1
15433313905415600 1024 -1
15433313905415600 1024 -1
15433313905418660 1024 -1
15433313905419220 1024 -1
15433313905419220 1024 -1
15433313905419220 1024 -1
15433313905419760 1024 -1
15433313905419760 1024 -1
15433313905419760 1024 -1
15433313905419760 1024 -1
15433313905420310 1024 -1
15433313905420310 1024 -1
15433313905420310 1024 -1
15433313905426920 1024 -1
15433313905427480 1024 -1
15433313905427480 1024 -1
15433313905427480 1024 -1
15433313905427480 63 -1
15433313905434350 1024 -1
15433313905434402 1024 -1
15433313905435620 1024 -1
15433313905435620 1024 -1
15433313905436140 1024 -1
15433313905436140 1024 -1
15433313905436700 1024 -1
15433313905436700 1024 -1
15433313905436700 1024 -1
15433313905439488 1024 -1
15433313905440050 1024 -1
15433313905440050 1024 -1
15433313905440050 1024 -1
15433313905440618 1024 -1
15433313905440618 1024 -1
15433313905440618 1024 -1
15433313905440618 1024 -1
15433313905440618 1024 -1
15433313905441142 1024 -1
15433313905441142 1024 -1
15433313905447670 1024 -1
15433313905448230 1024 -1
15433313905448230 1024 -1
15433313905448230 1024 -1
15433313905448230 63 -1
15433313905450800 1024 -1
15433313905451320 1024 -1
15433313905451320 1024 -1
15433313905451320 1024 -1
15433313905451900 1024 -1
15433313905451900 1024 -1
15433313905451900 1024 -1
15433313905451900 1024 -1
15433313905451900 1024 -1
15433313905452420 1024 -1
15433313905452420 1024 -1
15433313905453010 1024 -1
15433313905460160 1024 -1
15433313905460160 1024 -1
15433313905460160 1024 -1
15433313905460620 1024 -1
15433313905460620 1024 -1
15433313905461180 1024 -1
15433313905461180 1024 -1
15433313905461180 1024 -1
15433313905461180 984 -1
15433313910464340 59 1
15433313910730410 1024 -1
15433313910730560 366 -1
15433313910730590 1024 -1
15433313910730640 1024 -1
15433313910730900 1024 -1
15433313910730900 1024 -1
15433313910732470 1024 -1
15433313910733040 1024 -1
15433313910733040 1024 -1
15433313910733040 1024 -1
15433313910733040 1024 -1
15433313910735700 1024 -1
15433313910736230 1024 -1
15433313910736230 1024 -1
15433313910736230 1024 -1
15433313910736230 1024 -1
15433313910736750 1024 -1
15433313910736750 1024 -1
15433313910736750 1024 -1
15433313910736750 1024 -1
15433313910741150 1024 -1
15433313910741150 1024 -1
15433313910741620 1024 -1
15433313910741620 1024 -1
15433313910741620 1024 -1
15433313910741620 1024 -1
15433313910741620 63 -1
15433313910744870 1024 -1
15433313910744870 1024 -1
15433313910745320 1024 -1
15433313910745320 1024 -1
15433313910745320 1024 -1
15433313910745872 1024 -1
15433313910745872 1024 -1
15433313910745872 1024 -1
15433313910745872 1024 -1
15433313910746390 1024 -1
15433313910746390 1024 -1
15433313910746390 1024 -1
15433313910746970 1024 -1
15433313910746970 1024 -1
15433313910746970 1024 -1
15433313910746970 1024 -1
15433313910755120 1024 -1
15433313910755120 1024 -1
15433313910755120 1024 -1
15433313910755580 1024 -1
15433313910755580 1024 -1
15433313910755580 1024 -1
15433313910756112 1024 -1
15433313910756112 1024 -1
15433313910756112 63 -1
15433313910756112 1024 -1
15433313910756112 1024 -1
15433313910756660 1024 -1
15433313910756660 1024 -1
15433313910757230 1024 -1
15433313910757230 1024 -1
15433313910757230 1024 -1
15433313910757230 1024 -1
15433313910765280 1024 -1
15433313910765280 1024 -1
15433313910765280 1024 -1
15433313910765850 1024 -1
15433313910765850 1024 -1
15433313910765850 1024 -1
15433313910765850 1024 -1
15433313910766398 1024 -1
15433313910766398 1024 -1
15433313910766398 1024 -1
15433313910766398 308 -1
15433313915768630 59 1
15433313916209740 1024 -1
15433313916210060 495 -1
15433313916210130 1024 -1
15433313916210290 1024 -1
15433313916210858 1024 -1
15433313916210858 1024 -1
15433313916211370 1024 -1
15433313916211930 1024 -1
15433313916211930 1024 -1
15433313916211930 1024 -1
15433313916212580 1024 -1
15433313916212580 1024 -1
15433313916212580 1024 -1
15433313916215178 1024 -1
15433313916215730 1024 -1
15433313916215730 1024 -1
15433313916215730 1024 -1
15433313916215730 1024 -1
15433313916216280 1024 -1
15433313916216280 1024 -1
15433313916216280 1024 -1
15433313916219972 1024 -1
15433313916220550 1024 -1
15433313916220550 1024 -1
15433313916220550 1024 -1
15433313916220550 1024 -1
15433313916220550 4 -1
15433313916222860 1024 -1
15433313916223422 1024 -1
15433313916223422 1024 -1
15433313916223422 1024 -1
15433313916223422 1024 -1
15433313916223422 1024 -1
15433313916226220 1024 -1
15433313916226758 1024 -1
15433313916226758 1024 -1
15433313916226758 1024 -1
15433313916226758 1024 -1
15433313916227290 1024 -1
15433313916227290 1024 -1
15433313916227290 1024 -1
15433313916227810 1024 -1
15433313916227810 1024 -1
15433313916227810 45 -1
15433313916227810 1024 -1
15433313916227810 1024 -1
15433313916228362 1024 -1
15433313916233880 1024 -1
15433313916234420 1024 -1
15433313916234420 1024 -1
15433313916234420 1024 -1
15433313916234420 1024 -1
15433313916234960 1024 -1
15433313916234960 1024 -1
15433313916234960 1024 -1
15433313916234960 883 -1
15433313916235470 1024 -1
15433313916235470 1024 -1
15433313916235470 1024 -1
15433313916236010 1024 -1
15433313916236010 1024 -1
15433313916241920 1024 -1
15433313916242490 1024 -1
15433313916242490 1024 -1
15433313916242490 1024 -1
15433313916242490 988 -1
15433313921244030 59 1
15433313921492570 1024 -1
15433313921492870 1024 -1
15433313921493052 1024 -1
15433313921493640 1024 -1
15433313921493640 1024 -1
15433313921493640 1024 -1
15433313921494182 1024 -1
15433313921494182 1024 -1
15433313921494740 1024 -1
15433313921494740 1024 -1
15433313921496100 1024 -1
15433313921496698 1024 -1
15433313921496698 1024 -1
15433313921496698 1024 -1
15433313921496698 1024 -1
15433313921498730 1024 -1
15433313921499280 1024 -1
15433313921499280 1024 -1
15433313921499280 1024 -1
15433313921499280 1024 -1
15433313921499792 1024 -1
15433313921499792 1024 -1
15433313921499792 1024 -1
15433313921499792 1024 -1
15433313921499792 329 -1
15433313921516680 1024 -1
15433313921517740 1024 -1
15433313921517940 1024 -1
15433313921517940 1024 -1
15433313921519188 1024 -1
15433313921519712 1024 -1
15433313921519712 1024 -1
15433313921519712 1024 -1
15433313921519712 1024 -1
15433313921521590 1024 -1
15433313921521590 252 -1
15433313926522840 78 1
15433313926663960 1024 -1
15433313926664130 1024 -1
15433313926664168 346 -1
15433313931666090 59 1
15433313931920280 1024 -1
15433313931920430 502 -1
15433313931928480 1024 -1
15433313931928648 1024 -1
15433313931929650 1024 -1
15433313931929650 1024 -1
15433313931932230 1024 -1
15433313931932230 1024 -1
15433313931932230 1024 -1
15433313931932230 1024 -1
15433313931932230 1024 -1
15433313931933280 1024 -1
15433313931933280 1024 -1
15433313931934900 1024 -1
15433313931935452 1024 -1
15433313931935452 1024 -1
15433313931935452 1024 -1
15433313931935452 1024 -1
15433313931936008 1024 -1
15433313931936008 1024 -1
15433313931936008 1024 -1
15433313931936550 1024 -1
15433313931936550 1024 -1
15433313931936550 1024 -1
15433313931936550 1024 -1
15433313931940880 1024 -1
15433313931940880 63 -1
15433313931941370 1024 -1
15433313931941370 1024 -1
15433313931941370 1024 -1
15433313931941370 1024 -1
15433313931941920 1024 -1
15433313931941920 1024 -1
15433313931941920 1024 -1
15433313931941920 1024 -1
15433313931942470 1024 -1
15433313931942470 1024 -1
15433313931942470 1024 -1
15433313931943030 1024 -1
15433313931943030 1024 -1
15433313931943030 1024 -1
15433313931943610 1024 -1
15433313931943610 1024 -1
15433313931943610 1024 -1
15433313931943610 1024 -1
15433313931950532 1024 -1
15433313931950532 1024 -1
15433313931951030 1024 -1
15433313931951030 1024 -1
15433313931951030 1024 -1
15433313931951030 1024 -1
15433313931951030 63 -1
15433313931951530 1024 -1
15433313931951530 1024 -1
15433313931951530 1024 -1
15433313931952160 1024 -1
15433313931952160 1024 -1
15433313931952160 1024 -1
15433313931952160 1024 -1
15433313931952710 1024 -1
15433313931952710 1024 -1
15433313931952710 1024 -1
15433313931952710 1024 -1
15433313931953260 1024 -1
15433313931953260 1024 -1
15433313931960248 1024 -1
15433313931960248 1024 -1
15433313931960248 1024 -1
15433313931960822 1024 -1
15433313931960822 1024 -1
15433313931960822 1024 -1
15433313931960822 1024 -1
15433313931961328 1024 -1
15433313931961328 1024 -1
15433313931961890 1024 -1
15433313931961890 1024 -1
15433313931961890 63 -1
15433313931961890 1024 -1
15433313931961890 1024 -1
15433313931962410 1024 -1
15433313931962410 1024 -1
15433313931962410 1024 -1
15433313931962960 1024 -1
15433313931962960 1024 -1
15433313931962960 1024 -1
15433313931970170 1024 -1
15433313931970170 1024 -1
15433313931970170 1024 -1
15433313931970670 1024 -1
15433313931970670 1024 -1
15433313931970670 1024 -1
15433313931970670 1024 -1
15433313931971190 1024 -1
15433313931971190 1024 -1
15433313931971190 1024 -1
15433313931971740 1024 -1
15433313931971740 1024 -1
15433313931971740 1024 -1
15433313931971740 1024 -1
15433313931972270 1024 -1
15433313931972270 1024 -1
15433313931972270 63 -1
15433313931972270 1024 -1
15433313931972270 1024 -1
15433313931972800 1024 -1
15433313931979680 1024 -1
15433313931979680 1024 -1
15433313931980180 1024 -1
15433313931980180 1024 -1
15433313931980180 1024 -1
15433313931980180 1024 -1
15433313931980680 1024 -1
15433313931980680 1024 -1
15433313931981248 1024 -1
15433313931981248 1024 -1
15433313931981248 1024 -1
15433313931981248 1024 -1
15433313931981248 1024 -1
15433313931981790 1024 -1
15433313931981790 1024 -1
15433313931981790 1024 -1
15433313931981790 1024 -1
15433313931982320 1024 -1
15433313931982320 1024 -1
15433313931989830 1024 -1
15433313931989830 1024 -1
15433313931989830 63 -1
15433313931990358 1024 -1
15433313931990358 1024 -1
15433313931990358 1024 -1
15433313931990358 1024 -1
15433313932046750 1024 -1
15433313932046750 1024 -1
15433313932046750 1024 -1
15433313932054760 1024 -1
15433313932054760 1024 -1
15433313932055262 1024 -1
15433313932055262 1024 -1
15433313932055262 1024 -1
15433313932058520 1024 -1
15433313932059072 1024 -1
15433313932059072 1024 -1
15433313932059072 1024 -1
15433313932059072 1024 -1
15433313932059072 1024 -1
15433313932059610 1024 -1
15433313932059610 1024 -1
15433313932060152 1024 -1
15433313932060152 1024 -1
15433313932060190 1024 -1
15433313932060190 1024 -1
15433313932060190 63 -1
15433313932060690 1024 -1
15433313932060690 1024 -1
15433313932060690 1024 -1
15433313932060690 1024 -1
15433313932061232 1024 -1
15433313932061232 1024 -1
15433313932061232 1024 -1
15433313932061780 1024 -1
15433313932061780 1024 -1
15433313932061780 1024 -1
15433313932061780 1024 -1
15433313932062320 1024 -1
15433313932062320 1024 -1
15433313932062850 1024 -1
15433313932063388 1024 -1
15433313932063388 1024 -1
15433313932063388 1024 -1
15433313932063388 1024 -1
15433313932063910 1024 -1
15433313932063910 1024 -1
15433313932063910 1024 -1
15433313932064440 1024 -1
15433313932064440 1024 -1
15433313932064440 1024 -1
15433313932064440 63 -1
15433313932064440 1024 -1
15433313932064960 1024 -1
15433313932064960 1024 -1
15433313932064960 1024 -1
15433313932064960 1024 -1
15433313932065510 1024 -1
15433313932065510 996 -1
15433313937069572 59 1
15433313937268010 1024 -1
15433313937268250 1024 -1
15433313937268332 1024 -1
15433313937268460 1024 -1
15433313937269010 1024 -1
15433313937269010 1024 -1
15433313937269570 1024 -1
15433313937269570 1024 -1
15433313937270132 1024 -1
15433313937270132 1024 -1
15433313937270660 1024 -1
15433313937270660 1024 -1
15433313937270660 1024 -1
15433313937271960 1024 -1
15433313937272490 1024 -1
15433313937272490 1024 -1
15433313937272490 1024 -1
15433313937272490 1024 -1
15433313937273050 1024 -1
15433313937273050 1024 -1
15433313937273050 1024 -1
15433313937273050 1024 -1
15433313937273590 1024 -1
15433313937273590 1024 -1
15433313937276090 1024 -1
15433313937276570 1024 -1
15433313937276570 1024 -1
15433313937276570 77 -1
15433313937277100 1024 -1
15433313937277100 1024 -1
15433313937277620 1024 -1
15433313937277620 1024 -1
15433313937277620 1024 -1
15433313937278150 1024 -1
15433313937278150 1024 -1
15433313937278150 1024 -1
15433313937278150 1024 -1
15433313937278710 1024 -1
15433313937278710 1024 -1
15433313937278710 1024 -1
15433313937279260 1024 -1
15433313937279260 1024 -1
15433313937279260 1024 -1
15433313937279840 1024 -1
15433313937279840 1024 -1
15433313937279840 1024 -1
15433313937279840 1024 -1
15433313937280400 1024 -1
15433313937280400 1024 -1
15433313937280400 1024 -1
15433313937285190 1024 -1
15433313937285740 1024 -1
15433313937285740 1024 -1
15433313937285740 1024 -1
15433313937285740 1024 -1
15433313937286250 919 -1
15433313937286250 1024 -1
15433313937286250 1024 -1
15433313937286250 1024 -1
15433313937286810 1024 -1
15433313937286810 1024 -1
15433313937286810 1024 -1
15433313937287360 1024 -1
15433313937287360 1024 -1
15433313937287360 1024 -1
15433313937287360 1024 -1
15433313937287890 1024 -1
15433313937287890 1024 -1
15433313937287890 1024 -1
15433313937287890 1024 -1
15433313937288440 1024 -1
15433313937288440 1024 -1
15433313937288440 1024 -1
15433313937289072 1024 -1
15433313937289072 1024 -1
15433313937289072 1024 -1
15433313937289072 1024 -1
15433313937295042 1024 -1
15433313937295548 1024 -1
15433313937295548 1024 -1
15433313937295548 1024 -1
15433313937295548 1024 -1
15433313937295548 1024 -1
15433313937296090 919 -1
15433313937296090 1024 -1
15433313937296090 1024 -1
15433313937296090 1024 -1
15433313937296670 1024 -1
15433313937296670 1024 -1
15433313937296670 1024 -1
15433313937297152 1024 -1
15433313937297152 1024 -1
15433313937297152 1024 -1
15433313937297152 1024 -1
15433313937297720 1024 -1
15433313937297720 1024 -1
15433313937298210 1024 -1
15433313937298210 1024 -1
15433313937298210 1024 -1
15433313937298210 1024 -1
15433313937298210 1024 -1
15433313937298760 1024 -1
15433313937298760 1024 -1
15433313937299320 1024 -1
15433313937299320 1024 -1
15433313937304900 1024 -1
15433313937305440 1024 -1
15433313937305440 1024 -1
15433313937305440 1024 -1
15433313937305440 1024 -1
15433313937306002 1024 -1
15433313937306002 919 -1
15433313937306002 1024 -1
15433313937306002 1024 -1
15433313937306530 1024 -1
15433313937306530 1024 -1
15433313937307090 1024 -1
15433313937307090 1024 -1
15433313937307090 1024 -1
15433313937307090 1024 -1
15433313937307090 1024 -1
15433313937307652 1024 -1
15433313937307652 1024 -1
15433313937307652 1024 -1
15433313937308190 1024 -1
15433313937308190 973 -1
15433313942310140 59 1
15433313942446640 1024 -1
15433313942446870 1024 -1
15433313942447200 1024 -1
15433313942447200 1024 -1
15433313942447720 1024 -1
15433313942447720 1024 -1
15433313942447720 1024 -1
15433313942447720 1024 -1
15433313942448260 1024 -1
15433313942449410 1024 -1
15433313942449410 1024 -1
15433313942449970 1024 -1
15433313942449970 1024 -1
15433313942449970 1024 -1
15433313942449970 993 -1
15433313947451530 58 1
15433313947663920 1024 -1
15433313947664090 430 -1
15433313947670500 1024 -1
15433313947670692 1024 -1
15433313947671060 1024 -1
15433313947671608 1024 -1
15433313947672710 1024 -1
15433313947672710 1024 -1
15433313947672710 1024 -1
15433313947672710 1024 -1
15433313947672710 1024 -1
15433313947674020 1024 -1
15433313947674602 1024 -1
15433313947674602 1024 -1
15433313947674602 1024 -1
15433313947674602 1024 -1
15433313947675180 1024 -1
15433313947675180 1024 -1
15433313947676380 1024 -1
15433313947676960 1024 -1
15433313947676960 1024 -1
15433313947676960 1024 -1
15433313947676960 1024 -1
15433313947676960 1024 -1
15433313947677482 1024 -1
15433313947677482 1024 -1
15433313947677482 72 -1
15433313947679100 1024 -1
15433313947679638 1024 -1
15433313947679638 1024 -1
15433313947679638 1024 -1
15433313947679638 1024 -1
15433313947680190 1024 -1
15433313947680190 1024 -1
15433313947680190 1024 -1
15433313947680718 1024 -1
15433313947680718 1024 -1
15433313947680718 1024 -1
15433313947680718 1024 -1
15433313947681250 1024 -1
15433313947681250 1024 -1
15433313947681250 1024 -1
15433313947681810 1024 -1
15433313947681810 1024 -1
15433313947684970 1024 -1
15433313947685530 1024 -1
15433313947685530 1024 -1
15433313947685530 1024 -1
15433313947685530 1024 -1
15433313947686050 1024 -1
15433313947686050 1024 -1
15433313947686050 63 -1
15433313947686050 1024 -1
15433313947686050 1024 -1
15433313947686580 1024 -1
15433313947687110 1024 -1
15433313947687110 1024 -1
15433313947687110 1024 -1
15433313947687110 1024 -1
15433313947687110 1024 -1
15433313947687110 1024 -1
15433313947687640 1024 -1
15433313947687640 1024 -1
15433313947687640 1024 -1
15433313947688210 1024 -1
15433313947688210 1024 -1
15433313947688210 1024 -1
15433313947688210 1024 -1
15433313947688760 1024 -1
15433313947688760 1024 -1
15433313947688760 1024 -1
15433313947689280 1024 -1
15433313947689280 1024 -1
15433313947695292 1024 -1
15433313947695292 1024 -1
15433313947695840 1024 -1
15433313947695840 63 -1
15433313947695840 1024 -1
15433313947695840 1024 -1
15433313947695840 1024 -1
15433313947696400 1024 -1
15433313947696400 1024 -1
15433313947696928 1024 -1
15433313947696928 1024 -1
15433313947696928 1024 -1
15433313947696928 1024 -1
15433313947696928 1024 -1
15433313947697490 1024 -1
15433313947697490 1024 -1
15433313947697490 1024 -1
15433313947697490 1024 -1
15433313947698040 1024 -1
15433313947698040 1024 -1
15433313947698600 1024 -1
15433313947698600 1024 -1
15433313947698600 1024 -1
15433313947698600 579 -1
15433313952699450 58 1
15433313953397720 1024 -1
15433313953397902 300 -1
15433313953477810 1024 -1
15433313953477970 1024 -1
15433313953478342 1024 -1
15433313953478840 1024 -1
15433313953478880 1024 -1
15433313953478880 1024 -1
15433313953479422 1024 -1
15433313953479422 1024 -1
15433313953479422 1024 -1
15433313953480530 1024 -1
15433313953480530 1024 -1
15433313953481080 1024 -1
15433313953481080 1024 -1
15433313953481080 1024 -1
15433313953481080 1024 -1
15433313953481620 1024 -1
15433313953481620 1024 -1
15433313953481620 1024 -1
15433313953481620 1024 -1
15433313953481620 1024 -1
15433313953484500 1024 -1
15433313953485060 1024 -1
15433313953485060 1024 -1
15433313953485610 1024 -1
15433313953485610 63 -1
15433313953559510 1024 -1
15433313953559780 1024 -1
15433313953559780 1024 -1
15433313953560578 1024 -1
15433313953560578 1024 -1
15433313953560578 1024 -1
15433313953560578 1024 -1
15433313953561120 1024 -1
15433313953562080 1024 -1
15433313953562600 1024 -1
15433313953562600 1024 -1
15433313953562600 1024 -1
15433313953562600 1024 -1
15433313953563098 1024 -1
15433313953563680 1024 -1
15433313953563680 1024 -1
15433313953563680 1024 -1
15433313953565600 1024 -1
15433313953566160 1024 -1
15433313953566160 1024 -1
15433313953566160 1024 -1
15433313953566160 1024 -1
15433313953566720 1024 -1
15433313953566720 1024 -1
15433313953566720 63 -1
15433313953609380 1024 -1
15433313953609480 1024 -1
15433313953609890 1024 -1
15433313953609920 1024 -1
15433313953610410 1024 -1
15433313953610440 1024 -1
15433313953610980 1024 -1
15433313953610980 1024 -1
15433313953611022 1024 -1
15433313953611578 1024 -1
15433313953611578 1024 -1
15433313953611578 1024 -1
15433313953611578 1024 -1
15433313953612090 1024 -1
15433313953612090 1024 -1
15433313953613390 1024 -1
15433313953613948 1024 -1
15433313953613948 1024 -1
15433313953613948 1024 -1
15433313953613948 1024 -1
15433313953614460 1024 -1
15433313953614460 1024 -1
15433313953614460 1024 -1
15433313953614460 1024 -1
15433313953614460 72 -1
15433313953630050 1024 -1
15433313953630600 1024 -1
15433313953631160 1024 -1
15433313953631160 1024 -1
15433313953631690 1024 -1
15433313953632230 1024 -1
15433313953632230 1024 -1
15433313953632230 1024 -1
15433313953632230 1024 -1
15433313953633520 1024 -1
15433313953634068 1024 -1
15433313953634068 1024 -1
15433313953634068 1024 -1
15433313953634068 1024 -1
15433313953634642 1024 -1
15433313953634642 1024 -1
15433313953634642 1024 -1
15433313953635150 1024 -1
15433313953635150 1024 -1
15433313953635150 1024 -1
15433313953637300 1024 -1
15433313953637890 1024 -1
15433313953637890 1024 -1
15433313953637890 1024 -1
15433313953637890 63 -1
15433313953639950 1024 -1
15433313953641030 1024 -1
15433313953641068 1024 -1
15433313953641068 785 -1
15433313958642362 58 1
15433313958919430 1024 -1
15433313958920520 494 -1
15433313958920520 1024 -1
15433313958920760 1024 -1
15433313958920760 1024 -1
15433313958921020 1024 -1
15433313958921020 1024 -1
15433313958921070 1024 -1
15433313958921558 1024 -1
15433313958921558 1024 -1
15433313958921558 1024 -1
15433313958921558 1024 -1
15433313958922100 1024 -1
15433313958922100 1024 -1
15433313958922100 1024 -1
15433313958922100 1024 -1
15433313958924060 1024 -1
15433313958924652 1024 -1
15433313958924652 1024 -1
15433313958924652 1024 -1
15433313958924652 1024 -1
15433313958924652 1024 -1
15433313958925150 1024 -1
15433313958925150 1024 -1
15433313958925150 1024 -1
15433313958925150 1024 -1
15433313958927180 63 -1
15433313958927180 785 -1
15433313958928400 1024 -1
15433313958929550 1024 -1
15433313958929550 1024 -1
15433313958929610 1024 -1
15433313958930090 1024 -1
15433313958930090 1024 -1
15433313958930090 1024 -1
15433313958930090 1024 -1
15433313958930600 1024 -1
15433313958931160 1024 -1
15433313958931160 1024 -1
15433313958931160 1024 -1
15433313958931702 1024 -1
15433313958931702 1024 -1
15433313958931702 1024 -1
15433313958931702 1024 -1
15433313958931702 45 -1
15433313958933590 1024 -1
15433313958934160 1024 -1
15433313958934160 1024 -1
15433313958934160 1024 -1
15433313958934160 1024 -1
15433313958934160 1024 -1
15433313958934700 1024 -1
15433313958934700 1024 -1
15433313958934700 1024 -1
15433313958936660 1024 -1
15433313958937220 1024 -1
15433313958937220 1024 -1
15433313958937220 1024 -1
15433313958937220 1024 -1
15433313958937790 1024 -1
15433313958937790 1024 -1
15433313958937790 1024 -1
15433313958937790 1024 -1
15433313958938310 1024 -1
15433313958938310 1024 -1
15433313958938310 1024 -1
15433313958938310 1024 -1
15433313958938830 1024 -1
15433313958938830 1024 -1
15433313958938830 63 -1
15433313958942090 1024 -1
15433313958942090 1024 -1
15433313958942450 1024 -1
15433313958942450 1024 -1
15433313958942450 1024 -1
15433313958942990 1024 -1
15433313958942990 1024 -1
15433313958942990 1024 -1
15433313958942990 1024 -1
15433313958943542 1024 -1
15433313958943542 1024 -1
15433313958943542 1024 -1
15433313958944060 1024 -1
15433313958944060 1024 -1
15433313958944060 1024 -1
15433313958944060 1024 -1
15433313958944610 1024 -1
15433313958944610 1024 -1
15433313958944610 1024 -1
15433313958944610 1024 -1
15433313958945160 1024 -1
15433313958945160 1024 -1
15433313958945160 1024 -1
15433313958945710 1024 -1
15433313958945710 63 -1
15433313958945710 1024 -1
15433313958945710 1024 -1
15433313958951080 1024 -1
15433313958951080 1024 -1
15433313958951530 1024 -1
15433313958951530 1024 -1
15433313958951530 1024 -1
15433313958952120 1024 -1
15433313958952120 1024 -1
15433313958952120 1024 -1
15433313958952120 1024 -1
15433313958952652 1024 -1
15433313958952652 1024 -1
15433313958952652 1024 -1
15433313958952652 1024 -1
15433313958953200 1024 -1
15433313958953200 1024 -1
15433313958953200 1024 -1
15433313958953782 1024 -1
15433313958953782 565 -1
15433313959033520 1024 -1
15433313959033598 1024 -1
15433313959034060 1024 -1
15433313959034060 1024 -1
15433313959034620 1024 -1
15433313959034620 1024 -1
15433313959034620 1024 -1
15433313959034620 1024 -1
15433313959034620 1024 -1
15433313959036080 1024 -1
15433313959036642 1024 -1
15433313959036642 1024 -1
15433313959036642 1024 -1
15433313959036642 1024 -1
15433313959037140 1024 -1
15433313959038160 1024 -1
15433313959038160 45 -1
15433313959038690 1024 -1
15433313959038690 1024 -1
15433313959038690 1024 -1
15433313959038690 1024 -1
15433313959039200 1024 -1
15433313959039200 1024 -1
15433313959039200 1024 -1
15433313959040950 1024 -1
15433313959041500 1024 -1
15433313959041500 1024 -1
15433313959041500 1024 -1
15433313959041500 1024 -1
15433313959042038 1024 -1
15433313959042612 1024 -1
15433313959042612 1024 -1
15433313959042612 1024 -1
15433313959042612 1024 -1
15433313959042612 1024 -1
15433313959042612 1024 -1
15433313959043160 1024 -1
15433313959043160 1024 -1
15433313959043160 1024 -1
15433313959043160 1024 -1
15433313959046522 1024 -1
15433313959046522 63 -1
15433313959047092 1024 -1
15433313959047092 1024 -1
15433313959047092 1024 -1
15433313959047092 1024 -1
15433313959047640 1024 -1
15433313959047640 1024 -1
15433313959047640 1024 -1
15433313959047640 1024 -1
15433313959048180 1024 -1
15433313959048180 748 -1
15433313964050050 407 1
15433313964456120 1024 -1
15433313964456288 513 -1
15433313964457240 68 -1
15433313964476800 1024 -1
15433313964476970 1024 -1
15433313964477950 1024 -1
15433313964477950 1024 -1
15433313964478490 1024 -1
15433313964478490 1024 -1
15433313964479010 1024 -1
15433313964479010 1024 -1
15433313964479570 1024 -1
15433313964479570 1024 -1
15433313964479570 1024 -1
15433313964479570 1024 -1
15433313964480090 1024 -1
15433313964480650 1024 -1
15433313964480650 1024 -1
15433313964480650 1024 -1
15433313964480650 45 -1
15433313964486720 1024 -1
15433313964486770 1024 -1
15433313964487280 203 -1
15433313969488202 406 1
15433313969776722 1024 -1
15433313969776930 1024 -1
15433313969776950 1024 -1
15433313969776950 1024 -1
15433313969777600 1024 -1
15433313969777600 1024 -1
15433313969777600 1024 -1
15433313969777600 1024 -1
15433313969777600 1024 -1
15433313969778718 1024 -1
15433313969778718 1024 -1
15433313969779270 1024 -1
15433313969779270 1024 -1
15433313969779270 1024 -1
15433313969779270 1024 -1
15433313969780460 1024 -1
15433313969781060 1024 -1
15433313969781060 1024 -1
15433313969781060 1024 -1
15433313969781060 1024 -1
15433313969781590 1024 -1
15433313969781590 1024 -1
15433313969781590 1024 -1
15433313969781590 1024 -1
15433313969781590 1024 -1
15433313969781590 439 -1
15433313969783640 1024 -1
15433313969784090 1024 -1
15433313969784090 1024 -1
15433313969784090 1024 -1
15433313969784090 1024 -1
15433313969784600 1024 -1
15433313969784600 1024 -1
15433313969784600 1024 -1
15433313969784600 1024 -1
15433313969785130 1024 -1
15433313969785130 1024 -1
15433313969785130 1024 -1
15433313969785650 1024 -1
15433313969785650 1024 -1
15433313969785650 1024 -1
15433313969785650 1024 -1
15433313969786270 1024 -1
15433313969786270 1024 -1
15433313969789022 1024 -1
15433313969789710 1024 -1
15433313969789710 1024 -1
15433313969789710 1024 -1
15433313969789710 1024 -1
15433313969789710 943 -1
15433313974791592 58 1
15433313976546290 1024 -1
15433313976546440 429 -1
15433313976546770 1024 -1
15433313976546810 1024 -1
15433313976547330 1024 -1
15433313976547870 1024 -1
15433313976547870 1024 -1
15433313976547870 1024 -1
15433313976548950 1024 -1
15433313976549530 1024 -1
15433313976549530 1024 -1
15433313976549530 1024 -1
15433313976550100 1024 -1
15433313976550100 1024 -1
15433313976550100 1024 -1
15433313976550610 1024 -1
15433313976550610 45 -1
15433313976550660 1024 -1
15433313976551170 1024 -1
15433313976551170 1024 -1
15433313976551170 1024 -1
15433313976551722 1024 -1
15433313976551722 1024 -1
15433313976552290 1024 -1
15433313976552290 1024 -1
15433313976552290 1024 -1
15433313976552290 1024 -1
15433313976553720 914 -1
15433313976554250 1024 -1
15433313976554250 1024 -1
15433313976554250 1024 -1
15433313976554250 1024 -1
15433313976554812 1024 -1
15433313976554812 1024 -1
15433313976554812 1024 -1
15433313976555330 1024 -1
15433313976556630 1024 -1
15433313976557240 1024 -1
15433313976557240 1024 -1
15433313976557240 1024 -1
15433313976557240 1024 -1
15433313976557750 1024 -1
15433313976557750 1024 -1
15433313976557750 1024 -1
15433313976557750 45 -1
15433313976557750 1024 -1
15433313976558280 1024 -1
15433313976558280 1024 -1
15433313976558280 1024 -1
15433313976558830 1024 -1
15433313976558830 1024 -1
15433313976558830 1024 -1
15433313976558830 1024 -1
15433313976559370 1024 -1
15433313976559370 1024 -1
15433313976559370 1024 -1
15433313976559370 883 -1
15433313976562942 1024 -1
15433313976563480 1024 -1
15433313976563480 1024 -1
15433313976563480 1024 -1
15433313976563480 1024 -1
15433313976564000 1024 -1
15433313976564000 1024 -1
15433313976564000 1024 -1
15433313976564000 1024 -1
15433313976564500 1024 -1
15433313976564500 1024 -1
15433313976566370 1024 -1
15433313976566920 1024 -1
15433313976566920 1024 -1
15433313976566920 1024 -1
15433313976566920 1024 -1
15433313976567460 1024 -1
15433313976567460 1024 -1
15433313976567460 1024 -1
15433313976567460 1024 -1
15433313976567970 1024 -1
15433313976567970 1024 -1
15433313976567970 1024 -1
15433313976568520 1024 -1
15433313976568520 63 -1
15433313976568520 1024 -1
15433313976568520 1024 -1
15433313976568520 1024 -1
15433313976569080 1024 -1
15433313976569080 1024 -1
15433313976569080 1024 -1
15433313976569080 1024 -1
15433313976569600 1024 -1
15433313976569600 1024 -1
15433313976569600 1024 -1
15433313976570220 1024 -1
15433313976570220 1024 -1
15433313976570220 1024 -1
15433313976570220 1024 -1
15433313976570690 1024 -1
15433313976570690 1024 -1
15433313976570690 1024 -1
15433313976570690 1024 -1
15433313976576290 1024 -1
15433313976576840 1024 -1
15433313976576840 1024 -1
15433313976576840 1024 -1
15433313976576840 1024 -1
15433313976576840 1024 -1
15433313976577402 63 -1
15433313976577402 1024 -1
15433313976577402 1024 -1
15433313976577402 1024 -1
15433313976577402 1024 -1
15433313976577950 1024 -1
15433313976577950 1024 -1
15433313976577950 1024 -1
15433313976577950 706 -1
15433313977467402 1024 -1
15433313977467480 1024 -1
15433313977467598 1024 -1
15433313977467598 1024 -1
15433313977468390 1024 -1
15433313977468390 1024 -1
15433313977468880 1024 -1
15433313977468880 1024 -1
15433313977468880 1024 -1
15433313977470018 1024 -1
15433313977470018 1024 -1
15433313977470018 1024 -1
15433313977470018 1024 -1
15433313977470018 1024 -1
15433313977470560 1024 -1
15433313977471220 1024 -1
15433313977471220 45 -1
15433313977471780 1024 -1
15433313977471780 1024 -1
15433313977471780 1024 -1
15433313977471780 1024 -1
15433313977472310 1024 -1
15433313977472310 1024 -1
15433313977472880 1024 -1
15433313977472880 1024 -1
15433313977472880 1024 -1
15433313977474280 1024 -1
15433313977474850 1024 -1
15433313977474850 1024 -1
15433313977474850 1024 -1
15433313977474850 1024 -1
15433313977475410 1024 -1
15433313977475410 1024 -1
15433313977475960 1024 -1
15433313977475960 1024 -1
15433313977475960 1024 -1
15433313977476512 1024 -1
15433313977476512 1024 -1
15433313977476512 1024 -1
15433313977476512 1024 -1
15433313977476512 1024 -1
15433313977479128 63 -1
15433313977479128 1024 -1
15433313977479630 1024 -1
15433313977479630 1024 -1
15433313977479630 778 -1
15433313982480560 59 1
15433313983579020 1024 -1
15433313983579180 494 -1
15433313983580090 1024 -1
15433313983580160 1024 -1
15433313983580160 1024 -1
15433313983580670 1024 -1
15433313983580670 1024 -1
15433313983581222 1024 -1
15433313983581750 1024 -1
15433313983581750 1024 -1
15433313983582380 1024 -1
15433313983582380 1024 -1
15433313983582380 1024 -1
15433313983582380 1024 -1
15433313983582380 1024 -1
15433313983583890 1024 -1
15433313983584412 1024 -1
15433313983584412 1024 -1
15433313983584412 1024 -1
15433313983585538 1024 -1
15433313983585538 1024 -1
15433313983585538 1024 -1
15433313983585538 1024 -1
15433313983586100 1024 -1
15433313983586100 1024 -1
15433313983586100 1024 -1
15433313983586100 63 -1
15433313983587300 1024 -1
15433313983587862 1024 -1
15433313983587862 1024 -1
15433313983587862 1024 -1
15433313983587862 1024 -1
15433313983588368 1024 -1
15433313983588368 1024 -1
15433313983588368 1024 -1
15433313983588368 1024 -1
15433313983588910 1024 -1
15433313983588910 1024 -1
15433313983588910 1024 -1
15433313983589470 1024 -1
15433313983589470 1024 -1
15433313983589470 1024 -1
15433313983589990 1024 -1
15433313983589990 1024 -1
15433313983589990 1024 -1
15433313983589990 1024 -1
15433313983590528 1024 -1
15433313983590528 1024 -1
15433313983593770 1024 -1
15433313983594310 1024 -1
15433313983594310 1024 -1
15433313983594310 63 -1
15433313983594310 1024 -1
15433313983594880 1024 -1
15433313983594880 1024 -1
15433313983594880 1024 -1
15433313983594880 1024 -1
15433313983594880 1024 -1
15433313983595430 1024 -1
15433313983595430 1024 -1
15433313983595430 1024 -1
15433313983595970 1024 -1
15433313983595970 1024 -1
15433313983595970 1024 -1
15433313983595970 1024 -1
15433313983596490 1024 -1
15433313983596490 1024 -1
15433313983596490 1024 -1
15433313983597040 1024 -1
15433313983597040 1024 -1
15433313983597040 1024 -1
15433313983597040 1024 -1
15433313983597590 955 -1
15433313988600150 59 1
15433313988772070 1024 -1
15433313988772200 1024 -1
15433313988772220 1024 -1
15433313988772220 1024 -1
15433313988772950 1024 -1
15433313988772950 1024 -1
15433313988773480 1024 -1
15433313988773480 1024 -1
15433313988773480 1024 -1
15433313988774820 1024 -1
15433313988774820 1024 -1
15433313988775360 1024 -1
15433313988775360 1024 -1
15433313988775360 1024 -1
15433313988775900 1024 -1
15433313988775900 1024 -1
15433313988775900 1024 -1
15433313988775900 1024 -1
15433313988775900 1024 -1
15433313988775900 1024 -1
15433313988777710 1024 -1
15433313988778240 1024 -1
15433313988778240 1024 -1
15433313988778240 1024 -1
15433313988778240 1024 -1
15433313988778790 1024 -1
15433313988778790 1024 -1
15433313988778790 24 -1
15433313988779358 1024 -1
15433313988779358 1024 -1
15433313988779358 1024 -1
15433313988779358 1024 -1
15433313988779910 1024 -1
15433313988779910 1024 -1
15433313988779910 1024 -1
15433313988779910 1024 -1
15433313988780450 1024 -1
15433313988780450 1024 -1
15433313988780450 1024 -1
15433313988781000 1024 -1
15433313988781000 1024 -1
15433313988781000 1024 -1
15433313988781000 1024 -1
15433313988781560 1024 -1
15433313988781560 1024 -1
15433313988781560 1024 -1
15433313988781560 1024 -1
15433313988782110 1024 -1
15433313988782110 1024 -1
15433313988785250 1024 -1
15433313988785780 1024 -1
15433313988785780 1024 -1
15433313988785780 1024 -1
15433313988785780 1024 -1
15433313988786340 1024 -1
15433313988786340 919 -1
15433313988786340 1024 -1
15433313988786880 1024 -1
15433313988786880 1024 -1
15433313988786880 1024 -1
15433313988786880 1024 -1
15433313988787420 1024 -1
15433313988787420 1024 -1
15433313988787420 1024 -1
15433313988787420 1024 -1
15433313988787962 1024 -1
15433313988787962 1024 -1
15433313988787962 1024 -1
15433313988787962 1024 -1
15433313988788480 1024 -1
15433313988788480 1024 -1
15433313988788480 1024 -1
15433313988789010 1024 -1
15433313988789010 1024 -1
15433313988789010 1024 -1
15433313988789010 1024 -1
15433313988789540 1024 -1
15433313988789540 1024 -1
15433313988789540 1024 -1
15433313988790100 1024 -1
15433313988794680 1024 -1
15433313988794680 1024 -1
15433313988795240 1024 -1
15433313988795240 919 -1
15433313988795240 1024 -1
15433313988795240 1024 -1
15433313988795750 1024 -1
15433313988795750 1024 -1
15433313988795750 1024 -1
15433313988795750 1024 -1
15433313988796310 1024 -1
15433313988796310 1024 -1
15433313988796310 1024 -1
15433313988796862 1024 -1
15433313988796862 1024 -1
15433313988796862 1024 -1
15433313988796862 1024 -1
15433313988797390 1024 -1
15433313988797390 1024 -1
15433313988797390 1024 -1
15433313988797390 1024 -1
15433313988797930 1024 -1
15433313988797930 1024 -1
15433313988797930 1024 -1
15433313988798470 1024 -1
15433313988798470 1024 -1
15433313988798470 1024 -1
15433313988798470 1024 -1
15433313988799010 1024 -1
15433313988799010 1024 -1
15433313988799010 1024 -1
15433313988799010 919 -1
15433313988804650 1024 -1
15433313988805180 1024 -1
15433313988805180 1024 -1
15433313988805180 1024 -1
15433313988805720 1024 -1
15433313988805720 1024 -1
15433313988805720 1024 -1
15433313988805720 1024 -1
15433313988805720 1024 -1
15433313988806260 1024 -1
15433313988806260 1024 -1
15433313988806260 1024 -1
15433313988806810 1024 -1
15433313988806810 1024 -1
15433313988806810 1024 -1
15433313988806810 1024 -1
15433313988807330 1024 -1
15433313988807330 1024 -1
15433313988807330 1024 -1
15433313988807880 1024 -1
15433313988807880 1024 -1
15433313988807880 1024 -1
15433313988807880 1024 -1
15433313988807880 1024 -1
15433313988808410 1024 -1
15433313988808410 1024 -1
15433313988808410 1024 -1
15433313988808960 919 -1
15433313988808960 1024 -1
15433313988808960 1024 -1
15433313988808960 1024 -1
15433313988814580 1024 -1
15433313988814580 1024 -1
15433313988815132 1024 -1
15433313988815132 1024 -1
15433313988815132 1024 -1
15433313988815132 1024 -1
15433313988815690 1024 -1
15433313988815690 1024 -1
15433313988815690 1024 -1
15433313988815690 1024 -1
15433313988816240 1024 -1
15433313988816240 1024 -1
15433313988816240 1024 -1
15433313988816770 1024 -1
15433313988816770 1024 -1
15433313988816770 1024 -1
15433313988816770 1024 -1
15433313988817338 1024 -1
15433313988817338 943 -1
15433313993818260 59 1
15433313994271122 1024 -1
15433313994271660 492 -1
15433313994273870 1024 -1
15433313994274450 1024 -1
15433313994274450 1024 -1
15433313994275010 1024 -1
15433313994275010 1024 -1
15433313994275010 1024 -1
15433313994276340 1024 -1
15433313994276890 1024 -1
15433313994276890 1024 -1
15433313994276890 1024 -1
15433313994276890 1024 -1
15433313994277420 1024 -1
15433313994277420 1024 -1
15433313994278560 1024 -1
15433313994278560 1024 -1
15433313994278560 1024 -1
15433313994278560 1024 -1
15433313994279150 1024 -1
15433313994279150 1024 -1
15433313994279150 1024 -1
15433313994279150 1024 -1
15433313994279690 1024 -1
15433313994279690 1024 -1
15433313994279690 1024 -1
15433313994279690 63 -1
15433313994281680 1024 -1
15433313994282220 1024 -1
15433313994282220 1024 -1
15433313994282220 1024 -1
15433313994282220 1024 -1
15433313994282770 1024 -1
15433313994282770 1024 -1
15433313994282770 1024 -1
15433313994283370 1024 -1
15433313994283370 1024 -1
15433313994283370 1024 -1
15433313994283370 1024 -1
15433313994283900 1024 -1
15433313994283900 1024 -1
15433313994283900 1024 -1
15433313994283900 1024 -1
15433313994284410 1024 -1
15433313994284410 1024 -1
15433313994284410 1024 -1
15433313994284410 1024 -1
15433313994288420 1024 -1
15433313994288950 1024 -1
15433313994288950 1024 -1
15433313994288950 1024 -1
15433313994288950 63 -1
15433313994288950 1024 -1
15433313994289492 1024 -1
15433313994289492 1024 -1
15433313994289492 1024 -1
15433313994289492 1024 -1
15433313994290040 1024 -1
15433313994290040 1024 -1
15433313994290040 1024 -1
15433313994290550 1024 -1
15433313994290550 1024 -1
15433313994290550 1024 -1
15433313994290550 1024 -1
15433313994291142 1024 -1
15433313994291142 1024 -1
15433313994291142 1024 -1
15433313994291142 1024 -1
15433313994291590 1024 -1
15433313994291590 1024 -1
15433313994291590 1024 -1
15433313994292120 1024 -1
15433313994292120 1024 -1
15433313994292120 1024 -1
15433313994292660 1024 -1
15433313994292660 1024 -1
15433313994292660 63 -1
15433313994292660 1024 -1
15433313994292660 1024 -1
15433313994298502 1024 -1
15433313994299050 1024 -1
15433313994299050 1024 -1
15433313994299050 1021 -1
15433313999299970 59 1
15433314000430680 1024 -1
15433314000430810 1024 -1
15433314000431600 1024 -1
15433314000431600 1024 -1
15433314000431710 1024 -1
15433314000431710 1024 -1
15433314000431710 1024 -1
15433314000431710 1024 -1
15433314000432150 1024 -1
15433314000432730 1024 -1
15433314000433270 1024 -1
15433314000433270 1024 -1
15433314000433270 1024 -1
15433314000433270 1024 -1
15433314000433810 1024 -1
15433314000433810 1024 -1
15433314000433810 1024 -1
15433314000434380 1024 -1
15433314000434380 1024 -1
15433314000434380 1024 -1
15433314000436530 1024 -1
15433314000437060 1024 -1
15433314000437060 1024 -1
15433314000437060 1024 -1
15433314000437060 1024 -1
15433314000437610 1024 -1
15433314000437610 603 -1
15433314000438750 1024 -1
15433314000438750 1024 -1
15433314000438750 1024 -1
15433314000438750 1024 -1
15433314000438750 1024 -1
15433314000439292 1024 -1
15433314000439292 1024 -1
15433314000439292 1024 -1
15433314000439810 1024 -1
15433314000439810 1024 -1
15433314000439810 1024 -1
15433314000439810 1024 -1
15433314000440360 1024 -1
15433314000440360 1024 -1
15433314000440360 1024 -1
15433314000440920 1024 -1
15433314000440920 1024 -1
15433314000441480 1024 -1
15433314000441480 1024 -1
15433314000444770 1024 -1
15433314000445312 1024 -1
15433314000445312 1024 -1
15433314000445312 1024 -1
15433314000445312 1024 -1
15433314000445850 1024 -1
15433314000445850 1024 -1
15433314000445850 1024 -1
15433314000446420 919 -1
15433314000446420 1024 -1
15433314000446420 1024 -1
15433314000446420 1024 -1
15433314000446940 1024 -1
15433314000446940 1024 -1
15433314000446940 1024 -1
15433314000447500 1024 -1
15433314000447500 1024 -1
15433314000447500 1024 -1
15433314000447500 1024 -1
15433314000448050 1024 -1
15433314000448050 1024 -1
15433314000448050 1024 -1
15433314000448610 1024 -1
15433314000448610 1024 -1
15433314000449172 1024 -1
15433314000449172 1024 -1
15433314000449172 1024 -1
15433314000449172 1024 -1
15433314000449728 1024 -1
15433314000449728 1024 -1
15433314000449728 1024 -1
15433314000454258 1024 -1
15433314000454258 1024 -1
15433314000454800 1024 -1
15433314000454800 1024 -1
15433314000454800 1024 -1
15433314000454800 919 -1
15433314000455320 1024 -1
15433314000455320 1024 -1
15433314000455320 1024 -1
15433314000455320 1024 -1
15433314000455830 1024 -1
15433314000455830 1024 -1
15433314000455830 1024 -1
15433314000456380 1024 -1
15433314000456380 1024 -1
15433314000456380 1024 -1
15433314000456380 1024 -1
15433314000456900 1024 -1
15433314000456900 1024 -1
15433314000456900 1024 -1
15433314000457410 1024 -1
15433314000457410 1024 -1
15433314000457950 1024 -1
15433314000457950 1024 -1
15433314000457950 1024 -1
15433314000457950 1024 -1
15433314000458470 1024 -1
15433314000458470 1024 -1
15433314000458470 1024 -1
15433314000459010 1024 -1
15433314000459010 1024 -1
15433314000459010 1024 -1
15433314000464180 1024 -1
15433314000464180 919 -1
15433314000553420 1024 -1
15433314000553500 1024 -1
15433314000553500 1024 -1
15433314000554230 1024 -1
15433314000554230 1024 -1
15433314000554230 1024 -1
15433314000554790 1024 -1
15433314000554790 1024 -1
15433314000555330 1024 -1
15433314000555330 1024 -1
15433314000555330 1024 -1
15433314000555330 1024 -1
15433314000555330 1024 -1
15433314000557000 1024 -1
15433314000557000 1024 -1
15433314000557570 1024 -1
15433314000557570 1024 -1
15433314000557570 1024 -1
15433314000557570 1024 -1
15433314000558800 1024 -1
15433314000559350 1024 -1
15433314000559350 1024 -1
15433314000559350 1024 -1
15433314000559350 1024 -1
15433314000559910 1024 -1
15433314000559910 1024 -1
15433314000559910 1024 -1
15433314000560470 919 -1
15433314000561790 1024 -1
15433314000561790 1024 -1
15433314000561790 1024 -1
15433314000561790 1024 -1
15433314000562338 1024 -1
15433314000562338 1024 -1
15433314000562338 1024 -1
15433314000562338 1024 -1
15433314000562830 1024 -1
15433314000563418 1024 -1
15433314000563418 1024 -1
15433314000563418 1024 -1
15433314000563418 1024 -1
15433314000563418 1024 -1
15433314000563418 1024 -1
15433314000563960 973 -1
