### "'76488 75990 108893 82648 21233 11740 49583 24383 64329 21269 10763 75990 99744 114417 182074 253039 29073 60273 101803'"
0 0 0
15444643727164810 148 1
15444643727164810 200 1
0 0 0
15444643728435630 148 1
15444643728435630 210 1
15444643728435710 39 -1
15444643728436070 13 -1
15444643728484040 9 -1
15444643728492960 321 -1
15444643728493480 9 -1
15444643728495600 16383 -1
15444643728495600 1 -1
15444643728495600 9 -1
15444643728498300 16382 -1
15444643728498300 2 -1
15444643728498300 9 -1
15444643728542730 16381 -1
15444643728542730 3 -1
15444643728542730 9 -1
15444643728544878 16383 -1
15444643728544878 1 -1
15444643728544878 9 -1
15444643728546000 10454 -1
15444643732576530 88 1
15444643732632260 182 -1
15444643732632390 9 -1
15444643732634910 16383 -1
15444643732634972 1 -1
15444643732635000 9 -1
15444643732637670 16382 -1
15444643732637730 2 -1
15444643732637730 9 -1
15444643732640390 16381 -1
15444643732640450 3 -1
15444643732640480 9 -1
15444643732642540 16383 -1
15444643732643090 1 -1
15444643732643120 9 -1
15444643732645250 16383 -1
15444643732645790 1 -1
15444643732645832 9 -1
15444643732647942 16382 -1
15444643732648000 2 -1
15444643732648480 9 -1
15444643732681370 10589 -1
15444643736737630 87 1
15444643736794550 162 -1
15444643736794710 9 -1
15444643736797870 16383 -1
15444643736798000 1 -1
15444643736798028 9 -1
15444643736800580 16383 -1
15444643736800620 1 -1
15444643736800640 9 -1
15444643736802760 16382 -1
15444643736803340 2 -1
15444643736803380 9 -1
15444643736806020 16381 -1
15444643736806070 3 -1
15444643736806100 9 -1
15444643736808692 16383 -1
15444643736808730 1 -1
15444643736808760 9 -1
15444643736809270 728 -1
15444643741019190 88 1
15444643741073320 182 -1
15444643741073490 9 -1
15444643741076040 16383 -1
15444643741076530 1 -1
15444643741076570 9 -1
15444643741077610 4849 -1
15444643745390970 88 1
15444643745445700 159 -1
15444643745445810 9 -1
15444643745448640 11740 -1
15444643749487000 88 1
15444643749543220 159 -1
15444643749543740 9 -1
15444643749545970 16383 -1
15444643749546030 1 -1
15444643749546060 9 -1
15444643749548700 16383 -1
15444643749548750 1 -1
15444643749549250 9 -1
15444643749551440 16382 -1
15444643749551498 2 -1
15444643749551520 9 -1
15444643749552000 431 -1
15444643753659370 87 1
15444643753715230 176 -1
15444643753715350 9 -1
15444643753717862 16383 -1
15444643753717920 1 -1
15444643753717950 9 -1
15444643753719530 7999 -1
15444643757771370 9 1
15444643757771370 62 1
15444643757825490 130 -1
15444643757825630 9 -1
15444643757828168 16383 -1
15444643757828720 1 -1
15444643757828760 9 -1
15444643757831330 16383 -1
15444643757831370 1 -1
15444643757831390 9 -1
15444643757833550 16382 -1
15444643757834092 2 -1
15444643757834110 9 -1
15444643757836340 15177 -1
15444643761929122 88 1
15444643761983330 178 -1
15444643761983480 9 -1
15444643761986130 16383 -1
15444643761986188 1 -1
15444643761986220 9 -1
15444643761987740 4885 -1
15444643766052740 88 1
15444643766111590 154 -1
15444643766111750 9 -1
15444643766114420 7417 -1
15444643770126490 78 1
15444643770180580 274 -1
15444643770180750 9 -1
15444643770181660 3329 -1
15444643774187730 78 1
15444643774242470 148 -1
15444643774243000 9 -1
15444643774243578 3151 -1
15444643778260560 78 1
15444643778314900 148 -1
15444643778315020 9 -1
15444643778315970 2617 -1
15444643782338810 77 1
15444643782397630 171 -1
15444643782398190 9 -1
15444643782398780 3151 -1
15444643786442090 79 1
15444643786498800 149 -1
15444643786498950 9 -1
15444643786500010 3329 -1
15444643790515690 63 1
15444643790569640 139 -1
15444643790569740 9 -1
15444643790571880 7602 -1
15444643794588750 62 1
15444643794642280 116 -1
15444643794642830 9 -1
15444643794645750 7380 -1
15444643798661420 63 1
15444643798716280 129 -1
15444643798716810 9 -1
15444643798717900 5499 -1
15444643802752530 63 1
15444643802807310 148 -1
15444643802807428 9 -1
15444643802809510 5178 -1
15444643806831470 63 1
15444643806884748 129 -1
15444643806885272 9 -1
15444643806886960 5715 -1
15444643810912312 63 1
15444643810968530 257 -1
15444643810968708 9 -1
15444643810970718 10763 -1
15444643814990680 88 1
15444643815047830 141 -1
15444643815048030 9 -1
15444643815050550 16383 -1
15444643815050622 1 -1
15444643815050660 9 -1
15444643815053210 16382 -1
15444643815053270 2 -1
15444643815053310 9 -1
15444643815055922 16381 -1
15444643815055940 3 -1
15444643815055972 9 -1
15444643815058620 16380 -1
15444643815058640 4 -1
15444643815058650 9 -1
15444643815060300 10454 -1
15444643828499280 78 1
15444643828554050 170 -1
15444643828554580 9 -1
15444643828555680 2973 -1
15444643832568480 59 1
15444643832623460 95 -1
15444643832623702 9 -1
15444643832626150 16383 -1
15444643832626222 1 -1
15444643832626250 9 -1
15444643832628840 16383 -1
15444643832628920 1 -1
15444643832628970 9 -1
15444643832631518 16382 -1
15444643832631568 2 -1
15444643832631590 9 -1
15444643832634202 16381 -1
15444643832634240 3 -1
15444643832634260 9 -1
15444643832636420 16383 -1
15444643832636970 1 -1
15444643832637010 9 -1
15444643832639100 16382 -1
15444643832639170 2 -1
15444643832639192 9 -1
15444643832639660 1440 -1
15444643836983300 78 1
15444643837037448 135 -1
15444643837037612 9 -1
15444643837039198 3329 -1
15444643841060200 59 1
15444643841115610 155 -1
15444643841115810 9 -1
15444643841118900 16383 -1
15444643841119470 1 -1
15444643841119550 9 -1
15444643841121660 16383 -1
15444643841121750 1 -1
15444643841121790 9 -1
15444643841124390 16382 -1
15444643841124440 2 -1
15444643841124470 9 -1
15444643841127068 16381 -1
15444643841127120 3 -1
15444643841127150 9 -1
15444643841129300 16380 -1
15444643841129848 4 -1
15444643841129920 9 -1
15444643841132030 16379 -1
15444643841132072 5 -1
15444643841132090 9 -1
15444643841134720 16113 -1
15444643845507010 78 1
15444643845560510 147 -1
15444643845560710 9 -1
15444643845562070 3329 -1
15444643849578130 58 1
15444643849632210 131 -1
15444643849632412 9 -1
15444643849634920 16383 -1
15444643849635470 1 -1
15444643849635550 9 -1
15444643849637700 16383 -1
15444643849637790 1 -1
15444643849637840 9 -1
15444643849640370 16382 -1
15444643849640440 2 -1
15444643849640470 9 -1
15444643849643140 16381 -1
15444643849643190 3 -1
15444643849643220 9 -1
15444643849645938 16383 -1
15444643849646000 1 -1
15444643849646020 9 -1
15444643849648710 16382 -1
15444643849648760 2 -1
15444643849648780 9 -1
15444643849650950 16381 -1
15444643849651430 3 -1
15444643849651460 9 -1
15444643849681540 16380 -1
15444643849682090 4 -1
15444643849682130 9 -1
15444643849684760 16379 -1
15444643849684802 5 -1
15444643849684830 9 -1
15444643849686990 16383 -1
15444643849687050 1 -1
15444643849687070 9 -1
15444643849689700 16382 -1
15444643849689742 2 -1
15444643849689770 9 -1
15444643849690280 1850 -1
15444643853985788 78 1
15444643854040830 171 -1
15444643854041050 9 -1
15444643854041910 2973 -1
15444643858070820 58 1
15444643858127610 130 -1
15444643858127790 9 -1
15444643858130360 16383 -1
15444643858130432 1 -1
15444643858130478 9 -1
15444643858133080 16383 -1
15444643858133170 1 -1
15444643858133230 9 -1
15444643858135800 16382 -1
15444643858135840 2 -1
15444643858135870 9 -1
15444643858138520 16381 -1
15444643858138558 3 -1
15444643858138580 9 -1
15444643858141292 16383 -1
15444643858141330 1 -1
15444643858141350 9 -1
15444643858143420 16382 -1
15444643858143460 2 -1
15444643858143980 9 -1
15444643858146210 16381 -1
15444643858146278 3 -1
15444643858146300 9 -1
15444643858148880 16380 -1
15444643858148930 4 -1
15444643858149400 9 -1
15444643858151490 16379 -1
15444643858151528 5 -1
15444643858151550 9 -1
15444643858154270 16383 -1
15444643858154300 1 -1
15444643858154320 9 -1
15444643858156950 16382 -1
15444643858156980 2 -1
15444643858157000 9 -1
15444643858159160 16381 -1
15444643858159690 3 -1
15444643858159720 9 -1
15444643858162410 16380 -1
15444643858162450 4 -1
15444643858162480 9 -1
15444643858164650 16379 -1
15444643858164710 5 -1
15444643858164730 9 -1
15444643858167310 16378 -1
15444643858167360 6 -1
15444643858167850 9 -1
15444643858168950 7279 -1
15444643862822152 78 1
15444643862879750 170 -1
15444643862879990 9 -1
15444643862880868 3685 -1
15444643866918500 59 1
15444643866973870 221 -1
15444643866974030 9 -1
15444643866976590 16383 -1
15444643866976700 1 -1
15444643866976768 9 -1
15444643866978800 12689 -1
15444643871021200 77 1
15444643871074660 170 -1
15444643871074860 9 -1
15444643871075708 2439 -1
15444643875088050 78 1
15444643875141690 146 -1
15444643875141850 9 -1
15444643875142788 2439 -1
15444643879164390 78 1
15444643879218170 156 -1
15444643879218320 9 -1
15444643879221510 7779 -1
15444643883243238 59 1
15444643883304160 149 -1
15444643883304310 9 -1
15444643883306910 16383 -1
15444643883307430 1 -1
15444643883307518 9 -1
15444643883310140 16383 -1
15444643883310210 1 -1
15444643883310290 9 -1
15444643883312340 16382 -1
15444643883312880 2 -1
15444643883312920 9 -1
15444643883314580 11121 -1
15444643887448840 59 1
15444643887503610 131 -1
15444643887503760 9 -1
15444643887506390 16383 -1
15444643887506950 1 -1
15444643887507030 9 -1
15444643887509100 16383 -1
15444643887509230 1 -1
15444643887509310 9 -1
15444643887512332 16382 -1
15444643887512370 2 -1
15444643887512390 9 -1
15444643887514470 16381 -1
15444643887514998 3 -1
15444643887515040 9 -1
15444643887517190 16383 -1
15444643887517740 1 -1
15444643887517770 9 -1
15444643887519960 16382 -1
15444643887520512 2 -1
15444643887520540 9 -1
15444643887521080 3499 -1
0 0 0
15444643727769820 148 1
15444643727769820 192 1
15444643727770300 39 -1
15444643727770340 13 -1
15444643727817740 9 -1
15444643727823630 308 -1
15444643727823700 9 -1
15444643727826930 16383 -1
15444643727826930 1 -1
15444643727826960 9 -1
15444643727829080 16383 -1
15444643727829080 1 -1
15444643727829080 9 -1
15444643727873198 16382 -1
15444643727873198 2 -1
15444643727873198 9 -1
15444643727875340 16381 -1
15444643727875340 3 -1
15444643727875340 9 -1
15444643727881802 10952 -1
0 0 0
15444643727439070 39 -1
15444643727439110 13 -1
15444643727575720 148 1
15444643727628360 9 -1
15444643727628738 200 1
15444643727691100 310 -1
15444643727691218 9 -1
15444643727692202 2973 -1
0 0 0
15444643727466170 39 -1
15444643727466220 13 -1
15444643727684250 148 1
15444643727684250 199 1
15444643727732698 9 -1
15444643727738660 310 -1
15444643727738730 9 -1
15444643727739740 2795 -1
0 0 0
15444643727354830 39 -1
15444643727355380 13 -1
15444643727561670 148 1
15444643727561670 200 1
15444643727616690 9 -1
15444643727621610 311 -1
15444643727622040 9 -1
15444643727622700 3329 -1
0 0 0
15444643727291550 39 -1
15444643727291638 13 -1
15444643727380670 148 1
15444643727380670 200 1
15444643727437060 9 -1
15444643727444120 311 -1
15444643727444660 9 -1
15444643727445230 2035 -1
