### "'28135 63228 91130 66511 154236 99879 164125 170941 279275 347822 239369 272874 302755 384868 429812'"
0 0 0
15434529326618290 148 1
15434529326618290 215 1
15434529326618568 39 -1
15434529326618610 13 -1
15434529326666902 9 -1
15434529326673560 322 -1
15434529326673610 9 -1
15434529326676540 16383 -1
15434529326676540 1 -1
15434529326676590 9 -1
15434529326678700 16383 -1
15434529326678700 1 -1
15434529326678700 9 -1
15434529326723310 16382 -1
15434529326723310 2 -1
15434529326723310 9 -1
15434529326724970 14076 -1
0 0 0
15434529326330590 39 -1
15434529326330650 13 -1
15434529326333050 148 1
15434529326333050 205 1
15434529326388280 9 -1
15434529326395540 312 -1
15434529326395600 9 -1
15434529326399200 16383 -1
15434529326399260 1 -1
15434529326399282 9 -1
15434529326401420 11751 -1
0 0 0
15434529326357290 148 1
15434529326357290 196 1
0 0 0
15434529326454690 148 1
15434529326454690 185 1
0 0 0
15434529326278510 39 -1
15434529326278570 13 -1
15434529326445600 148 1
15434529326445600 204 1
15434529326499980 9 -1
15434529326507020 311 -1
15434529326507070 9 -1
15434529326510120 3151 -1
15434529331555070 78 1
15434529331616040 172 -1
15434529331616180 9 -1
15434529331616560 2439 -1
15434529336617898 58 1
15434529336678240 129 -1
15434529336678760 9 -1
15434529336681500 16383 -1
15434529336681540 1 -1
15434529336681560 9 -1
15434529336684170 16382 -1
15434529336684220 2 -1
15434529336684730 9 -1
15434529336734810 16383 -1
15434529336734810 1 -1
15434529336734810 9 -1
15434529336737520 16382 -1
15434529336737520 2 -1
15434529336737520 9 -1
15434529336739710 16381 -1
15434529336739710 3 -1
15434529336739710 9 -1
15434529336740790 9210 -1
15434529341741570 58 1
15434529341802968 155 -1
15434529341803530 9 -1
15434529341806240 16383 -1
15434529341806770 1 -1
15434529341806800 9 -1
15434529341809470 16382 -1
15434529341809500 2 -1
15434529341809520 9 -1
15434529341812180 16383 -1
15434529341812230 1 -1
15434529341812250 9 -1
15434529341857340 16382 -1
15434529341857340 2 -1
15434529341857340 9 -1
15434529341857340 975 -1
15434529346858620 58 1
15434529346920230 132 -1
15434529346920740 9 -1
15434529346922930 16383 -1
15434529346922960 1 -1
15434529346922970 9 -1
15434529346925610 16382 -1
15434529346925640 2 -1
15434529346926170 9 -1
15434529346928360 16381 -1
15434529346928920 3 -1
15434529346928940 9 -1
15434529346931068 16380 -1
15434529346931600 4 -1
15434529346931630 9 -1
15434529346976308 16383 -1
15434529346976308 1 -1
15434529346976308 9 -1
15434529346977940 16382 -1
15434529346977940 2 -1
15434529346977940 9 -1
15434529346980620 16381 -1
15434529346980620 3 -1
15434529346980620 9 -1
15434529346982730 16380 -1
15434529346982770 4 -1
15434529346982790 9 -1
15434529346985480 16383 -1
15434529346985480 1 -1
15434529346985480 9 -1
15434529346986560 6780 -1
15434529351994390 58 1
15434529352078422 142 -1
15434529352078590 9 -1
15434529352081630 16383 -1
15434529352081658 1 -1
15434529352082190 9 -1
15434529352084370 16383 -1
15434529352084410 1 -1
15434529352084930 9 -1
15434529352087080 16382 -1
15434529352087640 2 -1
15434529352087660 9 -1
15434529352089738 16381 -1
15434529352090280 3 -1
15434529352090300 9 -1
15434529352093000 16380 -1
15434529352093000 4 -1
15434529352093000 9 -1
15434529352095160 16379 -1
15434529352095160 5 -1
15434529352095160 9 -1
15434529352095160 1575 -1
15434529357096838 58 1
15434529357158920 131 -1
15434529357159440 9 -1
15434529357162148 16383 -1
15434529357162180 1 -1
15434529357162200 9 -1
15434529357164860 16382 -1
15434529357164870 2 -1
15434529357164890 9 -1
15434529357167510 16381 -1
15434529357167550 3 -1
15434529357167562 9 -1
15434529357170270 16383 -1
15434529357170370 1 -1
15434529357170400 9 -1
15434529357173000 16382 -1
15434529357173020 2 -1
15434529357173050 9 -1
15434529357175710 16381 -1
15434529357175738 3 -1
15434529357175770 9 -1
15434529357214150 16380 -1
15434529357214150 4 -1
15434529357214150 9 -1
15434529357216320 16379 -1
15434529357216320 5 -1
15434529357216320 9 -1
15434529357218480 16378 -1
15434529357218480 6 -1
15434529357218480 9 -1
15434529357220640 16377 -1
15434529357220640 7 -1
15434529357220640 9 -1
15434529357220640 285 -1
15434529362222670 58 1
15434529362282888 156 -1
15434529362283400 9 -1
15434529362286140 16383 -1
15434529362286150 1 -1
15434529362286170 9 -1
15434529362288240 16382 -1
15434529362288762 2 -1
15434529362288780 9 -1
15434529362291520 16383 -1
15434529362291550 1 -1
15434529362291570 9 -1
15434529362294240 16382 -1
15434529362294322 2 -1
15434529362294340 9 -1
15434529362296340 16381 -1
15434529362296910 3 -1
15434529362296960 9 -1
15434529362299030 16380 -1
15434529362299540 4 -1
15434529362299560 9 -1
15434529362302280 16379 -1
15434529362302300 5 -1
15434529362302320 9 -1
15434529362304968 16378 -1
15434529362305010 6 -1
15434529362305018 9 -1
15434529362339360 16383 -1
15434529362339360 1 -1
15434529362339360 9 -1
15434529362341010 16382 -1
15434529362341010 2 -1
15434529362341010 9 -1
15434529362342110 7101 -1
15434529367344420 78 1
15434529367406920 149 -1
15434529367407420 9 -1
15434529367408590 3507 -1
15434529372409370 58 1
15434529372470200 155 -1
15434529372470688 9 -1
15434529372473430 16383 -1
15434529372473978 1 -1
15434529372473990 9 -1
15434529372476202 16382 -1
15434529372476220 2 -1
15434529372476740 9 -1
15434529372478940 16383 -1
15434529372479488 1 -1
15434529372479520 9 -1
15434529372481710 16382 -1
15434529372481730 2 -1
15434529372482260 9 -1
15434529372484460 16381 -1
15434529372485030 3 -1
15434529372485052 9 -1
15434529372487162 16380 -1
15434529372487720 4 -1
15434529372487770 9 -1
15434529372490440 16379 -1
15434529372490470 5 -1
15434529372490490 9 -1
15434529372493150 16378 -1
15434529372493178 6 -1
15434529372493200 9 -1
15434529372495890 16383 -1
15434529372495920 1 -1
15434529372495940 9 -1
15434529372526360 16382 -1
15434529372526360 2 -1
15434529372526360 9 -1
15434529372528542 16381 -1
15434529372528542 3 -1
15434529372528542 9 -1
15434529372531340 16380 -1
15434529372531340 4 -1
15434529372531340 9 -1
15434529372533290 16379 -1
15434529372533390 5 -1
15434529372533432 9 -1
15434529372535940 16383 -1
15434529372536010 1 -1
15434529372536040 9 -1
15434529372538828 16382 -1
15434529372538828 2 -1
15434529372538828 9 -1
15434529372540980 16381 -1
15434529372540980 3 -1
15434529372540980 9 -1
15434529372543200 16380 -1
15434529372543200 4 -1
15434529372543200 9 -1
15434529372543200 747 -1
15434529377555620 58 1
15434529377616830 212 -1
15434529377617360 9 -1
15434529377619500 16383 -1
15434529377619540 1 -1
15434529377619550 9 -1
15434529377622148 16383 -1
15434529377622190 1 -1
15434529377622200 9 -1
15434529377624900 16382 -1
15434529377624928 2 -1
15434529377625440 9 -1
15434529377627640 16381 -1
15434529377627658 3 -1
15434529377628170 9 -1
15434529377630410 16380 -1
15434529377630450 4 -1
15434529377630950 9 -1
15434529377633122 16383 -1
15434529377633172 1 -1
15434529377633670 9 -1
15434529377635770 16382 -1
15434529377636320 2 -1
15434529377636362 9 -1
15434529377638500 16381 -1
15434529377638560 3 -1
15434529377639040 9 -1
15434529377641240 16380 -1
15434529377641290 4 -1
15434529377641800 9 -1
15434529377643970 16379 -1
15434529377644020 5 -1
15434529377644040 9 -1
15434529377646698 16378 -1
15434529377646750 6 -1
15434529377647250 9 -1
15434529377649520 16377 -1
15434529377649600 7 -1
15434529377649620 9 -1
15434529377671512 16376 -1
15434529377671512 8 -1
15434529377671512 9 -1
15434529377673120 16375 -1
15434529377673120 9 -1
15434529377673120 9 -1
15434529377675810 16383 -1
15434529377675810 1 -1
15434529377675810 9 -1
15434529377677990 16382 -1
15434529377677990 2 -1
15434529377677990 9 -1
15434529377680220 16381 -1
15434529377680270 3 -1
15434529377680300 9 -1
15434529377682890 16380 -1
15434529377682890 4 -1
15434529377682890 9 -1
15434529377685020 16379 -1
15434529377685020 5 -1
15434529377685020 9 -1
15434529377687730 16378 -1
15434529377687730 6 -1
15434529377687730 9 -1
15434529377689410 16377 -1
15434529377689410 7 -1
15434529377689410 9 -1
15434529377689980 3758 -1
15434529382692410 58 1
15434529382753610 127 -1
15434529382754150 9 -1
15434529382756880 16383 -1
15434529382756888 1 -1
15434529382756910 9 -1
15434529382759550 16382 -1
15434529382759580 2 -1
15434529382759610 9 -1
15434529382762250 16383 -1
15434529382762270 1 -1
15434529382762762 9 -1
15434529382765000 16382 -1
15434529382765542 2 -1
15434529382765570 9 -1
15434529382767760 16381 -1
15434529382768300 3 -1
15434529382768330 9 -1
15434529382770950 16380 -1
15434529382770980 4 -1
15434529382771000 9 -1
15434529382773660 16383 -1
15434529382773680 1 -1
15434529382773690 9 -1
15434529382776330 16382 -1
15434529382776360 2 -1
15434529382776380 9 -1
15434529382777020 3 -1
15434529382777432 9 -1
15434529382779068 9993 -1
15434529382842340 2 -1
15434529382842340 9 -1
15434529387795150 58 1
15434529387856310 94 -1
15434529387856850 9 -1
15434529387859570 16383 -1
15434529387859622 1 -1
15434529387859660 9 -1
15434529387862350 16382 -1
15434529387862402 2 -1
15434529387862440 9 -1
15434529387864520 16381 -1
15434529387865050 3 -1
15434529387865080 9 -1
15434529387867220 16380 -1
15434529387867752 4 -1
15434529387867780 9 -1
15434529387870430 16383 -1
15434529387870460 1 -1
15434529387870482 9 -1
15434529387873120 16382 -1
15434529387873170 2 -1
15434529387873190 9 -1
15434529387875870 16381 -1
15434529387875900 3 -1
15434529387876370 9 -1
15434529387878562 16380 -1
15434529387879110 4 -1
15434529387879140 9 -1
15434529387879800 1 -1
15434529387879890 9 -1
15434529387882890 16382 -1
15434529387882960 2 -1
15434529387883040 9 -1
15434529387885612 16381 -1
15434529387885680 3 -1
15434529387885720 9 -1
15434529387910408 10730 -1
15434529392911160 78 1
15434529392973520 158 -1
15434529392973650 9 -1
15434529392974638 4041 -1
15434529397975530 58 1
15434529398036590 130 -1
15434529398036730 9 -1
15434529398039340 16383 -1
15434529398039392 1 -1
15434529398039430 9 -1
15434529398042110 16383 -1
15434529398042150 1 -1
15434529398042190 9 -1
15434529398044860 16382 -1
15434529398044888 2 -1
15434529398045500 9 -1
15434529398048150 16381 -1
15434529398048230 3 -1
15434529398048250 9 -1
15434529398050890 16383 -1
15434529398050940 1 -1
15434529398051450 9 -1
15434529398053630 16382 -1
15434529398053680 2 -1
15434529398054180 9 -1
15434529398056300 16381 -1
15434529398056350 3 -1
15434529398056840 9 -1
15434529398059750 2 -1
15434529398059822 9 -1
15434529398062670 16381 -1
15434529398062748 3 -1
15434529398062962 9 -1
15434529398065720 16380 -1
15434529398065800 4 -1
15434529398065880 9 -1
15434529398091330 16379 -1
15434529398091330 5 -1
15434529398091330 9 -1
15434529398094090 16383 -1
15434529398094090 1 -1
15434529398094090 9 -1
15434529398095210 7843 -1
15434529403095830 58 1
15434529403157230 130 -1
15434529403157390 9 -1
15434529403160480 16383 -1
15434529403160530 1 -1
15434529403160580 9 -1
15434529403163200 16382 -1
15434529403163250 2 -1
15434529403163290 9 -1
15434529403165980 16381 -1
15434529403166000 3 -1
15434529403166020 9 -1
15434529403168768 16383 -1
15434529403168830 1 -1
15434529403168850 9 -1
15434529403171460 16382 -1
15434529403171490 2 -1
15434529403172020 9 -1
15434529403174190 16381 -1
15434529403174700 3 -1
15434529403174730 9 -1
15434529403177380 16380 -1
15434529403177410 4 -1
15434529403177430 9 -1
15434529403180070 16379 -1
15434529403180670 6 -1
15434529403180750 9 -1
15434529403183550 16377 -1
15434529403183588 7 -1
15434529403183670 9 -1
15434529403186610 16376 -1
15434529403186678 8 -1
15434529403186820 9 -1
15434529403189240 16383 -1
15434529403189380 1 -1
15434529403189412 9 -1
15434529403212472 16382 -1
15434529403212472 2 -1
15434529403212472 9 -1
15434529403214450 16381 -1
15434529403214450 3 -1
15434529403214450 9 -1
15434529403217110 16380 -1
15434529403217110 4 -1
15434529403217110 9 -1
15434529403219280 16379 -1
15434529403219280 5 -1
15434529403219280 9 -1
15434529403221390 16378 -1
15434529403221390 6 -1
15434529403221390 9 -1
15434529403223540 16377 -1
15434529403223540 7 -1
15434529403223540 9 -1
15434529403224600 8036 -1
15434529408225720 58 1
15434529408287972 108 -1
15434529408288168 9 -1
15434529408290650 16383 -1
15434529408291220 1 -1
15434529408291258 9 -1
15434529408293410 16382 -1
15434529408293930 2 -1
15434529408293970 9 -1
15434529408296700 16383 -1
15434529408296740 1 -1
15434529408296760 9 -1
15434529408299430 16382 -1
15434529408299470 2 -1
15434529408300000 9 -1
15434529408302160 16381 -1
15434529408302750 3 -1
15434529408302770 9 -1
15434529408304870 16380 -1
15434529408305400 4 -1
15434529408305420 9 -1
15434529408308138 16379 -1
15434529408308250 5 -1
15434529408308280 9 -1
15434529408311160 6 -1
15434529408311240 9 -1
15434529408314240 16377 -1
15434529408314310 7 -1
15434529408314390 9 -1
15434529408317430 16376 -1
15434529408317512 8 -1
15434529408317770 9 -1
15434529408320950 16375 -1
15434529408321040 9 -1
15434529408321140 9 -1
15434529408325660 16374 -1
15434529408325738 10 -1
15434529408325820 9 -1
15434529408329150 16383 -1
15434529408329230 1 -1
15434529408329310 9 -1
15434529408329452 16382 -1
15434529408329480 2 -1
15434529408330200 9 -1
15434529408343880 16381 -1
15434529408343880 3 -1
15434529408343880 9 -1
15434529408346630 16380 -1
15434529408346630 4 -1
15434529408346630 9 -1
15434529408349320 16379 -1
15434529408349320 5 -1
15434529408349320 9 -1
15434529408351532 16378 -1
15434529408351532 6 -1
15434529408351532 9 -1
15434529408353780 16377 -1
15434529408353780 7 -1
15434529408353780 9 -1
15434529408356430 16376 -1
15434529408356430 8 -1
15434529408356430 9 -1
15434529408357000 3828 -1
15434529413357870 58 1
15434529413418160 127 -1
15434529413418332 9 -1
15434529413421960 16383 -1
15434529413421990 1 -1
15434529413422020 9 -1
15434529413425270 16382 -1
15434529413425340 2 -1
15434529413425370 9 -1
15434529413427960 16383 -1
15434529413428500 1 -1
15434529413428550 9 -1
15434529413431220 16382 -1
15434529413431280 2 -1
15434529413431320 9 -1
15434529413435860 16381 -1
15434529413435970 3 -1
15434529413436000 9 -1
15434529413437020 16380 -1
15434529413437058 4 -1
15434529413437728 9 -1
15434529413440260 16379 -1
15434529413440340 5 -1
15434529413440362 9 -1
15434529413442410 5 -1
15434529413442600 9 -1
15434529413445270 2011 -1
15434529418463580 58 1
15434529418525400 126 -1
15434529418525920 9 -1
15434529418528600 16383 -1
15434529418528630 1 -1
15434529418528660 9 -1
15434529418530230 11098 -1
15434529423531020 9 1
15434529428531030 61 1
15434529428592370 154 -1
15434529428592948 9 -1
15434529428595610 16383 -1
15434529428595640 1 -1
15434529428596138 9 -1
15434529428598860 16382 -1
15434529428598900 2 -1
15434529428598918 9 -1
15434529428601470 16383 -1
15434529428601510 1 -1
15434529428601520 9 -1
15434529428604160 16382 -1
15434529428604210 2 -1
15434529428604230 9 -1
15434529428606870 16381 -1
15434529428607420 3 -1
15434529428607450 9 -1
15434529428609560 16380 -1
15434529428610088 4 -1
15434529428610110 9 -1
15434529428610662 657 -1
15434529433611560 59 1
15434529433673370 155 -1
15434529433673890 9 -1
15434529433676130 16383 -1
15434529433676640 1 -1
15434529433676670 9 -1
15434529433678830 16382 -1
15434529433679400 2 -1
15434529433679450 9 -1
15434529433681550 16381 -1
15434529433682100 3 -1
15434529433682130 9 -1
15434529433684860 16369 -1
15434529438686600 58 1
15434529438746600 130 -1
15434529438747100 9 -1
15434529438749830 16383 -1
15434529438749860 1 -1
15434529438749890 9 -1
15434529438752502 16383 -1
15434529438752530 1 -1
15434529438752560 9 -1
15434529438755218 16382 -1
15434529438755770 2 -1
15434529438755792 9 -1
15434529438757930 16381 -1
15434529438758480 3 -1
15434529438758510 9 -1
15434529438760632 16383 -1
15434529438761150 1 -1
15434529438761170 9 -1
15434529438763830 16382 -1
15434529438763860 2 -1
15434529438763868 9 -1
15434529438764390 250 -1
15434529443765230 58 1
15434529443827040 246 -1
15434529443827570 9 -1
15434529443829760 16383 -1
15434529443829790 1 -1
15434529443830330 9 -1
15434529443832480 16382 -1
15434529443833020 2 -1
15434529443833070 9 -1
15434529443835750 16381 -1
15434529443835800 3 -1
15434529443835822 9 -1
15434529443837960 10662 -1
15434529448838770 59 1
15434529448900570 130 -1
15434529448901110 9 -1
15434529448903850 16383 -1
15434529448903900 1 -1
15434529448903940 9 -1
15434529448906580 16382 -1
15434529448906630 2 -1
15434529448906670 9 -1
15434529448909270 16381 -1
15434529448909308 3 -1
15434529448909330 9 -1
15434529448912042 16383 -1
15434529448912130 1 -1
15434529448912150 9 -1
15434529448915278 16382 -1
15434529448915310 2 -1
15434529448915328 9 -1
15434529448917480 16381 -1
15434529448918020 3 -1
15434529448918050 9 -1
15434529448920692 16380 -1
15434529448920730 4 -1
15434529448920750 9 -1
15434529448923460 16379 -1
15434529448923480 5 -1
15434529448923500 9 -1
15434529448926150 16378 -1
15434529448926712 6 -1
15434529448926730 9 -1
15434529448929410 16377 -1
15434529448929440 7 -1
15434529448929460 9 -1
15434529448931580 12710 -1
15434529453932550 58 1
15434529453994680 131 -1
15434529453994830 9 -1
15434529453997942 16383 -1
15434529453997992 1 -1
15434529453998030 9 -1
15434529454000730 16382 -1
15434529454000772 2 -1
15434529454001278 9 -1
15434529454003500 16383 -1
15434529454003540 1 -1
15434529454003560 9 -1
15434529454006190 16382 -1
15434529454006742 2 -1
15434529454006770 9 -1
15434529454008920 16381 -1
15434529454008970 3 -1
15434529454009470 9 -1
15434529454011590 16380 -1
15434529454012120 4 -1
15434529454012138 9 -1
15434529454014310 16379 -1
15434529454014830 5 -1
15434529454014860 9 -1
15434529454017580 16378 -1
15434529454017610 6 -1
15434529454017630 9 -1
15434529454020310 16377 -1
15434529454020390 7 -1
15434529454020410 9 -1
15434529454021440 4527 -1
15434529459023830 58 1
15434529459086190 108 -1
15434529459086750 9 -1
15434529459089450 16383 -1
15434529459089500 1 -1
15434529459089540 9 -1
15434529459092190 16383 -1
15434529459092230 1 -1
15434529459092268 9 -1
15434529459094870 16383 -1
15434529459094910 1 -1
15434529459095440 9 -1
15434529459097610 16382 -1
15434529459097640 2 -1
15434529459098170 9 -1
15434529459100320 16383 -1
15434529459100880 1 -1
15434529459100900 9 -1
15434529459103070 16382 -1
15434529459103630 2 -1
15434529459103652 9 -1
15434529459105870 16381 -1
15434529459106390 3 -1
15434529459106420 9 -1
15434529459108580 16380 -1
15434529459109080 4 -1
15434529459109110 9 -1
15434529459109690 2 -1
15434529459109768 9 -1
15434529459111330 9693 -1
15434529464127190 58 1
15434529464188880 132 -1
15434529464189100 9 -1
15434529464192130 16383 -1
15434529464192190 1 -1
15434529464192210 9 -1
15434529464194840 16382 -1
15434529464194890 2 -1
15434529464195400 9 -1
15434529464197610 16381 -1
15434529464197660 3 -1
15434529464198160 9 -1
15434529464200922 16383 -1
15434529464200972 1 -1
15434529464200980 9 -1
15434529464203660 16382 -1
15434529464203690 2 -1
15434529464203710 9 -1
15434529464206460 16381 -1
15434529464206510 3 -1
15434529464206532 9 -1
15434529464209170 16380 -1
15434529464209198 4 -1
15434529464209220 9 -1
15434529464211920 16379 -1
15434529464212420 5 -1
15434529464212450 9 -1
15434529464214600 16378 -1
15434529464215140 6 -1
15434529464215180 9 -1
15434529464217350 16383 -1
15434529464217890 1 -1
15434529464217910 9 -1
15434529464219530 12148 -1
15434529469220350 89 1
15434529469285440 160 -1
15434529469285570 9 -1
15434529469288710 16383 -1
15434529469288760 1 -1
15434529469288800 9 -1
15434529469291430 16382 -1
15434529469291470 2 -1
15434529469291510 9 -1
15434529469294180 16381 -1
15434529469294230 3 -1
15434529469294250 9 -1
15434529469296920 16380 -1
15434529469296940 4 -1
15434529469297472 9 -1
15434529469299650 16379 -1
15434529469300190 5 -1
15434529469300220 9 -1
15434529469302900 16378 -1
15434529469302930 6 -1
15434529469302960 9 -1
15434529469305610 16377 -1
15434529469305660 7 -1
15434529469305680 9 -1
15434529469308340 16376 -1
15434529469308370 8 -1
15434529469308888 9 -1
15434529469311048 16383 -1
15434529469311610 1 -1
15434529469311630 9 -1
15434529469313820 16382 -1
15434529469314370 2 -1
15434529469314390 9 -1
15434529469315990 8475 -1
15434529474316760 77 1
15434529474376940 172 -1
15434529474377100 9 -1
15434529474378100 3685 -1
15434529479378870 78 1
15434529479464530 147 -1
15434529479465088 9 -1
15434529479465650 2795 -1
15434529484466540 78 1
15434529484552268 172 -1
15434529484552410 9 -1
15434529484552820 2795 -1
15434529489553980 78 1
15434529489615942 148 -1
15434529489616070 9 -1
15434529489616820 3863 -1
15434529494617590 78 1
15434529494678308 173 -1
15434529494678430 9 -1
15434529494679120 2083 -1
15434529499679770 63 1
15434529499739860 229 -1
15434529499740400 9 -1
15434529499742082 8826 -1
15434529504742630 63 1
15434529504803610 125 -1
15434529504804130 9 -1
15434529504806440 7961 -1
15434529509808640 63 1
15434529509870760 106 -1
15434529509870890 9 -1
15434529509872438 5408 -1
15434529514873050 62 1
15434529514935182 129 -1
15434529514935300 9 -1
15434529514937940 7737 -1
15434529519938540 63 1
15434529519999822 153 -1
15434529519999930 9 -1
15434529520002640 7155 -1
15434529525003190 63 1
15434529525064060 102 -1
15434529525064210 9 -1
15434529525066840 7063 -1
15434529530067390 13 1
0 0 0
15434529326576850 39 -1
15434529326577250 13 -1
15434529326601030 148 1
15434529326601030 204 1
15434529326656290 9 -1
15434529326660590 310 -1
15434529326660950 9 -1
15434529326661570 2111 -1
