### "'63228 250624 264752 8826 38790 205439 104191 32357 48569 178117 120386 85861 201756 106109 28709'"
0 0 0
15434532155679318 148 1
15434532155679318 215 1
15434532155679360 39 -1
15434532155679400 13 -1
15434532155733170 9 -1
15434532155741160 322 -1
15434532155741200 9 -1
15434532155746150 16383 -1
15434532155746150 1 -1
15434532155746170 9 -1
15434532155749860 16383 -1
15434532155749860 1 -1
15434532155749860 9 -1
15434532155799388 16382 -1
15434532155799388 2 -1
15434532155799388 9 -1
15434532155802528 14076 -1
0 0 0
15434532155537168 148 1
15434532155537168 204 1
0 0 0
15434532155514850 148 1
15434532155514850 196 1
15434532155514910 39 -1
15434532155514930 13 -1
15434532155563272 9 -1
15434532155570720 307 -1
15434532155571250 9 -1
15434532155573930 16383 -1
15434532155573930 1 -1
15434532155573968 9 -1
15434532155576720 16383 -1
15434532155576720 1 -1
15434532155576720 9 -1
15434532155620820 16382 -1
15434532155620820 2 -1
15434532155620820 9 -1
15434532155622972 16381 -1
15434532155622972 3 -1
15434532155622972 9 -1
15434532155625630 16380 -1
15434532155625630 4 -1
15434532155625630 9 -1
15434532155627820 16379 -1
15434532155627820 5 -1
15434532155627820 9 -1
15434532155629972 16383 -1
15434532155629972 1 -1
15434532155629972 9 -1
15434532155667282 16382 -1
15434532155667282 2 -1
15434532155667282 9 -1
15434532155669960 16381 -1
15434532155669960 3 -1
15434532155669960 9 -1
15434532155675540 16383 -1
15434532155675540 1 -1
15434532155675540 9 -1
15434532155677670 16382 -1
15434532155677670 2 -1
15434532155677670 9 -1
15434532155680360 16381 -1
15434532155680360 3 -1
15434532155680360 9 -1
15434532155682030 16380 -1
15434532155682030 4 -1
15434532155682030 9 -1
15434532155714570 16379 -1
15434532155714570 5 -1
15434532155714570 9 -1
15434532155727300 16378 -1
15434532155727300 6 -1
15434532155727300 9 -1
15434532155727860 4864 -1
0 0 0
15434532156386950 148 1
15434532156386950 215 1
0 0 0
15434532155381990 148 1
15434532155381990 205 1
0 0 0
15434532155639860 148 1
15434532155639860 185 1
15434532155640350 39 -1
15434532155640400 13 -1
15434532155688530 9 -1
15434532155694010 295 -1
15434532155694100 9 -1
15434532155697350 16383 -1
15434532155697350 1 -1
15434532155697500 9 -1
15434532155700050 16383 -1
15434532155700050 1 -1
15434532155700050 9 -1
15434532155744060 16382 -1
15434532155744060 2 -1
15434532155744060 9 -1
15434532155747220 16381 -1
15434532155747220 3 -1
15434532155747220 9 -1
15434532155750402 16380 -1
15434532155750402 4 -1
15434532155750402 9 -1
15434532155752690 16383 -1
15434532155752690 1 -1
15434532155752690 9 -1
15434532155754680 16382 -1
15434532155754680 2 -1
15434532155754680 9 -1
15434532155790210 16381 -1
15434532155790210 3 -1
15434532155790210 9 -1
15434532155792840 16383 -1
15434532155792840 1 -1
15434532155792840 9 -1
15434532155795610 16382 -1
15434532155795610 2 -1
15434532155795610 9 -1
15434532155798308 16381 -1
15434532155798340 3 -1
15434532155798350 9 -1
15434532155801490 16380 -1
15434532155801490 4 -1
15434532155801490 9 -1
15434532155803680 16379 -1
15434532155803680 5 -1
15434532155803680 9 -1
15434532155989190 16378 -1
15434532155989190 6 -1
15434532155989190 9 -1
15434532155991330 16377 -1
15434532155991330 7 -1
15434532155991330 9 -1
15434532155993510 16376 -1
15434532155993510 8 -1
15434532155993510 9 -1
15434532155994060 2608 -1
0 0 0
15434532155686690 148 1
15434532155686690 204 1
15434532155687110 39 -1
15434532155687690 13 -1
15434532155740500 9 -1
15434532155751440 311 -1
15434532155751988 9 -1
15434532155752600 3151 -1
0 0 0
15434532163629590 148 1
15434532163629590 203 1
15434532163630020 39 -1
15434532163630040 13 -1
15434532163678810 9 -1
15434532163685420 311 -1
15434532163685600 9 -1
15434532163686540 3685 -1
15434532168688260 78 1
15434532168741428 147 -1
15434532168741520 9 -1
15434532168742490 2795 -1
15434532173743450 78 1
15434532173798070 171 -1
15434532173798530 9 -1
15434532173799110 2795 -1
15434532178800060 78 1
15434532178853878 148 -1
15434532178854420 9 -1
15434532178854960 3863 -1
15434532183855850 78 1
15434532183910470 172 -1
15434532183910560 9 -1
15434532183911368 2083 -1
15434532188912042 63 1
15434532188967510 129 -1
15434532188967600 9 -1
15434532188970460 8826 -1
15434532193971290 63 1
15434532194025500 125 -1
15434532194025620 9 -1
15434532194028790 7961 -1
15434532199029490 63 1
15434532199084000 106 -1
15434532199084580 9 -1
15434532199086152 5408 -1
15434532204086830 62 1
15434532204140602 129 -1
15434532204141190 9 -1
15434532204143420 7737 -1
15434532209144248 63 1
15434532209198890 126 -1
15434532209199430 9 -1
15434532209201710 7155 -1
15434532214202290 63 1
15434532214255782 125 -1
15434532214256310 9 -1
15434532214258500 7063 -1
15434532219259290 9 1
15434532224259490 81 1
15434532224313210 275 -1
15434532224313372 9 -1
15434532224314270 3151 -1
15434532229315792 59 1
15434532229369460 131 -1
15434532229369978 9 -1
15434532229372160 16383 -1
15434532229372160 1 -1
15434532229372712 9 -1
15434532229374960 16383 -1
15434532229374960 1 -1
15434532229374960 9 -1
15434532229416380 6022 -1
15434532234417220 58 1
15434532234471700 152 -1
15434532234472250 9 -1
15434532234474390 16383 -1
15434532234474918 1 -1
15434532234474960 9 -1
15434532234477652 16383 -1
15434532234477702 1 -1
15434532234478220 9 -1
15434532234480340 16382 -1
15434532234480340 2 -1
15434532234480340 9 -1
15434532234482600 16381 -1
15434532234483110 3 -1
15434532234483130 9 -1
15434532234520668 16383 -1
15434532234520668 1 -1
15434532234520668 9 -1
15434532234522850 16382 -1
15434532234522850 2 -1
15434532234522850 9 -1
15434532234525508 16381 -1
15434532234525508 3 -1
15434532234525508 9 -1
15434532234527600 16380 -1
15434532234527600 4 -1
15434532234527600 9 -1
15434532234529830 16383 -1
15434532234529830 1 -1
15434532234529830 9 -1
15434532234532650 16382 -1
15434532234532650 2 -1
15434532234532650 9 -1
15434532234534950 16381 -1
15434532234534950 3 -1
15434532234534950 9 -1
15434532234537170 16383 -1
15434532234537170 1 -1
15434532234537170 9 -1
15434532234538260 8831 -1
15434532239540700 88 1
15434532239596738 154 -1
15434532239597280 9 -1
15434532239599960 16383 -1
15434532239600000 1 -1
15434532239600028 9 -1
15434532239602680 16382 -1
15434532239602730 2 -1
15434532239602770 9 -1
15434532239605370 16381 -1
15434532239605420 3 -1
15434532239605460 9 -1
15434532239608140 16380 -1
15434532239608660 4 -1
15434532239608710 9 -1
15434532239611420 16383 -1
15434532239611470 1 -1
15434532239611508 9 -1
15434532239614192 16382 -1
15434532239614242 2 -1
15434532239614270 9 -1
15434532239615860 5887 -1
15434532244616410 87 1
15434532244671978 168 -1
15434532244672540 9 -1
15434532244674720 16383 -1
15434532244675260 1 -1
15434532244675310 9 -1
15434532244677430 15973 -1
15434532249685650 77 1
15434532249740018 134 -1
15434532249740200 9 -1
15434532249741130 3863 -1
15434532254742178 58 1
15434532254798220 154 -1
15434532254798430 9 -1
15434532254800930 15874 -1
15434532254800980 510 -1
15434532254801020 9 -1
15434532254803180 15873 -1
15434532254803710 511 -1
15434532254803760 9 -1
15434532254805960 15801 -1
15434532259806960 77 1
15434532259860042 147 -1
15434532259860580 9 -1
15434532259861670 3507 -1
15434532264862630 78 1
15434532264918550 202 -1
15434532264918712 9 -1
15434532264919660 3685 -1
15434532269921278 58 1
15434532269975000 131 -1
15434532269975590 9 -1
15434532269978290 16383 -1
15434532269978330 1 -1
15434532269978380 9 -1
15434532269981040 16382 -1
15434532269981598 2 -1
15434532269981648 9 -1
15434532269983790 16381 -1
15434532269984400 3 -1
15434532269984450 9 -1
15434532269987050 16380 -1
15434532269987130 4 -1
15434532269987150 9 -1
15434532269989790 16383 -1
15434532269989860 1 -1
15434532269990348 9 -1
15434532269992550 16382 -1
15434532269993100 2 -1
15434532269993132 9 -1
15434532269995820 16381 -1
15434532269995900 3 -1
15434532269995920 9 -1
15434532269998600 16380 -1
15434532269998642 4 -1
15434532269998660 9 -1
15434532270001290 16379 -1
15434532270001810 5 -1
15434532270001840 9 -1
15434532270004560 16378 -1
15434532270004612 6 -1
15434532270005110 9 -1
15434532270007278 14277 -1
15434532275007990 58 1
15434532275064270 258 -1
15434532275064380 9 -1
15434532275067540 16383 -1
15434532275067590 1 -1
15434532275067620 9 -1
15434532275070310 16383 -1
15434532275070350 1 -1
15434532275070390 9 -1
15434532275073030 16382 -1
15434532275073060 2 -1
15434532275073590 9 -1
15434532275075760 16381 -1
15434532275075790 3 -1
15434532275076320 9 -1
15434532275079132 16380 -1
15434532275079170 4 -1
15434532275079178 9 -1
15434532275081830 16379 -1
15434532275081862 5 -1
15434532275081890 9 -1
15434532275084520 16378 -1
15434532275085070 6 -1
15434532275085090 9 -1
15434532275086210 5698 -1
15434532280089910 89 1
15434532280143830 182 -1
15434532280144392 9 -1
15434532280147180 16383 -1
15434532280147210 1 -1
15434532280147240 9 -1
15434532280149830 16383 -1
15434532280149888 1 -1
15434532280150390 9 -1
15434532280152550 16382 -1
15434532280153120 2 -1
15434532280153142 9 -1
15434532280155840 16381 -1
15434532280155890 3 -1
15434532280156382 9 -1
15434532280158588 16383 -1
15434532280159100 1 -1
15434532280159130 9 -1
15434532280159650 3941 -1
15434532285161000 58 1
15434532285214838 119 -1
15434532285215070 9 -1
15434532285218030 16383 -1
15434532285218070 1 -1
15434532285218120 9 -1
15434532285220860 16383 -1
15434532285220930 1 -1
15434532285221010 9 -1
15434532285223560 16382 -1
15434532285223600 2 -1
15434532285224112 9 -1
15434532285226318 16383 -1
15434532285226860 1 -1
15434532285226880 9 -1
15434532285229660 16382 -1
15434532285229680 2 -1
15434532285229700 9 -1
15434532285232350 16383 -1
15434532285232370 1 -1
15434532285232388 9 -1
15434532285235118 16382 -1
15434532285235150 2 -1
15434532285235168 9 -1
15434532285237810 16381 -1
15434532285238370 3 -1
15434532285238410 9 -1
15434532285240560 16383 -1
15434532285241110 1 -1
15434532285241138 9 -1
15434532285243840 16382 -1
15434532285243860 2 -1
15434532285243880 9 -1
15434532285246560 16383 -1
15434532285246610 1 -1
15434532285246630 9 -1
15434532285263660 16383 -1
15434532285264248 1 -1
15434532285264290 9 -1
15434532285265328 5148 -1
15434532290266040 78 1
15434532290319770 170 -1
15434532290320250 9 -1
15434532290320840 2973 -1
15434532295321550 89 1
15434532295378520 155 -1
15434532295378640 9 -1
15434532295381160 16383 -1
15434532295381240 1 -1
15434532295381848 9 -1
15434532295384070 16382 -1
15434532295384120 2 -1
15434532295384620 9 -1
15434532295386830 16381 -1
15434532295387390 3 -1
15434532295387430 9 -1
15434532295390080 16380 -1
15434532295390120 4 -1
15434532295390142 9 -1
15434532295392790 16383 -1
15434532295392840 1 -1
15434532295393350 9 -1
15434532295396070 16382 -1
15434532295396080 2 -1
15434532295396100 9 -1
15434532295397220 7805 -1
15434532300398108 59 1
15434532300453128 149 -1
15434532300453240 9 -1
15434532300455510 16383 -1
15434532300455552 1 -1
15434532300455580 9 -1
15434532300458040 12325 -1
15434532305458890 58 1
15434532305514620 108 -1
15434532305514770 9 -1
15434532305517312 16383 -1
15434532305517818 1 -1
15434532305517940 9 -1
15434532305520020 13160 -1
15434532310520790 59 1
15434532310576710 126 -1
15434532310576900 9 -1
15434532310578812 16383 -1
15434532310581390 1 -1
15434532310581470 9 -1
15434532310581550 12876 -1
15434532315583962 88 1
15434532315639660 158 -1
15434532315639830 9 -1
15434532315642650 16383 -1
15434532315642682 1 -1
15434532315642710 9 -1
15434532315645390 16383 -1
15434532315645440 1 -1
15434532315645470 9 -1
15434532315648078 16382 -1
15434532315648128 2 -1
15434532315648150 9 -1
15434532315650808 16381 -1
15434532315650870 3 -1
15434532315650890 9 -1
15434532315653610 16380 -1
15434532315653638 4 -1
15434532315654160 9 -1
15434532315654790 3589 -1
15434532320655430 89 1
15434532320711340 182 -1
15434532320711870 9 -1
15434532320714020 16383 -1
15434532320714590 1 -1
15434532320714750 9 -1
15434532320716792 16382 -1
15434532320717360 2 -1
15434532320717462 9 -1
15434532320719770 16381 -1
15434532320719840 3 -1
15434532320719882 9 -1
15434532320721510 9400 -1
15434532325727488 89 1
15434532325783228 231 -1
15434532325783350 9 -1
15434532325785970 16383 -1
15434532325786050 1 -1
15434532325786080 9 -1
15434532325788290 16382 -1
15434532325788850 2 -1
15434532325788900 9 -1
15434532325791580 16383 -1
15434532325791600 1 -1
15434532325791610 9 -1
15434532325794260 16382 -1
15434532325794320 2 -1
15434532325794352 9 -1
15434532325796980 16381 -1
15434532325797020 3 -1
15434532325797030 9 -1
15434532325799640 16380 -1
15434532325799690 4 -1
15434532325800190 9 -1
15434532325802440 16379 -1
15434532325803050 5 -1
15434532325803080 9 -1
15434532325805230 16383 -1
15434532325805280 1 -1
15434532325805760 9 -1
15434532325808480 16382 -1
15434532325808520 2 -1
15434532325808540 9 -1
15434532325811182 16381 -1
15434532325811232 3 -1
15434532325811250 9 -1
15434532325812890 8475 -1
15434532330813652 78 1
15434532330868380 203 -1
15434532330868520 9 -1
15434532330869530 4041 -1
15434532335870450 88 1
15434532335925460 146 -1
15434532335925620 9 -1
15434532335928208 16383 -1
15434532335928760 1 -1
15434532335928810 9 -1
15434532335931000 16382 -1
15434532335931038 2 -1
15434532335931560 9 -1
15434532335933830 16383 -1
15434532335933890 1 -1
15434532335934000 9 -1
15434532335936540 16382 -1
15434532335937050 2 -1
15434532335937090 9 -1
15434532335939820 16381 -1
15434532335939838 3 -1
15434532335939870 9 -1
15434532335942590 16380 -1
15434532335942660 4 -1
15434532335942680 9 -1
15434532335945230 16379 -1
15434532335945270 5 -1
15434532335945290 9 -1
15434532335947990 16378 -1
15434532335948542 6 -1
15434532335948570 9 -1
15434532335951310 16377 -1
15434532335951340 7 -1
15434532335951360 9 -1
15434532335954070 16376 -1
15434532335954140 8 -1
15434532335954160 9 -1
15434532335956780 16383 -1
15434532335956820 1 -1
15434532335957330 9 -1
15434532335958980 12474 -1
15434532340959690 87 1
15434532341014530 182 -1
15434532341014640 9 -1
15434532341016930 16383 -1
15434532341017600 1 -1
15434532341017670 9 -1
15434532341020290 16383 -1
15434532341020320 1 -1
15434532341020350 9 -1
15434532341023020 16382 -1
15434532341023058 2 -1
15434532341023090 9 -1
15434532341025700 16381 -1
15434532341025742 3 -1
15434532341025760 9 -1
15434532341028450 16383 -1
15434532341028470 1 -1
15434532341028978 9 -1
15434532341031130 16382 -1
15434532341031690 2 -1
15434532341031712 9 -1
15434532341033822 16381 -1
15434532341034350 3 -1
15434532341034380 9 -1
15434532341037100 16380 -1
15434532341037140 4 -1
15434532341037158 9 -1
15434532341039820 16379 -1
15434532341039900 5 -1
15434532341039910 9 -1
15434532341040918 6115 -1
15434532346041660 58 1
15434532346117780 117 -1
15434532346117920 9 -1
15434532346120592 16383 -1
15434532346120650 1 -1
15434532346120680 9 -1
15434532346123430 16383 -1
15434532346123460 1 -1
15434532346123468 9 -1
15434532346126102 16382 -1
15434532346126130 2 -1
15434532346126650 9 -1
15434532346128840 16381 -1
15434532346129400 3 -1
15434532346129420 9 -1
