### "'14947 51331 109651 8142 8127 83435 33869 62293 71326 78043 95076 123562 147220 90411 41270'"
0 0 0
15434552383744720 148 1
15434552383744720 200 1
0 0 0
15434552377104818 39 -1
15434552377104850 13 -1
15434552377132780 148 1
15434552377132780 180 1
15434552377186580 9 -1
15434552377192660 295 -1
15434552377192700 9 -1
15434552377196390 16383 -1
15434552377196432 1 -1
15434552377196450 9 -1
15434552377199060 16383 -1
15434552377199600 1 -1
15434552377246620 9 -1
15434552377248780 16382 -1
15434552377248780 2 -1
15434552377248780 9 -1
15434552377250960 16381 -1
15434552377250960 3 -1
15434552377250960 9 -1
15434552377253662 16380 -1
15434552377253662 4 -1
15434552377253662 9 -1
15434552377255760 16379 -1
15434552377255760 5 -1
15434552377255760 9 -1
15434552377257480 11347 -1
0 0 0
15434552384548162 148 1
15434552384548162 185 1
15434552384548220 39 -1
15434552384548230 13 -1
15434552384596750 9 -1
15434552384623520 292 -1
15434552384623548 9 -1
15434552384626910 7938 -1
15434552389627580 62 1
15434552389703010 129 -1
15434552389703100 9 -1
15434552389705890 8142 -1
15434552394706580 62 1
15434552394783310 153 -1
15434552394783650 9 -1
15434552394785400 6134 -1
15434552399790102 63 1
15434552399865640 129 -1
15434552399865740 9 -1
15434552399867580 5305 -1
15434552404868310 64 1
15434552404948110 152 -1
15434552404948260 9 -1
15434552404949830 4405 -1
15434552409950560 63 1
15434552410025660 152 -1
15434552410025858 9 -1
15434552410028390 8127 -1
15434552415029080 9 1
15434552424250090 81 1
15434552424304900 178 -1
15434552424305430 9 -1
15434552424307080 5465 -1
15434552429307790 59 1
15434552429387060 131 -1
15434552429387190 9 -1
15434552429389948 16383 -1
15434552429389948 1 -1
15434552429390500 9 -1
15434552429393302 16383 -1
15434552429393302 1 -1
15434552429393302 9 -1
15434552429436850 16382 -1
15434552429436850 2 -1
15434552429436850 9 -1
15434552429439030 16381 -1
15434552429439030 3 -1
15434552429439030 9 -1
15434552429441258 16380 -1
15434552429441258 4 -1
15434552429441258 9 -1
15434552429441258 1515 -1
15434552434442750 58 1
15434552434497148 154 -1
15434552434497262 9 -1
15434552434499700 16383 -1
15434552434499782 1 -1
15434552434499810 9 -1
15434552434502540 16383 -1
15434552434502580 1 -1
15434552434502620 9 -1
15434552434503118 1101 -1
15434552439503980 58 1
15434552439582068 126 -1
15434552439582190 9 -1
15434552439584690 16383 -1
15434552439584730 1 -1
15434552439584760 9 -1
15434552439587440 16383 -1
15434552439587482 1 -1
15434552439587988 9 -1
15434552439590210 16382 -1
15434552439590260 2 -1
15434552439590270 9 -1
15434552439592330 13141 -1
15434552444593050 58 1
15434552444647130 257 -1
15434552444647260 9 -1
15434552444649690 16383 -1
15434552444650468 1 -1
15434552444650540 9 -1
15434552444652640 16383 -1
15434552444652690 1 -1
15434552444652720 9 -1
15434552444655340 16382 -1
15434552444655380 2 -1
15434552444655400 9 -1
15434552444658092 16381 -1
15434552444658120 3 -1
15434552444658620 9 -1
15434552444659280 5790 -1
15434552449660230 59 1
15434552449717660 113 -1
15434552449717792 9 -1
15434552449720330 16383 -1
15434552449720850 1 -1
15434552449720900 9 -1
15434552449723540 16382 -1
15434552449723580 2 -1
15434552449723610 9 -1
15434552449726810 16383 -1
15434552449726850 1 -1
15434552449726870 9 -1
15434552449729530 16382 -1
15434552449729568 2 -1
15434552449729580 9 -1
15434552449731720 12507 -1
15434552454732708 58 1
15434552454810842 148 -1
15434552454810988 9 -1
15434552454813570 16383 -1
15434552454814120 1 -1
15434552454814150 9 -1
15434552454816270 16382 -1
15434552454816812 2 -1
15434552454816862 9 -1
15434552454818990 16383 -1
15434552454819540 1 -1
15434552454819570 9 -1
15434552454821780 16382 -1
15434552454822320 2 -1
15434552454822350 9 -1
15434552454825070 16381 -1
15434552454825270 3 -1
15434552454825280 9 -1
15434552454827340 13156 -1
15434552459837648 59 1
15434552459893680 132 -1
15434552459893840 9 -1
15434552459896892 16383 -1
15434552459896930 1 -1
15434552459897000 9 -1
15434552459899580 16383 -1
15434552459899610 1 -1
15434552459899630 9 -1
15434552459902288 16382 -1
15434552459902840 2 -1
15434552459902862 9 -1
15434552459905540 16381 -1
15434552459905560 3 -1
15434552459905580 9 -1
15434552459908258 16380 -1
15434552459908308 4 -1
15434552459908330 9 -1
15434552459910960 16383 -1
15434552459911000 1 -1
15434552459911010 9 -1
15434552459913660 16382 -1
15434552459914210 2 -1
15434552459914240 9 -1
15434552459943600 8874 -1
15434552464944342 58 1
15434552465023380 153 -1
15434552465023900 9 -1
15434552465026620 16383 -1
15434552465026660 1 -1
15434552465026680 9 -1
15434552465029370 16382 -1
15434552465029400 2 -1
15434552465029420 9 -1
15434552465032092 16383 -1
15434552465032120 1 -1
15434552465032660 9 -1
15434552465034872 16382 -1
15434552465034900 2 -1
15434552465035378 9 -1
15434552465037590 16381 -1
15434552465038150 3 -1
15434552465038180 9 -1
15434552465040380 16380 -1
15434552465040910 4 -1
15434552465040938 9 -1
15434552465043650 16379 -1
15434552465043672 5 -1
15434552465043690 9 -1
15434552465046370 16378 -1
15434552465046390 6 -1
15434552465046920 9 -1
15434552465049060 16148 -1
15434552470053580 59 1
15434552470130930 153 -1
15434552470131472 9 -1
15434552470134210 16383 -1
15434552470134240 1 -1
15434552470134270 9 -1
15434552470136950 16383 -1
15434552470137000 1 -1
15434552470137040 9 -1
15434552470140190 16382 -1
15434552470140240 2 -1
15434552470140280 9 -1
15434552470142952 16381 -1
15434552470143002 3 -1
15434552470143030 9 -1
15434552470145710 16380 -1
15434552470146260 4 -1
15434552470146288 9 -1
15434552470147380 8491 -1
15434552475148612 58 1
15434552476777400 131 -1
15434552476777520 9 -1
15434552476779780 16187 -1
15434552477874890 9 -1
15434552477877750 16375 -1
15434552477877810 9 -1
15434552477879040 8708 -1
15434552482879720 59 1
15434552482964620 140 -1
15434552482965200 9 -1
15434552482967852 16383 -1
15434552482967890 1 -1
15434552482967930 9 -1
15434552482970550 16382 -1
15434552482970600 2 -1
15434552482970650 9 -1
15434552482973330 16383 -1
15434552482973860 1 -1
15434552482973880 9 -1
15434552482975480 9370 -1
15434552487976810 59 1
15434552488055698 125 -1
15434552488056250 9 -1
15434552488059030 16383 -1
15434552488059080 1 -1
15434552488059120 9 -1
15434552488061810 16382 -1
15434552488061890 2 -1
15434552488061932 9 -1
15434552488064548 16383 -1
15434552488064580 1 -1
15434552488065072 9 -1
15434552488066190 7490 -1
15434552493067370 58 1
15434552493122360 130 -1
15434552493122910 9 -1
15434552493125120 16383 -1
15434552493125680 1 -1
15434552493125720 9 -1
15434552493128450 16382 -1
15434552493128490 2 -1
15434552493128520 9 -1
15434552493131198 16381 -1
15434552493131240 3 -1
15434552493131260 9 -1
15434552493133950 16380 -1
15434552493134500 4 -1
15434552493134530 9 -1
15434552493135590 6392 -1
15434552498136240 58 1
15434552498215180 130 -1
15434552498215720 9 -1
15434552498218410 16383 -1
15434552498218460 1 -1
15434552498218500 9 -1
15434552498221180 16383 -1
15434552498221240 1 -1
15434552498221290 9 -1
15434552498223920 16382 -1
15434552498223970 2 -1
15434552498224480 9 -1
15434552498227230 16381 -1
15434552498227250 3 -1
15434552498227260 9 -1
15434552498228372 6593 -1
15434552503229650 58 1
15434552503284978 252 -1
15434552503285210 9 -1
15434552503288118 16383 -1
15434552503288168 1 -1
15434552503288210 9 -1
15434552503290840 16383 -1
15434552503290880 1 -1
15434552503290920 9 -1
15434552503292500 10326 -1
15434552508293272 59 1
15434552508347590 131 -1
15434552508348140 9 -1
15434552508350840 16383 -1
15434552508350880 1 -1
15434552508350930 9 -1
15434552508353610 16382 -1
15434552508354160 2 -1
15434552508354210 9 -1
15434552508356860 16383 -1
15434552508356882 1 -1
15434552508356890 9 -1
15434552508359600 16382 -1
15434552508359640 2 -1
15434552508359650 9 -1
15434552508362340 16381 -1
15434552508362948 3 -1
15434552508362980 9 -1
15434552508365600 15486 -1
15434552513366302 58 1
15434552513445530 152 -1
15434552513446080 9 -1
15434552513448790 16383 -1
15434552513448840 1 -1
15434552513448880 9 -1
15434552513451500 16383 -1
15434552513451550 1 -1
15434552513451590 9 -1
15434552513453110 9482 -1
15434552518453960 58 1
15434552518509070 130 -1
15434552518509620 9 -1
15434552518512270 16383 -1
15434552518512300 1 -1
15434552518512330 9 -1
15434552518515040 16383 -1
15434552518515070 1 -1
15434552518515602 9 -1
15434552518518320 16382 -1
15434552518518350 2 -1
15434552518518360 9 -1
15434552518519412 5277 -1
0 0 0
15434552376840840 148 1
15434552376840840 200 1
15434552376840880 39 -1
15434552376841250 13 -1
15434552376889150 9 -1
15434552376895400 310 -1
15434552376895480 9 -1
15434552376897730 5465 -1
0 0 0
15434552376788930 148 1
15434552376788930 200 1
0 0 0
15434552376835980 148 1
15434552376835980 181 1
0 0 0
15434552376757910 39 -1
15434552376757960 13 -1
15434552376761410 148 1
15434552376761410 191 1
15434552376810060 9 -1
15434552376814930 308 -1
15434552376815440 9 -1
15434552376818220 14947 -1
0 0 0
15434552377714370 148 1
15434552377714370 209 1
0 0 0
15434552376862180 148 1
15434552376862180 200 1
15434552376862230 39 -1
15434552376862522 13 -1
15434552376910470 9 -1
15434552376938720 312 -1
15434552376939260 9 -1
15434552376942100 16383 -1
15434552376942100 1 -1
15434552376942660 9 -1
15434552376945360 16383 -1
15434552376945360 1 -1
15434552376945360 9 -1
15434552376991360 16382 -1
15434552376991360 2 -1
15434552376991360 9 -1
15434552376991910 2179 -1
