### "'189102 313210 212410 227271 214476 285133 83566 153448 8496 9706 69194 74234 253479 103869 16276'"
0 0 0
15434576976697158 148 1
15434576976697158 206 1
0 0 0
15434576976692930 148 1
15434576976692930 186 1
15434576976781620 48 -1
15434576976882110 1024 -1
15434576976882170 1024 -1
15434576976882638 1024 -1
15434576976882638 1024 -1
15434576976883180 1024 -1
15434576976883180 1024 -1
15434576976883180 1024 -1
15434576976883180 1024 -1
15434576976883700 1024 -1
15434576976883700 1024 -1
15434576976884250 1024 -1
15434576976884250 1024 -1
15434576976884250 1024 -1
15434576976884250 1024 -1
15434576976884780 1024 -1
15434576976884780 1024 -1
15434576976885360 1024 -1
15434576976885360 1024 -1
15434576976885360 1024 -1
15434576976885360 1024 -1
15434576976885850 1024 -1
15434576976885850 1024 -1
15434576976885850 1024 -1
15434576976886402 1024 -1
15434576976886402 1024 -1
15434576976886402 875 -1
15434576976902410 1024 -1
15434576976902470 1024 -1
15434576976902910 1024 -1
15434576976902910 1024 -1
15434576976903500 1024 -1
15434576976903500 1024 -1
15434576976903990 1024 -1
15434576976903990 1024 -1
15434576976903990 1024 -1
15434576976903990 1024 -1
15434576976904550 1024 -1
15434576976904550 1024 -1
15434576976969270 1024 -1
15434576976969760 1024 -1
15434576976969760 1024 -1
15434576976969760 1024 -1
15434576976969760 1024 -1
15434576976978690 1024 -1
15434576976979238 1024 -1
15434576976979238 1024 -1
15434576976979238 1024 -1
15434576976979238 1024 -1
15434576976979238 1024 -1
15434576976983048 1024 -1
15434576976983600 1024 -1
15434576976983600 1024 -1
15434576976983600 1024 -1
15434576976983600 919 -1
15434576976984150 1024 -1
15434576976984150 1024 -1
15434576976988450 1024 -1
15434576976989010 1024 -1
15434576976989010 1024 -1
15434576976989010 1024 -1
15434576976989010 1024 -1
15434576976989560 1024 -1
15434576976993730 1024 -1
15434576976993730 1024 -1
15434576976994268 1024 -1
15434576976994268 1024 -1
15434576976994268 1024 -1
15434576976994810 1024 -1
15434576976994810 1024 -1
15434576976994810 1024 -1
15434576976994810 1024 -1
15434576976998710 1024 -1
15434576976999258 1024 -1
15434576977000300 1024 -1
15434576977000300 1024 -1
15434576977000850 1024 -1
15434576977000850 1024 -1
15434576977000850 1024 -1
15434576977000850 1024 -1
15434576977001368 1024 -1
15434576977001368 1024 -1
15434576977001368 919 -1
15434576977001920 1024 -1
15434576977001920 1024 -1
15434576977001920 1024 -1
15434576977001920 1024 -1
15434576977007780 1024 -1
15434576977008330 1024 -1
15434576977008330 1024 -1
15434576977008330 1024 -1
15434576977008330 1024 -1
15434576977011190 1024 -1
15434576977011190 1024 -1
15434576977011750 1024 -1
15434576977011750 1024 -1
15434576977011750 1024 -1
15434576977011750 1024 -1
15434576977012290 1024 -1
15434576977012290 1024 -1
15434576977012290 1024 -1
15434576977012920 1024 -1
15434576977012920 1024 -1
15434576977012920 1024 -1
15434576977012920 1024 -1
15434576977013380 1024 -1
15434576977013380 1024 -1
15434576977013380 1024 -1
15434576977013928 1024 -1
15434576977021090 1024 -1
15434576977021648 919 -1
15434576977021648 1024 -1
15434576977021648 1024 -1
15434576977021648 1024 -1
15434576977021648 1024 -1
15434576977022172 1024 -1
15434576977022172 1024 -1
15434576977022172 1024 -1
15434576977022172 1024 -1
15434576977022720 1024 -1
15434576977022720 1024 -1
15434576977023252 1024 -1
15434576977023252 1024 -1
15434576977023252 1024 -1
15434576977023252 1024 -1
15434576977023252 1024 -1
15434576977023800 1024 -1
15434576977031040 1024 -1
15434576977056310 1024 -1
15434576977056310 1024 -1
15434576977056310 1024 -1
15434576977056830 1024 -1
15434576977056830 1024 -1
15434576977056830 1024 -1
15434576977066160 1024 -1
15434576977066160 1024 -1
15434576977066160 1024 -1
15434576977066640 1024 -1
15434576977066640 919 -1
15434576977067180 1024 -1
15434576977067180 1024 -1
15434576977067180 1024 -1
15434576977067700 1024 -1
15434576977067700 1024 -1
15434576977067700 1024 -1
15434576977067700 1024 -1
15434576977085640 1024 -1
15434576977085640 1024 -1
15434576977086120 1024 -1
15434576977086120 1024 -1
15434576977086120 1024 -1
15434576977086120 1024 -1
15434576977086648 1024 -1
15434576977086648 1024 -1
15434576977086648 1024 -1
15434576977087200 1024 -1
15434576977087200 1024 -1
15434576977087200 1024 -1
15434576977087200 1024 -1
15434576977087720 1024 -1
15434576977087720 1024 -1
15434576977087720 1024 -1
15434576977087720 1024 -1
15434576977088260 1024 -1
15434576977089530 1024 -1
15434576977089530 1024 -1
15434576977090070 919 -1
15434576977090070 1024 -1
15434576977090070 1024 -1
15434576977090070 1024 -1
15434576977090580 1024 -1
15434576977090580 1024 -1
15434576977090580 1024 -1
15434576977090580 1024 -1
15434576977091228 1024 -1
15434576977091228 1024 -1
15434576977091228 1024 -1
15434576977091810 1024 -1
15434576977091810 1024 -1
15434576977091810 1024 -1
15434576977091810 1024 -1
15434576977092258 1024 -1
15434576977097730 1024 -1
15434576977097730 1024 -1
15434576977097730 1024 -1
15434576977098278 1024 -1
15434576977098278 1024 -1
15434576977098278 1024 -1
15434576977098278 1024 -1
15434576977098820 1024 -1
15434576977098820 1024 -1
15434576977098820 1024 -1
15434576977099460 1024 -1
15434576977099460 1024 -1
15434576977099460 919 -1
15434576977099460 1024 -1
15434576977099910 1024 -1
15434576977099910 1024 -1
15434576977099910 1024 -1
15434576977100420 1024 -1
15434576977100420 1024 -1
15434576977100420 1024 -1
15434576977100420 1024 -1
15434576977100970 1024 -1
15434576977134048 1024 -1
15434576977134048 1024 -1
15434576977134400 1024 -1
15434576977134400 1024 -1
15434576977134400 1024 -1
15434576977134932 1024 -1
15434576977134932 1024 -1
15434576977134932 1024 -1
15434576977135470 1024 -1
15434576977135470 1024 -1
15434576977135470 1024 -1
15434576977135470 1024 -1
15434576977136030 1024 -1
15434576977143410 1024 -1
15434576977143410 1024 -1
15434576977143910 1024 -1
15434576977143910 1024 -1
15434576977143910 1024 -1
15434576977143910 919 -1
15434576977144460 1024 -1
15434576977144460 1024 -1
15434576977144460 1024 -1
15434576977144460 1024 -1
15434576977145030 1024 -1
15434576977145030 1024 -1
15434576977145030 1024 -1
15434576977145600 1024 -1
15434576977145600 1024 -1
15434576977145600 1024 -1
15434576977145600 1024 -1
15434576977146152 1024 -1
15434576977146152 1024 -1
15434576977146152 1024 -1
15434576977146720 1024 -1
15434576977146720 1024 -1
15434576977153398 1024 -1
15434576977153398 1024 -1
15434576977153840 1024 -1
15434576977153840 1024 -1
15434576977153840 1024 -1
15434576977154360 1024 -1
15434576977154360 1024 -1
15434576977154360 1024 -1
15434576977154910 1024 -1
15434576977154910 1024 -1
15434576977154910 1024 -1
15434576977154910 919 -1
15434576977155458 1024 -1
15434576977184270 1024 -1
15434576977184270 1024 -1
15434576977184270 1024 -1
15434576977184760 1024 -1
15434576977184760 1024 -1
15434576977184760 1024 -1
15434576977185290 1024 -1
15434576977185290 1024 -1
15434576977185290 1024 -1
15434576977185290 1024 -1
15434576977185800 1024 -1
15434576977185800 1024 -1
15434576977185800 1024 -1
15434576977186360 1024 -1
15434576977186360 1024 -1
15434576977186360 1024 -1
15434576977186360 1024 -1
15434576977186862 1024 -1
15434576977186862 1024 -1
15434576977186862 1024 -1
15434576977187418 1024 -1
15434576977187418 1024 -1
15434576977187992 1024 -1
15434576977187992 1024 -1
15434576977187992 1024 -1
15434576977187992 1024 -1
15434576977187992 919 -1
15434576977187992 1024 -1
15434576977188590 1024 -1
15434576977188590 1024 -1
15434576977188590 1024 -1
15434576977189030 1024 -1
15434576977189030 1024 -1
15434576977189030 1024 -1
15434576977189030 1024 -1
15434576977189540 1024 -1
15434576977190120 1024 -1
15434576977190120 1024 -1
15434576977190120 1024 -1
15434576977190120 1024 -1
15434576977190120 1024 -1
15434576977190120 1024 -1
15434576977190660 1024 -1
15434576977190940 1024 -1
15434576977190940 1024 -1
15434576977191270 1024 -1
15434576977191270 1024 -1
15434576977191752 1024 -1
15434576977191752 1024 -1
15434576977191752 1024 -1
15434576977191752 1024 -1
15434576977191752 1024 -1
15434576977192300 1024 -1
15434576977192300 1024 -1
15434576977192860 919 -1
15434576977192860 1024 -1
15434576977192860 1018 -1
0 0 0
15434576976697062 148 1
15434576976697062 206 1
15434576976784192 48 -1
15434576976836700 1024 -1
15434576976836792 1024 -1
15434576976837202 1024 -1
15434576976837202 194 -1
15434576981925140 78 1
15434576982023670 1024 -1
15434576982023900 1024 -1
15434576982023960 496 -1
15434576987025850 58 1
15434576987262350 1024 -1
15434576987262500 1024 -1
15434576987262620 1024 -1
15434576987262620 1024 -1
15434576987263278 1024 -1
15434576987263278 1024 -1
15434576987263278 1024 -1
15434576987263278 1024 -1
15434576987263802 1024 -1
15434576987263852 1024 -1
15434576987264390 1024 -1
15434576987264390 1024 -1
15434576987264390 1024 -1
15434576987264390 1024 -1
15434576987264950 1024 -1
15434576987264950 1024 -1
15434576987264950 1024 -1
15434576987264950 1024 -1
15434576987265480 1024 -1
15434576987265480 1024 -1
15434576987266030 1024 -1
15434576987266030 1024 -1
15434576987266030 1024 -1
15434576987266030 1024 -1
15434576987266030 1024 -1
15434576987266560 1024 -1
15434576987266610 851 -1
15434576987267080 1024 -1
15434576987267130 1024 -1
15434576987267130 1024 -1
15434576987267630 1024 -1
15434576987267630 1024 -1
15434576987267670 1024 -1
15434576987267670 1024 -1
15434576987267670 1024 -1
15434576987268760 1024 -1
15434576987268760 1024 -1
15434576987269270 1024 -1
15434576987269270 1024 -1
15434576987349250 1024 -1
15434576987349250 1024 -1
15434576987350950 1024 -1
15434576987350950 1024 -1
15434576987351520 1024 -1
15434576987351520 1024 -1
15434576987351520 1024 -1
15434576987351520 1024 -1
15434576987352070 1024 -1
15434576987352070 1024 -1
15434576987352070 1024 -1
15434576987358450 1024 -1
15434576987358450 1024 -1
15434576987358840 1024 -1
15434576987358840 1024 -1
15434576987358840 919 -1
15434576987358840 1024 -1
15434576987359400 1024 -1
15434576987359400 1024 -1
15434576987362900 1024 -1
15434576987362900 1024 -1
15434576987362900 1024 -1
15434576987363420 1024 -1
15434576987363420 1024 -1
15434576987363970 1024 -1
15434576987363970 1024 -1
15434576987366700 1024 -1
15434576987367238 1024 -1
15434576987367238 1024 -1
15434576987367238 1024 -1
15434576987367238 1024 -1
15434576987367762 1024 -1
15434576987367762 1024 -1
15434576987367762 1024 -1
15434576987367762 1024 -1
15434576987368330 1024 -1
15434576987368330 1024 -1
15434576987368330 1024 -1
15434576987373418 1024 -1
15434576987373940 1024 -1
15434576987373940 1024 -1
15434576987373940 1024 -1
15434576987373940 1024 -1
15434576987373940 919 -1
15434576987374498 1024 -1
15434576987374498 1024 -1
15434576987374498 1024 -1
15434576987374498 1024 -1
15434576987375040 1024 -1
15434576987375040 1024 -1
15434576987375040 1024 -1
15434576987375610 1024 -1
15434576987381020 1024 -1
15434576987381580 1024 -1
15434576987381580 1024 -1
15434576987381580 1024 -1
15434576987381580 1024 -1
15434576987382122 1024 -1
15434576987382122 1024 -1
15434576987382122 1024 -1
15434576987382690 1024 -1
15434576987382690 1024 -1
15434576987382690 1024 -1
15434576987382690 1024 -1
15434576987383210 1024 -1
15434576987383210 1024 -1
15434576987383210 1024 -1
15434576987383210 1024 -1
15434576987383760 1024 -1
15434576987383760 1024 -1
15434576987391000 1024 -1
15434576987391580 919 -1
15434576987391580 1024 -1
15434576987391580 1024 -1
15434576987391580 1024 -1
15434576987392090 1024 -1
15434576987392090 1024 -1
15434576987392090 1024 -1
15434576987395548 1024 -1
15434576987395548 1024 -1
15434576987396090 1024 -1
15434576987396090 1024 -1
15434576987396090 1024 -1
15434576987396090 1024 -1
15434576987396600 1024 -1
15434576987396600 1024 -1
15434576987396600 1024 -1
15434576987396600 1024 -1
15434576987436162 1024 -1
15434576987436162 1024 -1
15434576987436162 1024 -1
15434576987436630 1024 -1
15434576987436630 1024 -1
15434576987437748 1024 -1
15434576987437748 1024 -1
15434576987437748 1024 -1
15434576987438840 1024 -1
15434576987439410 1024 -1
15434576987439410 1024 -1
15434576987439410 919 -1
15434576987439410 1024 -1
15434576987439410 1024 -1
15434576987439950 1024 -1
15434576987439950 1024 -1
15434576987445970 1024 -1
15434576987445970 1024 -1
15434576987446540 1024 -1
15434576987446540 1024 -1
15434576987446540 1024 -1
15434576987447090 1024 -1
15434576987447090 1024 -1
15434576987447090 1024 -1
15434576987447090 1024 -1
15434576987447090 1024 -1
15434576987447600 1024 -1
15434576987448140 1024 -1
15434576987448140 1024 -1
15434576987448140 1024 -1
15434576987448140 1024 -1
15434576987448140 1024 -1
15434576987448140 1024 -1
15434576987448690 1024 -1
15434576987448690 1024 -1
15434576987448690 1024 -1
15434576987449250 1024 -1
15434576987449250 1024 -1
15434576987452850 1024 -1
15434576987452850 919 -1
15434576987453410 1024 -1
15434576987453410 1024 -1
15434576987453410 1024 -1
15434576987454550 1024 -1
15434576987455110 1024 -1
15434576987455110 1024 -1
15434576987455110 1024 -1
15434576987455680 1024 -1
15434576987455680 1024 -1
15434576987455680 1024 -1
15434576987455680 1024 -1
15434576987456210 1024 -1
15434576987456210 1024 -1
15434576987456210 1024 -1
15434576987456210 1024 -1
15434576987456780 1024 -1
15434576987456780 1024 -1
15434576987456780 1024 -1
15434576987456780 1024 -1
15434576987457280 1024 -1
15434576987457280 1024 -1
15434576987457280 1024 -1
15434576987457800 1024 -1
15434576987457800 1024 -1
15434576987457800 1024 -1
15434576987457800 1024 -1
15434576987458350 1024 -1
15434576987464710 919 -1
15434576987464710 1024 -1
15434576987465250 1024 -1
15434576987465250 1024 -1
15434576987465250 1024 -1
15434576987465250 1024 -1
15434576987465830 1024 -1
15434576987465830 1024 -1
15434576987465830 1024 -1
15434576987465830 1024 -1
15434576987466372 1024 -1
15434576987466372 1024 -1
15434576987466372 1024 -1
15434576987469420 1024 -1
15434576987469420 973 -1
15434576992470018 58 1
15434576992634340 1024 -1
15434576992634530 1024 -1
15434576992634872 1024 -1
15434576992634872 1024 -1
15434576992635400 1024 -1
15434576992635400 1024 -1
15434576992635400 1024 -1
15434576992635400 1024 -1
15434576992635940 1024 -1
15434576992635980 1024 -1
15434576992636508 1024 -1
15434576992636508 1024 -1
15434576992636508 1024 -1
15434576992636550 1024 -1
15434576992637082 1024 -1
15434576992637082 1024 -1
15434576992637082 1024 -1
15434576992637610 1024 -1
15434576992637702 1024 -1
15434576992637702 1024 -1
15434576992637702 1024 -1
15434576992637702 1024 -1
15434576992638150 1024 -1
15434576992638150 1024 -1
15434576992638150 1024 -1
15434576992638150 447 -1
15434576992638700 1024 -1
15434576992638700 1024 -1
15434576992639210 1024 -1
15434576992639210 1024 -1
15434576992639210 1024 -1
15434576992639770 1024 -1
15434576992639770 1024 -1
15434576992639770 1024 -1
15434576992640330 1024 -1
15434576992640390 1024 -1
15434576992640920 1024 -1
15434576992640920 1024 -1
15434576992640920 1024 -1
15434576992640920 1024 -1
15434576992640920 1024 -1
15434576992641448 1024 -1
15434576992641448 1024 -1
15434576992641448 1024 -1
15434576992641990 1024 -1
15434576992641990 1024 -1
15434576992641990 1024 -1
15434576992641990 1024 -1
15434576992642570 1024 -1
15434576992642570 1024 -1
15434576992642570 1024 -1
15434576992642570 1024 -1
15434576992642570 1024 -1
15434576992643630 919 -1
15434576992643630 1024 -1
15434576992644178 1024 -1
15434576992644178 1024 -1
15434576992644178 1024 -1
15434576992721270 1024 -1
15434576992721730 1024 -1
15434576992721730 1024 -1
15434576992722280 1024 -1
15434576992722280 1024 -1
15434576992722280 1024 -1
15434576992722280 1024 -1
15434576992722810 1024 -1
15434576992722810 1024 -1
15434576992722810 1024 -1
15434576992723360 1024 -1
15434576992723360 1024 -1
15434576992723890 1024 -1
15434576992723890 1024 -1
15434576992723890 1024 -1
15434576992723890 1024 -1
15434576992723890 1024 -1
15434576992724410 1024 -1
15434576992731790 1024 -1
15434576992732280 1024 -1
15434576992732280 1024 -1
15434576992732280 1024 -1
15434576992732280 1024 -1
15434576992732280 919 -1
15434576992732830 1024 -1
15434576992732830 1024 -1
15434576992733390 1024 -1
15434576992733390 1024 -1
15434576992733390 1024 -1
15434576992733970 1024 -1
15434576992733970 1024 -1
15434576992733970 1024 -1
15434576992733970 1024 -1
15434576992734590 1024 -1
15434576992734590 1024 -1
15434576992734590 1024 -1
15434576992738660 1024 -1
15434576992738660 1024 -1
15434576992738660 1024 -1
15434576992739040 1024 -1
15434576992739040 1024 -1
15434576992739040 1024 -1
15434576992739040 1024 -1
15434576992739660 1024 -1
15434576992739660 1024 -1
15434576992739660 1024 -1
15434576992739660 1024 -1
15434576992740150 1024 -1
15434576992740150 1024 -1
15434576992740150 1024 -1
15434576992740690 1024 -1
15434576992740690 919 -1
15434576992740690 1024 -1
15434576992741320 1024 -1
15434576992741320 1024 -1
15434576992745990 1024 -1
15434576992745990 1024 -1
15434576992745990 1024 -1
15434576992746460 1024 -1
15434576992746460 1024 -1
15434576992746460 1024 -1
15434576992747960 1024 -1
15434576992747960 1024 -1
15434576992747960 1024 -1
15434576992748430 1024 -1
15434576992748430 1024 -1
15434576992748430 1024 -1
15434576992748430 1024 -1
15434576992748990 1024 -1
15434576992748990 1024 -1
15434576992749510 1024 -1
15434576992749510 1024 -1
15434576992749510 1024 -1
15434576992749510 1024 -1
15434576992749510 1024 -1
15434576992750160 1024 -1
15434576992750160 1024 -1
15434576992750160 1024 -1
15434576992750160 1024 -1
15434576992750700 919 -1
15434576992750700 1024 -1
15434576992750700 1024 -1
15434576992751260 1024 -1
15434576992751260 1024 -1
15434576992751260 1024 -1
15434576992751260 1024 -1
15434576992751802 1024 -1
15434576992757520 1024 -1
15434576992758050 1024 -1
15434576992758050 1024 -1
15434576992758050 1024 -1
15434576992758050 1024 -1
15434576992758050 1024 -1
15434576992758570 1024 -1
15434576992758570 1024 -1
15434576992759130 1024 -1
15434576992759130 1024 -1
15434576992759130 1024 -1
15434576992759130 1024 -1
15434576992759650 1024 -1
15434576992759650 1024 -1
15434576992759650 1024 -1
15434576992759650 1024 -1
15434576992759650 1024 -1
15434576992760180 1024 -1
15434576992760180 1024 -1
15434576992760730 1024 -1
15434576992760730 919 -1
15434576992760730 1024 -1
15434576992760730 1024 -1
15434576992760730 1024 -1
15434576992761280 1024 -1
15434576992761280 1024 -1
15434576992767260 1024 -1
15434576992767260 1024 -1
15434576992767830 1024 -1
15434576992767830 1024 -1
15434576992767830 1024 -1
15434576992767830 1024 -1
15434576992767830 1024 -1
15434576992768380 1024 -1
15434576992768380 1024 -1
15434576992768380 1024 -1
15434576992770780 1024 -1
15434576992771340 1024 -1
15434576992771340 1024 -1
15434576992808450 1024 -1
15434576992808450 1024 -1
15434576992808450 1024 -1
15434576992808450 1024 -1
15434576992808950 1024 -1
15434576992818330 1024 -1
15434576992818330 1024 -1
15434576992818880 1024 -1
15434576992818880 1024 -1
15434576992818880 919 -1
15434576992818880 1024 -1
15434576992818880 1024 -1
15434576992819418 1024 -1
15434576992819418 1024 -1
15434576992819418 1024 -1
15434576992819992 1024 -1
15434576992819992 1024 -1
15434576992819992 1024 -1
15434576992819992 1024 -1
15434576992820540 1024 -1
15434576992820540 1024 -1
15434576992820540 1024 -1
15434576992820540 1024 -1
15434576992821072 1024 -1
15434576992821072 1024 -1
15434576992821072 1024 -1
15434576992821630 1024 -1
15434576992821630 1024 -1
15434576992821630 1024 -1
15434576992821630 1024 -1
15434576992822180 1024 -1
15434576992822180 1024 -1
15434576992822180 1024 -1
15434576992822180 1024 -1
15434576992822730 1024 -1
15434576992822730 1024 -1
15434576992831450 1024 -1
15434576992832050 919 -1
15434576992832050 1024 -1
15434576992832050 1018 -1
15434576997833130 78 1
15434576998034110 1024 -1
15434576998034280 1024 -1
15434576998034310 853 -1
15434577003035600 78 1
15434577003291950 1024 -1
15434577003292110 1024 -1
15434577003292480 1024 -1
15434577003292480 371 -1
15434577008294000 59 1
15434577008503880 1024 -1
15434577008504320 1024 -1
15434577008504390 1024 -1
15434577008504390 1024 -1
15434577008505230 1024 -1
15434577008505780 1024 -1
15434577008505780 1024 -1
15434577008505780 1024 -1
15434577008505780 1024 -1
15434577008510580 1024 -1
15434577008510580 1024 -1
15434577008513520 1024 -1
15434577008514060 1024 -1
15434577008514060 1024 -1
15434577008514060 1024 -1
15434577008514060 1024 -1
15434577008514610 1024 -1
15434577008514610 1024 -1
15434577008514610 1024 -1
15434577008522280 1024 -1
15434577008522780 1024 -1
15434577008522780 1024 -1
15434577008522780 1024 -1
15434577008522780 1024 -1
15434577008523340 1024 -1
15434577008523340 1024 -1
15434577008523340 870 -1
15434577008530310 1024 -1
15434577008530860 1024 -1
15434577008530860 1024 -1
15434577008530860 1024 -1
15434577008530860 1024 -1
15434577008531420 1024 -1
15434577008531420 1024 -1
15434577008531420 1024 -1
15434577008538830 1024 -1
15434577008539360 1024 -1
15434577008539360 1024 -1
15434577008539360 1024 -1
15434577008539360 1024 -1
15434577008591070 1024 -1
15434577008591070 1024 -1
15434577008591070 1024 -1
15434577008592340 1024 -1
15434577008592898 1024 -1
15434577008592898 1024 -1
15434577008592898 1024 -1
15434577008592898 1024 -1
15434577008593420 1024 -1
15434577008593420 1024 -1
15434577008593420 1024 -1
15434577008593420 1024 -1
15434577008593970 1024 -1
15434577008593970 1024 -1
15434577008601680 919 -1
15434577008602260 1024 -1
15434577008602260 1024 -1
15434577008602260 1024 -1
15434577008602260 1024 -1
15434577008602760 1024 -1
15434577008602760 1024 -1
15434577008602760 1024 -1
15434577008602760 1024 -1
15434577008603320 1024 -1
15434577008603320 1024 -1
15434577008603320 1024 -1
15434577008610680 1024 -1
15434577008610680 1024 -1
15434577008611250 1024 -1
15434577008611250 1024 -1
15434577008611250 1024 -1
15434577008611250 1024 -1
15434577008611760 1024 -1
15434577008611760 1024 -1
15434577008612320 1024 -1
15434577008612320 1024 -1
15434577008612320 1024 -1
15434577008612320 1024 -1
15434577008612320 1024 -1
15434577008618960 1024 -1
15434577008619540 1024 -1
15434577008619540 1024 -1
15434577008619540 919 -1
15434577008619540 1024 -1
15434577008620050 1024 -1
15434577008620050 1024 -1
15434577008620050 1024 -1
15434577008624210 1024 -1
15434577008624780 1024 -1
15434577008624780 1024 -1
15434577008624780 1024 -1
15434577008624780 1024 -1
15434577008625320 1024 -1
15434577008625320 1024 -1
15434577008625320 1024 -1
15434577008625870 1024 -1
15434577008625870 1024 -1
15434577008625870 1024 -1
15434577008625870 1024 -1
15434577008626430 1024 -1
15434577008626430 1024 -1
15434577008626430 1024 -1
15434577008633460 1024 -1
15434577008634018 1024 -1
15434577008634018 1024 -1
15434577008634018 1024 -1
15434577008634018 1024 -1
15434577008634018 1024 -1
15434577008634570 1024 -1
15434577008634570 1024 -1
15434577008635120 919 -1
15434577008635120 1024 -1
15434577008635120 1024 -1
15434577008635120 1024 -1
15434577008635120 1024 -1
15434577008635660 1024 -1
15434577008635660 1024 -1
15434577008642450 1024 -1
15434577008642450 1024 -1
15434577008642450 1024 -1
15434577008642960 1024 -1
15434577008642960 1024 -1
15434577008642960 1024 -1
15434577008643510 1024 -1
15434577008643510 1024 -1
15434577008643510 1024 -1
15434577008643510 1024 -1
15434577008644040 1024 -1
15434577008678200 1024 -1
15434577008678200 1024 -1
15434577008678200 1024 -1
15434577008678650 1024 -1
15434577008678650 1024 -1
15434577008678650 1024 -1
15434577008680450 1024 -1
15434577008681000 1024 -1
15434577008681000 1024 -1
15434577008681000 1024 -1
15434577008681000 919 -1
15434577008681550 1024 -1
15434577008681550 1024 -1
15434577008681550 1024 -1
15434577008682130 1024 -1
15434577008682130 1024 -1
15434577008682130 1024 -1
15434577008682662 1024 -1
15434577008682662 1024 -1
15434577008682662 1024 -1
15434577008682662 1024 -1
15434577008682662 1024 -1
15434577008683180 1024 -1
15434577008683180 1024 -1
15434577008683180 1024 -1
15434577008689230 1024 -1
15434577008689230 1024 -1
15434577008689770 1024 -1
15434577008689770 1024 -1
15434577008689770 1024 -1
15434577008689770 1024 -1
15434577008691910 1024 -1
15434577008691910 1024 -1
15434577008692430 1024 -1
15434577008692430 1024 -1
15434577008692430 1024 -1
15434577008698290 1024 -1
15434577008698290 1024 -1
15434577008698290 919 -1
15434577008698800 1024 -1
15434577008698800 1024 -1
15434577008698800 1024 -1
15434577008698800 1024 -1
15434577008699360 1024 -1
15434577008699360 1024 -1
15434577008699360 1024 -1
15434577008700120 1024 -1
15434577008700120 1024 -1
15434577008700120 1024 -1
15434577008700120 1024 -1
15434577008700572 1024 -1
15434577008700572 1024 -1
15434577008700572 1024 -1
15434577008700572 1024 -1
15434577008701140 1024 -1
15434577008701140 1024 -1
15434577008701140 1024 -1
15434577008701710 1024 -1
15434577008701710 1024 -1
15434577008701710 1024 -1
15434577008706282 1024 -1
15434577008706282 1024 -1
15434577008706630 1024 -1
15434577008706630 1024 -1
15434577008707250 1024 -1
15434577008707250 1024 -1
15434577008707250 919 -1
15434577008707250 1024 -1
15434577008707250 1024 -1
15434577008707870 1024 -1
15434577008707870 1024 -1
15434577008707870 1024 -1
15434577008708350 1024 -1
15434577008708350 1024 -1
15434577008708350 1024 -1
15434577008708350 1024 -1
15434577008708900 1024 -1
15434577008708900 1024 -1
15434577008708900 1024 -1
15434577008708900 1024 -1
15434577008709380 1024 -1
15434577008709380 1024 -1
15434577008709380 973 -1
15434577013718970 58 1
15434577013909330 1024 -1
15434577013909500 1024 -1
15434577013909540 1024 -1
15434577013909540 1024 -1
15434577013910130 1024 -1
15434577013910130 1024 -1
15434577013910130 1024 -1
15434577013910130 1024 -1
15434577013910130 1024 -1
15434577013910640 1024 -1
15434577013910640 1024 -1
15434577013911190 1024 -1
15434577013911190 1024 -1
15434577013911190 1024 -1
15434577013911190 1024 -1
15434577013911750 1024 -1
15434577013911750 1024 -1
15434577013911750 1024 -1
15434577013912310 1024 -1
15434577013912310 1024 -1
15434577013912310 1024 -1
15434577013912310 1024 -1
15434577013912870 1024 -1
15434577013912870 1024 -1
15434577013912870 1024 -1
15434577013912870 1024 -1
15434577013912870 279 -1
15434577013913410 1024 -1
15434577013913950 1024 -1
15434577013913950 1024 -1
15434577013913950 1024 -1
15434577013913950 1024 -1
15434577013914480 1024 -1
15434577013914480 1024 -1
15434577013914480 1024 -1
15434577013914480 1024 -1
15434577013915600 1024 -1
15434577013915600 1024 -1
15434577013915600 1024 -1
15434577013915600 1024 -1
15434577013915600 1024 -1
15434577013916140 1024 -1
15434577013916140 1024 -1
15434577013916140 1024 -1
15434577013916140 1024 -1
15434577013916680 1024 -1
15434577013916680 1024 -1
15434577013917230 1024 -1
15434577013917230 1024 -1
15434577013917230 1024 -1
15434577013917230 1024 -1
15434577013917230 1024 -1
15434577013917770 1024 -1
15434577013917770 1024 -1
15434577013917770 919 -1
15434577013918920 1024 -1
15434577013919480 1024 -1
15434577013919480 1024 -1
15434577013996652 1024 -1
15434577013996652 1024 -1
15434577013998088 1024 -1
15434577013998088 1024 -1
15434577013998088 1024 -1
15434577013998088 1024 -1
15434577013998088 1024 -1
15434577013998088 1024 -1
15434577013998088 1024 -1
15434577013998088 1024 -1
15434577013998088 1024 -1
15434577013998620 1024 -1
15434577013998620 1024 -1
15434577013998620 1024 -1
15434577013998620 1024 -1
15434577013999200 1024 -1
15434577013999200 1024 -1
15434577014006482 1024 -1
15434577014006482 1024 -1
15434577014007160 1024 -1
15434577014007160 1024 -1
15434577014007160 1024 -1
15434577014007160 1024 -1
15434577014007160 1024 -1
15434577014007540 919 -1
15434577014007540 1024 -1
15434577014007540 1024 -1
15434577014008110 1024 -1
15434577014008110 1024 -1
15434577014008110 1024 -1
15434577014008110 1024 -1
15434577014008700 1024 -1
15434577014008700 1024 -1
15434577014008700 1024 -1
15434577014012610 1024 -1
15434577014013122 1024 -1
15434577014013122 1024 -1
15434577014013122 1024 -1
15434577014013122 1024 -1
15434577014013680 1024 -1
15434577014013680 1024 -1
15434577014013680 1024 -1
15434577014013680 1024 -1
15434577014013680 1024 -1
15434577014014190 1024 -1
15434577014014190 1024 -1
15434577014014760 1024 -1
15434577014014760 1024 -1
15434577014014760 1024 -1
15434577014014760 1024 -1
15434577014014760 1024 -1
15434577014014760 1024 -1
15434577014015300 919 -1
15434577014019770 1024 -1
15434577014019770 1024 -1
15434577014020330 1024 -1
15434577014020330 1024 -1
15434577014020330 1024 -1
15434577014020330 1024 -1
15434577014020330 1024 -1
15434577014020880 1024 -1
15434577014020880 1024 -1
15434577014022810 1024 -1
15434577014023390 1024 -1
15434577014023390 1024 -1
15434577014023390 1024 -1
15434577014023390 1024 -1
15434577014023950 1024 -1
15434577014023950 1024 -1
15434577014023950 1024 -1
15434577014023950 1024 -1
15434577014024410 1024 -1
15434577014024410 1024 -1
15434577014024410 1024 -1
15434577014024990 1024 -1
15434577014024990 1024 -1
15434577014024990 1024 -1
15434577014024990 1024 -1
15434577014024990 1024 -1
15434577014025490 1024 -1
15434577014025490 919 -1
15434577014025490 1024 -1
15434577014026042 1024 -1
15434577014026042 1024 -1
15434577014026042 1024 -1
15434577014026042 1024 -1
15434577014026548 1024 -1
15434577014026548 1024 -1
15434577014033050 1024 -1
15434577014033050 1024 -1
15434577014033050 1024 -1
15434577014033880 1024 -1
15434577014033880 1024 -1
15434577014033880 1024 -1
15434577014033880 1024 -1
15434577014033880 1024 -1
15434577014033880 1024 -1
15434577014033880 1024 -1
15434577014033880 1024 -1
15434577014034330 1024 -1
15434577014034330 1024 -1
15434577014034330 1024 -1
15434577014035000 1024 -1
15434577014035000 1024 -1
15434577014035000 1024 -1
15434577014035000 1024 -1
15434577014035600 1024 -1
15434577014035600 1024 -1
15434577014035600 919 -1
15434577014035600 1024 -1
15434577014036150 1024 -1
15434577014036150 1024 -1
15434577014036150 1024 -1
15434577014036150 1024 -1
15434577014042590 1024 -1
15434577014042590 1024 -1
15434577014042590 1024 -1
15434577014043030 1024 -1
15434577014043030 1024 -1
15434577014043030 1024 -1
15434577014043710 1024 -1
15434577014043710 1024 -1
15434577014043710 1024 -1
15434577014043710 1024 -1
15434577014046130 1024 -1
15434577014046130 1024 -1
15434577014083660 1024 -1
15434577014083660 1024 -1
15434577014083660 1024 -1
15434577014084160 1024 -1
15434577014084160 1024 -1
15434577014084160 1024 -1
15434577014086270 1024 -1
15434577014086880 1024 -1
15434577014086880 1024 -1
15434577014086880 1024 -1
15434577014086880 919 -1
15434577014086880 1024 -1
15434577014087420 1024 -1
15434577014087420 1024 -1
15434577014087420 1024 -1
15434577014087420 1024 -1
15434577014087910 1024 -1
15434577014087910 1024 -1
15434577014087910 1024 -1
15434577014087910 1024 -1
15434577014088460 1024 -1
15434577014088460 1024 -1
15434577014088460 1024 -1
15434577014088460 1024 -1
15434577014089000 1024 -1
15434577014089000 1024 -1
15434577014089000 1024 -1
15434577014089550 1024 -1
15434577014089550 1024 -1
15434577014089550 1024 -1
15434577014089550 1024 -1
15434577014090070 1024 -1
15434577014090070 1024 -1
15434577014090070 1024 -1
15434577014090070 1024 -1
15434577014090620 1024 -1
15434577014094328 1024 -1
15434577014094328 1024 -1
15434577014094910 919 -1
15434577014094910 1024 -1
15434577014094910 1024 -1
15434577014094910 1024 -1
15434577014095510 1024 -1
15434577014095510 1024 -1
15434577014095510 1024 -1
15434577014095510 1024 -1
15434577014096010 1024 -1
15434577014096010 1024 -1
15434577014096010 1024 -1
15434577014096530 1024 -1
15434577014098590 1024 -1
15434577014099150 1024 -1
15434577014099150 1024 -1
15434577014099150 1024 -1
15434577014099150 1024 -1
15434577014099150 1024 -1
15434577014099690 1024 -1
15434577014099690 1024 -1
15434577014099690 1024 -1
15434577014099690 1024 -1
15434577014101500 1024 -1
15434577014102080 1024 -1
15434577014102080 1024 -1
15434577014102080 1024 -1
15434577014102080 1024 -1
15434577014102590 1024 -1
15434577014102590 919 -1
15434577014102590 1024 -1
15434577014102590 1024 -1
15434577014104290 1024 -1
15434577014104290 1024 -1
15434577014104860 1024 -1
15434577014104860 1024 -1
15434577014104860 1024 -1
15434577014104860 1024 -1
15434577014104860 1024 -1
15434577014105390 1024 -1
15434577014105390 1024 -1
15434577014105390 1024 -1
15434577014105920 1024 -1
15434577014105920 1024 -1
15434577014105920 1024 -1
15434577014105920 1024 -1
15434577014106470 1024 -1
15434577014106470 1024 -1
15434577014106470 1024 -1
15434577014106470 1024 -1
15434577014107010 1024 -1
15434577014107010 1024 -1
15434577014107010 1024 -1
15434577014107562 1024 -1
15434577014107562 1024 -1
15434577014107562 1024 -1
15434577014108130 1024 -1
15434577014108130 919 -1
15434577014108130 1024 -1
15434577014108130 1018 -1
15434577019109470 58 1
15434577019549560 1024 -1
15434577019549720 1024 -1
15434577019550468 1024 -1
15434577019550468 1024 -1
15434577019550570 1024 -1
15434577019550570 1024 -1
15434577019551020 1024 -1
15434577019551020 1024 -1
15434577019551020 1024 -1
15434577019551808 1024 -1
15434577019551808 1024 -1
15434577019551808 1024 -1
15434577019551808 1024 -1
15434577019551808 1024 -1
15434577019552350 1024 -1
15434577019552350 1024 -1
15434577019552350 1024 -1
15434577019552350 1024 -1
15434577019552900 1024 -1
15434577019552900 1024 -1
15434577019553470 1024 -1
15434577019553470 1024 -1
15434577019553470 1024 -1
15434577019553470 1024 -1
15434577019553470 1024 -1
15434577019553470 1024 -1
15434577019553470 265 -1
15434577019588370 1024 -1
15434577019588510 1024 -1
15434577019588910 1024 -1
15434577019588910 1024 -1
15434577019589470 1024 -1
15434577019589470 1024 -1
15434577019589470 1024 -1
15434577019589470 1024 -1
15434577019589990 1024 -1
15434577019590052 1024 -1
15434577019590052 1024 -1
15434577019590540 1024 -1
15434577019590540 1024 -1
15434577019591070 1024 -1
15434577019591070 1024 -1
15434577019591070 1024 -1
15434577019591070 1024 -1
15434577019591610 1024 -1
15434577019591610 1024 -1
15434577019591610 1024 -1
15434577019592170 1024 -1
15434577019592170 1024 -1
15434577019592190 1024 -1
15434577019592730 1024 -1
15434577019592730 1024 -1
15434577019592730 1024 -1
15434577019593300 1024 -1
15434577019593300 919 -1
15434577019650140 1024 -1
15434577019651130 1024 -1
15434577019651160 1024 -1
15434577019659730 1024 -1
15434577019660360 1024 -1
15434577019660460 1024 -1
15434577019660460 1024 -1
15434577019661290 1024 -1
15434577019661290 1024 -1
15434577019661880 1024 -1
15434577019661880 1024 -1
15434577019661880 1024 -1
15434577019663290 1024 -1
15434577019663848 1024 -1
15434577019663848 1024 -1
15434577019663848 1024 -1
15434577019663848 1024 -1
15434577019664410 1024 -1
15434577019664410 1024 -1
15434577019666100 1024 -1
15434577019666660 1024 -1
15434577019666660 1024 -1
15434577019666660 1024 -1
15434577019666660 1024 -1
15434577019667240 1024 -1
15434577019667240 1024 -1
15434577019667240 1024 -1
15434577019667240 928 -1
15434577024668310 78 1
15434577024980900 1024 -1
15434577024981142 1024 -1
15434577024981410 853 -1
15434577029982560 59 1
15434577031138220 1024 -1
15434577031138340 1024 -1
15434577031138370 1024 -1
15434577031138370 1024 -1
15434577031139700 1024 -1
15434577031139700 1024 -1
15434577031140240 1024 -1
15434577031140240 1024 -1
15434577031140240 1024 -1
15434577031144760 1024 -1
15434577031145330 1024 -1
15434577031145330 1024 -1
15434577031147940 1024 -1
15434577031148510 1024 -1
15434577031148510 1024 -1
15434577031148510 1024 -1
15434577031148510 1024 -1
15434577031149060 1024 -1
15434577031149060 1024 -1
15434577031149060 1024 -1
15434577031149610 1024 -1
15434577031158190 1024 -1
15434577031158190 1024 -1
15434577031158190 1024 -1
15434577031158730 1024 -1
15434577031158730 1024 -1
15434577031158730 922 -1
15434577031386640 1024 -1
15434577031387710 1024 -1
15434577031387820 1024 -1
15434577031387820 1024 -1
15434577031389760 1024 -1
15434577031390310 1024 -1
15434577031390310 1024 -1
15434577031390310 1024 -1
15434577031390310 1024 -1
15434577031393940 1024 -1
15434577031394500 1024 -1
15434577031394500 1024 -1
15434577031394500 1024 -1
15434577031394500 1024 -1
15434577031395020 1024 -1
15434577031395020 1024 -1
15434577031395020 1024 -1
15434577031395020 1024 -1
15434577031395568 1024 -1
15434577031395568 1024 -1
15434577031402860 1024 -1
15434577031403388 1024 -1
15434577031403388 1024 -1
15434577031403388 1024 -1
15434577031403388 1024 -1
15434577031403950 1024 -1
15434577031403950 1024 -1
15434577031403950 919 -1
15434577031626110 1024 -1
15434577031626180 1024 -1
15434577031626300 1024 -1
15434577031626300 1024 -1
15434577031626648 1024 -1
15434577031627172 1024 -1
15434577031627172 1024 -1
15434577031627172 1024 -1
15434577031627720 1024 -1
15434577031630890 1024 -1
15434577031631430 1024 -1
15434577031631430 1024 -1
15434577031631430 1024 -1
15434577031632000 1024 -1
15434577031632000 1024 -1
15434577031632000 1024 -1
15434577031632000 1024 -1
15434577031632000 1024 -1
15434577031632550 1024 -1
15434577031639070 1024 -1
15434577031639640 1024 -1
15434577031639640 1024 -1
15434577031639640 1024 -1
15434577031639640 1024 -1
15434577031640200 1024 -1
15434577031640200 1024 -1
15434577031640200 1024 -1
15434577031640200 919 -1
15434577031691030 1024 -1
15434577031691670 1024 -1
15434577031691670 1024 -1
15434577031693120 1024 -1
15434577031693120 1024 -1
15434577031693120 1024 -1
15434577031695400 1024 -1
15434577031695400 1024 -1
15434577031695400 1024 -1
15434577031695400 1024 -1
15434577031695950 1024 -1
15434577031695950 1024 -1
15434577031695950 1024 -1
15434577031700790 1024 -1
15434577031701370 1024 -1
15434577031701370 1024 -1
15434577031701370 1024 -1
15434577031713090 1024 -1
15434577031713670 1024 -1
15434577031713670 1024 -1
15434577031713670 1024 -1
15434577031713670 1024 -1
15434577031714200 1024 -1
15434577031714200 1024 -1
15434577031714200 1024 -1
15434577031714200 1024 -1
15434577031714740 1024 -1
15434577031714740 919 -1
15434577032003232 1024 -1
15434577032003300 1024 -1
15434577032003760 1024 -1
15434577032003760 1024 -1
15434577032004312 1024 -1
15434577032004312 1024 -1
15434577032004312 1024 -1
15434577032004312 1024 -1
15434577032004850 1024 -1
15434577032005392 1024 -1
15434577032005940 1024 -1
15434577032005940 1024 -1
15434577032007030 1024 -1
15434577032007030 1024 -1
15434577032007030 1024 -1
15434577032007030 1024 -1
15434577032007610 1024 -1
15434577032007610 1024 -1
15434577032007610 1024 -1
15434577032007610 1024 -1
15434577032008150 1024 -1
15434577032008150 1024 -1
15434577032008150 1024 -1
15434577032008710 1024 -1
15434577032008710 1024 -1
15434577032011660 1024 -1
15434577032012240 1024 -1
15434577032012240 919 -1
15434577032107400 1024 -1
15434577032108290 1024 -1
15434577032108340 1024 -1
15434577032108340 1024 -1
15434577032108770 1024 -1
15434577032109290 1024 -1
15434577032110270 1024 -1
15434577032110270 1024 -1
15434577032110270 1024 -1
15434577032110920 1024 -1
15434577032110920 1024 -1
15434577032110920 988 -1
15434577037111710 9 1
15434577042111830 81 1
15434577042252550 1024 -1
15434577042252720 1024 -1
15434577042253070 1024 -1
15434577042253070 371 -1
15434577047254570 78 1
15434577048180510 1024 -1
15434577048180658 1024 -1
15434577048180690 674 -1
15434577053182020 78 1
15434577053327350 1024 -1
15434577053327520 1024 -1
15434577053327870 1024 -1
15434577053327870 370 -1
15434577058329680 78 1
15434577058637790 1024 -1
15434577058638010 1024 -1
15434577058638030 1024 -1
15434577058638030 193 -1
15434577063639560 78 1
15434577064320960 1024 -1
15434577064321080 1024 -1
15434577064321120 1024 -1
15434577064321120 373 -1
15434577069322610 63 1
15434577069498830 1024 -1
15434577069498970 1024 -1
15434577069499012 1024 -1
15434577069499012 1024 -1
15434577069500170 1024 -1
15434577069500170 1024 -1
15434577069500170 100 -1
15434577074501390 63 1
15434577074828270 1024 -1
15434577074828400 1024 -1
15434577074828790 1024 -1
15434577074828790 1024 -1
15434577074830000 1024 -1
15434577074830552 1024 -1
15434577074830552 1024 -1
15434577074830552 1024 -1
15434577074830552 604 -1
15434577079832550 64 1
15434577079986040 1024 -1
15434577079986220 1024 -1
15434577079986530 1024 -1
15434577079986530 1024 -1
15434577079987660 1024 -1
15434577079987660 1024 -1
15434577079987660 513 -1
15434577084988930 63 1
15434577085304820 1024 -1
15434577085305008 1024 -1
15434577085305330 1024 -1
15434577085305330 1024 -1
15434577085306440 1024 -1
15434577085306440 1024 -1
15434577085306980 1024 -1
15434577085306980 1024 -1
15434577085306980 1024 -1
15434577085311130 791 -1
15434577090312170 63 1
15434577090490250 1024 -1
15434577090490410 1024 -1
15434577090490740 1024 -1
15434577090490740 1024 -1
15434577090491860 1024 -1
15434577090492430 1024 -1
15434577090492430 1024 -1
15434577090492430 481 -1
15434577095493842 63 1
15434577096179870 1024 -1
15434577096179990 1024 -1
15434577096180010 1024 -1
15434577096180010 1024 -1
15434577096181380 1024 -1
15434577096181380 503 -1
15434577101182430 78 1
15434577101306310 1024 -1
15434577101306510 1024 -1
15434577101306560 1024 -1
15434577101306560 15 -1
15434577106308780 58 1
15434577106635808 1024 -1
15434577106636040 1024 -1
15434577106636290 1024 -1
15434577106636290 1024 -1
15434577106637420 1024 -1
15434577106637960 1024 -1
15434577106637960 1024 -1
15434577106637960 1024 -1
15434577106637960 1024 -1
15434577106642580 1024 -1
15434577106643140 1024 -1
15434577106643140 1024 -1
15434577106645810 1024 -1
15434577106646390 1024 -1
15434577106646390 1024 -1
15434577106646390 1024 -1
15434577106646390 1024 -1
15434577106646910 1024 -1
15434577106646910 1024 -1
15434577106646910 1024 -1
15434577106646910 1024 -1
15434577106655970 1024 -1
15434577106655970 1024 -1
15434577106655970 1024 -1
15434577106656498 1024 -1
15434577106656498 1024 -1
15434577106656498 156 -1
15434577106660230 1024 -1
15434577106660800 1024 -1
15434577106660800 1024 -1
15434577106663300 1024 -1
15434577106663850 1024 -1
15434577106663850 1024 -1
15434577106663850 1024 -1
15434577106663850 1024 -1
15434577106668460 1024 -1
15434577106669012 1024 -1
15434577106669012 1024 -1
15434577106669012 1024 -1
15434577106722580 1024 -1
15434577106723140 1024 -1
15434577106724260 1024 -1
15434577106724260 1024 -1
15434577106724260 1024 -1
15434577106724260 1024 -1
15434577106724260 1024 -1
15434577106724790 1024 -1
15434577106724790 1024 -1
15434577106724790 1024 -1
15434577106724790 1024 -1
15434577106725300 1024 -1
15434577106725300 1024 -1
15434577106733720 1024 -1
15434577106733720 1024 -1
15434577106734272 919 -1
15434577106734272 1024 -1
15434577106734272 1024 -1
15434577106734272 1024 -1
15434577106734828 1024 -1
15434577106734828 1024 -1
15434577106734828 1024 -1
15434577106734828 1024 -1
15434577106735370 1024 -1
15434577106741610 1024 -1
15434577106741610 1024 -1
15434577106742160 1024 -1
15434577106742160 1024 -1
15434577106742160 1024 -1
15434577106742160 973 -1
15434577111743250 78 1
15434577111958070 1024 -1
15434577111958270 1024 -1
15434577111958612 852 -1
15434577116959670 78 1
15434577117341940 1024 -1
15434577117342160 389 -1
15434577117342470 1024 -1
15434577117342538 1024 -1
15434577117343630 705 -1
15434577122344370 78 1
15434577122470970 1024 -1
15434577122471730 298 -1
15434577122471768 1024 -1
15434577122471800 439 -1
15434577127476480 78 1
15434577127700480 1024 -1
15434577127700650 1024 -1
15434577127701010 1024 -1
15434577127701010 371 -1
15434577132702680 59 1
15434577132886370 1024 -1
15434577132886580 1024 -1
15434577132886650 1024 -1
15434577132886650 1024 -1
15434577132887900 1024 -1
15434577132888470 1024 -1
15434577132888470 1024 -1
15434577132888470 1024 -1
15434577132892100 1024 -1
15434577132892640 1024 -1
15434577132892640 1024 -1
15434577132892640 1024 -1
15434577132892640 1024 -1
15434577132897220 1024 -1
15434577132897760 1024 -1
15434577132897760 1024 -1
15434577132897760 1024 -1
15434577132897760 1024 -1
15434577132898350 1024 -1
15434577132898350 1024 -1
15434577132898350 1024 -1
15434577132898350 1024 -1
15434577132907400 1024 -1
15434577132907400 1024 -1
15434577132907400 1024 -1
15434577132907400 100 -1
15434577132907900 1024 -1
15434577132907900 1024 -1
15434577132907900 1024 -1
15434577132907900 1024 -1
15434577132908450 1024 -1
15434577132908450 1024 -1
15434577132908450 1024 -1
15434577132917718 1024 -1
15434577132917718 1024 -1
15434577132918242 1024 -1
15434577132918242 1024 -1
15434577132918242 1024 -1
15434577132918242 1024 -1
15434577132918242 1024 -1
15434577132918790 1024 -1
15434577132918790 1024 -1
15434577132973248 1024 -1
15434577132973248 1024 -1
15434577132973248 1024 -1
15434577132974852 1024 -1
15434577132974852 1024 -1
15434577132974852 1024 -1
15434577132974852 1024 -1
15434577132975400 1024 -1
15434577132975400 1024 -1
15434577132975400 1024 -1
15434577132976380 1024 -1
15434577132976380 919 -1
15434577132976380 1024 -1
15434577132976380 1024 -1
15434577132999990 1024 -1
15434577132999990 1024 -1
15434577132999990 1024 -1
15434577133000560 1024 -1
15434577133000560 1024 -1
15434577133000560 1024 -1
15434577133000560 1024 -1
15434577133000560 1024 -1
15434577133001080 1024 -1
15434577133001080 1024 -1
15434577133001080 1024 -1
15434577133001608 1024 -1
15434577133001608 1024 -1
15434577133001608 1024 -1
15434577133002182 1024 -1
15434577133002182 1024 -1
15434577133002182 1024 -1
15434577133002182 958 -1
15434577138006310 78 1
15434577138185192 1024 -1
15434577138185370 1024 -1
15434577138185400 1024 -1
15434577138185400 193 -1
15434577143187050 59 1
15434577143426600 1024 -1
15434577143426790 1024 -1
15434577143427132 1024 -1
15434577143427132 1024 -1
15434577143428280 1024 -1
15434577143428832 1024 -1
15434577143428832 1024 -1
15434577143428832 1024 -1
15434577143428832 1024 -1
15434577143434050 1024 -1
15434577143434050 1024 -1
15434577143434588 1024 -1
15434577143437400 1024 -1
15434577143437950 1024 -1
15434577143437950 1024 -1
15434577143437950 1024 -1
15434577143437950 1024 -1
15434577143438490 1024 -1
15434577143438490 1024 -1
15434577143438490 1024 -1
15434577143447020 1024 -1
15434577143447020 1024 -1
15434577143447020 1024 -1
15434577143447390 1024 -1
15434577143447390 1024 -1
15434577143447960 1024 -1
15434577143447960 1024 -1
15434577143447960 178 -1
15434577143456380 1024 -1
15434577143458030 1024 -1
15434577143458230 1024 -1
15434577143458230 1024 -1
15434577143461630 1024 -1
15434577143461630 1024 -1
15434577143461630 1024 -1
15434577143461630 1024 -1
15434577143461800 1024 -1
15434577143467110 1024 -1
15434577143513570 1024 -1
15434577143514162 1024 -1
15434577143514162 1024 -1
15434577143514990 1024 -1
15434577143515560 1024 -1
15434577143515560 1024 -1
15434577143515560 1024 -1
15434577143515560 1024 -1
15434577143516090 1024 -1
15434577143516090 1024 -1
15434577143516090 1024 -1
15434577143516620 1024 -1
15434577143523942 1024 -1
15434577143523942 1024 -1
15434577143524470 1024 -1
15434577143524470 1024 -1
15434577143524470 1024 -1
15434577143524470 919 -1
15434577143536070 1024 -1
15434577143536640 1024 -1
15434577143536640 1024 -1
15434577143537190 1024 -1
15434577143537760 1024 -1
15434577143537760 1024 -1
15434577143539410 1024 -1
15434577143539938 1024 -1
15434577143539938 1024 -1
15434577143539938 1024 -1
15434577143539938 1024 -1
15434577143540500 1024 -1
15434577143540500 1024 -1
15434577143544200 1024 -1
15434577143544750 1024 -1
15434577143544750 1024 -1
15434577143544750 1024 -1
15434577143544750 1024 -1
15434577143547390 1024 -1
15434577143547940 1024 -1
15434577143547940 1024 -1
15434577143547940 1024 -1
15434577143547940 1024 -1
15434577143548470 1024 -1
15434577143548470 1024 -1
15434577143548470 1024 -1
15434577143548470 1024 -1
15434577143549030 919 -1
15434577143553450 1024 -1
15434577143554030 1024 -1
15434577143554030 1024 -1
15434577143554030 1024 -1
15434577143554030 1024 -1
15434577143554590 1024 -1
15434577143554590 1024 -1
15434577143554590 1024 -1
15434577143555110 1024 -1
15434577143555110 1024 -1
15434577143555110 1024 -1
15434577143555110 1024 -1
15434577143555650 1024 -1
15434577143555650 1024 -1
15434577143555650 1024 -1
15434577143561990 1024 -1
15434577143562542 1024 -1
15434577143562542 1024 -1
15434577143562542 1024 -1
15434577143563098 1024 -1
15434577143563098 1024 -1
15434577143563098 1024 -1
15434577143563098 1024 -1
15434577143563098 1024 -1
15434577143563610 1024 -1
15434577143563610 1024 -1
15434577143563610 1024 -1
15434577143563610 919 -1
15434577143600900 1024 -1
15434577143600900 1024 -1
15434577143600900 1024 -1
15434577143600900 1024 -1
15434577143601640 1024 -1
15434577143601640 1024 -1
15434577143601640 1024 -1
15434577143601640 1024 -1
15434577143601640 1024 -1
15434577143602190 1024 -1
15434577143602190 1024 -1
15434577143603850 1024 -1
15434577143604410 1024 -1
15434577143604410 1024 -1
15434577143604410 1024 -1
15434577143605000 1024 -1
15434577143605000 1024 -1
15434577143605000 1024 -1
15434577143605000 1024 -1
15434577143605000 1024 -1
15434577143605490 1024 -1
15434577143605490 1024 -1
15434577143605490 1024 -1
15434577143606050 1024 -1
15434577143606050 1024 -1
15434577143606050 1024 -1
15434577143606050 1024 -1
15434577143606550 919 -1
15434577143606550 1024 -1
15434577143606550 1024 -1
15434577143613710 1024 -1
15434577143613710 1024 -1
15434577143613710 1024 -1
15434577143614240 1024 -1
15434577143614240 1024 -1
15434577143622630 1024 -1
15434577143622630 1024 -1
15434577143623180 1024 -1
15434577143623180 1024 -1
15434577143623180 1024 -1
15434577143623180 1024 -1
15434577143623732 1024 -1
15434577143623732 1024 -1
15434577143623732 1024 -1
15434577143623732 1024 -1
15434577143624280 1024 -1
15434577143626390 1024 -1
15434577143626390 1024 -1
15434577143626960 1024 -1
15434577143626960 1024 -1
15434577143626960 1024 -1
15434577143626960 1024 -1
15434577143627480 1024 -1
15434577143627480 1024 -1
15434577143627480 1024 -1
15434577143627480 919 -1
15434577143674390 1024 -1
15434577143674890 1024 -1
15434577143674920 1024 -1
15434577143674920 1024 -1
15434577143676168 1024 -1
15434577143676168 1024 -1
15434577143676168 1024 -1
15434577143676168 1024 -1
15434577143676730 1024 -1
15434577143677260 1024 -1
15434577143677810 1024 -1
15434577143677810 1024 -1
15434577143677810 1024 -1
15434577143678380 1024 -1
15434577143678890 1024 -1
15434577143678890 1024 -1
15434577143678890 1024 -1
15434577143679430 1024 -1
15434577143679430 1024 -1
15434577143679430 1024 -1
15434577143679430 1024 -1
15434577143679950 1024 -1
15434577143679950 1024 -1
15434577143679950 1024 -1
15434577143681900 1024 -1
15434577143682460 1024 -1
15434577143682460 1024 -1
15434577143682460 919 -1
15434577143683590 1024 -1
15434577143683590 1024 -1
15434577143683590 1024 -1
15434577143683590 1024 -1
15434577143684120 1024 -1
15434577143684120 1024 -1
15434577143684120 1024 -1
15434577143684120 1024 -1
15434577143684660 1024 -1
15434577143684660 1024 -1
15434577143684660 1024 -1
15434577143685200 1024 -1
15434577143685200 1024 -1
15434577143687060 1024 -1
15434577143687630 1024 -1
15434577143687630 1024 -1
15434577143687630 1024 -1
15434577143688180 1024 -1
15434577143688180 1024 -1
15434577143688180 1024 -1
15434577143688180 1024 -1
15434577143688720 1024 -1
15434577143688720 1024 -1
15434577143688720 1024 -1
15434577143688720 1024 -1
15434577143689250 1024 -1
15434577143689250 1024 -1
15434577143689250 919 -1
15434577143700230 1024 -1
15434577143700270 1024 -1
15434577143700810 1024 -1
15434577143700810 1024 -1
15434577143701342 1024 -1
15434577143701342 1024 -1
15434577143701342 1024 -1
15434577143701342 1024 -1
15434577143701848 1024 -1
15434577143701880 1024 -1
15434577143702390 1024 -1
15434577143702390 1024 -1
15434577143702390 1024 -1
15434577143702950 1024 -1
15434577143704110 1024 -1
15434577143704110 1024 -1
15434577143704110 1024 -1
15434577143704110 1024 -1
15434577143704670 1024 -1
15434577143704670 1024 -1
15434577143704670 1024 -1
15434577143704670 1024 -1
15434577143704670 1024 -1
15434577143705202 1024 -1
15434577143705202 1024 -1
15434577143706000 928 -1
15434577148707170 79 1
15434577148905670 1024 -1
15434577148905870 1024 -1
15434577148906210 1024 -1
15434577148906210 549 -1
15434577153907740 59 1
15434577154096430 1024 -1
15434577154096590 1024 -1
15434577154096920 1024 -1
15434577154096920 1024 -1
15434577154098010 1024 -1
15434577154098590 1024 -1
15434577154098590 1024 -1
15434577154098590 1024 -1
15434577154098590 1024 -1
15434577154101560 1024 -1
15434577154102140 1024 -1
15434577154102140 1024 -1
15434577154102140 1024 -1
15434577154102140 1024 -1
15434577154102680 1024 -1
15434577154102680 1024 -1
15434577154103240 1024 -1
15434577154103240 1024 -1
15434577154108328 1024 -1
15434577154108870 1024 -1
15434577154108870 1024 -1
15434577154108870 1024 -1
15434577154108870 1024 -1
15434577154109408 1024 -1
15434577154109408 1024 -1
15434577154109408 1024 -1
15434577154109408 207 -1
15434577154135270 1024 -1
15434577154135380 1024 -1
15434577154137020 1024 -1
15434577154137020 1024 -1
15434577154138960 1024 -1
15434577154139540 1024 -1
15434577154139540 1024 -1
15434577154139540 1024 -1
15434577154139540 1024 -1
15434577154142980 1024 -1
15434577154143540 1024 -1
15434577154143540 1024 -1
15434577154143540 1024 -1
15434577154183280 1024 -1
15434577154183280 1024 -1
15434577154184680 1024 -1
15434577154184680 1024 -1
15434577154184680 1024 -1
15434577154185130 1024 -1
15434577154185130 1024 -1
15434577154185130 1024 -1
15434577154185700 1024 -1
15434577154185700 1024 -1
15434577154185700 1024 -1
15434577154185700 1024 -1
15434577154186220 1024 -1
15434577154194840 1024 -1
15434577154194840 919 -1
15434577154194840 1024 -1
15434577154195170 1024 -1
15434577154195170 1024 -1
15434577154195170 1024 -1
15434577154195170 1024 -1
15434577154195810 1024 -1
15434577154195810 1024 -1
15434577154195810 1024 -1
15434577154195810 1024 -1
15434577154202790 1024 -1
15434577154202790 1024 -1
15434577154202790 1024 -1
15434577154203090 1024 -1
15434577154203090 1024 -1
15434577154203090 1024 -1
15434577154203810 1024 -1
15434577154203810 1024 -1
15434577154203810 1024 -1
15434577154203810 1024 -1
15434577154203810 1024 -1
15434577154204258 1024 -1
15434577154204258 1024 -1
15434577154204810 1024 -1
15434577154211782 1024 -1
15434577154211782 1024 -1
15434577154211782 1024 -1
15434577154212242 1024 -1
15434577154212242 919 -1
15434577154212242 1024 -1
15434577154212890 1024 -1
15434577154212890 1024 -1
15434577154212890 1024 -1
15434577154212890 1024 -1
15434577154213400 1024 -1
15434577154213400 1024 -1
15434577154213400 1024 -1
15434577154214010 1024 -1
15434577154221990 1024 -1
15434577154222520 1024 -1
15434577154222520 1024 -1
15434577154222520 1024 -1
15434577154222520 1024 -1
15434577154223070 1024 -1
15434577154223070 1024 -1
15434577154223070 1024 -1
15434577154226028 1024 -1
15434577154226028 1024 -1
15434577154226590 958 -1
15434577159227720 59 1
15434577159443810 1024 -1
15434577159444010 1024 -1
15434577159444340 1024 -1
15434577159444340 1024 -1
15434577159444870 1024 -1
15434577159444870 1024 -1
15434577159444870 1024 -1
15434577159444870 1024 -1
15434577159445400 1024 -1
15434577159445950 1024 -1
15434577159445950 1024 -1
15434577159446480 1024 -1
15434577159446480 1024 -1
15434577159446480 1024 -1
15434577159447040 1024 -1
15434577159447040 1024 -1
15434577159447040 212 -1
15434577164449192 59 1
15434577164587110 1024 -1
15434577164587300 1024 -1
15434577164587620 1024 -1
15434577164587620 1024 -1
15434577164588180 1024 -1
15434577164588180 1024 -1
15434577164589300 1024 -1
15434577164589930 1024 -1
15434577164589930 1024 -1
15434577164589930 1024 -1
15434577164589930 1024 -1
15434577164589930 1024 -1
15434577164590412 1024 -1
15434577164596952 1024 -1
15434577164596952 1024 -1
15434577164597458 1024 -1
15434577164597458 1024 -1
15434577164597458 1024 -1
15434577164598020 1024 -1
15434577164598020 1024 -1
15434577164598020 1024 -1
15434577164605410 1024 -1
15434577164605948 1024 -1
15434577164605948 1024 -1
15434577164605948 1024 -1
15434577164605948 1024 -1
15434577164605948 3 -1
15434577164605948 1024 -1
15434577164606480 1024 -1
15434577164606480 1024 -1
15434577164614230 1024 -1
15434577164614810 1024 -1
15434577164614810 1024 -1
15434577164614810 1024 -1
15434577164614810 1024 -1
15434577164614810 1024 -1
15434577164614810 1024 -1
15434577164615340 1024 -1
15434577164622920 1024 -1
15434577164623490 1024 -1
15434577164623490 1024 -1
15434577164623490 1024 -1
15434577164673810 1024 -1
15434577164674410 1024 -1
15434577164674410 1024 -1
15434577164674940 1024 -1
15434577164675520 1024 -1
15434577164675520 1024 -1
15434577164675520 1024 -1
15434577164675520 1024 -1
15434577164676060 1024 -1
15434577164676060 1024 -1
15434577164676060 1024 -1
15434577164676610 1024 -1
15434577164676610 919 -1
15434577164676610 1024 -1
15434577164685472 1024 -1
15434577164685472 1024 -1
15434577164685472 1024 -1
15434577164686090 1024 -1
15434577164686090 1024 -1
15434577164686090 1024 -1
15434577164686090 1024 -1
15434577164686090 1024 -1
15434577164686570 1024 -1
15434577164686570 1024 -1
15434577164686570 1024 -1
15434577164686570 1024 -1
15434577164694160 1024 -1
15434577164694160 1024 -1
15434577164694160 1024 -1
15434577164694540 1024 -1
15434577164696970 1024 -1
15434577164696970 1024 -1
15434577164696970 1024 -1
15434577164697360 1024 -1
15434577164697360 1024 -1
15434577164697360 1024 -1
15434577164698030 1024 -1
15434577164698030 1024 -1
15434577164698030 1024 -1
15434577164698030 1024 -1
15434577164698030 919 -1
15434577164698030 1024 -1
15434577164698550 1024 -1
15434577164698550 1024 -1
15434577164705998 1024 -1
15434577164705998 1024 -1
15434577164706480 1024 -1
15434577164706480 1024 -1
15434577164706480 1024 -1
15434577164706480 1024 -1
15434577164709188 1024 -1
15434577164709762 1024 -1
15434577164709762 1024 -1
15434577164709762 1024 -1
15434577164709762 1024 -1
15434577164710330 1024 -1
15434577164710330 1024 -1
15434577164710330 1024 -1
15434577164710330 1024 -1
15434577164710888 1024 -1
15434577164710888 1024 -1
15434577164710888 1024 -1
15434577164717110 1024 -1
15434577164717110 1024 -1
15434577164717830 1024 -1
15434577164717830 1024 -1
15434577164721190 1024 -1
15434577164721190 1024 -1
15434577164721190 919 -1
15434577164721190 1024 -1
15434577164721190 1024 -1
15434577164721190 1024 -1
15434577164721190 1024 -1
15434577164721190 1024 -1
15434577164721190 1024 -1
15434577164721190 1024 -1
15434577164721190 1024 -1
15434577164721190 1024 -1
15434577164721190 1024 -1
15434577164721190 1024 -1
15434577164721830 1024 -1
15434577164721830 1024 -1
15434577164721830 1024 -1
15434577164729670 1024 -1
15434577164729670 1024 -1
15434577164729670 1024 -1
15434577164730250 1024 -1
15434577164730250 1024 -1
15434577164761300 1024 -1
15434577164761300 1024 -1
15434577164761300 1024 -1
15434577164761820 1024 -1
15434577164761820 1024 -1
15434577164761820 1024 -1
15434577164763310 1024 -1
15434577164763898 1024 -1
15434577164763898 919 -1
15434577164763898 1024 -1
15434577164763898 1024 -1
15434577164763898 1024 -1
15434577164763898 1024 -1
15434577164764430 1024 -1
15434577164764430 1024 -1
15434577164764430 1024 -1
15434577164765020 1024 -1
15434577164765020 1024 -1
15434577164765020 1024 -1
15434577164765020 1024 -1
15434577164765020 988 -1
15434577169767390 88 1
15434577169924280 1024 -1
15434577169924430 1024 -1
15434577169924800 1024 -1
15434577169924800 1024 -1
15434577169925320 1024 -1
15434577169925320 1024 -1
15434577169925320 1024 -1
15434577169925320 1024 -1
15434577169925858 1024 -1
15434577169926420 1024 -1
15434577169926420 1024 -1
15434577169926420 1024 -1
15434577169926420 1024 -1
15434577169926420 1024 -1
15434577169926950 1024 -1
15434577169926950 1024 -1
15434577169926950 1024 -1
15434577169927500 1024 -1
15434577169927500 1024 -1
15434577169928610 1024 -1
15434577169929190 1024 -1
15434577169929190 1024 -1
15434577169929190 1024 -1
15434577169929190 1024 -1
15434577169929190 1024 -1
15434577169929730 1024 -1
15434577169929730 800 -1
15434577169930830 1024 -1
15434577169930830 1024 -1
15434577169930830 1024 -1
15434577169930830 1024 -1
15434577169931942 1024 -1
15434577169931942 1024 -1
15434577169931942 1024 -1
15434577169931942 1024 -1
15434577169932460 1024 -1
15434577169932460 1024 -1
15434577169932460 1024 -1
15434577169932460 1024 -1
15434577169933010 1024 -1
15434577169933010 1024 -1
15434577169933010 1024 -1
15434577169933570 1024 -1
15434577170011020 1024 -1
15434577170011548 1024 -1
15434577170011548 1024 -1
15434577170012670 1024 -1
15434577170012670 1024 -1
15434577170012670 1024 -1
15434577170012670 1024 -1
15434577170013190 1024 -1
15434577170013190 1024 -1
15434577170013190 1024 -1
15434577170013190 1024 -1
15434577170013750 919 -1
15434577170013750 1024 -1
15434577170013750 1018 -1
15434577175015730 78 1
15434577175190010 1024 -1
15434577175190340 965 -1
15434577180192110 58 1
15434577180638310 1024 -1
15434577180638490 1024 -1
15434577180638822 1024 -1
15434577180638822 1024 -1
15434577180639380 1024 -1
15434577180639380 1024 -1
15434577180640840 1024 -1
15434577180641410 1024 -1
15434577180641410 1024 -1
15434577180641410 1024 -1
15434577180641410 1024 -1
15434577180646000 1024 -1
15434577180646560 1024 -1
15434577180646560 1024 -1
15434577180646560 1024 -1
15434577180646560 1024 -1
15434577180646560 1024 -1
15434577180647090 1024 -1
15434577180647090 1024 -1
15434577180647090 1024 -1
15434577180655540 1024 -1
15434577180656030 1024 -1
15434577180656030 1024 -1
15434577180656030 1024 -1
15434577180656030 1024 -1
15434577180656030 1024 -1
15434577180656030 592 -1
15434577180676702 1024 -1
15434577180678180 1024 -1
15434577180678800 1024 -1
15434577180678800 1024 -1
15434577180681310 1024 -1
15434577180681870 1024 -1
15434577180681870 1024 -1
15434577180681870 1024 -1
15434577180681870 1024 -1
15434577180686628 1024 -1
15434577180687190 1024 -1
15434577180687190 1024 -1
15434577180687190 1024 -1
15434577180725220 1024 -1
15434577180725770 1024 -1
15434577180726940 1024 -1
15434577180726940 1024 -1
15434577180726940 1024 -1
15434577180726940 1024 -1
15434577180726940 1024 -1
15434577180727480 1024 -1
15434577180727480 1024 -1
15434577180727480 1024 -1
15434577180727480 1024 -1
15434577180728020 1024 -1
15434577180728020 1024 -1
15434577180736520 1024 -1
15434577180736520 919 -1
15434577180737090 1024 -1
15434577180738370 1024 -1
15434577180738370 1024 -1
15434577180738930 1024 -1
15434577180738930 1024 -1
15434577180738930 1024 -1
15434577180738930 1024 -1
15434577180739490 1024 -1
15434577180739490 1024 -1
15434577180740040 1024 -1
15434577180740040 1024 -1
15434577180740040 1024 -1
15434577180740040 1024 -1
15434577180740040 1024 -1
15434577180740040 1024 -1
15434577180748280 1024 -1
15434577180748810 1024 -1
15434577180748810 1024 -1
15434577180748810 1024 -1
15434577180748810 1024 -1
15434577180749360 1024 -1
15434577180749360 1024 -1
15434577180749360 1024 -1
15434577180749360 1024 -1
15434577180749360 1024 -1
15434577180749890 1024 -1
15434577180749890 1024 -1
15434577180749890 919 -1
15434577180749890 1024 -1
15434577180757510 1024 -1
15434577180758080 1024 -1
15434577180758080 1024 -1
15434577180759510 1024 -1
15434577180760068 1024 -1
15434577180760068 1024 -1
15434577180760068 1024 -1
15434577180760068 1024 -1
15434577180760600 1024 -1
15434577180760600 1024 -1
15434577180760600 1024 -1
15434577180760600 1024 -1
15434577180761148 973 -1
15434577185762830 78 1
15434577185930582 1024 -1
15434577185930800 1024 -1
15434577185931100 1024 -1
15434577185931100 549 -1
15434577190932692 59 1
15434577191566320 1024 -1
15434577191566860 1024 -1
15434577191566930 1024 -1
15434577191566930 1024 -1
15434577191567420 1024 -1
15434577191567420 1024 -1
15434577191567978 1024 -1
15434577191567978 1024 -1
15434577191567978 1024 -1
15434577191572760 1024 -1
15434577191572850 1024 -1
15434577191573320 1024 -1
15434577191573320 1024 -1
15434577191573320 1024 -1
15434577191573840 1024 -1
15434577191573840 1024 -1
15434577191573840 1024 -1
15434577191573840 1024 -1
15434577191582050 1024 -1
15434577191582050 1024 -1
15434577191582570 1024 -1
15434577191582570 1024 -1
15434577191582570 1024 -1
15434577191582570 1024 -1
15434577191583120 1024 -1
15434577191583120 844 -1
15434577191590690 1024 -1
15434577191591280 1024 -1
15434577191591280 1024 -1
15434577191591280 1024 -1
15434577191591280 1024 -1
15434577191591280 1024 -1
15434577191591790 1024 -1
15434577191591790 1024 -1
15434577191599830 1024 -1
15434577191600380 1024 -1
15434577191600380 1024 -1
15434577191600380 1024 -1
15434577191600380 1024 -1
15434577191600930 1024 -1
15434577191600930 1024 -1
15434577191653380 1024 -1
15434577191653960 1024 -1
15434577191654780 1024 -1
15434577191654780 1024 -1
15434577191655340 1024 -1
15434577191655340 1024 -1
15434577191655340 1024 -1
15434577191655340 1024 -1
15434577191655980 1024 -1
15434577191655980 1024 -1
15434577191655980 1024 -1
15434577191656440 1024 -1
15434577191656440 919 -1
15434577191664320 1024 -1
15434577191664320 1024 -1
15434577191664870 1024 -1
15434577191664870 1024 -1
15434577191664870 1024 -1
15434577191664870 1024 -1
15434577191665430 1024 -1
15434577191665430 1024 -1
15434577191665430 1024 -1
15434577191665960 1024 -1
15434577191665960 1024 -1
15434577191672348 1024 -1
15434577191672348 1024 -1
15434577191672910 1024 -1
15434577191672910 1024 -1
15434577191672910 1024 -1
15434577191672910 1024 -1
15434577191673470 1024 -1
15434577191673470 1024 -1
15434577191673470 1024 -1
15434577191673470 1024 -1
15434577191673980 1024 -1
15434577191673980 1024 -1
15434577191673980 1024 -1
15434577191680940 1024 -1
15434577191681500 1024 -1
15434577191681500 1024 -1
15434577191681500 919 -1
15434577191681500 1024 -1
15434577191682050 1024 -1
15434577191682050 1024 -1
15434577191682050 1024 -1
15434577191682600 1024 -1
15434577191682600 1024 -1
15434577191687120 1024 -1
15434577191687642 1024 -1
15434577191687642 1024 -1
15434577191687642 1024 -1
15434577191687642 1024 -1
15434577191688180 1024 -1
15434577191688180 1024 -1
15434577191688180 1024 -1
15434577191692008 1024 -1
15434577191692620 1024 -1
15434577191692620 1024 -1
15434577191692620 1024 -1
15434577191692620 1024 -1
15434577191695312 1024 -1
15434577191695312 1024 -1
15434577191695860 1024 -1
15434577191695860 1024 -1
15434577191695860 1024 -1
15434577191695860 1024 -1
15434577191696420 1024 -1
15434577191696420 1024 -1
15434577191696420 919 -1
15434577191696420 1024 -1
15434577191696960 1024 -1
15434577191696960 1024 -1
15434577191696960 1024 -1
15434577191697510 1024 -1
15434577191697510 1024 -1
15434577191697510 1024 -1
15434577191704640 1024 -1
15434577191705160 1024 -1
15434577191705160 1024 -1
15434577191705160 1024 -1
15434577191705160 1024 -1
15434577191705720 1024 -1
15434577191705720 1024 -1
15434577191705720 1024 -1
15434577191705720 1024 -1
15434577191740220 1024 -1
15434577191740220 1024 -1
15434577191740740 1024 -1
15434577191740740 958 -1
15434577196741800 58 1
15434577196964368 1024 -1
15434577196964510 1024 -1
15434577196964920 1024 -1
15434577196964920 1024 -1
15434577196965460 1024 -1
15434577196965460 1024 -1
15434577196965460 1024 -1
15434577196965460 1024 -1
15434577196966010 1024 -1
15434577196966540 1024 -1
15434577196966540 1024 -1
15434577196967102 1024 -1
15434577196967102 1024 -1
15434577196967102 1024 -1
15434577196967658 1024 -1
15434577196967658 1024 -1
15434577196967658 1024 -1
15434577196968210 1024 -1
15434577196968210 1024 -1
15434577196968210 1024 -1
15434577196969580 1024 -1
15434577196970150 1024 -1
15434577196970150 1024 -1
15434577196970150 1024 -1
15434577196970710 1024 -1
15434577196970710 685 -1
15434577196971360 1024 -1
15434577196971360 1024 -1
15434577196971828 1024 -1
15434577196971828 1024 -1
15434577196971828 1024 -1
15434577196972360 1024 -1
15434577196972360 1024 -1
15434577196972360 1024 -1
15434577196972360 1024 -1
15434577196972920 1024 -1
15434577196972920 1024 -1
15434577196972920 1024 -1
15434577196973528 1024 -1
15434577196973528 1024 -1
15434577196973528 1024 -1
15434577197051230 1024 -1
15434577197051230 1024 -1
15434577197052660 1024 -1
15434577197052660 1024 -1
15434577197053230 1024 -1
15434577197053230 1024 -1
15434577197053230 943 -1
15434577202054120 79 1
15434577203252070 1024 -1
15434577203252202 1024 -1
15434577203252240 1024 -1
15434577203252240 193 -1
15434577208253930 58 1
15434577208917430 1024 -1
15434577208917602 1024 -1
15434577208917980 1024 -1
15434577208917980 1024 -1
15434577208919120 1024 -1
15434577208919690 1024 -1
15434577208919690 1024 -1
15434577208919690 1024 -1
15434577208919690 1024 -1
15434577208924530 1024 -1
15434577208925080 1024 -1
15434577208925080 1024 -1
15434577208925080 1024 -1
15434577208925080 1024 -1
15434577208925620 1024 -1
15434577208925620 1024 -1
15434577208925620 1024 -1
15434577208933402 1024 -1
15434577208933960 1024 -1
15434577208933960 1024 -1
15434577208933960 1024 -1
15434577208933960 1024 -1
15434577208933960 1024 -1
15434577208933960 1024 -1
15434577208934490 1024 -1
15434577208941610 1024 -1
15434577208941610 130 -1
15434577209404220 1024 -1
15434577209404400 1024 -1
15434577209404780 1024 -1
15434577209404780 1024 -1
15434577209405870 1024 -1
15434577209405870 1024 -1
15434577209405870 1024 -1
15434577209405870 1024 -1
15434577209405870 1024 -1
15434577209409590 1024 -1
15434577209409590 1024 -1
15434577209411880 1024 -1
15434577209412450 1024 -1
15434577209412450 1024 -1
15434577209412450 1024 -1
15434577209412450 1024 -1
15434577209413012 1024 -1
15434577209413012 1024 -1
15434577209413012 1024 -1
15434577209413012 1024 -1
15434577209419260 1024 -1
15434577209419840 1024 -1
15434577209419840 1024 -1
15434577209419840 1024 -1
15434577209419840 1024 -1
15434577209420380 1024 -1
15434577209420380 1024 -1
15434577209420380 919 -1
15434577210219130 1024 -1
15434577210219210 1024 -1
15434577210219582 1024 -1
15434577210219582 1024 -1
15434577210220120 1024 -1
15434577210220120 1024 -1
15434577210220670 1024 -1
15434577210220670 1024 -1
15434577210220670 1024 -1
15434577210223990 1024 -1
15434577210224560 1024 -1
15434577210224560 1024 -1
15434577210224560 1024 -1
15434577210227100 1024 -1
15434577210227720 1024 -1
15434577210227720 1024 -1
15434577210227720 1024 -1
15434577210227720 1024 -1
15434577210228210 1024 -1
15434577210228210 1024 -1
15434577210228210 1024 -1
15434577210228210 1024 -1
15434577210228720 1024 -1
15434577210228720 1024 -1
15434577210235680 1024 -1
15434577210236248 1024 -1
15434577210236248 1024 -1
15434577210236248 919 -1
15434577210504270 1024 -1
15434577210504380 1024 -1
15434577210504790 1024 -1
15434577210504790 1024 -1
15434577210505580 1024 -1
15434577210506170 1024 -1
15434577210506170 1024 -1
15434577210506170 1024 -1
15434577210506170 1024 -1
15434577210509600 1024 -1
15434577210509600 1024 -1
15434577210510140 1024 -1
15434577210510140 1024 -1
15434577210510140 1024 -1
15434577210510140 1024 -1
15434577210510700 1024 -1
15434577210510700 1024 -1
15434577210510700 1024 -1
15434577210510700 1024 -1
15434577210510700 1024 -1
15434577210518160 1024 -1
15434577210518160 1024 -1
15434577210518640 1024 -1
15434577210518640 1024 -1
15434577210518640 1024 -1
15434577210518640 1024 -1
15434577210519170 1024 -1
15434577210519170 919 -1
15434577210909150 1024 -1
15434577210909240 1024 -1
15434577210910398 1024 -1
15434577210910398 1024 -1
15434577210910930 1024 -1
15434577210910930 1024 -1
15434577210911478 1024 -1
15434577210911478 1024 -1
15434577210911478 1024 -1
15434577210914390 1024 -1
15434577210914970 1024 -1
15434577210914970 1024 -1
15434577210916700 1024 -1
15434577210917280 1024 -1
15434577210917280 1024 -1
15434577210917280 1024 -1
15434577210917280 1024 -1
15434577210917830 1024 -1
15434577210917830 1024 -1
15434577210917830 1024 -1
15434577210917830 1024 -1
15434577210918378 1024 -1
15434577210918378 1024 -1
15434577210918378 1024 -1
15434577210926450 1024 -1
15434577210927020 1024 -1
15434577210927020 1024 -1
15434577210927020 919 -1
15434577211216980 1024 -1
15434577211217070 1024 -1
15434577211218040 1024 -1
15434577211218040 1024 -1
15434577211220130 1024 -1
15434577211220710 1024 -1
15434577211220710 1024 -1
15434577211220710 1024 -1
15434577211220710 1024 -1
15434577211223990 1024 -1
15434577211224548 1024 -1
15434577211224548 1024 -1
15434577211224548 1024 -1
15434577211224548 1024 -1
15434577211225060 1024 -1
15434577211225060 1024 -1
15434577211225060 1024 -1
15434577211225060 1024 -1
15434577211225060 1024 -1
15434577211231720 1024 -1
15434577211232280 1024 -1
15434577211232280 1024 -1
15434577211232280 1024 -1
15434577211232280 1024 -1
15434577211232830 1024 -1
15434577211232830 1024 -1
15434577211232830 1024 -1
15434577211232830 919 -1
15434577211709300 1024 -1
15434577211709370 1024 -1
15434577211709880 1024 -1
15434577211709880 1024 -1
15434577211710492 1024 -1
15434577211711070 1024 -1
15434577211711070 1024 -1
15434577211711070 1024 -1
15434577211711070 1024 -1
15434577211714448 1024 -1
15434577211715022 1024 -1
15434577211715022 1024 -1
15434577211716750 1024 -1
15434577211717310 1024 -1
15434577211717310 1024 -1
15434577211717310 1024 -1
15434577211717310 1024 -1
15434577211717830 1024 -1
15434577211717830 1024 -1
15434577211717830 1024 -1
15434577211718390 1024 -1
15434577211718390 1024 -1
15434577211724638 1024 -1
15434577211725170 1024 -1
15434577211725170 1024 -1
15434577211725170 1024 -1
15434577211725170 1024 -1
15434577211725170 919 -1
15434577211890622 1024 -1
15434577211890700 1024 -1
15434577211891170 1024 -1
15434577211891170 1024 -1
15434577211892220 1024 -1
15434577211892220 1024 -1
15434577211892770 1024 -1
15434577211892770 1024 -1
15434577211892770 1024 -1
15434577211895720 1024 -1
15434577211896290 1024 -1
15434577211896290 1024 -1
15434577211896290 1024 -1
15434577211898760 1024 -1
15434577211899290 1024 -1
15434577211899290 1024 -1
15434577211899290 1024 -1
15434577211899290 1024 -1
15434577211899840 1024 -1
15434577211899840 1024 -1
15434577211899840 1024 -1
15434577211899840 1024 -1
15434577211900390 1024 -1
15434577211900390 943 -1
15434577216901160 78 1
15434577217108590 1024 -1
15434577217108750 1024 -1
15434577217108800 29 -1
15434577222110040 78 1
15434577224421548 1024 -1
15434577224421700 762 -1
0 0 0
15434576976784790 148 1
15434576976784790 199 1
15434576976878510 48 -1
15434576977091110 1024 -1
15434576977091140 299 -1
15434576977091702 1024 -1
15434576977091770 1024 -1
15434576977092220 1024 -1
15434576977092220 1024 -1
15434576977092220 1024 -1
15434576977092220 1024 -1
15434576977092760 1024 -1
15434576977092760 1024 -1
15434576977093330 1024 -1
15434576977093330 1024 -1
15434576977093330 1024 -1
15434576977093330 1024 -1
15434576977093330 1024 -1
15434576977093870 1024 -1
15434576977093870 1024 -1
15434576977093870 1024 -1
15434576977093870 1024 -1
15434576977094420 1024 -1
15434576977094420 1024 -1
15434576977094980 1024 -1
15434576977094980 1024 -1
15434576977094980 1024 -1
15434576977094980 1024 -1
15434576977094980 1024 -1
15434576977095510 63 -1
15434576977095510 1024 -1
15434576977095510 1024 -1
15434576977095510 1024 -1
15434576977095510 1024 -1
15434576977096050 1024 -1
15434576977096620 1024 -1
15434576977096620 1024 -1
15434576977096620 1024 -1
15434576977096620 1024 -1
15434576977097210 1024 -1
15434576977097210 1024 -1
15434576977097210 1024 -1
15434576977178390 1024 -1
15434576977178390 1024 -1
15434576977178390 1024 -1
15434576977178860 1024 -1
15434576977188020 1024 -1
15434576977188510 1024 -1
15434576977188510 1024 -1
15434576977190710 1024 -1
15434576977190710 1024 -1
15434576977190710 1024 -1
15434576977191240 1024 -1
15434576977193420 1024 -1
15434576977193420 63 -1
15434576977193420 1024 -1
15434576977193420 1024 -1
15434576977195290 1024 -1
15434576977195290 1024 -1
15434576977195820 1024 -1
15434576977195820 1024 -1
15434576977198210 1024 -1
15434576977198760 1024 -1
15434576977198760 1024 -1
15434576977198760 1024 -1
15434576977198760 1024 -1
15434576977199440 1024 -1
15434576977199440 1024 -1
15434576977199440 1024 -1
15434576977199440 1024 -1
15434576977199850 1024 -1
15434576977199850 1024 -1
15434576977199850 1024 -1
15434576977207500 1024 -1
15434576977207500 1024 -1
15434576977207500 1024 -1
15434576977207990 1024 -1
15434576977207990 1024 -1
15434576977211462 1024 -1
15434576977211462 63 -1
15434576977211462 1024 -1
15434576977211462 1024 -1
15434576977211918 1024 -1
15434576977211918 1024 -1
15434576977211918 1024 -1
15434576977212450 1024 -1
15434576977212450 1024 -1
15434576977212450 1024 -1
15434576977213010 1024 -1
15434576977213010 1024 -1
15434576977213622 1024 -1
15434576977213622 1024 -1
15434576977221060 1024 -1
15434576977221060 1024 -1
15434576977221510 1024 -1
15434576977221510 1024 -1
15434576977221510 1024 -1
15434576977224750 1024 -1
15434576977224750 1024 -1
15434576977224750 1024 -1
15434576977225180 1024 -1
15434576977225180 1024 -1
15434576977225180 1024 -1
15434576977225730 1024 -1
15434576977225730 63 -1
15434576977225730 1024 -1
15434576977225730 1024 -1
15434576977225730 1024 -1
15434576977226270 1024 -1
15434576977226270 1024 -1
15434576977226270 1024 -1
15434576977234002 1024 -1
15434576977234002 1024 -1
15434576977234490 1024 -1
15434576977234490 1024 -1
15434576977235078 1024 -1
15434576977237990 1024 -1
15434576977238520 1024 -1
15434576977238520 1024 -1
15434576977238520 1024 -1
15434576977238520 1024 -1
15434576977238520 1024 -1
15434576977239050 1024 -1
15434576977239050 1024 -1
15434576977239050 1024 -1
15434576977239050 1024 -1
15434576977239570 1024 -1
15434576977239570 1024 -1
15434576977247300 1024 -1
15434576977247300 63 -1
15434576977247300 1024 -1
15434576977247300 1024 -1
15434576977247800 1024 -1
15434576977265490 1024 -1
15434576977265490 1024 -1
15434576977275000 1024 -1
15434576977275620 1024 -1
15434576977275620 1024 -1
15434576977275620 1024 -1
15434576977275620 1024 -1
15434576977276052 1024 -1
15434576977276052 1024 -1
15434576977276052 1024 -1
15434576977276608 1024 -1
15434576977278060 1024 -1
15434576977278060 1024 -1
15434576977278610 1024 -1
15434576977278610 1024 -1
15434576977278610 1024 -1
15434576977278610 1024 -1
15434576977279140 1024 -1
15434576977279140 1024 -1
15434576977279140 1024 -1
15434576977378520 1024 -1
15434576977378520 72 -1
15434576977378520 1024 -1
15434576977379020 1024 -1
15434576977379020 1024 -1
15434576977379020 1024 -1
15434576977379620 1024 -1
15434576977379620 1024 -1
15434576977379620 1024 -1
15434576977380180 1024 -1
15434576977380180 1024 -1
15434576977380180 1024 -1
15434576977380180 1024 -1
15434576977380180 1024 -1
15434576977380682 1024 -1
15434576977380682 1024 -1
15434576977380682 1024 -1
15434576977381230 1024 -1
15434576977381812 1024 -1
15434576977381812 1024 -1
15434576977381812 1024 -1
15434576977381812 1024 -1
15434576977381812 1024 -1
15434576977381812 1024 -1
15434576977382340 1024 -1
15434576977382920 1024 -1
15434576977382920 63 -1
15434576977382920 1024 -1
15434576977382920 1024 -1
15434576977382920 1024 -1
15434576977382920 1024 -1
15434576977382920 1024 -1
15434576977383430 1024 -1
15434576977383430 1024 -1
15434576977383430 1024 -1
15434576977384010 1024 -1
15434576977384010 1024 -1
15434576977384542 1024 -1
15434576977384542 1024 -1
15434576977384542 1024 -1
15434576977384542 1024 -1
15434576977384542 1024 -1
15434576977384542 708 -1
0 0 0
15434576976605610 148 1
15434576976605610 206 1
0 0 0
15434576976807060 148 1
15434576976807060 206 1
15434576976903430 48 -1
15434576976913460 1024 -1
15434576976913990 1024 -1
15434576976914050 852 -1
