### "'19631 96605 1753819 91137 121618 10084 9173 38328 59829 70238 137082 76210 82879 111487 29880'"
0 0 0
15434587985560380 39 -1
15434587985560442 13 -1
15434587985599740 148 1
15434587985599740 206 1
15434587985653610 9 -1
15434587985660980 312 -1
15434587985661540 9 -1
15434587985664350 16383 -1
15434587985664880 1 -1
15434587985664908 9 -1
15434587985665420 3247 -1
0 0 0
15434587985632030 148 1
15434587985632030 185 1
15434587985632480 39 -1
15434587985633040 13 -1
15434587985686160 9 -1
15434587985693360 293 -1
15434587985693400 9 -1
15434587985696052 16383 -1
15434587985696052 1 -1
15434587985696600 9 -1
15434587985698800 16383 -1
15434587985698800 1 -1
15434587985698800 9 -1
15434587985748500 16382 -1
15434587985748500 2 -1
15434587985748500 9 -1
15434587985751200 16383 -1
15434587985751200 1 -1
15434587985751200 9 -1
15434587985752830 16383 -1
15434587985752830 1 -1
15434587985752830 9 -1
15434587985754950 14685 -1
0 0 0
15434587985407792 39 -1
15434587985408110 13 -1
15434587985548698 148 1
15434587985548698 205 1
15434587985597350 9 -1
15434587985602660 309 -1
15434587985603210 9 -1
15434587985603750 3329 -1
15434587990644290 9 1
15434587995644320 90 1
15434587995700160 182 -1
15434587995700710 9 -1
15434587995703440 16383 -1
15434587995703440 1 -1
15434587995703490 9 -1
15434587995706140 16383 -1
15434587995706140 1 -1
15434587995706140 9 -1
15434587995749510 16382 -1
15434587995749510 2 -1
15434587995749510 9 -1
15434587995751670 16383 -1
15434587995751670 1 -1
15434587995751670 9 -1
15434587995753860 16382 -1
15434587995753860 2 -1
15434587995753860 9 -1
15434587995755530 9217 -1
15434588000756310 88 1
15434588000810210 181 -1
15434588000810340 9 -1
15434588000813540 16383 -1
15434588000813610 1 -1
15434588000813640 9 -1
15434588000816520 16383 -1
15434588000816578 1 -1
15434588000816610 9 -1
15434588000818910 16382 -1
15434588000818940 2 -1
15434588000818960 9 -1
15434588000821640 16381 -1
15434588000821682 3 -1
15434588000822220 9 -1
15434588000824890 16383 -1
15434588000824890 1 -1
15434588000824890 9 -1
15434588000827078 16382 -1
15434588000827078 2 -1
15434588000827078 9 -1
15434588000829880 16381 -1
15434588000829880 3 -1
15434588000829880 9 -1
15434588000858000 6930 -1
15434588005858632 78 1
15434588005911150 178 -1
15434588005911692 9 -1
15434588005912250 3329 -1
15434588010913240 77 1
15434588010992970 171 -1
15434588010993518 9 -1
15434588010994100 3151 -1
15434588015995130 78 1
15434588016048370 135 -1
15434588016048510 9 -1
15434588016049150 2439 -1
15434588021049960 78 1
15434588021104022 178 -1
15434588021104140 9 -1
15434588021105260 5465 -1
15434588026105910 78 1
15434588026181640 170 -1
15434588026181760 9 -1
15434588026182410 2617 -1
15434588031183250 63 1
15434588031236880 149 -1
15434588031237030 9 -1
15434588031239050 10084 -1
15434588036239728 63 1
15434588036293362 233 -1
15434588036293510 9 -1
15434588036295530 5212 -1
15434588041296188 63 1
15434588041349420 152 -1
15434588041349968 9 -1
15434588041351630 9173 -1
15434588046352292 63 1
15434588046405750 129 -1
15434588046405940 9 -1
15434588046407910 5236 -1
15434588051408650 63 1
15434588051461502 151 -1
15434588051461648 9 -1
15434588051462628 3028 -1
15434588056463420 63 1
15434588056537148 129 -1
15434588056537340 9 -1
15434588056538848 5257 -1
15434588061539710 407 1
15434588061595300 161 -1
15434588061595490 9 -1
15434588061598480 16383 -1
15434588061598520 1 -1
15434588061599040 9 -1
15434588061601190 16382 -1
15434588061601700 2 -1
15434588061601750 9 -1
15434588061602840 5560 -1
15434588066603680 78 1
15434588066659100 146 -1
15434588066659220 9 -1
15434588066660212 3329 -1
15434588071661040 59 1
15434588071715110 81 -1
15434588071715230 9 -1
15434588071718380 16383 -1
15434588071718420 1 -1
15434588071718460 9 -1
15434588071721110 16383 -1
15434588071721160 1 -1
15434588071721680 9 -1
15434588071723910 16382 -1
15434588071724470 2 -1
15434588071724520 9 -1
15434588071726160 10677 -1
15434588076726820 58 1
15434588076780880 73 -1
15434588076781430 9 -1
15434588076784210 16383 -1
15434588076784238 1 -1
15434588076784270 9 -1
15434588076786980 16383 -1
15434588076787022 1 -1
15434588076787528 9 -1
15434588076790270 16382 -1
15434588076790300 2 -1
15434588076790320 9 -1
15434588076792440 16381 -1
15434588076792960 3 -1
15434588076792992 9 -1
15434588076794118 4702 -1
15434588081796210 58 1
15434588081851512 92 -1
15434588081852080 9 -1
15434588081854830 16383 -1
15434588081854870 1 -1
15434588081854890 9 -1
15434588081857470 16383 -1
15434588081857500 1 -1
15434588081857532 9 -1
15434588081860180 16382 -1
15434588081860210 2 -1
15434588081860722 9 -1
15434588081862910 16381 -1
15434588081863460 3 -1
15434588081863480 9 -1
15434588081867198 16380 -1
15434588081867270 4 -1
15434588081867290 9 -1
15434588081869910 16383 -1
15434588081870450 1 -1
15434588081870480 9 -1
15434588081872640 16382 -1
15434588081873168 2 -1
15434588081873200 9 -1
15434588081900830 16381 -1
15434588081900858 3 -1
15434588081901382 9 -1
15434588081901910 6010 -1
15434588086902890 58 1
15434588086957778 67 -1
15434588086957910 9 -1
15434588086960772 16383 -1
15434588086960800 1 -1
15434588086960830 9 -1
15434588086963540 16383 -1
15434588086963570 1 -1
15434588086963602 9 -1
15434588086966810 16382 -1
15434588086966838 2 -1
15434588086966850 9 -1
15434588086969500 16381 -1
15434588086969550 3 -1
15434588086969572 9 -1
15434588086971130 10674 -1
15434588091974130 78 1
15434588092028210 95 -1
15434588092028338 9 -1
15434588092029000 2339 -1
15434588097029710 58 1
15434588097084178 73 -1
15434588097084310 9 -1
15434588097086740 16383 -1
15434588097087520 1 -1
15434588097087610 9 -1
15434588097089760 16382 -1
15434588097089800 2 -1
15434588097089838 9 -1
15434588097092600 16383 -1
15434588097093150 1 -1
15434588097093180 9 -1
15434588097095320 16382 -1
15434588097095830 2 -1
15434588097095850 9 -1
15434588097098330 16381 -1
15434588097098392 3 -1
15434588097098410 9 -1
15434588097098860 959 -1
15434588102099760 58 1
15434588102154850 252 -1
15434588102154990 9 -1
15434588102157480 16383 -1
15434588102157540 1 -1
15434588102158010 9 -1
15434588102160170 16383 -1
15434588102160708 1 -1
15434588102160750 9 -1
15434588102162940 16382 -1
15434588102163488 2 -1
15434588102163530 9 -1
15434588102165690 16381 -1
15434588102166280 3 -1
15434588102166330 9 -1
15434588102168952 16380 -1
15434588102168970 4 -1
15434588102168990 9 -1
15434588102171680 16379 -1
15434588102171710 5 -1
15434588102172220 9 -1
15434588102173870 13183 -1
15434588107174830 407 1
15434588107230150 124 -1
15434588107230280 9 -1
15434588107232972 16383 -1
15434588107233000 1 -1
15434588107233040 9 -1
15434588107235200 13496 -1
15434588112235970 407 1
15434588112290000 160 -1
15434588112290120 9 -1
15434588112292450 16383 -1
15434588112293090 1 -1
15434588112293160 9 -1
15434588112294632 7202 -1
15434588117295580 406 1
15434588117350668 137 -1
15434588117350800 9 -1
15434588117352980 16383 -1
15434588117353770 1 -1
15434588117353840 9 -1
15434588117356030 13900 -1
15434588122356730 58 1
15434588122411170 149 -1
15434588122411302 9 -1
15434588122413890 16383 -1
15434588122414610 1 -1
15434588122414680 9 -1
15434588122416770 16383 -1
15434588122416810 1 -1
15434588122417318 9 -1
15434588122419540 16382 -1
15434588122420102 2 -1
15434588122420130 9 -1
15434588122421240 8734 -1
15434588127422200 88 1
15434588127478020 158 -1
15434588127478760 9 -1
15434588127481380 16383 -1
15434588127481540 1 -1
15434588127481620 9 -1
15434588127483758 16383 -1
15434588127484320 1 -1
15434588127484400 9 -1
15434588127487170 16382 -1
15434588127487190 2 -1
15434588127487208 9 -1
15434588127489892 16381 -1
15434588127489930 3 -1
15434588127489950 9 -1
15434588127492590 16383 -1
15434588127493140 1 -1
15434588127493170 9 -1
15434588127495380 14489 -1
15434588132496380 406 1
15434588132550450 160 -1
15434588132550650 9 -1
15434588132553730 16383 -1
15434588132553770 1 -1
15434588132553812 9 -1
15434588132555910 12562 -1
0 0 0
15434587985655280 148 1
15434587985655280 205 1
15434587985655660 39 -1
15434587985655702 13 -1
15434587985710270 9 -1
15434587985716332 311 -1
15434587985716360 9 -1
15434587985718010 2339 -1
0 0 0
15434587985649980 148 1
15434587985649980 197 1
15434587985650000 39 -1
15434587985650440 13 -1
15434587985699338 9 -1
15434587985704090 305 -1
15434587985704140 9 -1
15434587985706920 16383 -1
15434587985707460 1 -1
15434587985707490 9 -1
15434587985710210 16382 -1
15434587985710340 2 -1
15434587985755500 9 -1
15434587985757700 16383 -1
15434587985757700 1 -1
15434587985757700 9 -1
15434587985759900 16382 -1
15434587985759900 2 -1
15434587985759900 9 -1
15434587985762032 16383 -1
15434587985762032 1 -1
15434587985762032 9 -1
15434587985764730 16382 -1
15434587985764730 2 -1
15434587985764730 9 -1
15434587985766960 16381 -1
15434587985766960 3 -1
15434587985766960 9 -1
15434587985804542 16380 -1
15434587985804542 4 -1
15434587985804550 9 -1
15434587985807190 16383 -1
15434587985807190 1 -1
15434587985807190 9 -1
15434587985809980 16382 -1
15434587985809980 2 -1
15434587985809980 9 -1
15434587985812020 16381 -1
15434587985812020 3 -1
15434587985812020 9 -1
15434587985814290 16380 -1
15434587985814340 4 -1
15434587985814340 9 -1
15434587985816330 16379 -1
15434587985816330 5 -1
15434587985816330 9 -1
15434587985862998 16378 -1
15434587985862998 6 -1
15434587985862998 9 -1
15434587985874990 16377 -1
15434587985874990 7 -1
15434587985874990 9 -1
15434587985927100 16376 -1
15434587985927100 8 -1
15434587985927100 9 -1
15434587985931130 16375 -1
15434587985931130 9 -1
15434587985931130 9 -1
15434587986183742 16374 -1
15434587986183742 10 -1
15434587986183742 9 -1
15434587986254240 16373 -1
15434587986254240 11 -1
15434587986254240 9 -1
15434587986256990 16372 -1
15434587986256990 12 -1
15434587986256990 9 -1
15434587986320080 16371 -1
15434587986320080 13 -1
15434587986320080 9 -1
15434587986431400 16370 -1
15434587986431400 14 -1
15434587986431400 9 -1
15434587986434000 16369 -1
15434587986434000 15 -1
15434587986434000 9 -1
15434587986466090 16368 -1
15434587986466090 16 -1
15434587986466090 9 -1
15434587986468250 16383 -1
15434587986468250 1 -1
15434587986468730 9 -1
15434587986478022 16382 -1
15434587986478090 2 -1
15434587986478520 9 -1
15434587986481250 16381 -1
15434587986481290 3 -1
15434587986481790 9 -1
15434587986484030 16380 -1
15434587986484060 4 -1
15434587986484080 9 -1
15434587986520460 16379 -1
15434587986520460 5 -1
15434587986520460 9 -1
15434587986526548 16378 -1
15434587986526548 6 -1
15434587986526548 9 -1
15434587986556730 16377 -1
15434587986556730 7 -1
15434587986556730 9 -1
15434587986568160 16376 -1
15434587986568160 8 -1
15434587986568160 9 -1
15434587986575480 16375 -1
15434587986575480 9 -1
15434587986575480 9 -1
15434587986577600 16374 -1
15434587986577600 10 -1
15434587986577600 9 -1
15434587986605610 16373 -1
15434587986605610 11 -1
15434587986605610 9 -1
15434587986622400 16372 -1
15434587986622400 12 -1
15434587986622400 9 -1
15434587986625690 16371 -1
15434587986625690 13 -1
15434587986625690 9 -1
15434587986646900 16370 -1
15434587986646900 14 -1
15434587986646900 9 -1
15434587986649570 16369 -1
15434587986649570 15 -1
15434587986649570 9 -1
15434587986651790 16368 -1
15434587986651790 16 -1
15434587986651790 9 -1
15434587986653960 16367 -1
15434587986653960 17 -1
15434587986653960 9 -1
15434587986656600 16366 -1
15434587986656630 9 -1
15434587986659260 16383 -1
15434587986659320 1 -1
15434587986659350 9 -1
15434587986661990 16382 -1
15434587986662012 2 -1
15434587986662530 9 -1
15434587986665230 16381 -1
15434587986665230 3 -1
15434587986665230 9 -1
15434587986669710 16380 -1
15434587986669710 4 -1
15434587986669710 9 -1
15434587986672380 16379 -1
15434587986672380 5 -1
15434587986672380 9 -1
15434587986731670 16378 -1
15434587986731670 6 -1
15434587986731670 9 -1
15434587986733860 16377 -1
15434587986733860 7 -1
15434587986733860 9 -1
15434587986736528 16376 -1
15434587986736528 8 -1
15434587986736528 9 -1
15434587986738740 16375 -1
15434587986738740 9 -1
15434587986738740 9 -1
15434587986740920 16374 -1
15434587986740940 10 -1
15434587986740962 9 -1
15434587986744202 16373 -1
15434587986744202 11 -1
15434587986744202 9 -1
15434587986780000 16372 -1
15434587986780000 12 -1
15434587986780000 9 -1
15434587986782702 16371 -1
15434587986782702 13 -1
15434587986782702 9 -1
15434587986784900 16370 -1
15434587986784900 14 -1
15434587986784900 9 -1
15434587986787022 16369 -1
15434587986787022 15 -1
15434587986787022 9 -1
15434587986790200 16368 -1
15434587986790200 16 -1
15434587986790200 9 -1
15434587986791820 16367 -1
15434587986791820 17 -1
15434587986791820 9 -1
15434587986794478 16366 -1
15434587986795052 9 -1
15434587986796660 16383 -1
15434587986796660 1 -1
15434587986796660 9 -1
15434587986798862 16382 -1
15434587986798862 2 -1
15434587986798862 9 -1
15434587986827610 16381 -1
15434587986827610 3 -1
15434587986827610 9 -1
15434587986829720 16380 -1
15434587986829720 4 -1
15434587986829720 9 -1
15434587986831880 16379 -1
15434587986831880 5 -1
15434587986831880 9 -1
15434587986834630 16378 -1
15434587986834630 6 -1
15434587986834630 9 -1
15434587986836842 16377 -1
15434587986836842 7 -1
15434587986836842 9 -1
15434587986839880 16376 -1
15434587986839880 8 -1
15434587986839880 9 -1
15434587986842812 16375 -1
15434587986842812 9 -1
15434587986842812 9 -1
15434587986843820 16374 -1
15434587986843820 10 -1
15434587986843820 9 -1
15434587986846508 16373 -1
15434587986846508 11 -1
15434587986846508 9 -1
15434587986849050 16372 -1
15434587986849050 12 -1
15434587986849050 9 -1
15434587986851680 16371 -1
15434587986851680 13 -1
15434587986851680 9 -1
15434587986854280 16370 -1
15434587986854280 14 -1
15434587986854280 9 -1
15434587986856890 16369 -1
15434587986856890 15 -1
15434587986856890 9 -1
15434587986892640 16383 -1
15434587986892640 1 -1
15434587986892640 9 -1
15434587986895198 16382 -1
15434587986895198 2 -1
15434587986895198 9 -1
15434587986897740 16381 -1
15434587986897740 3 -1
15434587986897740 9 -1
