### "'20176 90129 215055 168712 202533 186842 198414 243546 93257 184823 140227 149235 177407 281533 192372'"
0 0 0
15434180416363290 148 1
15434180416363290 204 1
0 0 0
15434180416516230 39 -1
15434180416516800 13 -1
15434180416633480 148 1
15434180416633480 184 1
15434180416688690 9 -1
15434180416693290 296 -1
15434180416693330 9 -1
15434180416696980 16383 -1
15434180416696980 1 -1
15434180416697010 9 -1
15434180416699770 16383 -1
15434180416699770 1 -1
15434180416699770 9 -1
15434180416749700 16382 -1
15434180416749700 2 -1
15434180416749700 9 -1
15434180416752430 16383 -1
15434180416752430 1 -1
15434180416752430 9 -1
15434180416755062 16382 -1
15434180416755062 2 -1
15434180416755062 9 -1
15434180416760730 16383 -1
15434180416760730 1 -1
15434180416760730 9 -1
15434180416761590 16382 -1
15434180416761590 2 -1
15434180416761590 9 -1
15434180416804718 16381 -1
15434180416804718 3 -1
15434180416804718 9 -1
15434180416808490 16383 -1
15434180416808490 1 -1
15434180416808490 9 -1
15434180416824000 16382 -1
15434180416824000 2 -1
15434180416824000 9 -1
15434180416826620 16381 -1
15434180416826620 3 -1
15434180416826620 9 -1
15434180416830248 16380 -1
15434180416830298 4 -1
15434180416830320 9 -1
15434180416832840 16379 -1
15434180416832870 5 -1
15434180416832890 9 -1
15434180416832910 2063 -1
0 0 0
15434180416639070 148 1
15434180416639070 184 1
0 0 0
15434180416250980 39 -1
15434180416251040 13 -1
15434180416387802 148 1
15434180416387802 204 1
15434180416445210 9 -1
15434180416448650 312 -1
15434180416448720 9 -1
15434180416451370 16383 -1
15434180416451420 1 -1
15434180416451440 9 -1
15434180416452470 3792 -1
15434180421639750 58 1
15434180421703680 155 -1
15434180421703790 9 -1
15434180421706330 16383 -1
15434180421706390 1 -1
15434180421706880 9 -1
15434180421709052 16383 -1
15434180421709600 1 -1
15434180421709620 9 -1
15434180421759940 16382 -1
15434180421759940 2 -1
15434180421759940 9 -1
15434180421762070 16381 -1
15434180421762070 3 -1
15434180421762070 9 -1
15434180421764792 16383 -1
15434180421764792 1 -1
15434180421764792 9 -1
15434180421766940 16382 -1
15434180421766940 2 -1
15434180421766940 9 -1
15434180421811440 16381 -1
15434180421811440 3 -1
15434180421811440 9 -1
15434180421814042 16383 -1
15434180421814042 1 -1
15434180421814042 9 -1
15434180421816210 16382 -1
15434180421816210 2 -1
15434180421816210 9 -1
15434180421819420 16381 -1
15434180421819420 3 -1
15434180421819420 9 -1
15434180421819962 4872 -1
15434180426828402 59 1
15434180426889852 130 -1
15434180426890030 9 -1
15434180426892800 16383 -1
15434180426892860 1 -1
15434180426892880 9 -1
15434180426895830 16382 -1
15434180426895872 2 -1
15434180426895880 9 -1
15434180426898780 16383 -1
15434180426898798 1 -1
15434180426898820 9 -1
15434180426901570 16382 -1
15434180426902130 2 -1
15434180426902160 9 -1
15434180426904290 16381 -1
15434180426904820 3 -1
15434180426904850 9 -1
15434180426907510 16380 -1
15434180426907560 4 -1
15434180426907580 9 -1
15434180426946680 16379 -1
15434180426946680 5 -1
15434180426946680 9 -1
15434180426949100 16378 -1
15434180426949100 6 -1
15434180426949120 9 -1
15434180426951820 16383 -1
15434180426951820 1 -1
15434180426951820 9 -1
15434180426960010 16382 -1
15434180426960010 2 -1
15434180426960010 9 -1
15434180426962162 16381 -1
15434180426962200 3 -1
15434180426962730 9 -1
15434180426964890 16380 -1
15434180426965440 4 -1
15434180426965448 9 -1
15434180426966570 5925 -1
15434180431967210 58 1
15434180432028430 155 -1
15434180432028520 9 -1
15434180432031090 16383 -1
15434180432031110 1 -1
15434180432031642 9 -1
15434180432033880 16382 -1
15434180432033930 2 -1
15434180432034390 9 -1
15434180432037120 16383 -1
15434180432037150 1 -1
15434180432037170 9 -1
15434180432039890 16382 -1
15434180432039950 2 -1
15434180432039968 9 -1
15434180432042652 16381 -1
15434180432043200 3 -1
15434180432043220 9 -1
15434180432045888 16380 -1
15434180432045910 4 -1
15434180432045930 9 -1
15434180432048580 16383 -1
15434180432048630 1 -1
15434180432049130 9 -1
15434180432051352 16382 -1
15434180432051900 2 -1
15434180432051930 9 -1
15434180432083680 16381 -1
15434180432083680 3 -1
15434180432083680 9 -1
15434180432086430 16380 -1
15434180432086430 4 -1
15434180432086430 9 -1
15434180432088600 16379 -1
15434180432088600 5 -1
15434180432088600 9 -1
15434180432089118 6618 -1
15434180437090380 58 1
15434180437151780 131 -1
15434180437151920 9 -1
15434180437154390 16383 -1
15434180437154970 1 -1
15434180437155010 9 -1
15434180437157690 16383 -1
15434180437157720 1 -1
15434180437157750 9 -1
15434180437160410 16382 -1
15434180437160990 2 -1
15434180437161030 9 -1
15434180437163760 16381 -1
15434180437163840 3 -1
15434180437163848 9 -1
15434180437166582 16380 -1
15434180437166650 4 -1
15434180437166670 9 -1
15434180437169250 16379 -1
15434180437169320 5 -1
15434180437169800 9 -1
15434180437172100 16378 -1
15434180437172680 6 -1
15434180437172750 9 -1
15434180437175410 16383 -1
15434180437175428 1 -1
15434180437175450 9 -1
15434180437178208 16382 -1
15434180437178250 2 -1
15434180437178270 9 -1
15434180437205860 16381 -1
15434180437205860 3 -1
15434180437205860 9 -1
15434180437208540 16380 -1
15434180437208540 4 -1
15434180437208540 9 -1
15434180437211220 16379 -1
15434180437211220 5 -1
15434180437211220 9 -1
15434180437211220 1806 -1
15434180442212278 59 1
15434180442274110 150 -1
15434180442274210 9 -1
15434180442277630 16383 -1
15434180442277650 1 -1
15434180442277670 9 -1
15434180442280380 16383 -1
15434180442280930 1 -1
15434180442280960 9 -1
15434180442283650 16382 -1
15434180442283680 2 -1
15434180442283700 9 -1
15434180442286400 16381 -1
15434180442286438 3 -1
15434180442286490 9 -1
15434180442289080 16383 -1
15434180442289122 1 -1
15434180442289628 9 -1
15434180442291770 16382 -1
15434180442292312 2 -1
15434180442292330 9 -1
15434180442295070 16381 -1
15434180442295100 3 -1
15434180442295110 9 -1
15434180442297760 16380 -1
15434180442297800 4 -1
15434180442297810 9 -1
15434180442300560 16379 -1
15434180442300590 5 -1
15434180442300610 9 -1
15434180442303410 16378 -1
15434180442303450 6 -1
15434180442303460 9 -1
15434180442306140 16383 -1
15434180442327350 1 -1
15434180442327350 9 -1
15434180442331160 16382 -1
15434180442331160 2 -1
15434180442331160 9 -1
15434180442333360 16381 -1
15434180442333360 3 -1
15434180442333360 9 -1
15434180442336112 16380 -1
15434180442336112 4 -1
15434180442336112 9 -1
15434180442337730 14170 -1
15434180447338590 58 1
15434180447401710 129 -1
15434180447401978 9 -1
15434180447404922 16383 -1
15434180447404960 1 -1
15434180447405470 9 -1
15434180447407650 16382 -1
15434180447408200 2 -1
15434180447408240 9 -1
15434180447410318 16381 -1
15434180447410920 3 -1
15434180447410942 9 -1
15434180447413610 16380 -1
15434180447413630 4 -1
15434180447413650 9 -1
15434180447416410 16383 -1
15434180447416460 1 -1
15434180447416480 9 -1
15434180447418520 11337 -1
15434180452419310 59 1
15434180452481970 154 -1
15434180452482120 9 -1
15434180452484680 16383 -1
15434180452485220 1 -1
15434180452485270 9 -1
15434180452488020 16382 -1
15434180452488060 2 -1
15434180452488100 9 -1
15434180452490780 16381 -1
15434180452490820 3 -1
15434180452490840 9 -1
15434180452493500 16383 -1
15434180452493560 1 -1
15434180452493580 9 -1
15434180452496250 16382 -1
15434180452496280 2 -1
15434180452496300 9 -1
15434180452498990 16381 -1
15434180452499052 3 -1
15434180452499550 9 -1
15434180452501710 16380 -1
15434180452501740 4 -1
15434180452501760 9 -1
15434180452504470 16379 -1
15434180452504498 5 -1
15434180452504980 9 -1
15434180452507200 16378 -1
15434180452507750 6 -1
15434180452507780 9 -1
15434180452510480 16377 -1
15434180452510510 7 -1
15434180452510530 9 -1
15434180452513260 16376 -1
15434180452513298 8 -1
15434180452513320 9 -1
15434180452514360 4599 -1
15434180457514960 59 1
15434180457577118 127 -1
15434180457577300 9 -1
15434180457579852 16383 -1
15434180457579898 1 -1
15434180457579940 9 -1
15434180457582632 16382 -1
15434180457583180 2 -1
15434180457583230 9 -1
15434180457585340 16381 -1
15434180457585930 3 -1
15434180457585980 9 -1
15434180457588602 16383 -1
15434180457588652 1 -1
15434180457588680 9 -1
15434180457591320 16382 -1
15434180457591382 2 -1
15434180457591400 9 -1
15434180457594530 16381 -1
15434180457594550 3 -1
15434180457594572 9 -1
15434180457597240 16380 -1
15434180457597270 4 -1
15434180457597280 9 -1
15434180457600010 16383 -1
15434180457600040 1 -1
15434180457600060 9 -1
15434180457601680 9155 -1
15434180462602438 59 1
15434180462664280 149 -1
15434180462664800 9 -1
15434180462667560 16383 -1
15434180462667610 1 -1
15434180462667652 9 -1
15434180462670370 16383 -1
15434180462670470 1 -1
15434180462670520 9 -1
15434180462673040 16382 -1
15434180462673600 2 -1
15434180462673622 9 -1
15434180462675820 16381 -1
15434180462676330 3 -1
15434180462676352 9 -1
15434180462679120 16383 -1
15434180462679160 1 -1
15434180462679182 9 -1
15434180462681790 16382 -1
15434180462681820 2 -1
15434180462682350 9 -1
15434180462684540 16381 -1
15434180462685080 3 -1
15434180462685110 9 -1
15434180462687790 16380 -1
15434180462687840 4 -1
15434180462687860 9 -1
15434180462690570 16383 -1
15434180462690590 1 -1
15434180462690620 9 -1
15434180462691710 1779 -1
15434180467692600 58 1
15434180467757968 201 -1
15434180467758132 9 -1
15434180467760640 16383 -1
15434180467761180 1 -1
15434180467761210 9 -1
15434180467763900 16382 -1
15434180467763938 2 -1
15434180467763980 9 -1
15434180467766590 16381 -1
15434180467766650 3 -1
15434180467767150 9 -1
15434180467769380 16380 -1
15434180467769452 4 -1
15434180467769470 9 -1
15434180467772080 16383 -1
15434180467772120 1 -1
15434180467772630 9 -1
15434180467774790 16382 -1
15434180467775290 2 -1
15434180467775322 9 -1
15434180467778000 16381 -1
15434180467778050 3 -1
15434180467778070 9 -1
15434180467780730 16380 -1
15434180467780750 4 -1
15434180467781270 9 -1
15434180467783548 16379 -1
15434180467783598 5 -1
15434180467783630 9 -1
15434180467786300 16378 -1
15434180467786850 6 -1
15434180467786880 9 -1
15434180467789070 13567 -1
15434180472789770 58 1
15434180472853260 187 -1
15434180472853430 9 -1
15434180472856520 16383 -1
15434180472856590 1 -1
15434180472857340 9 -1
15434180472859508 16382 -1
15434180472859560 2 -1
15434180472859570 9 -1
15434180472862250 16381 -1
15434180472862288 3 -1
15434180472862320 9 -1
15434180472864960 16383 -1
15434180472865510 1 -1
15434180472865540 9 -1
15434180472868200 16382 -1
15434180472868240 2 -1
15434180472868258 9 -1
15434180472870942 16381 -1
15434180472871460 3 -1
15434180472871490 9 -1
15434180472873710 16380 -1
15434180472874228 4 -1
15434180472874260 9 -1
15434180472876370 16379 -1
15434180472876912 5 -1
15434180472876930 9 -1
15434180472879650 16378 -1
15434180472879670 6 -1
15434180472879680 9 -1
15434180472882422 16377 -1
15434180472882450 7 -1
15434180472882460 9 -1
15434180472885100 16383 -1
15434180472885130 1 -1
15434180472885150 9 -1
15434180472887780 16382 -1
15434180472887790 2 -1
15434180472887810 9 -1
15434180472890460 16381 -1
15434180472907250 3 -1
15434180472907250 9 -1
15434180472909980 16380 -1
15434180472909980 4 -1
15434180472909980 9 -1
15434180472912170 16379 -1
15434180472912170 5 -1
15434180472912170 9 -1
15434180472914860 16378 -1
15434180472914860 6 -1
15434180472914860 9 -1
15434180472916940 16383 -1
15434180472916940 1 -1
15434180472916940 9 -1
15434180472917010 3005 -1
15434180477918430 58 1
15434180477981160 131 -1
15434180477981680 9 -1
15434180477983880 16383 -1
15434180477983930 1 -1
15434180477984440 9 -1
15434180477986630 16382 -1
15434180477987190 2 -1
15434180477987248 9 -1
15434180477989850 16381 -1
15434180477989890 3 -1
15434180477989932 9 -1
15434180477992640 16380 -1
15434180477992670 4 -1
15434180477992700 9 -1
15434180477995320 16383 -1
15434180477995360 1 -1
15434180477995390 9 -1
15434180477998040 16382 -1
15434180477998550 2 -1
15434180477998590 9 -1
15434180478000730 16381 -1
15434180478001280 3 -1
15434180478001298 9 -1
15434180478003540 16380 -1
15434180478004078 4 -1
15434180478004110 9 -1
15434180478006300 16379 -1
15434180478006812 5 -1
15434180478006820 9 -1
15434180478009560 16378 -1
15434180478009580 6 -1
15434180478009600 9 -1
15434180478012290 16377 -1
15434180478012320 7 -1
15434180478012330 9 -1
15434180478014450 12148 -1
15434180483015110 58 1
15434180483078188 155 -1
15434180483078730 9 -1
15434180483082622 16383 -1
15434180483082650 1 -1
15434180483082680 9 -1
15434180483085410 16382 -1
15434180483085440 2 -1
15434180483085460 9 -1
15434180483088120 16383 -1
15434180483088150 1 -1
15434180483088670 9 -1
15434180483090830 16382 -1
15434180483090880 2 -1
15434180483091400 9 -1
15434180483093560 16381 -1
15434180483094110 3 -1
15434180483094140 9 -1
15434180483096362 16380 -1
15434180483096890 4 -1
15434180483096920 9 -1
15434180483099570 16379 -1
15434180483099598 5 -1
15434180483099620 9 -1
15434180483102260 16378 -1
15434180483102290 6 -1
15434180483102310 9 -1
15434180483104980 16377 -1
15434180483105062 7 -1
15434180483105080 9 -1
15434180483107770 16383 -1
15434180483107820 1 -1
15434180483107830 9 -1
15434180483109410 7344 -1
15434180488110098 9 1
15434180493110070 70 1
15434180493178270 178 -1
15434180493178820 9 -1
15434180493181310 16383 -1
15434180493181340 1 -1
15434180493181370 9 -1
15434180493182940 7602 -1
15434180498184860 63 1
15434180498252758 131 -1
15434180498252990 9 -1
15434180498255500 11450 -1
15434180503256280 63 1
15434180503318240 153 -1
15434180503318520 9 -1
15434180503321490 11147 -1
15434180508322350 63 1
15434180508383980 126 -1
15434180508384160 9 -1
15434180508386220 11824 -1
15434180513386960 63 1
15434180513449740 151 -1
15434180513449970 9 -1
15434180513451960 9136 -1
15434180518452712 63 1
15434180518514200 126 -1
15434180518514370 9 -1
15434180518516840 10150 -1
15434180523517490 63 1
15434180523577450 223 -1
15434180523577990 9 -1
15434180523580770 8398 -1
0 0 0
15434180416202460 148 1
15434180416202460 203 1
15434180416202840 39 -1
15434180416202878 13 -1
15434180416251080 9 -1
15434180416260910 313 -1
15434180416260970 9 -1
15434180416263940 16383 -1
15434180416264000 1 -1
15434180416264020 9 -1
15434180416266660 16383 -1
15434180416267210 1 -1
15434180416309320 9 -1
15434180416311560 16382 -1
15434180416311560 2 -1
15434180416311560 9 -1
15434180416313600 16381 -1
15434180416313600 3 -1
15434180416313600 9 -1
15434180416316280 16380 -1
15434180416316280 4 -1
15434180416316280 9 -1
15434180416316832 8209 -1
0 0 0
15434180416973930 148 1
15434180416973930 204 1
