### "'16298 151786 16298 10194 9954 16298 27963 52997 69116 88811 12870 62373 53272 241622 97159'"
0 0 0
15434615565075120 148 1
15434615565075120 204 1
15434615565075532 39 -1
15434615565075560 13 -1
15434615565129740 9 -1
15434615565137290 304 -1
15434615565137350 9 -1
15434615565141080 16298 -1
15434615570141750 78 1
15434615570202570 171 -1
15434615570202660 9 -1
15434615570203200 2617 -1
15434615575204110 78 1
15434615575266430 147 -1
15434615575266510 9 -1
15434615575267260 3151 -1
15434615580267990 78 1
15434615580329520 170 -1
15434615580329608 9 -1
15434615580330260 2973 -1
15434615585331030 77 1
15434615585391920 178 -1
15434615585392010 9 -1
15434615585392730 2795 -1
15434615590393400 63 1
15434615590455552 153 -1
15434615590455630 9 -1
15434615590457320 10194 -1
15434615595458210 9 1
15434615600458210 66 1
15434615600519130 152 -1
15434615600519170 9 -1
15434615600521800 7969 -1
15434615605522600 63 1
15434615605584360 117 -1
15434615605584450 9 -1
15434615605587020 6784 -1
15434615610587690 63 1
15434615610648420 152 -1
15434615610648500 9 -1
15434615610650660 7125 -1
15434615615651268 63 1
15434615615712718 129 -1
15434615615713220 9 -1
15434615615716570 9954 -1
15434615620717160 63 1
15434615620777340 256 -1
15434615620777522 9 -1
15434615620779550 5930 -1
15434615626019148 73 1
15434615626080590 144 -1
15434615626080750 9 -1
15434615626083900 16298 -1
15434615631085070 58 1
15434615631150570 94 -1
15434615631150790 9 -1
15434615631153790 16383 -1
15434615631153830 1 -1
15434615631153870 9 -1
15434615631156070 11579 -1
15434615636156722 59 1
15434615636217880 59 -1
15434615636218008 9 -1
15434615636221340 16383 -1
15434615636221420 1 -1
15434615636221450 9 -1
15434615636224260 16382 -1
15434615636224300 2 -1
15434615636224350 9 -1
15434615636275070 16383 -1
15434615636275070 1 -1
15434615636275070 9 -1
15434615636275070 3845 -1
15434615641277450 58 1
15434615641340188 153 -1
15434615641340320 9 -1
15434615641343460 16383 -1
15434615641343542 1 -1
15434615641343570 9 -1
15434615641346550 16383 -1
15434615641346632 1 -1
15434615641346650 9 -1
15434615641393930 16382 -1
15434615641393930 2 -1
15434615641393930 9 -1
15434615641397230 16383 -1
15434615641397230 1 -1
15434615641397230 9 -1
15434615641397980 3580 -1
15434615646399130 58 1
15434615646461120 102 -1
15434615646461250 9 -1
15434615646464290 16383 -1
15434615646464370 1 -1
15434615646465010 9 -1
15434615646467250 16382 -1
15434615646467790 2 -1
15434615646467832 9 -1
15434615646470530 16381 -1
15434615646470580 3 -1
15434615646471100 9 -1
15434615646515560 16383 -1
15434615646515560 1 -1
15434615646515560 9 -1
15434615646518350 16382 -1
15434615646518350 2 -1
15434615646518350 9 -1
15434615646519452 6891 -1
15434615651520360 59 1
15434615651581190 129 -1
15434615651581290 9 -1
15434615651583930 12870 -1
15434615656584808 89 1
15434615656645120 155 -1
15434615656645328 9 -1
15434615656648272 16383 -1
15434615656648828 1 -1
15434615656648880 9 -1
15434615656651630 16383 -1
15434615656651710 1 -1
15434615656651750 9 -1
15434615656654860 16382 -1
15434615656654912 2 -1
15434615656654940 9 -1
15434615656657578 13221 -1
15434615661658260 58 1
15434615661720100 149 -1
15434615661720650 9 -1
15434615661723370 16383 -1
15434615661723420 1 -1
15434615661723462 9 -1
15434615661726610 16382 -1
15434615661726660 2 -1
15434615661726690 9 -1
15434615661729432 16381 -1
15434615661729478 3 -1
15434615661729980 9 -1
15434615661730530 4120 -1
15434615666731530 59 1
15434615666812970 113 -1
15434615666813510 9 -1
15434615666816270 16383 -1
15434615666816822 1 -1
15434615666816872 9 -1
15434615666819550 16382 -1
15434615666819590 2 -1
15434615666819630 9 -1
15434615666822810 16383 -1
15434615666822842 1 -1
15434615666822860 9 -1
15434615666825560 16382 -1
15434615666825580 2 -1
15434615666826120 9 -1
15434615666867990 16381 -1
15434615666867990 3 -1
15434615666867990 9 -1
15434615666870230 16383 -1
15434615666870230 1 -1
15434615666870230 9 -1
15434615666872612 16382 -1
15434615666872612 2 -1
15434615666872612 9 -1
15434615666874910 16381 -1
15434615666874950 3 -1
15434615666875430 9 -1
15434615666878160 16380 -1
15434615666878160 4 -1
15434615666878160 9 -1
15434615666880332 16379 -1
15434615666880332 5 -1
15434615666880332 9 -1
15434615666883070 16378 -1
15434615666883070 6 -1
15434615666883070 9 -1
15434615666885770 16377 -1
15434615666885770 7 -1
15434615666885770 9 -1
15434615666887930 16383 -1
15434615666887930 1 -1
15434615666887930 9 -1
15434615666890640 16382 -1
15434615666890640 2 -1
15434615666890640 9 -1
15434615666892850 12246 -1
15434615671893510 87 1
15434615671955680 183 -1
15434615671956192 9 -1
15434615671958940 16383 -1
15434615671958980 1 -1
15434615671959030 9 -1
15434615671961688 16382 -1
15434615671962220 2 -1
15434615671962258 9 -1
15434615671964970 16383 -1
15434615671965020 1 -1
15434615671965060 9 -1
15434615671968300 16382 -1
15434615671968350 2 -1
15434615671968390 9 -1
15434615671971080 16381 -1
15434615671971150 3 -1
15434615671971632 9 -1
15434615671974350 15239 -1
15434615676975060 59 1
15434615677036050 130 -1
15434615677036600 9 -1
15434615677039290 16383 -1
15434615677039822 1 -1
15434615677039860 9 -1
15434615677041472 9376 -1
15434615682042200 59 1
15434615682104860 258 -1
15434615682105070 9 -1
15434615682107648 16383 -1
15434615682108100 1 -1
15434615682108140 9 -1
15434615682110870 16382 -1
15434615682111412 2 -1
15434615682111462 9 -1
15434615682114230 16383 -1
15434615682114280 1 -1
15434615682114310 9 -1
15434615682117022 16382 -1
15434615682117072 2 -1
15434615682117100 9 -1
15434615682119780 16381 -1
15434615682120270 3 -1
15434615682120300 9 -1
15434615682122960 16380 -1
15434615682122980 4 -1
15434615682123520 9 -1
15434615682126210 16379 -1
15434615682126260 5 -1
15434615682126278 9 -1
15434615682129500 16378 -1
15434615682129518 6 -1
15434615682129540 9 -1
15434615682130650 5947 -1
15434615687131510 59 1
15434615687194108 107 -1
15434615687194670 9 -1
15434615687197390 16383 -1
15434615687197430 1 -1
15434615687197470 9 -1
15434615687200180 13514 -1
15434615692200830 59 1
15434615692262220 130 -1
15434615692262818 9 -1
15434615692265590 16383 -1
15434615692265640 1 -1
15434615692265680 9 -1
15434615692268340 16382 -1
15434615692268888 2 -1
15434615692268930 9 -1
15434615692271120 13418 -1
15434615697271860 58 1
15434615697334660 132 -1
15434615697334890 9 -1
15434615697337912 16383 -1
15434615697337950 1 -1
15434615697337990 9 -1
15434615697341148 16382 -1
15434615697341190 2 -1
15434615697341220 9 -1
15434615697343910 16383 -1
15434615697344460 1 -1
15434615697344490 9 -1
15434615697347190 16382 -1
15434615697347230 2 -1
15434615697347250 9 -1
15434615697349948 16381 -1
15434615697350490 3 -1
15434615697350522 9 -1
15434615697353260 16380 -1
15434615697353280 4 -1
15434615697353808 9 -1
15434615697356530 16379 -1
15434615697356580 5 -1
15434615697356610 9 -1
15434615697357640 1969 -1
15434615702358420 59 1
15434615702425480 136 -1
15434615702425670 9 -1
15434615702428780 16383 -1
15434615702429350 1 -1
15434615702429390 9 -1
15434615702432120 16383 -1
15434615702432160 1 -1
15434615702432210 9 -1
15434615702435410 16382 -1
15434615702435460 2 -1
15434615702435500 9 -1
15434615702438720 16381 -1
15434615702438770 3 -1
15434615702438800 9 -1
15434615702441350 15894 -1
15434615707442110 58 1
15434615707504360 130 -1
15434615707504470 9 -1
15434615707507090 16383 -1
15434615707507660 1 -1
15434615707507710 9 -1
15434615707510400 16382 -1
15434615707510430 2 -1
15434615707510450 9 -1
15434615707513130 16381 -1
15434615707513670 3 -1
15434615707513700 9 -1
15434615707516912 16383 -1
15434615707516930 1 -1
15434615707516950 9 -1
15434615707519700 16382 -1
15434615707519720 2 -1
15434615707520240 9 -1
15434615707522450 16381 -1
15434615707522960 3 -1
15434615707522990 9 -1
15434615707525740 16380 -1
15434615707526290 4 -1
15434615707526320 9 -1
15434615707526330 935 -1
15434615712527430 58 1
15434615712587870 153 -1
15434615712588410 9 -1
15434615712591130 16383 -1
15434615712591710 1 -1
15434615712591760 9 -1
15434615712594430 16383 -1
15434615712594470 1 -1
15434615712594522 9 -1
15434615712597170 16382 -1
15434615712597730 2 -1
15434615712597762 9 -1
15434615712600470 16381 -1
15434615712600520 3 -1
15434615712600542 9 -1
15434615712601030 1197 -1
15434615717602830 58 1
15434615717733740 102 -1
15434615717733930 9 -1
15434615717736980 16383 -1
15434615717737020 1 -1
15434615717737060 9 -1
15434615717739698 16382 -1
15434615717740260 2 -1
15434615717740340 9 -1
15434615717742970 16381 -1
15434615717743520 3 -1
15434615717743550 9 -1
15434615717746230 16383 -1
15434615717746280 1 -1
15434615717746300 9 -1
15434615717749010 12532 -1
0 0 0
15434615558042080 148 1
15434615558042080 197 1
15434615558042350 39 -1
15434615558042960 13 -1
15434615558090438 9 -1
15434615558096970 307 -1
15434615558097010 9 -1
15434615558100140 16298 -1
0 0 0
15434615558278110 148 1
15434615558278110 183 1
0 0 0
15434615557833180 39 -1
15434615557833480 13 -1
15434615557840620 148 1
15434615557840620 197 1
15434615557894930 9 -1
15434615557900870 304 -1
15434615557901390 9 -1
15434615557904160 7190 -1
0 0 0
15434615557988830 148 1
15434615557988830 197 1
0 0 0
15434615557810100 148 1
15434615557810100 194 1
0 0 0
15434615558135490 39 -1
15434615558135810 13 -1
15434615558155702 148 1
15434615558155702 182 1
15434615558204610 9 -1
15434615558231960 295 -1
15434615558232040 9 -1
15434615558234930 16383 -1
15434615558234930 1 -1
15434615558234970 9 -1
15434615558237710 16383 -1
15434615558237710 1 -1
15434615558237710 9 -1
15434615558282980 16382 -1
15434615558282980 2 -1
15434615558282980 9 -1
15434615558285648 16381 -1
15434615558285648 3 -1
15434615558285648 9 -1
15434615558287800 16383 -1
15434615558287800 1 -1
15434615558287800 9 -1
15434615558289930 16382 -1
15434615558289930 2 -1
15434615558289930 9 -1
15434615558292680 16381 -1
15434615558292680 3 -1
15434615558292680 9 -1
15434615558330600 16380 -1
15434615558330600 4 -1
15434615558330600 9 -1
15434615558333730 16383 -1
15434615558333730 1 -1
15434615558333730 9 -1
15434615558334228 4330 -1
