### "'19995 163601 77871 81915 145118 332019 12239 170382 197710 95265 70762 79550 66369 149227 128894'"
0 0 0
15434631356413350 148 1
15434631356413350 204 1
15434631356413382 39 -1
15434631356413792 13 -1
15434631356461670 9 -1
15434631356467080 340 -1
15434631356467120 9 -1
15434631356467890 1883 -1
0 0 0
15434631356417200 148 1
15434631356417200 184 1
0 0 0
15434631356457960 39 -1
15434631356458010 13 -1
15434631356465520 148 1
15434631356465520 184 1
15434631356513830 9 -1
15434631356521070 294 -1
15434631356521248 9 -1
15434631356524538 16383 -1
15434631356524538 1 -1
15434631356524660 9 -1
15434631356527740 16383 -1
15434631356527740 1 -1
15434631356527740 9 -1
15434631356572198 16382 -1
15434631356572198 2 -1
15434631356572198 9 -1
15434631356574870 16381 -1
15434631356574870 3 -1
15434631356574870 9 -1
15434631356576450 12335 -1
0 0 0
15434631356239720 148 1
15434631356239720 204 1
15434631356240100 39 -1
15434631356240130 13 -1
15434631356294300 9 -1
15434631356300700 312 -1
15434631356301220 9 -1
15434631356303958 2973 -1
0 0 0
15434631356406580 148 1
15434631356406580 197 1
15434631356406620 39 -1
15434631356406930 13 -1
15434631356454580 9 -1
15434631356483610 372 -1
15434631356483660 9 -1
15434631356487228 16383 -1
15434631356487270 1 -1
15434631356487290 9 -1
15434631356489970 16382 -1
15434631356490020 2 -1
15434631356533170 9 -1
15434631356535810 16383 -1
15434631356535810 1 -1
15434631356535810 9 -1
15434631356537950 16382 -1
15434631356537950 2 -1
15434631356537950 9 -1
15434631356540740 16381 -1
15434631356540740 3 -1
15434631356540740 9 -1
15434631356542960 16380 -1
15434631356542960 4 -1
15434631356542960 9 -1
15434631356545650 16379 -1
15434631356545650 5 -1
15434631356545650 9 -1
15434631356583510 16383 -1
15434631356583510 1 -1
15434631356583510 9 -1
15434631356585640 16382 -1
15434631356585640 2 -1
15434631356585640 9 -1
15434631356587770 16145 -1
0 0 0
15434631356097168 39 -1
15434631356097550 13 -1
15434631356415050 148 1
15434631356415050 204 1
15434631356463380 9 -1
15434631356469008 313 -1
15434631356469050 9 -1
15434631356471788 16383 -1
15434631356471788 1 -1
15434631356471788 9 -1
15434631356472250 3611 -1
15434631361760850 58 1
15434631361814680 154 -1
15434631361815210 9 -1
15434631361817920 16383 -1
15434631361817920 1 -1
15434631361817948 9 -1
15434631361820640 16383 -1
15434631361820640 1 -1
15434631361820640 9 -1
15434631361863090 16382 -1
15434631361863090 2 -1
15434631361863090 9 -1
15434631361865830 16381 -1
15434631361865830 3 -1
15434631361865830 9 -1
15434631361868000 16379 -1
15434631366868810 58 1
15434631366923530 131 -1
15434631366923872 9 -1
15434631366926392 16383 -1
15434631366926420 1 -1
15434631366926950 9 -1
15434631366929050 16383 -1
15434631366929582 1 -1
15434631366929610 9 -1
15434631366932312 16382 -1
15434631366932350 2 -1
15434631366932380 9 -1
15434631366935040 16381 -1
15434631366935580 3 -1
15434631366935610 9 -1
15434631366938360 16383 -1
15434631366938378 1 -1
15434631366938410 9 -1
15434631366941190 16382 -1
15434631366941270 2 -1
15434631366941290 9 -1
15434631366972270 16381 -1
15434631366972270 3 -1
15434631366972270 9 -1
15434631366976030 16380 -1
15434631366976090 4 -1
15434631366976130 9 -1
15434631366978322 14046 -1
15434631371980250 78 1
15434631372035020 96 -1
15434631372035110 9 -1
15434631372035760 2617 -1
15434631377036468 59 1
15434631377091000 131 -1
15434631377091110 9 -1
15434631377093150 16383 -1
15434631377093680 1 -1
15434631377093698 9 -1
15434631377096390 16382 -1
15434631377096440 2 -1
15434631377096460 9 -1
15434631377099150 16383 -1
15434631377099200 1 -1
15434631377099220 9 -1
15434631377101850 16382 -1
15434631377102380 2 -1
15434631377102410 9 -1
15434631377105140 16381 -1
15434631377105190 3 -1
15434631377105210 9 -1
15434631377107880 16380 -1
15434631377107930 4 -1
15434631377107950 9 -1
15434631377110692 16379 -1
15434631377110710 5 -1
15434631377111240 9 -1
15434631377113522 6 -1
15434631377113590 9 -1
15434631377116630 16377 -1
15434631377138360 7 -1
15434631377138360 9 -1
15434631377141060 16376 -1
15434631377141060 8 -1
15434631377141060 9 -1
15434631377143180 16375 -1
15434631377143180 9 -1
15434631377143180 9 -1
15434631377145970 16374 -1
15434631377145970 10 -1
15434631377145970 9 -1
15434631377148140 16373 -1
15434631377148140 11 -1
15434631377148140 9 -1
15434631377150960 16383 -1
15434631377150960 1 -1
15434631377150960 9 -1
15434631377151510 4339 -1
15434631382152970 88 1
15434631382207530 184 -1
15434631382207690 9 -1
15434631382210240 12239 -1
15434631387210850 58 1
15434631387265790 131 -1
15434631387265930 9 -1
15434631387269080 16383 -1
15434631387269130 1 -1
15434631387269170 9 -1
15434631387271832 16382 -1
15434631387272370 2 -1
15434631387272420 9 -1
15434631387275100 16383 -1
15434631387275140 1 -1
15434631387275190 9 -1
15434631387278350 16382 -1
15434631387278400 2 -1
15434631387278440 9 -1
15434631387281088 16381 -1
15434631387281138 3 -1
15434631387281188 9 -1
15434631387284350 16380 -1
15434631387284410 4 -1
15434631387284450 9 -1
15434631387287150 16379 -1
15434631387287210 5 -1
15434631387287230 9 -1
15434631387289920 16378 -1
15434631387289960 6 -1
15434631387290470 9 -1
15434631387293220 16383 -1
15434631387293270 1 -1
15434631387293292 9 -1
15434631387296490 16382 -1
15434631387297010 2 -1
15434631387297030 9 -1
15434631387298080 6542 -1
15434631392301810 58 1
15434631392354540 151 -1
15434631392355080 9 -1
15434631392357750 16383 -1
15434631392357790 1 -1
15434631392357820 9 -1
15434631392360510 16382 -1
15434631392360548 2 -1
15434631392361080 9 -1
15434631392363790 16383 -1
15434631392363830 1 -1
15434631392363860 9 -1
15434631392367030 16382 -1
15434631392367100 2 -1
15434631392367150 9 -1
15434631392370580 16381 -1
15434631392371130 3 -1
15434631392371160 9 -1
15434631392373870 16380 -1
15434631392373910 4 -1
15434631392373930 9 -1
15434631392376580 16379 -1
15434631392376620 5 -1
15434631392377130 9 -1
15434631392379840 16378 -1
15434631392379870 6 -1
15434631392379890 9 -1
15434631392383030 16377 -1
15434631392383060 7 -1
15434631392383080 9 -1
15434631392386280 16376 -1
15434631392386310 8 -1
15434631392386330 9 -1
15434631392389532 16375 -1
15434631392389578 9 -1
15434631392389600 9 -1
15434631392392210 16374 -1
15434631392392250 10 -1
15434631392392760 9 -1
15434631392393330 1102 -1
15434631397394150 59 1
15434631397448570 130 -1
15434631397448750 9 -1
15434631397451830 16383 -1
15434631397451870 1 -1
15434631397451900 9 -1
15434631397455152 16383 -1
15434631397455202 1 -1
15434631397455240 9 -1
15434631397458410 16382 -1
15434631397458438 2 -1
15434631397458460 9 -1
15434631397461160 16381 -1
15434631397461200 3 -1
15434631397461700 9 -1
15434631397463820 16380 -1
15434631397464340 4 -1
15434631397464370 9 -1
15434631397466510 13345 -1
15434631402467340 58 1
15434631402541570 150 -1
15434631402542120 9 -1
15434631402544280 16383 -1
15434631402544790 1 -1
15434631402544840 9 -1
15434631402547550 16383 -1
15434631402547590 1 -1
15434631402547610 9 -1
15434631402550850 16382 -1
15434631402550868 2 -1
15434631402550890 9 -1
15434631402554130 16383 -1
15434631402554150 1 -1
15434631402554160 9 -1
15434631402555260 5226 -1
15434631407556040 58 1
15434631407610070 118 -1
15434631407610610 9 -1
15434631407613348 16383 -1
15434631407613890 1 -1
15434631407613922 9 -1
15434631407616600 16383 -1
15434631407617120 1 -1
15434631407617158 9 -1
15434631407619842 16382 -1
15434631407619892 2 -1
15434631407620390 9 -1
15434631407623060 16381 -1
15434631407623100 3 -1
15434631407623120 9 -1
15434631407625820 14014 -1
15434631412626670 58 1
15434631412684230 231 -1
15434631412684792 9 -1
15434631412687550 16383 -1
15434631412688128 1 -1
15434631412688180 9 -1
15434631412690830 16382 -1
15434631412690858 2 -1
15434631412690890 9 -1
15434631412693592 16381 -1
15434631412694140 3 -1
15434631412694170 9 -1
15434631412696878 16383 -1
15434631412696950 1 -1
15434631412697440 9 -1
15434631412697460 833 -1
15434631417698490 59 1
15434631417752350 131 -1
15434631417752560 9 -1
15434631417755640 16383 -1
15434631417756190 1 -1
15434631417756230 9 -1
15434631417758840 16383 -1
15434631417758870 1 -1
15434631417758902 9 -1
15434631417762060 16382 -1
15434631417762100 2 -1
15434631417762110 9 -1
15434631417765378 16381 -1
15434631417765450 3 -1
15434631417765470 9 -1
15434631417768620 16383 -1
15434631417768640 1 -1
15434631417768650 9 -1
15434631417771310 16382 -1
15434631417771860 2 -1
15434631417771880 9 -1
15434631417774600 16381 -1
15434631417775150 3 -1
15434631417775170 9 -1
15434631417777850 16380 -1
15434631417777870 4 -1
15434631417778398 9 -1
15434631417781040 16383 -1
15434631417781078 1 -1
15434631417781090 9 -1
15434631417781560 1771 -1
15434631422782310 59 1
15434631422836580 155 -1
15434631422837132 9 -1
15434631422839840 16383 -1
15434631422839870 1 -1
15434631422840390 9 -1
15434631422843120 16383 -1
15434631422843152 1 -1
15434631422843190 9 -1
15434631422846438 16382 -1
15434631422846488 2 -1
15434631422846510 9 -1
15434631422849240 16381 -1
15434631422849280 3 -1
15434631422849710 9 -1
15434631422852400 16380 -1
15434631422852420 4 -1
15434631422852430 9 -1
15434631422855080 16383 -1
15434631422855630 1 -1
15434631422855648 9 -1
15434631422858440 16382 -1
15434631422858470 2 -1
15434631422858490 9 -1
15434631422861120 14206 -1
15434631427862110 58 1
15434631427915830 130 -1
15434631427916378 9 -1
15434631427919180 16383 -1
15434631427919220 1 -1
15434631427919732 9 -1
15434631427922462 16382 -1
15434631427922512 2 -1
15434631427922550 9 -1
15434631427925748 16383 -1
15434631427925780 1 -1
15434631427925798 9 -1
15434631427928532 16382 -1
15434631427928578 2 -1
15434631427929090 9 -1
15434631427931818 16381 -1
15434631427931840 3 -1
15434631427932360 9 -1
15434631427934540 16380 -1
15434631427935080 4 -1
15434631427935110 9 -1
15434631427937788 16379 -1
15434631427937840 5 -1
15434631427937870 9 -1
15434631427941160 16378 -1
15434631427941210 6 -1
15434631427941238 9 -1
15434631427944030 16383 -1
15434631427944050 1 -1
15434631427944080 9 -1
15434631427945148 2858 -1
15434631432946710 58 1
15434631433001280 156 -1
15434631433001390 9 -1
15434631433003970 16383 -1
15434631433004050 1 -1
15434631433004500 9 -1
15434631433007268 16383 -1
15434631433007310 1 -1
15434631433007340 9 -1
15434631433010550 16382 -1
15434631433010590 2 -1
15434631433010610 9 -1
15434631433013862 16381 -1
15434631433013890 3 -1
15434631433013908 9 -1
15434631433016630 16383 -1
15434631433017160 1 -1
15434631433017180 9 -1
15434631433019900 16382 -1
15434631433019940 2 -1
15434631433020452 9 -1
15434631433023260 16381 -1
15434631433023290 3 -1
15434631433023310 9 -1
15434631433025980 16380 -1
15434631433026020 4 -1
15434631433026040 9 -1
15434631433027100 4650 -1
15434631438028450 58 1
15434631438108520 134 -1
15434631438108650 9 -1
15434631438111640 16383 -1
15434631438111710 1 -1
15434631438111740 9 -1
15434631438114360 16382 -1
15434631438114390 2 -1
15434631438114920 9 -1
15434631438117690 16383 -1
15434631438117700 1 -1
15434631438117722 9 -1
15434631438120460 16382 -1
15434631438121000 2 -1
15434631438121030 9 -1
15434631438123720 16381 -1
15434631438123750 3 -1
15434631438124280 9 -1
15434631438127028 16380 -1
15434631438127060 4 -1
15434631438127070 9 -1
15434631438131350 5 -1
15434631438131462 9 -1
15434631438134420 16378 -1
15434631438134460 6 -1
15434631438134480 9 -1
15434631438136010 5859 -1
15434631443154190 58 1
15434631443209528 142 -1
15434631443209660 9 -1
15434631443212790 16383 -1
15434631443212840 1 -1
15434631443212870 9 -1
15434631443215480 16382 -1
15434631443215530 2 -1
15434631443216040 9 -1
15434631443218790 16383 -1
15434631443218840 1 -1
15434631443218860 9 -1
15434631443222120 16382 -1
15434631443222150 2 -1
15434631443222170 9 -1
15434631443225480 16381 -1
15434631443225542 3 -1
15434631443225560 9 -1
15434631443228670 16380 -1
15434631443228690 4 -1
15434631443228732 9 -1
15434631443231370 16379 -1
15434631443231900 5 -1
15434631443231918 9 -1
15434631443234620 16378 -1
15434631443235170 6 -1
15434631443235190 9 -1
15434631443237980 16383 -1
15434631443238010 1 -1
15434631443238520 9 -1
15434631443241280 16382 -1
15434631443241292 2 -1
15434631443241860 9 -1
15434631443241880 237 -1
15434631448242690 58 1
15434631448299140 131 -1
15434631448299260 9 -1
15434631448301870 16383 -1
15434631448302420 1 -1
15434631448302482 9 -1
15434631448305170 16382 -1
15434631448305212 2 -1
15434631448305240 9 -1
15434631448308410 16381 -1
15434631448308430 3 -1
15434631448308440 9 -1
15434631448311140 16383 -1
15434631448311660 1 -1
15434631448311688 9 -1
15434631448314350 16382 -1
15434631448314878 2 -1
15434631448314900 9 -1
15434631448318120 16381 -1
15434631448318150 3 -1
15434631448318160 9 -1
15434631448321518 2 -1
15434631448321580 9 -1
15434631448324770 16381 -1
15434631448324840 3 -1
15434631448325200 9 -1
15434631448327880 16380 -1
15434631448327950 4 -1
15434631448327990 9 -1
15434631448331038 16379 -1
15434631448331550 5 -1
15434631448331620 9 -1
15434631448332642 6794 -1
15434631453347320 58 1
15434631453402290 151 -1
15434631453402420 9 -1
15434631453405790 16383 -1
15434631453405870 1 -1
15434631453405900 9 -1
15434631453408410 16383 -1
15434631453408452 1 -1
15434631453408480 9 -1
15434631453411580 16382 -1
15434631453411610 2 -1
15434631453412098 9 -1
15434631453414890 16381 -1
15434631453414950 3 -1
15434631453414970 9 -1
15434631453418100 16383 -1
15434631453418140 1 -1
15434631453418150 9 -1
15434631453420830 16382 -1
15434631453421370 2 -1
15434631453421400 9 -1
15434631453424100 16381 -1
15434631453424640 3 -1
15434631453424670 9 -1
15434631453427360 16380 -1
15434631453427910 4 -1
15434631453427930 9 -1
15434631453430670 16383 -1
15434631453430720 1 -1
15434631453430740 9 -1
15434631453433910 16382 -1
15434631453433960 2 -1
15434631453433980 9 -1
15434631453436690 16381 -1
15434631453437240 3 -1
15434631453437260 9 -1
15434631453438850 10332 -1
15434631458439590 59 1
15434631458493900 127 -1
15434631458494020 9 -1
15434631458497150 16383 -1
15434631458497220 1 -1
15434631458497250 9 -1
15434631458499920 16383 -1
15434631458499970 1 -1
15434631458500000 9 -1
15434631458502750 16382 -1
15434631458503340 2 -1
15434631458503380 9 -1
15434631458506010 16381 -1
15434631458506060 3 -1
15434631458506082 9 -1
15434631458508750 16383 -1
15434631458509300 1 -1
15434631458509340 9 -1
15434631458512110 16382 -1
15434631458512140 2 -1
15434631458512630 9 -1
15434631458514810 16381 -1
15434631458515370 3 -1
15434631458515388 9 -1
15434631458518160 16380 -1
15434631458518720 4 -1
15434631458518750 9 -1
15434631458521522 16379 -1
15434631458521540 5 -1
15434631458521560 9 -1
15434631458524280 16378 -1
15434631458524850 6 -1
15434631458524890 9 -1
15434631458527542 16383 -1
15434631458528090 1 -1
15434631458528120 9 -1
15434631458528668 2123 -1
15434631463529420 59 1
15434631463585370 155 -1
15434631463585492 9 -1
15434631463588318 16383 -1
15434631463588350 1 -1
15434631463588380 9 -1
15434631463591080 16383 -1
15434631463591620 1 -1
15434631463591670 9 -1
15434631463594410 16382 -1
15434631463594470 2 -1
15434631463594490 9 -1
15434631463597630 16381 -1
15434631463597680 3 -1
15434631463597692 9 -1
15434631463600308 16383 -1
15434631463600820 1 -1
15434631463600840 9 -1
15434631463603580 16383 -1
15434631463603610 1 -1
15434631463604130 9 -1
15434631463606930 16383 -1
15434631463606960 1 -1
15434631463607480 9 -1
15434631463609620 16382 -1
15434631463610150 2 -1
15434631463610170 9 -1
15434631463612930 16381 -1
15434631463612960 3 -1
15434631463612980 9 -1
15434631463616210 16383 -1
15434631463616230 1 -1
15434631463616250 9 -1
15434631463618960 16382 -1
15434631463619540 2 -1
15434631463619558 9 -1
15434631463622242 16381 -1
15434631463622260 3 -1
15434631463622270 9 -1
15434631463624940 12706 -1
15434631468625620 78 1
15434631468682540 252 -1
15434631468682670 9 -1
15434631468683880 3685 -1
15434631473684420 58 1
15434631473738790 154 -1
15434631473738930 9 -1
15434631473742270 16383 -1
15434631473742350 1 -1
15434631473742380 9 -1
15434631473745020 16383 -1
15434631473745070 1 -1
15434631473745580 9 -1
15434631473747770 16382 -1
15434631473748320 2 -1
15434631473748350 9 -1
15434631473749450 4335 -1
15434631478750160 59 1
15434631478837400 117 -1
15434631478837472 9 -1
15434631478840310 16383 -1
15434631478840340 1 -1
15434631478840360 9 -1
15434631478843132 16382 -1
15434631478843170 2 -1
15434631478843700 9 -1
15434631478846468 16381 -1
15434631478846518 3 -1
15434631478846540 9 -1
15434631478848730 10522 -1
15434631483849918 9 1
15434631488849968 76 1
15434631488913072 155 -1
15434631488913610 9 -1
15434631488916340 15857 -1
15434631488916390 441 -1
15434631493917460 80 1
15434631493972020 142 -1
15434631493972190 9 -1
15434631493974840 16298 -1
15434631498975510 78 1
15434631499029860 148 -1
15434631499029990 9 -1
15434631499031480 3329 -1
15434631504032200 77 1
15434631504085950 202 -1
15434631504086140 9 -1
15434631504087040 2795 -1
15434631509087860 78 1
15434631509141460 147 -1
15434631509141590 9 -1
15434631509142290 2973 -1
15434631514143150 63 1
15434631514197510 153 -1
15434631514197630 9 -1
15434631514199690 9411 -1
15434631519200320 63 1
15434631519254330 128 -1
15434631519254470 9 -1
15434631519256420 6918 -1
15434631524257050 63 1
15434631524311120 258 -1
15434631524311308 9 -1
15434631524313330 6430 -1
15434631529313992 63 1
15434631529392300 129 -1
15434631529392460 9 -1
15434631529393670 3196 -1
15434631534394280 63 1
15434631534448590 153 -1
15434631534448720 9 -1
15434631534449380 3451 -1
15434631539450222 63 1
15434631539504040 125 -1
15434631539504190 9 -1
15434631539506250 5679 -1
