### "'33739 32898 10634 99294 63464 16615 62497 31306 33900 27479 32992 89274 71389 35574 75085'"
0 0 0
15434669626159260 148 1
15434669626159260 214 1
0 0 0
15434669628242240 148 1
15434669628242240 212 1
15434669628242280 39 -1
15434669628242300 13 -1
15434669628296260 9 -1
15434669628302990 368 -1
15434669628303190 9 -1
15434669628306280 16383 -1
15434669628306360 1 -1
15434669628306370 9 -1
15434669628309190 16383 -1
15434669628309218 1 -1
15434669628355930 9 -1
15434669628355930 971 -1
15434669633357120 9 1
15434669651951570 72 1
15434669652023038 230 -1
15434669652023562 9 -1
15434669652025780 16383 -1
15434669652026320 1 -1
15434669652026350 9 -1
15434669652028530 16382 -1
15434669652029058 2 -1
15434669652029080 9 -1
15434669652029100 130 -1
15434669657029440 79 1
15434669657089240 147 -1
15434669657089370 9 -1
15434669657092080 7837 -1
15434669662093060 101 1
15434669663547562 184 -1
15434669663547640 9 -1
15434669663550292 6850 -1
15434669668550890 73 1
15434669668616778 129 -1
15434669668616850 9 -1
15434669668619050 4994 -1
15434669673619830 103 1
15434669673731288 178 -1
15434669673731780 9 -1
15434669673731830 1664 -1
15434669678733320 102 1
15434669678794780 161 -1
15434669678795360 9 -1
15434669678796950 10634 -1
15434669683797650 101 1
15434669685177990 183 -1
15434669685178190 9 -1
15434669685179110 3976 -1
15434669690180320 102 1
15434669690246192 184 -1
15434669690246770 9 -1
15434669690247910 3771 -1
15434669695248610 78 1
15434669695308462 78 -1
15434669695308630 9 -1
15434669695309520 2795 -1
15434669700310420 78 1
15434669700370450 205 -1
15434669700370628 9 -1
15434669700371562 2035 -1
15434669705372378 78 1
15434669705432970 212 -1
15434669705433090 9 -1
15434669705433720 1959 -1
15434669710434350 77 1
15434669710494550 210 -1
15434669710494730 9 -1
15434669710495070 1427 -1
15434669715496820 78 1
15434669715558218 148 -1
15434669715558370 9 -1
15434669715559310 2083 -1
15434669720560220 78 1
15434669720620120 172 -1
15434669720620300 9 -1
15434669720621160 3151 -1
15434669725622330 77 1
15434669725680940 148 -1
15434669725681478 9 -1
15434669725682070 3151 -1
15434669730682768 78 1
15434669730743220 171 -1
15434669730743780 9 -1
15434669730744340 3151 -1
15434669735745390 77 1
15434669735806510 147 -1
15434669735806702 9 -1
15434669735807570 3685 -1
15434669740809230 78 1
15434669740868190 172 -1
15434669740868412 9 -1
15434669740869350 3329 -1
15434669745870550 78 1
15434669745931080 187 -1
15434669745931280 9 -1
15434669745932130 3685 -1
15434669750933330 77 1
15434669750992392 236 -1
15434669750992960 9 -1
15434669750993500 3507 -1
15434669755994230 78 1
15434669756054880 149 -1
15434669756055000 9 -1
15434669756055670 2973 -1
15434669761056400 78 1
15434669761116260 173 -1
15434669761116350 9 -1
15434669761117250 3507 -1
15434669766118040 78 1
15434669766177280 148 -1
15434669766177830 9 -1
15434669766178960 3685 -1
15434669771180040 72 1
15434669771251932 142 -1
15434669771252100 9 -1
15434669771255168 16383 -1
15434669771255200 1 -1
15434669771255230 9 -1
15434669771257920 16382 -1
15434669771257970 2 -1
15434669771258010 9 -1
15434669771306018 16381 -1
15434669771306018 3 -1
15434669771306018 9 -1
15434669771308190 16383 -1
15434669771308190 1 -1
15434669771308190 9 -1
15434669771310920 16382 -1
15434669771310920 2 -1
15434669771310920 9 -1
15434669771313210 16381 -1
15434669771313210 3 -1
15434669771313210 9 -1
15434669771313210 990 -1
15434669776314672 78 1
15434669776375220 147 -1
15434669776375430 9 -1
15434669776376250 2439 -1
15434669781377500 72 1
15434669781448420 155 -1
15434669781448628 9 -1
15434669781451722 16383 -1
15434669781451780 1 -1
15434669781451818 9 -1
15434669781454410 16382 -1
15434669781454970 2 -1
15434669781455020 9 -1
15434669781457200 16381 -1
15434669781457780 3 -1
15434669781457850 9 -1
15434669781459910 14312 -1
15434669786460960 77 1
15434669786522030 179 -1
15434669786522182 9 -1
15434669786523240 3151 -1
15434669791523982 84 1
15434669791597150 148 -1
15434669791597310 9 -1
15434669791600990 16383 -1
15434669791601018 1 -1
15434669791601050 9 -1
15434669791601530 231 -1
15434669796602490 71 1
15434669796675000 170 -1
15434669796675210 9 -1
15434669796677970 16383 -1
15434669796678020 1 -1
15434669796678050 9 -1
15434669796680890 16383 -1
15434669796680920 1 -1
15434669796681458 9 -1
15434669796683640 16382 -1
15434669796684210 2 -1
15434669796684230 9 -1
15434669796686450 13345 -1
15434669801687150 78 1
15434669801746350 223 -1
15434669801746920 9 -1
15434669801747488 2795 -1
15434669806748300 74 1
15434669806812690 130 -1
15434669806812920 9 -1
15434669806815850 16383 -1
15434669806815900 1 -1
15434669806816400 9 -1
15434669806818640 14922 -1
15434669811819640 73 1
15434669813230910 131 -1
15434669813231070 9 -1
15434669813234160 16383 -1
15434669813234190 1 -1
15434669813234220 9 -1
15434669813236958 16382 -1
15434669813237000 2 -1
15434669813237040 9 -1
15434669813238080 1132 -1
15434669818238680 73 1
15434669818307900 90 -1
15434669818307980 9 -1
15434669818310500 16383 -1
15434669818311270 1 -1
15434669818311328 9 -1
15434669818312950 11095 -1
15434669823313610 74 1
15434669824790010 131 -1
15434669824790152 9 -1
15434669824793050 16383 -1
15434669824793820 1 -1
15434669824793890 9 -1
15434669824796260 16383 -1
15434669824796290 1 -1
15434669824796310 9 -1
15434669824796340 224 -1
15434669829797540 78 1
15434669829857330 148 -1
15434669829857420 9 -1
15434669829858602 3329 -1
15434669834859108 78 1
15434669834940160 172 -1
15434669834940400 9 -1
15434669834941080 2973 -1
15434669839941822 79 1
15434669840000890 148 -1
15434669840001618 9 -1
15434669840002640 4041 -1
15434669845003410 77 1
15434669845064390 172 -1
15434669845064508 9 -1
15434669845065190 3329 -1
15434669850066070 79 1
15434669850125480 173 -1
15434669850125598 9 -1
15434669850126222 2617 -1
15434669855127110 77 1
15434669855186190 186 -1
15434669855186378 9 -1
15434669855187098 3329 -1
15434669860188400 78 1
15434669860248880 222 -1
15434669860249050 9 -1
15434669860249880 2795 -1
15434669865250750 78 1
15434669865310212 143 -1
15434669865310430 9 -1
15434669865311288 3329 -1
15434669870312260 86 1
15434669870373960 181 -1
15434669870374510 9 -1
15434669870376710 16383 -1
15434669870377240 1 -1
15434669870377280 9 -1
15434669870379930 16383 -1
15434669870379970 1 -1
15434669870380002 9 -1
15434669870382680 16382 -1
15434669870382720 2 -1
15434669870383220 9 -1
15434669870385360 16381 -1
15434669870385890 3 -1
15434669870385922 9 -1
15434669870429670 16380 -1
15434669870429670 4 -1
15434669870429670 9 -1
15434669870431910 7354 -1
15434669875432810 79 1
15434669875491632 29 -1
15434669875491820 9 -1
15434669875493290 4041 -1
15434669880494140 87 1
15434669880556100 184 -1
15434669880556330 9 -1
15434669880559330 16383 -1
15434669880559370 1 -1
15434669880559412 9 -1
15434669880562110 16382 -1
15434669880562180 2 -1
15434669880562210 9 -1
15434669880565350 16383 -1
15434669880565400 1 -1
15434669880565440 9 -1
15434669880568048 16382 -1
15434669880568090 2 -1
15434669880568110 9 -1
15434669880569698 5853 -1
15434669885570372 78 1
15434669885629550 148 -1
15434669885630080 9 -1
15434669885631260 2795 -1
15434669890632830 88 1
15434669890693750 182 -1
15434669890694310 9 -1
15434669890697010 16383 -1
15434669890697040 1 -1
15434669890697070 9 -1
15434669890699670 16382 -1
15434669890700190 2 -1
15434669890700222 9 -1
15434669890700740 2806 -1
15434669895701808 72 1
15434669898240920 135 -1
15434669898241438 9 -1
15434669898244260 15878 -1
15434669898244400 506 -1
15434669898244460 9 -1
15434669898247020 15877 -1
15434669898247110 343 -1
15434669899206750 9 -1
15434669899210000 16375 -1
15434669899210560 9 -1
15434669899211112 2896 -1
15434669899211660 9 -1
15434669899213790 13515 -1
15434669899213820 9 -1
15434669899214910 2896 -1
15434669899214930 9 -1
15434669899218250 6799 -1
15434669904218910 78 1
15434669904277862 172 -1
15434669904277950 9 -1
15434669904278670 2795 -1
15434669909279370 73 1
15434669909352100 130 -1
15434669909352240 9 -1
15434669909355120 16383 -1
15434669909355200 1 -1
15434669909355230 9 -1
15434669909358030 16383 -1
15434669909358060 1 -1
15434669909358088 9 -1
15434669909360730 16382 -1
15434669909360760 2 -1
15434669909361300 9 -1
15434669909364030 16381 -1
15434669909364058 3 -1
15434669909364080 9 -1
15434669909366788 16380 -1
15434669909405430 4 -1
15434669909405430 9 -1
15434669909407950 16383 -1
15434669909407950 1 -1
15434669909407950 9 -1
15434669909410160 16382 -1
15434669909410160 2 -1
15434669909410160 9 -1
15434669909412280 16381 -1
15434669909412280 3 -1
15434669909412280 9 -1
15434669909414490 16380 -1
15434669909414490 4 -1
15434669909414490 9 -1
15434669909417130 16379 -1
15434669909417130 5 -1
15434669909417130 9 -1
15434669909418230 8481 -1
15434669914418932 78 1
15434669914479280 203 -1
15434669914479440 9 -1
15434669914480370 3151 -1
15434669919480960 74 1
15434669919553580 193 -1
15434669919553740 9 -1
15434669919556300 16383 -1
15434669919556850 1 -1
15434669919556900 9 -1
15434669919557430 3518 -1
15434669924558150 73 1
15434669924630260 129 -1
15434669924630380 9 -1
15434669924634100 16383 -1
15434669924634160 1 -1
15434669924634170 9 -1
15434669924634190 2011 -1
15434669929635438 72 1
15434669929703230 105 -1
15434669929703360 9 -1
15434669929706668 16383 -1
15434669929706750 1 -1
15434669929706780 9 -1
15434669929709640 16382 -1
15434669929709680 2 -1
15434669929709712 9 -1
15434669929712390 16381 -1
15434669929712952 3 -1
15434669929712980 9 -1
15434669929715650 16383 -1
15434669929715670 1 -1
15434669929716170 9 -1
15434669929716740 4173 -1
15434669934717382 73 1
15434669934792520 154 -1
15434669934792630 9 -1
15434669934795770 16383 -1
15434669934795800 1 -1
15434669934795830 9 -1
15434669934798560 16382 -1
15434669934798592 2 -1
15434669934798610 9 -1
15434669934801270 16381 -1
15434669934801310 3 -1
15434669934801322 9 -1
15434669934804040 16380 -1
15434669934804060 4 -1
15434669934804590 9 -1
15434669934807310 16379 -1
15434669934807330 5 -1
15434669934807350 9 -1
15434669934808450 6340 -1
15434669939809260 78 1
15434669939869090 148 -1
15434669939869220 9 -1
15434669939870182 3151 -1
15434669944870738 78 1
15434669944937730 171 -1
15434669944937860 9 -1
15434669944938510 2973 -1
15434669949939420 72 1
15434669950032020 154 -1
15434669950032138 9 -1
15434669950035470 16383 -1
15434669950035550 1 -1
15434669950035970 9 -1
15434669950038660 16383 -1
15434669950038700 1 -1
15434669950038732 9 -1
15434669950041340 16382 -1
15434669950041370 2 -1
15434669950041380 9 -1
15434669950044120 16383 -1
15434669950044640 1 -1
15434669950044670 9 -1
15434669950047350 16382 -1
15434669950048730 2 -1
15434669950048758 9 -1
15434669950049800 4133 -1
15434669955051280 87 1
15434669955136830 161 -1
15434669955137020 9 -1
15434669955140120 16383 -1
15434669955140150 1 -1
15434669955140678 9 -1
15434669955143420 16382 -1
15434669955143450 2 -1
15434669955143490 9 -1
15434669955146100 16383 -1
15434669955146110 1 -1
15434669955146130 9 -1
15434669955148780 16382 -1
15434669955148830 2 -1
15434669955148850 9 -1
15434669955149910 4456 -1
15434669960150630 77 1
15434669960211530 170 -1
15434669960211648 9 -1
15434669960212340 3329 -1
15434669965213150 78 1
15434669965273120 187 -1
15434669965273270 9 -1
15434669965274210 2261 -1
