### "'248148 53385 9492 10997 9713 10206 12284 124273 16298 271168 177701 31491 191101 158312 111054'"
0 0 0
15434694508084770 148 1
15434694508084770 215 1
15434694508084850 39 -1
15434694508084870 13 -1
15434694508138890 9 -1
15434694508144540 321 -1
15434694508145090 9 -1
15434694508145658 1905 -1
15434694513163890 88 1
15434694513240760 181 -1
15434694513241240 9 -1
15434694513243930 16383 -1
15434694513244490 1 -1
15434694513244510 9 -1
15434694513247110 16382 -1
15434694513247140 2 -1
15434694513247672 9 -1
15434694513297510 16381 -1
15434694513297510 3 -1
15434694513297510 9 -1
15434694513298040 4233 -1
15434694518302600 9 1
15434694523303590 82 1
15434694523364510 171 -1
15434694523365100 9 -1
15434694523366200 2617 -1
15434694528366990 77 1
15434694528427430 187 -1
15434694528427550 9 -1
15434694528428540 2617 -1
15434694533429360 78 1
15434694533488222 172 -1
15434694533488360 9 -1
15434694533489320 2617 -1
15434694538490160 78 1
15434694538550610 147 -1
15434694538550748 9 -1
15434694538551400 3151 -1
15434694543552130 78 1
15434694543611540 172 -1
15434694543611670 9 -1
15434694543612412 2795 -1
15434694548613410 63 1
15434694548676550 127 -1
15434694548676720 9 -1
15434694548678890 9492 -1
15434694553679630 63 1
15434694553748910 154 -1
15434694553749470 9 -1
15434694553753400 10997 -1
15434694558754160 63 1
15434694558823750 232 -1
15434694558823970 9 -1
15434694558827150 7838 -1
15434694563827742 63 1
15434694563904290 153 -1
15434694563904418 9 -1
15434694563907800 9713 -1
15434694568908620 62 1
15434694568972710 163 -1
15434694568973460 9 -1
15434694568975142 10206 -1
15434694573975812 63 1
15434694574043610 152 -1
15434694574044160 9 -1
15434694574045228 6045 -1
15434694579045920 406 1
15434694579110820 138 -1
15434694579111040 9 -1
15434694579113550 12284 -1
15434694584114180 78 1
15434694584173240 172 -1
15434694584173370 9 -1
15434694584173920 2261 -1
15434694589174910 59 1
15434694589247110 130 -1
15434694589247230 9 -1
15434694589250470 16383 -1
15434694589250510 1 -1
15434694589250540 9 -1
15434694589253220 16382 -1
15434694589253780 2 -1
15434694589253818 9 -1
15434694589256580 16383 -1
15434694589300020 1 -1
15434694589300020 9 -1
15434694589303852 16382 -1
15434694589303852 2 -1
15434694589303852 9 -1
15434694589306030 16381 -1
15434694589306030 3 -1
15434694589306030 9 -1
15434694589308770 16380 -1
15434694589308770 4 -1
15434694589308770 9 -1
15434694589311480 16379 -1
15434694589311480 5 -1
15434694589311480 9 -1
15434694589312602 9585 -1
15434694594313520 77 1
15434694594384970 159 -1
15434694594385100 9 -1
15434694594386302 2795 -1
15434694599386900 78 1
15434694599445788 147 -1
15434694599445980 9 -1
15434694599446672 2617 -1
15434694604447460 77 1
15434694604516070 200 -1
15434694604516170 9 -1
15434694604516840 3685 -1
15434694609517930 89 1
15434694609578472 269 -1
15434694609578630 9 -1
15434694609581080 16298 -1
15434694614581820 58 1
15434694614649120 154 -1
15434694614649260 9 -1
15434694614652400 16383 -1
15434694614652440 1 -1
15434694614652482 9 -1
15434694614655700 16383 -1
15434694614655740 1 -1
15434694614655780 9 -1
15434694614658470 16382 -1
15434694614659020 2 -1
15434694614659050 9 -1
15434694614661800 16381 -1
15434694614661840 3 -1
15434694614661860 9 -1
15434694614664568 16383 -1
15434694614665130 1 -1
15434694614702530 9 -1
15434694614705328 16382 -1
15434694614705328 2 -1
15434694614705328 9 -1
15434694614707790 16381 -1
15434694614707790 3 -1
15434694614707790 9 -1
15434694614709970 16380 -1
15434694614710490 4 -1
15434694614710520 9 -1
15434694614713230 16383 -1
15434694614713790 1 -1
15434694614713790 9 -1
15434694614716030 16382 -1
15434694614716030 2 -1
15434694614716030 9 -1
15434694614718690 16381 -1
15434694614718690 3 -1
15434694614718690 9 -1
15434694614720830 16380 -1
15434694614720830 4 -1
15434694614720830 9 -1
15434694614723560 16379 -1
15434694614723560 5 -1
15434694614723560 9 -1
15434694614725770 16378 -1
15434694614725770 6 -1
15434694614725770 9 -1
15434694614728460 16377 -1
15434694614729030 7 -1
15434694614729062 9 -1
15434694614756990 16376 -1
15434694614756990 8 -1
15434694614756990 9 -1
15434694614758620 9024 -1
15434694619759400 78 1
15434694619828020 147 -1
15434694619828570 9 -1
15434694619829190 2439 -1
15434694624829810 78 1
15434694624890490 171 -1
15434694624890612 9 -1
15434694624891580 3151 -1
15434694629892210 59 1
15434694629962260 132 -1
15434694629963170 9 -1
15434694629965930 16383 -1
15434694629965960 1 -1
15434694629965980 9 -1
15434694629968710 16382 -1
15434694629969260 2 -1
15434694629969310 9 -1
15434694629972060 16381 -1
15434694629972110 3 -1
15434694629972150 9 -1
15434694629975460 16380 -1
15434694629975510 4 -1
15434694629975540 9 -1
15434694629978130 16379 -1
15434694629978190 5 -1
15434694629978690 9 -1
15434694629981420 16378 -1
15434694629981460 6 -1
15434694629981480 9 -1
15434694629984200 16377 -1
15434694629984738 7 -1
15434694629984800 9 -1
15434694629987510 16383 -1
15434694629987580 1 -1
15434694629988090 9 -1
15434694629990808 16382 -1
15434694629990840 2 -1
15434694629990880 9 -1
15434694630016652 16381 -1
15434694630016652 3 -1
15434694630016652 9 -1
15434694630020570 13861 -1
15434694635021370 88 1
15434694635093840 182 -1
15434694635094048 9 -1
15434694635097130 16383 -1
15434694635097180 1 -1
15434694635097220 9 -1
15434694635099940 15107 -1
15434694640100680 78 1
15434694640165680 171 -1
15434694640165910 9 -1
15434694640166740 2261 -1
15434694645167912 78 1
15434694645232720 136 -1
15434694645232862 9 -1
15434694645234360 2973 -1
15434694650235040 59 1
15434694650309802 153 -1
15434694650310330 9 -1
15434694650313120 16383 -1
15434694650313170 1 -1
15434694650313210 9 -1
15434694650316442 16382 -1
15434694650316480 2 -1
15434694650316520 9 -1
15434694650319300 16383 -1
15434694650319860 1 -1
15434694650319890 9 -1
15434694650322630 16382 -1
15434694650322690 2 -1
15434694650322710 9 -1
15434694650325970 16381 -1
15434694650326000 3 -1
15434694650326020 9 -1
15434694650328770 16380 -1
15434694650329330 4 -1
15434694650329360 9 -1
15434694650332078 16379 -1
15434694650332130 5 -1
15434694650332630 9 -1
15434694650335310 16383 -1
15434694650335360 1 -1
15434694650335390 9 -1
15434694650338640 16382 -1
15434694650338668 2 -1
15434694650338690 9 -1
15434694650341430 16381 -1
15434694650342000 3 -1
15434694650342030 9 -1
15434694650365820 16380 -1
15434694650365820 4 -1
15434694650365820 9 -1
15434694650367488 10877 -1
15434694655372170 59 1
15434694655443520 108 -1
15434694655443650 9 -1
15434694655447670 16383 -1
15434694655447710 1 -1
15434694655448230 9 -1
15434694655451018 16382 -1
15434694655451068 2 -1
15434694655451110 9 -1
15434694655454360 16381 -1
15434694655454410 3 -1
15434694655454440 9 -1
15434694655457080 16380 -1
15434694655457630 4 -1
15434694655457662 9 -1
15434694655460400 16383 -1
15434694655460948 1 -1
15434694655460980 9 -1
15434694655463690 16382 -1
15434694655463710 2 -1
15434694655463760 9 -1
15434694655466390 16381 -1
15434694655466910 3 -1
15434694655466940 9 -1
15434694655469648 16380 -1
15434694655469680 4 -1
15434694655470210 9 -1
15434694655472950 16379 -1
15434694655473010 5 -1
15434694655473040 9 -1
15434694655475170 10856 -1
15434694660475890 79 1
15434694660540490 269 -1
15434694660540660 9 -1
15434694660541570 2617 -1
15434694665542460 58 1
15434694665619140 117 -1
15434694665619290 9 -1
15434694665622930 16383 -1
15434694665622990 1 -1
15434694665623030 9 -1
15434694665625680 16382 -1
15434694665625720 2 -1
15434694665626230 9 -1
15434694665628920 16381 -1
15434694665628950 3 -1
15434694665628980 9 -1
15434694665631670 16383 -1
15434694665631722 1 -1
15434694665631750 9 -1
15434694665634962 16382 -1
15434694665635008 2 -1
15434694665635030 9 -1
15434694665637680 16381 -1
15434694665638240 3 -1
15434694665638270 9 -1
15434694665640408 12750 -1
15434694670641220 79 1
15434694670714828 95 -1
15434694670715120 9 -1
15434694670715850 1883 -1
15434694675719800 87 1
15434694675797090 158 -1
15434694675797630 9 -1
15434694675800350 16383 -1
15434694675800900 1 -1
15434694675800940 9 -1
15434694675803680 16383 -1
15434694675803710 1 -1
15434694675804232 9 -1
15434694675804800 2296 -1
15434694680805460 67 1
15434694680893150 178 -1
15434694680893280 9 -1
15434694680896520 14714 -1
15434694685897250 88 1
15434694685995122 153 -1
15434694685995250 9 -1
15434694685998930 16383 -1
15434694685998970 1 -1
15434694685999010 9 -1
15434694686001720 16382 -1
15434694686002280 2 -1
15434694686002310 9 -1
15434694686005550 16381 -1
15434694686005580 3 -1
15434694686005600 9 -1
15434694686006110 38 -1
15434694691006650 88 1
15434694691086300 183 -1
15434694691086882 9 -1
15434694691089460 16383 -1
15434694691089490 1 -1
15434694691089520 9 -1
15434694691092190 16382 -1
15434694691092740 2 -1
15434694691092790 9 -1
15434694691093300 1380 -1
15434694696093940 88 1
15434694696163900 158 -1
15434694696164480 9 -1
15434694696167160 16383 -1
15434694696167200 1 -1
15434694696167210 9 -1
15434694696170490 16382 -1
15434694696170530 2 -1
15434694696170558 9 -1
15434694696171060 1250 -1
15434694701172280 89 1
15434694701250910 182 -1
15434694701251450 9 -1
15434694701254808 16383 -1
15434694701254850 1 -1
15434694701254900 9 -1
15434694701258140 16383 -1
15434694701258190 1 -1
15434694701258220 9 -1
15434694701261460 16382 -1
15434694701261490 2 -1
15434694701261520 9 -1
15434694701264190 16381 -1
15434694701264220 3 -1
15434694701264750 9 -1
15434694701267480 16380 -1
15434694701267530 4 -1
15434694701267550 9 -1
15434694701269110 7549 -1
15434694706270102 78 1
15434694709096300 153 -1
15434694709096820 9 -1
15434694709097960 3863 -1
15434694714099400 59 1
15434694714167430 252 -1
15434694714167520 9 -1
15434694714170660 16383 -1
15434694714170690 1 -1
15434694714171230 9 -1
15434694714173940 16382 -1
15434694714173980 2 -1
15434694714174020 9 -1
15434694714176690 16381 -1
15434694714177238 3 -1
15434694714177270 9 -1
15434694714180018 16383 -1
15434694714180068 1 -1
15434694714180090 9 -1
15434694714183240 16382 -1
15434694714183280 2 -1
15434694714183300 9 -1
15434694714186540 16381 -1
15434694714186570 3 -1
15434694714186590 9 -1
15434694714189240 16380 -1
15434694714189798 4 -1
15434694714189820 9 -1
15434694714192520 16379 -1
15434694714193080 5 -1
15434694714193100 9 -1
15434694714195760 16383 -1
15434694714195800 1 -1
15434694714195810 9 -1
15434694714199030 16382 -1
15434694714199040 2 -1
15434694714199050 9 -1
15434694714202250 16381 -1
15434694714202290 3 -1
15434694714202330 9 -1
15434694714223660 16380 -1
15434694714223660 4 -1
15434694714223660 9 -1
15434694714226370 16379 -1
15434694714226370 5 -1
15434694714226370 9 -1
15434694714229060 16378 -1
15434694714229060 6 -1
15434694714229060 9 -1
15434694714231278 16377 -1
15434694714231278 7 -1
15434694714231278 9 -1
15434694714232358 7164 -1
15434694719233150 59 1
15434694719423038 126 -1
15434694719423210 9 -1
15434694719426200 16383 -1
15434694719426260 1 -1
15434694719426290 9 -1
15434694719429650 16382 -1
15434694719429690 2 -1
15434694719429720 9 -1
15434694719432880 16381 -1
15434694719432900 3 -1
15434694719432920 9 -1
15434694719435598 16383 -1
15434694719436140 1 -1
15434694719436172 9 -1
15434694719442200 16383 -1
15434694719442280 1 -1
15434694719442310 9 -1
15434694719442440 16382 -1
15434694719442460 2 -1
15434694719442480 9 -1
15434694719445390 16381 -1
15434694719445940 3 -1
15434694719445960 9 -1
15434694719448540 16380 -1
15434694719448560 4 -1
15434694719449090 9 -1
15434694719451780 16383 -1
15434694719451808 1 -1
15434694719452350 9 -1
15434694719455120 16382 -1
15434694719455140 2 -1
15434694719455162 9 -1
15434694719458420 16381 -1
15434694719458448 3 -1
15434694719458460 9 -1
15434694719461082 16380 -1
15434694719461570 4 -1
15434694719461588 9 -1
15434694719464272 16383 -1
15434694719464828 1 -1
15434694719464850 9 -1
15434694719478020 5593 -1
15434694724478760 78 1
15434694724542320 171 -1
15434694724542438 9 -1
15434694724543130 2035 -1
15434694729543740 59 1
15434694729618710 127 -1
15434694729618900 9 -1
15434694729621210 16383 -1
15434694729621748 1 -1
15434694729621810 9 -1
15434694729625930 16382 -1
15434694729626492 2 -1
15434694729626570 9 -1
15434694729629770 16383 -1
15434694729629800 1 -1
15434694729630352 9 -1
15434694729633000 16382 -1
15434694729633040 2 -1
15434694729633060 9 -1
15434694729636330 16381 -1
15434694729636390 3 -1
15434694729636410 9 -1
15434694729639040 16380 -1
15434694729639562 4 -1
15434694729639620 9 -1
15434694729642330 15393 -1
15434694734642990 58 1
15434694734737220 141 -1
15434694734737350 9 -1
15434694734740620 16383 -1
15434694734740650 1 -1
15434694734740680 9 -1
15434694734743910 16383 -1
15434694734743940 1 -1
15434694734743970 9 -1
15434694734747190 16382 -1
15434694734747232 2 -1
15434694734747250 9 -1
15434694734750430 16383 -1
15434694734750450 1 -1
15434694734750472 9 -1
15434694734753180 16382 -1
15434694734753790 2 -1
15434694734753808 9 -1
15434694734756520 16381 -1
15434694734756580 3 -1
15434694734757080 9 -1
15434694734759770 16380 -1
15434694734759820 4 -1
15434694734759840 9 -1
15434694734763160 16379 -1
15434694734763178 5 -1
15434694734763730 9 -1
15434694734765912 16383 -1
15434694734766470 1 -1
15434694734766500 9 -1
0 0 0
15434694507375300 148 1
15434694507375300 185 1
15434694507375350 39 -1
15434694507375742 13 -1
15434694507429490 9 -1
15434694507436860 294 -1
15434694507436920 9 -1
15434694507439740 16383 -1
15434694507440260 1 -1
15434694507440290 9 -1
15434694507450800 16383 -1
15434694507450800 1 -1
15434694507450800 9 -1
15434694507492230 16382 -1
15434694507492230 2 -1
15434694507492230 9 -1
15434694507494890 16381 -1
15434694507494890 3 -1
15434694507494890 9 -1
15434694507497038 16383 -1
15434694507497038 1 -1
15434694507497038 9 -1
15434694507499198 16382 -1
15434694507499198 2 -1
15434694507499198 9 -1
15434694507505240 16381 -1
15434694507505240 3 -1
15434694507505240 9 -1
15434694507545012 16383 -1
15434694507545012 1 -1
15434694507545012 9 -1
15434694507547670 16382 -1
15434694507547670 2 -1
15434694507547670 9 -1
15434694507555770 16381 -1
15434694507555770 3 -1
15434694507555770 9 -1
15434694507557930 16380 -1
15434694507557960 4 -1
15434694507558460 9 -1
15434694507560670 16379 -1
15434694507561210 5 -1
15434694507561240 9 -1
15434694507563930 16378 -1
15434694507563960 6 -1
15434694507563970 9 -1
15434694507598290 16377 -1
15434694507598290 7 -1
15434694507598290 9 -1
15434694507604042 16376 -1
15434694507604042 8 -1
15434694507604042 9 -1
15434694507604908 2388 -1
0 0 0
15434694506919870 148 1
15434694506919870 197 1
0 0 0
15434694507276620 148 1
15434694507276620 206 1
15434694507277100 39 -1
15434694507277132 13 -1
15434694507324570 9 -1
15434694507329440 312 -1
15434694507329590 9 -1
15434694507331080 3329 -1
0 0 0
15434694507340742 148 1
15434694507340742 205 1
0 0 0
15434694507244320 148 1
15434694507244320 205 1
15434694507244660 39 -1
15434694507244690 13 -1
15434694507298300 9 -1
15434694507303850 310 -1
15434694507304380 9 -1
15434694507305018 2035 -1
0 0 0
15434694507276508 148 1
15434694507276508 206 1
