### "'32691 74652 248148 9492 10997 9713 10206 12284 124273 16298 271168 177701 31491 191101 158312'"
0 0 0
15434696205941780 39 -1
15434696205942200 13 -1
15434696205958870 148 1
15434696205958870 185 1
15434696206006970 9 -1
15434696206014560 295 -1
15434696206014590 9 -1
15434696206017290 16383 -1
15434696206017290 1 -1
15434696206017340 9 -1
15434696206020550 16383 -1
15434696206020550 1 -1
15434696206020550 9 -1
15434696206063930 16382 -1
15434696206063930 2 -1
15434696206063930 9 -1
15434696206066630 16381 -1
15434696206066630 3 -1
15434696206066630 9 -1
15434696206069310 16380 -1
15434696206069310 4 -1
15434696206069310 9 -1
15434696206071500 16383 -1
15434696206071500 1 -1
15434696206071500 9 -1
15434696206074130 16382 -1
15434696206074130 2 -1
15434696206074130 9 -1
15434696206111090 16381 -1
15434696206111090 3 -1
15434696206111090 9 -1
15434696206113730 16383 -1
15434696206113730 1 -1
15434696206113730 9 -1
15434696206115940 16382 -1
15434696206115940 2 -1
15434696206115940 9 -1
15434696206118050 16381 -1
15434696206118080 3 -1
15434696206118610 9 -1
15434696206135010 16380 -1
15434696206135010 4 -1
15434696206135010 9 -1
15434696206137190 16379 -1
15434696206137190 5 -1
15434696206137190 9 -1
15434696206139800 16378 -1
15434696206139800 6 -1
15434696206139800 9 -1
15434696206142010 16377 -1
15434696206142010 7 -1
15434696206142010 9 -1
15434696206142560 2388 -1
0 0 0
15434696205982922 148 1
15434696205982922 205 1
15434696205983068 39 -1
15434696205983160 13 -1
15434696206031220 9 -1
15434696206036920 311 -1
15434696206037450 9 -1
15434696206037980 2035 -1
0 0 0
15434696205991800 148 1
15434696205991800 206 1
15434696205991840 39 -1
15434696205992310 13 -1
15434696206039820 9 -1
15434696206084300 313 -1
15434696206084850 9 -1
15434696206087602 16383 -1
15434696206087602 1 -1
15434696206087602 9 -1
15434696206090340 16307 -1
0 0 0
15434696213467888 148 1
15434696213467888 206 1
15434696213467988 39 -1
15434696213468010 13 -1
15434696213516008 9 -1
15434696213523280 312 -1
15434696213523850 9 -1
15434696213524390 2617 -1
15434696218525040 77 1
15434696218581330 187 -1
15434696218581418 9 -1
15434696218582202 2617 -1
15434696223582990 78 1
15434696223638560 172 -1
15434696223638680 9 -1
15434696223639660 2617 -1
15434696228640410 78 1
15434696228694748 147 -1
15434696228694840 9 -1
15434696228695560 3151 -1
15434696233696330 78 1
15434696233749918 172 -1
15434696233750010 9 -1
15434696233750990 2795 -1
15434696238751610 63 1
15434696238806080 127 -1
15434696238806160 9 -1
15434696238807900 9492 -1
15434696243808480 63 1
15434696243863922 154 -1
15434696243864050 9 -1
15434696243866070 10997 -1
15434696248866680 63 1
15434696248926060 128 -1
15434696248926200 9 -1
15434696248929580 7838 -1
15434696253930220 63 1
15434696253987430 153 -1
15434696253987560 9 -1
15434696253989300 9713 -1
15434696258989920 62 1
15434696259045880 234 -1
15434696259046000 9 -1
15434696259048140 10206 -1
15434696264048960 63 1
15434696264104878 185 -1
15434696264105030 9 -1
15434696264107620 6045 -1
15434696269108260 9 1
15434696274108300 409 1
15434696274163712 162 -1
15434696274164320 9 -1
15434696274166570 12284 -1
15434696279167200 78 1
15434696279221000 148 -1
15434696279221560 9 -1
15434696279222130 2261 -1
15434696284222810 59 1
15434696284277570 154 -1
15434696284278120 9 -1
15434696284281450 16383 -1
15434696284281450 1 -1
15434696284281450 9 -1
15434696284283610 16382 -1
15434696284283610 2 -1
15434696284284160 9 -1
15434696284327490 16383 -1
15434696284327490 1 -1
15434696284327490 9 -1
15434696284330170 16382 -1
15434696284330170 2 -1
15434696284330170 9 -1
15434696284332940 16381 -1
15434696284332940 3 -1
15434696284332940 9 -1
15434696284335110 16380 -1
15434696284335110 4 -1
15434696284335110 9 -1
15434696284337850 16379 -1
15434696284337850 5 -1
15434696284337850 9 -1
15434696284339170 9585 -1
15434696289340550 77 1
15434696289395320 135 -1
15434696289395840 9 -1
15434696289396980 2795 -1
15434696294397560 78 1
15434696294451940 171 -1
15434696294452060 9 -1
15434696294452990 2617 -1
15434696299454470 77 1
15434696299508590 177 -1
15434696299509140 9 -1
15434696299510810 3685 -1
15434696304511722 89 1
15434696304566000 189 -1
15434696304566130 9 -1
15434696304569400 16298 -1
15434696309570178 58 1
15434696309625772 202 -1
15434696309625900 9 -1
15434696309629290 16383 -1
15434696309629360 1 -1
15434696309629390 9 -1
15434696309632512 16383 -1
15434696309632550 1 -1
15434696309632590 9 -1
15434696309635370 16383 -1
15434696309635420 1 -1
15434696309635920 9 -1
15434696309638690 16383 -1
15434696309638742 1 -1
15434696309638770 9 -1
15434696309642010 16382 -1
15434696309642060 2 -1
15434696309642100 9 -1
15434696309645268 16381 -1
15434696309645300 3 -1
15434696309645842 9 -1
15434696309648690 16380 -1
15434696309648760 4 -1
15434696309648780 9 -1
15434696309676390 16379 -1
15434696309676470 5 -1
15434696309676490 9 -1
15434696309679310 16383 -1
15434696309679360 1 -1
15434696309679370 9 -1
15434696309682650 16382 -1
15434696309682650 2 -1
15434696309682650 9 -1
15434696309685410 16381 -1
15434696309685410 3 -1
15434696309685410 9 -1
15434696309688100 16380 -1
15434696309688100 4 -1
15434696309688100 9 -1
15434696309690868 16379 -1
15434696309690868 5 -1
15434696309690868 9 -1
15434696309692970 16378 -1
15434696309692970 6 -1
15434696309692970 9 -1
15434696309695620 16377 -1
15434696309695620 7 -1
15434696309695620 9 -1
15434696309698300 16376 -1
15434696309698300 8 -1
15434696309698300 9 -1
15434696309699580 9024 -1
15434696314701650 78 1
15434696314756430 204 -1
15434696314756570 9 -1
15434696314757668 2439 -1
15434696319758510 78 1
15434696319813680 148 -1
15434696319813810 9 -1
15434696319815410 3151 -1
15434696324816050 59 1
15434696324872860 156 -1
15434696324873080 9 -1
15434696324876400 16383 -1
15434696324876480 1 -1
15434696324876512 9 -1
15434696324879078 16383 -1
15434696324879120 1 -1
15434696324879640 9 -1
15434696324882420 16382 -1
15434696324882460 2 -1
15434696324882490 9 -1
15434696324885660 16381 -1
15434696324885710 3 -1
15434696324885740 9 -1
15434696324888990 16383 -1
15434696324889040 1 -1
15434696324889070 9 -1
15434696324892312 16382 -1
15434696324892362 2 -1
15434696324892400 9 -1
15434696324895170 16381 -1
15434696324895210 3 -1
15434696324895720 9 -1
15434696324898400 16380 -1
15434696324898450 4 -1
15434696324898478 9 -1
15434696324901720 16379 -1
15434696324901750 5 -1
15434696324901770 9 -1
15434696324905050 16383 -1
15434696324905060 1 -1
15434696324905080 9 -1
15434696324907752 13861 -1
15434696329908500 88 1
15434696329962420 159 -1
15434696329962940 9 -1
15434696329966220 16383 -1
15434696329966260 1 -1
15434696329966290 9 -1
15434696329969050 15107 -1
15434696334969850 78 1
15434696335024330 172 -1
15434696335024878 9 -1
15434696335025510 2261 -1
15434696340026072 78 1
15434696340101610 160 -1
15434696340101970 9 -1
15434696340102780 2973 -1
15434696345104750 59 1
15434696345160260 130 -1
15434696345160540 9 -1
15434696345163420 16383 -1
15434696345163460 1 -1
15434696345163490 9 -1
15434696345166650 16383 -1
15434696345166680 1 -1
15434696345166710 9 -1
15434696345169950 16382 -1
15434696345169970 2 -1
15434696345169980 9 -1
15434696345172680 16381 -1
15434696345173240 3 -1
15434696345173262 9 -1
15434696345175960 16380 -1
15434696345175992 4 -1
15434696345176520 9 -1
15434696345179270 16383 -1
15434696345179320 1 -1
15434696345179370 9 -1
15434696345182560 16382 -1
15434696345182610 2 -1
15434696345182632 9 -1
15434696345185240 16381 -1
15434696345185790 3 -1
15434696345185822 9 -1
15434696345188460 16380 -1
15434696345189020 4 -1
15434696345189040 9 -1
15434696345192320 16379 -1
15434696345192330 5 -1
15434696345192348 9 -1
15434696345195060 16378 -1
15434696345195610 6 -1
15434696345195630 9 -1
15434696345197270 10877 -1
15434696350197970 59 1
15434696350280818 132 -1
15434696350281250 9 -1
15434696350284008 16383 -1
15434696350284540 1 -1
15434696350284750 9 -1
15434696350287420 16383 -1
15434696350287570 1 -1
15434696350287672 9 -1
15434696350290350 16382 -1
15434696350290410 2 -1
15434696350290452 9 -1
15434696350293378 16381 -1
15434696350293910 3 -1
15434696350293990 9 -1
15434696350296820 16380 -1
15434696350296840 4 -1
15434696350297370 9 -1
15434696350300060 16379 -1
15434696350300090 5 -1
15434696350300110 9 -1
15434696350302830 16378 -1
15434696350303360 6 -1
15434696350303390 9 -1
15434696350306670 16383 -1
15434696350306700 1 -1
15434696350306720 9 -1
15434696350309410 16382 -1
15434696350309430 2 -1
15434696350309970 9 -1
15434696350311630 10856 -1
15434696355313240 79 1
15434696355369092 142 -1
15434696355369670 9 -1
15434696355370222 2617 -1
15434696360371080 58 1
15434696360428190 212 -1
15434696360428730 9 -1
15434696360431470 16383 -1
15434696360432040 1 -1
15434696360432090 9 -1
15434696360434812 16382 -1
15434696360434850 2 -1
15434696360434870 9 -1
15434696360438070 16383 -1
15434696360438090 1 -1
15434696360438110 9 -1
15434696360441350 16382 -1
15434696360441380 2 -1
15434696360441402 9 -1
15434696360444650 16381 -1
15434696360444680 3 -1
15434696360445220 9 -1
15434696360447878 16380 -1
15434696360447900 4 -1
15434696360447910 9 -1
15434696360450080 12750 -1
15434696365450800 79 1
15434696365505568 72 -1
15434696365505670 9 -1
15434696365506110 1883 -1
15434696370507420 87 1
15434696370563070 215 -1
15434696370563220 9 -1
15434696370566412 16383 -1
15434696370566462 1 -1
15434696370566980 9 -1
15434696370569720 16383 -1
15434696370569770 1 -1
15434696370569810 9 -1
15434696370570850 2296 -1
15434696375571890 67 1
15434696375625998 155 -1
15434696375626530 9 -1
15434696375629302 14714 -1
15434696380631140 88 1
15434696380685920 177 -1
15434696380686430 9 -1
15434696380689148 16383 -1
15434696380689210 1 -1
15434696380689250 9 -1
15434696380692520 16383 -1
15434696380692560 1 -1
15434696380692598 9 -1
15434696380695860 16382 -1
15434696380695910 2 -1
15434696380695940 9 -1
15434696380696380 38 -1
15434696385696730 88 1
15434696385751040 160 -1
15434696385751570 9 -1
15434696385754280 16383 -1
15434696385754312 1 -1
15434696385754840 9 -1
15434696385757610 16383 -1
15434696385757648 1 -1
15434696385757680 9 -1
15434696385758180 1380 -1
15434696390759100 88 1
15434696390816122 182 -1
15434696390816268 9 -1
0 0 0
15434696205951520 148 1
15434696205951520 197 1
15434696205951930 39 -1
15434696205952490 13 -1
15434696206006898 9 -1
15434696206011800 308 -1
15434696206012330 9 -1
15434696206016290 16383 -1
15434696206016290 1 -1
15434696206016750 9 -1
15434696206021010 16383 -1
15434696206021010 1 -1
15434696206021070 9 -1
15434696206070880 16382 -1
15434696206070880 2 -1
15434696206070880 9 -1
15434696206073720 16381 -1
15434696206073720 3 -1
15434696206073720 9 -1
15434696206075170 9116 -1
0 0 0
15434696206073590 148 1
15434696206073590 205 1
15434696206073640 39 -1
15434696206073680 13 -1
15434696206128030 9 -1
15434696206138220 312 -1
15434696206138260 9 -1
15434696206138762 3151 -1
0 0 0
15434696206716340 148 1
15434696206716340 215 1
0 0 0
15434696205749580 148 1
15434696205749580 206 1
