### "'29032 151813 9322 9292 95782 8841 91147 120332 210665 158571 76791 142131 69483 122423 157445'"
0 0 0
15434708765052770 148 1
15434708765052770 208 1
15434708765052820 39 -1
15434708765053130 13 -1
15434708765106430 9 -1
15434708765110790 312 -1
15434708765111340 9 -1
15434708765111908 2111 -1
0 0 0
15434708764950450 148 1
15434708764950450 200 1
0 0 0
15434708765004950 148 1
15434708765004950 208 1
15434708765005382 39 -1
15434708765005410 13 -1
15434708765059430 9 -1
15434708765064330 312 -1
15434708765064840 9 -1
15434708765068140 16383 -1
15434708765068190 1 -1
15434708765068210 9 -1
15434708765070220 12648 -1
0 0 0
15434708773842470 148 1
15434708773842470 192 1
15434708773842940 39 -1
15434708773842968 13 -1
15434708773896430 9 -1
15434708773901910 293 -1
15434708773901940 9 -1
15434708773905280 9322 -1
15434708778905880 63 1
15434708778965140 128 -1
15434708778965722 9 -1
15434708778968000 7849 -1
15434708783968690 63 1
15434708784028800 152 -1
15434708784029360 9 -1
15434708784032740 9292 -1
15434708789033452 63 1
15434708789092720 124 -1
15434708789093280 9 -1
15434708789094400 5272 -1
15434708794094980 63 1
15434708794154310 152 -1
15434708794154860 9 -1
15434708794157150 7098 -1
15434708799157860 63 1
15434708799217630 124 -1
15434708799217830 9 -1
15434708799220418 5603 -1
15434708804221498 9 1
15434708809221420 81 1
15434708809279510 158 -1
15434708809279612 9 -1
15434708809280410 2439 -1
15434708814281722 78 1
15434708814341120 171 -1
15434708814341320 9 -1
15434708814342210 2617 -1
15434708819344202 78 1
15434708819404220 148 -1
15434708819404400 9 -1
15434708819405342 3151 -1
15434708824406140 78 1
15434708824466440 172 -1
15434708824466660 9 -1
15434708824467558 2973 -1
15434708829468228 78 1
15434708829526802 251 -1
15434708829526940 9 -1
15434708829527928 3151 -1
15434708834528640 88 1
15434708834593410 185 -1
15434708834593610 9 -1
15434708834596150 16383 -1
15434708834596150 1 -1
15434708834596738 9 -1
15434708834598930 16383 -1
15434708834598930 1 -1
15434708834598930 9 -1
15434708834649292 16382 -1
15434708834649292 2 -1
15434708834649292 9 -1
15434708834651620 16381 -1
15434708834651620 3 -1
15434708834651620 9 -1
15434708834653770 16380 -1
15434708834653770 4 -1
15434708834653770 9 -1
15434708834655920 13862 -1
15434708843055920 78 1
15434708843117040 172 -1
15434708843117290 9 -1
15434708843118250 3151 -1
15434708848119140 407 1
15434708848181090 135 -1
15434708848181220 9 -1
15434708848184490 8841 -1
15434708872671772 78 1
15434708872731258 171 -1
15434708872731500 9 -1
15434708872731770 2439 -1
15434708877733450 79 1
15434708877792500 145 -1
15434708877793060 9 -1
15434708877793620 2795 -1
15434708882794350 86 1
15434708882856240 184 -1
15434708882856470 9 -1
15434708882858910 16383 -1
15434708882859458 1 -1
15434708882859508 9 -1
15434708882862260 16383 -1
15434708882862300 1 -1
15434708882862820 9 -1
15434708882865550 16382 -1
15434708882865592 2 -1
15434708882865610 9 -1
15434708882868230 16381 -1
15434708882868782 3 -1
15434708882868810 9 -1
15434708882871500 16383 -1
15434708882871540 1 -1
15434708882871562 9 -1
15434708882873210 9227 -1
15434708887873930 58 1
15434708887934908 130 -1
15434708887935030 9 -1
15434708887937630 16383 -1
15434708887937688 1 -1
15434708887938400 9 -1
15434708887941142 16383 -1
15434708887941188 1 -1
15434708887941210 9 -1
15434708887943900 16382 -1
15434708887943950 2 -1
15434708887943972 9 -1
15434708887946710 16381 -1
15434708887947230 3 -1
15434708887947270 9 -1
15434708887950020 16383 -1
15434708887950070 1 -1
15434708887950140 9 -1
15434708887952740 16382 -1
15434708887953280 2 -1
15434708887953330 9 -1
15434708887955958 16381 -1
15434708887956000 3 -1
15434708887956020 9 -1
15434708887988770 5644 -1
15434708892989850 59 1
15434708893051030 141 -1
15434708893051160 9 -1
15434708893053980 16383 -1
15434708893054500 1 -1
15434708893054540 9 -1
15434708893057770 16383 -1
15434708893057808 1 -1
15434708893057830 9 -1
15434708893060510 16382 -1
15434708893061080 2 -1
15434708893061150 9 -1
15434708893063728 16381 -1
15434708893063778 3 -1
15434708893063800 9 -1
15434708893066470 16380 -1
15434708893067018 4 -1
15434708893067040 9 -1
15434708893069748 16379 -1
15434708893069790 5 -1
15434708893069820 9 -1
15434708893072540 16378 -1
15434708893073102 6 -1
15434708893073120 9 -1
15434708893075830 16377 -1
15434708893075860 7 -1
15434708893076400 9 -1
15434708893078570 16383 -1
15434708893079130 1 -1
15434708893079150 9 -1
15434708893081800 16382 -1
15434708893081840 2 -1
15434708893081852 9 -1
15434708893084530 16381 -1
15434708893085070 3 -1
15434708893085092 9 -1
15434708893087810 16380 -1
15434708893087822 4 -1
15434708893087840 9 -1
15434708893090450 14057 -1
15434708898091020 399 1
15434708898152110 136 -1
15434708898152240 9 -1
15434708898152930 4553 -1
15434708903992742 78 1
15434708904053300 275 -1
15434708904053522 9 -1
15434708904054400 2795 -1
15434708909055300 59 1
15434708914055450 77 1
15434708914115360 172 -1
15434708914115470 9 -1
15434708914116240 2617 -1
15434708919117040 58 1
15434708919177460 131 -1
15434708919177560 9 -1
15434708919181002 16383 -1
15434708919181080 1 -1
15434708919181110 9 -1
15434708919183950 16383 -1
15434708919184510 1 -1
15434708919184560 9 -1
15434708919187180 16382 -1
15434708919187232 2 -1
15434708919187260 9 -1
15434708919189950 16381 -1
15434708919190460 3 -1
15434708919190510 9 -1
15434708919193260 16380 -1
15434708919193298 4 -1
15434708919193320 9 -1
15434708919196560 16379 -1
15434708919196588 5 -1
15434708919196620 9 -1
15434708919199330 16378 -1
15434708919199380 6 -1
15434708919199410 9 -1
15434708919202120 16377 -1
15434708919202630 7 -1
15434708919202672 9 -1
15434708919205400 16383 -1
15434708919205452 1 -1
15434708919205958 9 -1
15434708919207612 11115 -1
15434708924208282 78 1
15434708924269610 173 -1
15434708924269720 9 -1
15434708924270350 3685 -1
15434708929271150 58 1
15434708929330180 132 -1
15434708929330370 9 -1
15434708929334720 16383 -1
15434708929334760 1 -1
15434708929334800 9 -1
15434708929337520 16383 -1
15434708929337740 1 -1
15434708929337780 9 -1
15434708929340810 16382 -1
15434708929340870 2 -1
15434708929340920 9 -1
15434708929343660 16381 -1
15434708929343710 3 -1
15434708929343750 9 -1
15434708929345890 11255 -1
15434708934346760 78 1
15434708934407720 91 -1
15434708934407950 9 -1
15434708934408800 2339 -1
15434708935833080 129 -1
15434708935833200 9 -1
15434708935836288 16383 -1
15434708935836338 1 -1
15434708935836380 9 -1
15434708935839030 16383 -1
15434708935839540 1 -1
15434708935839570 9 -1
15434708935842290 16382 -1
15434708935842350 2 -1
15434708935842370 9 -1
15434708935845088 16381 -1
15434708935845650 3 -1
15434708935845680 9 -1
15434708935848380 16383 -1
15434708935848410 1 -1
15434708935848430 9 -1
15434708935851090 16382 -1
15434708935851120 2 -1
15434708935851640 9 -1
15434708935854420 16383 -1
15434708935854470 1 -1
15434708935854490 9 -1
15434708935857160 16382 -1
15434708935857192 2 -1
15434708935857720 9 -1
15434708935859352 11059 -1
15434708940860290 87 1
15434708940920120 182 -1
15434708940920310 9 -1
15434708940923418 16383 -1
15434708940923500 1 -1
15434708940923570 9 -1
15434708940926148 16383 -1
15434708940926198 1 -1
15434708940926240 9 -1
15434708940928940 16382 -1
15434708940928990 2 -1
15434708940929490 9 -1
15434708940931690 16381 -1
15434708940932230 3 -1
15434708940932250 9 -1
15434708940933320 3947 -1
15434708945933930 59 1
15434708945994390 130 -1
15434708945994940 9 -1
15434708945997140 16383 -1
15434708945997580 1 -1
15434708945997620 9 -1
15434708946000290 16383 -1
15434708946000340 1 -1
15434708946000370 9 -1
15434708946003590 16382 -1
15434708946003620 2 -1
15434708946003640 9 -1
15434708946006290 16381 -1
15434708946006320 3 -1
15434708946006830 9 -1
15434708946009550 16383 -1
15434708946009560 1 -1
15434708946009582 9 -1
15434708946012300 16382 -1
15434708946012330 2 -1
15434708946012818 9 -1
15434708946015520 16381 -1
15434708946015540 3 -1
15434708946015552 9 -1
15434708946017220 7735 -1
15434708962790160 78 1
15434708962857500 171 -1
15434708962857700 9 -1
15434708962858000 2973 -1
15434708967859370 78 1
15434708967921590 253 -1
15434708967921720 9 -1
15434708967922390 2973 -1
15434708972923260 59 1
15434708972983450 151 -1
15434708972983570 9 -1
15434708972985980 16383 -1
15434708972986770 1 -1
15434708972986838 9 -1
15434708972988940 16383 -1
15434708972989500 1 -1
15434708972989550 9 -1
15434708972992280 16382 -1
15434708972992310 2 -1
15434708972992330 9 -1
15434708972995080 16381 -1
15434708972995110 3 -1
15434708972995132 9 -1
15434708972997860 16383 -1
15434708972997920 1 -1
15434708972997950 9 -1
15434708973001202 16382 -1
15434708973001280 2 -1
15434708973001298 9 -1
15434708973003818 16381 -1
15434708973003860 3 -1
15434708973004388 9 -1
15434708973006620 16380 -1
15434708973007180 4 -1
15434708973007210 9 -1
15434708973009902 16379 -1
15434708973009930 5 -1
15434708973009940 9 -1
15434708973011560 9989 -1
15434708978012260 85 1
15434708978072680 160 -1
15434708978072880 9 -1
15434708978076160 16383 -1
15434708978076220 1 -1
15434708978076250 9 -1
15434708978078800 16383 -1
15434708978078840 1 -1
15434708978078850 9 -1
15434708978081500 16382 -1
15434708978081542 2 -1
15434708978082030 9 -1
15434708978082600 4244 -1
15434708983083550 88 1
15434708983144630 183 -1
15434708983144792 9 -1
15434708983147300 16383 -1
15434708983147358 1 -1
15434708983147390 9 -1
15434708983150490 16383 -1
15434708983150530 1 -1
15434708983150548 9 -1
15434708983152680 13179 -1
0 0 0
15434708765261322 148 1
15434708765261322 208 1
0 0 0
15434708765931170 148 1
15434708765931170 218 1
0 0 0
15434708765331350 148 1
15434708765331350 188 1
15434708765331830 39 -1
15434708765331860 13 -1
15434708765385550 9 -1
15434708765390480 295 -1
15434708765391020 9 -1
15434708765393720 16383 -1
15434708765393720 1 -1
15434708765394270 9 -1
15434708765397000 16383 -1
15434708765397000 1 -1
15434708765397000 9 -1
15434708765446930 16382 -1
15434708765446930 2 -1
15434708765446930 9 -1
15434708765449628 16381 -1
15434708765449628 3 -1
15434708765449628 9 -1
15434708765451838 16383 -1
15434708765451838 1 -1
15434708765451838 9 -1
15434708765454510 16382 -1
15434708765454510 2 -1
15434708765454510 9 -1
15434708765457252 16383 -1
15434708765457252 1 -1
15434708765457252 9 -1
15434708765499800 16382 -1
15434708765499800 2 -1
15434708765499800 9 -1
15434708765502450 16383 -1
15434708765502450 1 -1
15434708765502450 9 -1
15434708765503010 4357 -1
