### "'29032 44050 151813 95782 9322 9292 95782 8841 91147 120332 210665 142131 158571 76791 69483'"
0 0 0
15434709471192160 148 1
15434709471192160 208 1
15434709471192570 39 -1
15434709471192592 13 -1
15434709471246430 9 -1
15434709471251800 312 -1
15434709471251832 9 -1
15434709471253170 2111 -1
0 0 0
15434709471133690 148 1
15434709471133690 200 1
15434709471134090 39 -1
15434709471134120 13 -1
15434709471187560 9 -1
15434709471194000 308 -1
15434709471194028 9 -1
15434709471197320 16383 -1
15434709471197320 1 -1
15434709471197320 9 -1
15434709471199620 16382 -1
15434709471199620 2 -1
15434709471199620 9 -1
15434709471248900 11282 -1
0 0 0
15434709470967200 39 -1
15434709470967260 13 -1
15434709471009942 148 1
15434709471009942 208 1
15434709471057990 9 -1
15434709471063740 312 -1
15434709471063800 9 -1
15434709471067318 16383 -1
15434709471067318 1 -1
15434709471067318 9 -1
15434709471068940 12648 -1
15434709476219830 9 1
15434709481219930 91 1
15434709481274810 185 -1
15434709481275330 9 -1
15434709481278050 16383 -1
15434709481278100 1 -1
15434709481278132 9 -1
15434709481281422 16383 -1
15434709481281500 1 -1
15434709481281518 9 -1
15434709481284130 16382 -1
15434709481284190 2 -1
15434709481284210 9 -1
15434709481324552 16383 -1
15434709481324552 1 -1
15434709481324552 9 -1
15434709481326730 16382 -1
15434709481326730 2 -1
15434709481326730 9 -1
15434709481329350 13862 -1
15434709486330120 78 1
15434709486383100 147 -1
15434709486383620 9 -1
15434709486384210 2439 -1
15434709491385060 78 1
15434709491441130 171 -1
15434709491441670 9 -1
15434709491442240 2617 -1
15434709496443018 78 1
15434709496497322 148 -1
15434709496497828 9 -1
15434709496498410 3151 -1
15434709501499180 78 1
15434709501556520 172 -1
15434709501556640 9 -1
15434709501557320 2973 -1
15434709506558980 78 1
15434709506611690 147 -1
15434709506611840 9 -1
15434709506612780 3151 -1
15434709511613550 62 1
15434709511667500 140 -1
15434709511668040 9 -1
15434709511669150 9322 -1
15434709516670840 63 1
15434709516725440 128 -1
15434709516725978 9 -1
15434709516728240 7849 -1
15434709521729370 63 1
15434709521783710 152 -1
15434709521784250 9 -1
15434709521785942 9292 -1
15434709526787130 63 1
15434709526841890 228 -1
15434709526842188 9 -1
15434709526843720 5272 -1
15434709531846810 63 1
15434709531900580 152 -1
15434709531900890 9 -1
15434709531903370 7098 -1
15434709536904010 63 1
15434709536957980 124 -1
15434709536958138 9 -1
15434709536959370 5603 -1
15434709541960090 88 1
15434709542014730 185 -1
15434709542014870 9 -1
15434709542018052 16383 -1
15434709542018110 1 -1
15434709542018140 9 -1
15434709542020450 16383 -1
15434709542020500 1 -1
15434709542020568 9 -1
15434709542023170 16382 -1
15434709542023700 2 -1
15434709542023730 9 -1
15434709542026520 16381 -1
15434709542026550 3 -1
15434709542027050 9 -1
15434709542029190 16380 -1
15434709542029720 4 -1
15434709542029740 9 -1
15434709542031900 13862 -1
15434709551363562 78 1
15434709551416290 172 -1
15434709551416530 9 -1
15434709551417360 3151 -1
15434709556418350 407 1
15434709556474270 135 -1
15434709556474390 9 -1
15434709556475560 8841 -1
15434709580719250 78 1
15434709580773420 167 -1
15434709580773580 9 -1
15434709580774510 2439 -1
15434709585775480 79 1
15434709585829830 132 -1
15434709585829980 9 -1
15434709585830340 2795 -1
15434709590831298 86 1
15434709590886430 184 -1
15434709590887000 9 -1
15434709590889700 16383 -1
15434709590889760 1 -1
15434709590889822 9 -1
15434709590892430 16383 -1
15434709590892480 1 -1
15434709590893000 9 -1
15434709590895792 16382 -1
15434709590895842 2 -1
15434709590895880 9 -1
15434709590898530 16381 -1
15434709590898580 3 -1
15434709590898622 9 -1
15434709590901350 16380 -1
15434709590901890 4 -1
15434709590901920 9 -1
15434709590903550 9227 -1
15434709595904282 58 1
15434709595958100 130 -1
15434709595958682 9 -1
15434709595960880 16383 -1
15434709595961440 1 -1
15434709595961490 9 -1
15434709595964190 16382 -1
15434709595964230 2 -1
15434709595964270 9 -1
15434709595966850 16383 -1
15434709595966900 1 -1
15434709595966920 9 -1
15434709595969660 16382 -1
15434709595970212 2 -1
15434709595970240 9 -1
15434709595972940 16381 -1
15434709595973010 3 -1
15434709595973030 9 -1
15434709595975680 16380 -1
15434709595975730 4 -1
15434709595975750 9 -1
15434709595978400 16379 -1
15434709595978450 5 -1
15434709595978460 9 -1
15434709596005990 5644 -1
15434709601006650 59 1
15434709601061140 244 -1
15434709601061290 9 -1
15434709601064220 16383 -1
15434709601064250 1 -1
15434709601064280 9 -1
15434709601066980 16383 -1
15434709601067532 1 -1
15434709601067582 9 -1
15434709601069730 16382 -1
15434709601070280 2 -1
15434709601070312 9 -1
15434709601072990 16381 -1
15434709601073040 3 -1
15434709601073520 9 -1
15434709601075700 16383 -1
15434709601075720 1 -1
15434709601076260 9 -1
15434709601079040 16382 -1
15434709601079070 2 -1
15434709601079090 9 -1
15434709601081790 16381 -1
15434709601081840 3 -1
15434709601081850 9 -1
15434709601084490 16380 -1
15434709601085020 4 -1
15434709601085050 9 -1
15434709601087740 16383 -1
15434709601087780 1 -1
15434709601087800 9 -1
15434709601090460 16382 -1
15434709601091020 2 -1
15434709601091040 9 -1
15434709601093740 16381 -1
15434709601093770 3 -1
15434709601093790 9 -1
15434709601096520 16380 -1
15434709601096540 4 -1
15434709601096560 9 -1
15434709601099270 14057 -1
15434709606100112 399 1
15434709606153620 136 -1
15434709606154170 9 -1
15434709606154708 4553 -1
15434709612157390 78 1
15434709612259368 170 -1
15434709612259610 9 -1
15434709612260470 2795 -1
15434709617261510 59 1
15434709617330270 129 -1
15434709617330460 9 -1
15434709617332990 16383 -1
15434709617333040 1 -1
15434709617333550 9 -1
15434709617336308 16383 -1
15434709617336360 1 -1
15434709617336400 9 -1
15434709617339020 16382 -1
15434709617339088 2 -1
15434709617339130 9 -1
15434709617341690 16381 -1
15434709617342220 3 -1
15434709617342278 9 -1
15434709617344962 16383 -1
15434709617345020 1 -1
15434709617345058 9 -1
15434709617347692 16382 -1
15434709617347742 2 -1
15434709617348220 9 -1
15434709617351040 16381 -1
15434709617351090 3 -1
15434709617351130 9 -1
15434709617353840 16380 -1
15434709617353890 4 -1
15434709617353920 9 -1
15434709617356082 11059 -1
15434709622356860 77 1
15434709622411750 171 -1
15434709622412350 9 -1
15434709622412500 2617 -1
15434709627413620 58 1
15434709627468628 131 -1
15434709627468740 9 -1
15434709627471560 16383 -1
15434709627471640 1 -1
15434709627471660 9 -1
15434709627474300 16383 -1
15434709627474340 1 -1
15434709627474370 9 -1
15434709627476980 16382 -1
15434709627477018 2 -1
15434709627477050 9 -1
15434709627479710 16381 -1
15434709627480250 3 -1
15434709627480300 9 -1
15434709627483010 16380 -1
15434709627483060 4 -1
15434709627483100 9 -1
15434709627485818 16383 -1
15434709627485840 1 -1
15434709627486320 9 -1
15434709627489020 16382 -1
15434709627489040 2 -1
15434709627489050 9 -1
15434709627491750 16381 -1
15434709627491788 3 -1
15434709627491800 9 -1
15434709627494440 16380 -1
15434709627494970 4 -1
15434709627495000 9 -1
15434709627496640 11115 -1
15434709632497360 78 1
15434709632552760 173 -1
15434709632552870 9 -1
15434709632553490 3685 -1
15434709637554380 58 1
15434709637611548 132 -1
15434709637611670 9 -1
15434709637614860 16383 -1
15434709637614920 1 -1
15434709637614930 9 -1
15434709637617130 16383 -1
15434709637617180 1 -1
15434709637617220 9 -1
15434709637620470 16382 -1
15434709637620580 2 -1
15434709637620600 9 -1
15434709637623160 16381 -1
15434709637623210 3 -1
15434709637623230 9 -1
15434709637625410 11255 -1
15434709642626160 78 1
15434709642683840 91 -1
15434709642683960 9 -1
15434709642684640 2339 -1
15434709647685310 87 1
15434709647740800 158 -1
15434709647741010 9 -1
15434709647744000 16383 -1
15434709647744082 1 -1
15434709647744100 9 -1
15434709647746710 16383 -1
15434709647746748 1 -1
15434709647746780 9 -1
15434709647749450 16382 -1
15434709647749520 2 -1
15434709647749528 9 -1
15434709647752200 16381 -1
15434709647752760 3 -1
15434709647752780 9 -1
15434709647753310 3947 -1
15434709652754230 59 1
15434709652809210 154 -1
15434709652809320 9 -1
15434709652812430 16383 -1
15434709652812490 1 -1
15434709652812520 9 -1
15434709652814680 16383 -1
15434709652815248 1 -1
15434709652815300 9 -1
15434709652817882 16382 -1
15434709652817932 2 -1
15434709652817950 9 -1
15434709652820570 16381 -1
15434709652821118 3 -1
15434709652821150 9 -1
15434709652823810 16380 -1
15434709652823840 4 -1
15434709652823860 9 -1
15434709652826530 16383 -1
15434709652826582 1 -1
15434709652826600 9 -1
15434709652829260 16382 -1
15434709652829822 2 -1
15434709652829850 9 -1
15434709652830902 7735 -1
0 0 0
15434709471244750 39 -1
15434709471245320 13 -1
15434709471282260 148 1
15434709471282260 188 1
15434709471331660 9 -1
15434709471337212 295 -1
15434709471337270 9 -1
15434709471340970 16383 -1
15434709471341560 1 -1
15434709471341600 9 -1
15434709471344890 16383 -1
15434709471344990 1 -1
15434709471386300 9 -1
15434709471389400 16382 -1
15434709471389400 2 -1
15434709471389400 9 -1
15434709471392110 16381 -1
15434709471392110 3 -1
15434709471392110 9 -1
15434709471394790 16380 -1
15434709471394790 4 -1
15434709471394790 9 -1
15434709471397480 16379 -1
15434709471397480 5 -1
15434709471397480 9 -1
15434709471400230 16378 -1
15434709471400230 6 -1
15434709471400230 9 -1
15434709471436120 16377 -1
15434709471436120 7 -1
15434709471436120 9 -1
15434709471438810 16383 -1
15434709471438810 1 -1
15434709471438810 9 -1
15434709471439372 4357 -1
0 0 0
15434709471169642 148 1
15434709471169642 208 1
