### "'16298 22892 16298 8129 12843 80331 8851 148206 16298 130019 62271 70032 72071 146844 121818 146305 204489 16298 124842 101289 12983 48770 133592 186668 47389 24925 102961'"
0 0 0
15439255645414280 148 1
15439255645414280 200 1
0 0 0
15439255645165530 39 -1
15439255645165560 13 -1
15439255645199570 148 1
15439255645199570 198 1
15439255645247828 9 -1
15439255645254220 305 -1
15439255645254280 9 -1
15439255645257730 16298 -1
0 0 0
15439255645463250 39 -1
15439255645463810 13 -1
15439255645506170 148 1
15439255645506170 198 1
15439255645566800 9 -1
15439255645572792 304 -1
15439255645573320 9 -1
15439255645574440 7190 -1
0 0 0
15439255645427548 148 1
15439255645427548 181 1
0 0 0
15439255645039920 148 1
15439255645039920 192 1
0 0 0
15439255653752580 148 1
15439255653752580 200 1
15439255653752660 39 -1
15439255653752710 13 -1
15439255653802090 9 -1
15439255653806720 310 -1
15439255653806770 9 -1
15439255653808120 2439 -1
15439255657825490 89 1
15439255657879160 142 -1
15439255657879300 9 -1
15439255657879680 1551 -1
15439255661890882 80 1
15439255661948070 143 -1
15439255661948220 9 -1
15439255661951950 16298 -1
15439255665964028 77 1
15439255666017290 148 -1
15439255666017420 9 -1
15439255666018360 2973 -1
15439255670030460 78 1
15439255670121788 170 -1
15439255670121952 9 -1
15439255670122800 2973 -1
15439255674130640 9 1
15439255674130640 65 1
15439255674185938 129 -1
15439255674186080 9 -1
15439255674188170 5464 -1
15439255678199680 63 1
15439255678255860 127 -1
15439255678256012 9 -1
15439255678259210 8129 -1
15439255682280870 63 1
15439255682336540 152 -1
15439255682336690 9 -1
15439255682339290 6432 -1
15439255686348960 62 1
15439255690350580 63 1
15439255694349510 62 1
15439255694404458 152 -1
15439255694405040 9 -1
15439255694407250 6641 -1
15439255698415050 58 1
15439255726295472 149 -1
15439255726295650 9 -1
15439255726297628 12843 -1
15439255748316700 245 -1
15439255748316842 9 -1
15439255748319950 16383 -1
15439255748319950 1 -1
15439255748319950 9 -1
15439255748321580 16382 -1
15439255748321580 2 -1
15439255748321620 9 -1
15439255748366190 16383 -1
15439255748366190 1 -1
15439255748366190 9 -1
15439255748368940 16382 -1
15439255748368940 2 -1
15439255748368940 9 -1
15439255748370540 14795 -1
15439255860413580 152 -1
15439255860413750 9 -1
15439255860415760 8851 -1
15439255864445382 78 1
15439255864504690 147 -1
15439255864505178 9 -1
15439255864505752 3151 -1
15439255868540400 58 1
15439255868604470 132 -1
15439255868605010 9 -1
15439255868607240 16383 -1
15439255868607280 1 -1
15439255868607308 9 -1
15439255868610540 16383 -1
15439255868610540 1 -1
15439255868610540 9 -1
15439255868612690 16382 -1
15439255868612730 2 -1
15439255868612760 9 -1
15439255868615350 16383 -1
15439255868615350 1 -1
15439255868615400 9 -1
15439255868618920 16382 -1
15439255868618920 2 -1
15439255868618960 9 -1
15439255868621680 16383 -1
15439255868621718 1 -1
15439255868622190 9 -1
15439255868652812 16382 -1
15439255868652812 2 -1
15439255868652812 9 -1
15439255868654950 16381 -1
15439255868654980 3 -1
15439255868655470 9 -1
15439255868657710 16380 -1
15439255868657710 4 -1
15439255868657710 9 -1
15439255868657710 750 -1
15439255872763760 76 1
15439255872819160 165 -1
15439255872819322 9 -1
15439255872821920 16298 -1
15439255876837260 79 1
15439255876893808 147 -1
15439255876894340 9 -1
15439255876895470 2795 -1
15439255880921140 58 1
15439255880976820 153 -1
15439255880977330 9 -1
15439255880979510 16383 -1
15439255880980000 1 -1
15439255880980050 9 -1
15439255880982190 16382 -1
15439255880982708 2 -1
15439255880982758 9 -1
15439255880985520 16383 -1
15439255880985600 1 -1
15439255880985630 9 -1
15439255880988222 16382 -1
15439255880988280 2 -1
15439255880988310 9 -1
15439255880990910 16381 -1
15439255880990960 3 -1
15439255880991002 9 -1
15439255880993600 16380 -1
15439255880993640 4 -1
15439255880993660 9 -1
15439255880996340 16379 -1
15439255880996370 5 -1
15439255880996880 9 -1
15439255880999070 15331 -1
15439255885209590 58 1
15439255885264320 130 -1
15439255885264872 9 -1
15439255885267560 16383 -1
15439255885267610 1 -1
15439255885267652 9 -1
15439255885270260 16383 -1
15439255885270318 1 -1
15439255885270380 9 -1
15439255885272960 16382 -1
15439255885273500 2 -1
15439255885273540 9 -1
15439255885275660 13119 -1
15439255889343900 58 1
15439255889399490 108 -1
15439255889400000 9 -1
15439255889402170 16383 -1
15439255889402720 1 -1
15439255889402760 9 -1
15439255889405480 16383 -1
15439255889405520 1 -1
15439255889405560 9 -1
15439255889408230 16382 -1
15439255889408250 2 -1
15439255889408770 9 -1
15439255889410902 16381 -1
15439255889411450 3 -1
15439255889411480 9 -1
15439255889411990 4496 -1
15439255893503940 59 1
15439255893559490 148 -1
15439255893559630 9 -1
15439255893562160 16383 -1
15439255893562700 1 -1
15439255893562750 9 -1
15439255893565480 16383 -1
15439255893565510 1 -1
15439255893565540 9 -1
15439255893568140 16382 -1
15439255893568160 2 -1
15439255893568180 9 -1
15439255893570930 16381 -1
15439255893571480 3 -1
15439255893571488 9 -1
15439255893572580 6535 -1
15439255897622640 58 1
15439255897687060 231 -1
15439255897687312 9 -1
15439255897689640 15873 -1
15439255897689670 511 -1
15439255897690200 9 -1
15439255897692360 15872 -1
15439255897692400 512 -1
15439255897692440 9 -1
15439255897695060 15871 -1
15439255897695078 513 -1
15439255897695100 9 -1
15439255897697720 15870 -1
15439255897697740 514 -1
15439255897697762 9 -1
15439255897699890 15869 -1
15439255897700460 515 -1
15439255897700480 9 -1
15439255897703130 15868 -1
15439255897703158 516 -1
15439255897703180 9 -1
15439255897705260 15867 -1
15439255897705280 517 -1
15439255897705310 9 -1
15439255897707920 15866 -1
15439255897707952 518 -1
15439255897708458 9 -1
15439255897710650 15772 -1
15439255901927190 58 1
15439255901980060 154 -1
15439255901980200 9 -1
15439255901982750 16383 -1
15439255901983280 1 -1
15439255901983330 9 -1
15439255901986060 16383 -1
15439255901986120 1 -1
15439255901986160 9 -1
15439255901988740 16382 -1
15439255901988770 2 -1
15439255901988790 9 -1
15439255901991420 16381 -1
15439255901991460 3 -1
15439255901991480 9 -1
15439255901994180 16380 -1
15439255901994200 4 -1
15439255901994730 9 -1
15439255901997408 16379 -1
15439255901997430 5 -1
15439255901997450 9 -1
15439255902000060 16383 -1
15439255902000080 1 -1
15439255902000092 9 -1
15439255902001710 7130 -1
15439255906166870 58 1
15439255906221722 132 -1
15439255906222220 9 -1
15439255906224890 16383 -1
15439255906224940 1 -1
15439255906224980 9 -1
15439255906227620 16382 -1
15439255906227650 2 -1
15439255906227680 9 -1
15439255906230290 16383 -1
15439255906230320 1 -1
15439255906230840 9 -1
15439255906233000 16382 -1
15439255906233562 2 -1
15439255906233570 9 -1
15439255906235722 16381 -1
15439255906236270 3 -1
15439255906236300 9 -1
15439255906238490 16380 -1
15439255906239030 4 -1
15439255906239040 9 -1
15439255906241760 16379 -1
15439255906241780 5 -1
15439255906241800 9 -1
15439255906244472 16378 -1
15439255906244490 6 -1
15439255906244500 9 -1
15439255906247210 15233 -1
15439255910569220 58 1
15439255910625060 155 -1
15439255910625620 9 -1
15439255910628322 16383 -1
15439255910628350 1 -1
15439255910628380 9 -1
15439255910631080 16383 -1
15439255910631130 1 -1
15439255910631170 9 -1
15439255910633780 16382 -1
15439255910633800 2 -1
15439255910634370 9 -1
15439255910637080 16381 -1
15439255910637110 3 -1
15439255910637130 9 -1
15439255910640820 16380 -1
15439255910640840 4 -1
15439255910640870 9 -1
15439255910643580 16379 -1
15439255910644090 5 -1
15439255910644110 9 -1
15439255910646250 16378 -1
15439255910646790 6 -1
15439255910646800 9 -1
15439255910649468 16377 -1
15439255910649500 7 -1
15439255910649518 9 -1
15439255910652160 16383 -1
15439255910652180 1 -1
15439255910652720 9 -1
15439255910655450 16382 -1
15439255910655470 2 -1
15439255910655488 9 -1
15439255910658160 16381 -1
15439255910658180 3 -1
15439255910658190 9 -1
15439255910660880 16380 -1
15439255910660902 4 -1
15439255910661450 9 -1
15439255910662590 7881 -1
15439255914946858 75 1
15439255915003682 127 -1
15439255915004210 9 -1
15439255915006950 16298 -1
15439255919029300 58 1
15439255919085130 132 -1
15439255919085660 9 -1
15439255919088390 16383 -1
15439255919088430 1 -1
15439255919088470 9 -1
15439255919091180 16382 -1
15439255919091220 2 -1
15439255919091260 9 -1
15439255919093922 16381 -1
15439255919094480 3 -1
15439255919094510 9 -1
15439255919096690 16383 -1
15439255919097240 1 -1
15439255919097260 9 -1
15439255919099870 16382 -1
15439255919099892 2 -1
15439255919099900 9 -1
15439255919102640 16381 -1
15439255919102660 3 -1
15439255919103190 9 -1
15439255919105880 16380 -1
15439255919105900 4 -1
15439255919105920 9 -1
15439255919107480 10154 -1
15439255923263510 58 1
15439255923320200 152 -1
15439255923320740 9 -1
15439255923323520 16383 -1
15439255923323570 1 -1
15439255923323600 9 -1
15439255923326780 16382 -1
15439255923326850 2 -1
15439255923326900 9 -1
15439255923329470 16381 -1
15439255923329490 3 -1
15439255923329520 9 -1
15439255923332232 16380 -1
15439255923332780 4 -1
15439255923332800 9 -1
15439255923334980 16383 -1
15439255923335518 1 -1
15439255923335540 9 -1
15439255923338252 16382 -1
15439255923338270 2 -1
15439255923338290 9 -1
15439255923339360 2985 -1
15439255927424500 58 1
15439255927486392 117 -1
15439255927486940 9 -1
15439255927489130 12983 -1
15439255931505320 89 1
15439255931560790 165 -1
15439255931561300 9 -1
15439255931561360 1551 -1
15439255935575660 58 1
15439255935631310 131 -1
15439255935631850 9 -1
15439255935634552 16383 -1
15439255935634590 1 -1
15439255935634620 9 -1
15439255935637250 16382 -1
15439255935637310 2 -1
15439255935637340 9 -1
15439255935639940 16002 -1
15439255939696332 58 1
15439255939752850 126 -1
15439255939753348 9 -1
15439255939755520 16383 -1
15439255939756060 1 -1
15439255939756090 9 -1
15439255939758780 16383 -1
15439255939758830 1 -1
15439255939758890 9 -1
15439255939761560 16382 -1
15439255939762030 2 -1
15439255939762060 9 -1
15439255939764220 16381 -1
15439255939764760 3 -1
15439255939764780 9 -1
15439255939767460 16380 -1
15439255939767480 4 -1
15439255939767490 9 -1
15439255939770200 16383 -1
15439255939770750 1 -1
15439255939770780 9 -1
15439255939773418 16382 -1
15439255939773440 2 -1
15439255939773460 9 -1
15439255939776140 16381 -1
15439255939776170 3 -1
15439255939776690 9 -1
15439255939777260 2520 -1
15439255943929320 58 1
15439255943984580 260 -1
15439255943985130 9 -1
15439255943987820 15873 -1
15439255943987860 511 -1
15439255943987898 9 -1
15439255943990560 16383 -1
15439255943990600 1 -1
15439255943990620 9 -1
15439255943993198 16382 -1
15439255943993230 2 -1
15439255943993772 9 -1
15439255943995910 16383 -1
15439255943996470 1 -1
15439255943996500 9 -1
15439255943999160 16382 -1
15439255943999180 2 -1
15439255943999200 9 -1
15439255944001870 16381 -1
15439255944001890 3 -1
15439255944002408 9 -1
15439255944004560 16380 -1
15439255944004590 4 -1
15439255944005120 9 -1
15439255944007810 16379 -1
15439255944007830 5 -1
15439255944007850 9 -1
15439255944010470 16378 -1
15439255944010488 6 -1
15439255944010510 9 -1
15439255944013168 16377 -1
15439255944013200 7 -1
15439255944013742 9 -1
15439255944015890 16376 -1
15439255944016430 8 -1
15439255944016440 9 -1
15439255944017570 6444 -1
15439255948390390 58 1
15439255948446432 130 -1
15439255948446578 9 -1
15439255948449660 16383 -1
15439255948449690 1 -1
15439255948449718 9 -1
15439255948452460 16383 -1
15439255948452520 1 -1
15439255948452548 9 -1
15439255948455210 14621 -1
0 0 0
15439255645506320 39 -1
15439255645506370 13 -1
15439255645567820 148 1
15439255645567820 198 1
15439255645623990 9 -1
15439255645628560 306 -1
15439255645628720 9 -1
15439255645631822 16383 -1
15439255645631822 1 -1
15439255645631822 9 -1
15439255645632350 6508 -1
0 0 0
15439255646147348 148 1
15439255646147348 180 1
