### "'72783 16298 16298 8129 8851 12843 80331 148206 16298 130019 62271 70032 72071 146844 121818 146305 204489 16298 124842 101289 12983 48770 133592 186668 47389 24925 13616'"
0 0 0
15439259330973330 148 1
15439259330973330 198 1
0 0 0
15439259332075130 148 1
15439259332075130 180 1
0 0 0
15439259331365650 148 1
15439259331365650 198 1
15439259331365730 39 -1
15439259331365768 13 -1
15439259331422310 9 -1
15439259331430048 305 -1
15439259331430140 9 -1
15439259331432850 16298 -1
0 0 0
15439259331286140 148 1
15439259331286140 192 1
15439259331286530 39 -1
15439259331287090 13 -1
15439259331344060 9 -1
15439259331347302 307 -1
15439259331347390 9 -1
15439259331349980 16383 -1
15439259331349980 1 -1
15439259331350530 9 -1
15439259331353210 16383 -1
15439259331353210 1 -1
15439259331353210 9 -1
15439259331403380 16382 -1
15439259331403380 2 -1
15439259331403380 9 -1
15439259331406110 16381 -1
15439259331406110 3 -1
15439259331406110 9 -1
15439259331407280 7247 -1
0 0 0
15439259330915050 148 1
15439259330915050 200 1
0 0 0
15439259331107840 148 1
15439259331107840 181 1
0 0 0
15439259343100590 148 1
15439259343100590 200 1
15439259343100650 39 -1
15439259343100678 13 -1
15439259343148430 9 -1
15439259343153310 310 -1
15439259343153360 9 -1
15439259343154572 2439 -1
15439259347176500 89 1
15439259347230890 142 -1
15439259347231000 9 -1
15439259347231450 1551 -1
15439259351251130 80 1
15439259351305658 143 -1
15439259351305860 9 -1
15439259351308910 16298 -1
15439259355334430 77 1
15439259355387320 148 -1
15439259355387850 9 -1
15439259355388430 2973 -1
15439259359402230 78 1
15439259359454430 147 -1
15439259359454970 9 -1
15439259359455550 2973 -1
15439259363476490 9 1
15439259363476490 65 1
15439259363530120 152 -1
15439259363530330 9 -1
15439259363532300 5464 -1
15439259367546170 63 1
15439259367600410 127 -1
15439259367600580 9 -1
15439259367603670 8129 -1
15439259371624890 63 1
15439259371678988 152 -1
15439259371679202 9 -1
15439259371680620 6432 -1
15439259375690100 62 1
15439259375744072 129 -1
15439259375744310 9 -1
15439259375746880 8851 -1
15439259379766970 63 1
15439259379822840 126 -1
15439259379823030 9 -1
15439259379825540 12843 -1
15439259383846750 62 1
15439259383900148 256 -1
15439259383900380 9 -1
15439259383901770 6641 -1
15439259387912840 58 1
15439259387966830 118 -1
15439259387966970 9 -1
15439259387970040 16383 -1
15439259387970040 1 -1
15439259387970090 9 -1
15439259387972200 16383 -1
15439259387972200 1 -1
15439259387972200 9 -1
15439259388016520 16382 -1
15439259388016520 2 -1
15439259388016520 9 -1
15439259388018610 16381 -1
15439259388018610 3 -1
15439259388018610 9 -1
15439259388020790 14795 -1
15439259414975800 78 1
15439259415030962 170 -1
15439259415031190 9 -1
15439259415032060 3151 -1
15439259419040192 58 1
15439259419095450 132 -1
15439259419095590 9 -1
15439259419098120 16383 -1
15439259419098680 1 -1
15439259419098730 9 -1
15439259419100840 16383 -1
15439259419101340 1 -1
15439259419101378 9 -1
15439259419104040 16382 -1
15439259419104070 2 -1
15439259419104090 9 -1
15439259419106760 16381 -1
15439259419107310 3 -1
15439259419107330 9 -1
15439259419109982 16380 -1
15439259419110000 4 -1
15439259419110020 9 -1
15439259419112680 16379 -1
15439259419112700 5 -1
15439259419113210 9 -1
15439259419148008 16383 -1
15439259419148008 1 -1
15439259419148008 9 -1
15439259419152182 16382 -1
15439259419152200 2 -1
15439259419152730 9 -1
15439259419155450 16381 -1
15439259419155992 3 -1
15439259419156020 9 -1
15439259419156548 750 -1
15439259423265550 76 1
15439259423320438 165 -1
15439259423320660 9 -1
15439259423323670 16298 -1
15439259427333650 79 1
15439259427387130 147 -1
15439259427387330 9 -1
15439259427388210 2795 -1
15439259431394420 58 1
15439259431451312 153 -1
15439259431451458 9 -1
15439259431454060 16383 -1
15439259431454100 1 -1
15439259431454142 9 -1
15439259431456850 16382 -1
15439259431457410 2 -1
15439259431457450 9 -1
15439259431459570 16381 -1
15439259431460130 3 -1
15439259431460158 9 -1
15439259431462850 16380 -1
15439259431462870 4 -1
15439259431462900 9 -1
15439259431465530 16379 -1
15439259431465550 5 -1
15439259431465570 9 -1
15439259431468270 16378 -1
15439259431468812 6 -1
15439259431468830 9 -1
15439259431471530 16377 -1
15439259431471570 7 -1
15439259431471590 9 -1
15439259431473640 15331 -1
15439259435617090 58 1
15439259435673550 130 -1
15439259435673740 9 -1
15439259435676270 16383 -1
15439259435676790 1 -1
15439259435676830 9 -1
15439259435679540 16382 -1
15439259435679582 2 -1
15439259435679610 9 -1
15439259435682260 16381 -1
15439259435682290 3 -1
15439259435682300 9 -1
15439259435684440 13119 -1
15439259439775250 58 1
15439259439829550 108 -1
15439259439829690 9 -1
15439259439832190 16383 -1
15439259439832740 1 -1
15439259439832770 9 -1
15439259439835480 16383 -1
15439259439835530 1 -1
15439259439835560 9 -1
15439259439838240 16382 -1
15439259439838260 2 -1
15439259439838280 9 -1
15439259439840970 16381 -1
15439259439841002 3 -1
15439259439841020 9 -1
15439259439842082 4496 -1
15439259443910730 59 1
15439259443966160 148 -1
15439259443966360 9 -1
15439259443968930 16383 -1
15439259443969480 1 -1
15439259443969532 9 -1
15439259443971670 16382 -1
15439259443972210 2 -1
15439259443972270 9 -1
15439259443974890 16383 -1
15439259443974920 1 -1
15439259443974940 9 -1
15439259443977580 16382 -1
15439259443977612 2 -1
15439259443977630 9 -1
15439259443978720 6535 -1
15439259448166180 58 1
15439259448222080 198 -1
15439259448222620 9 -1
15439259448225370 16383 -1
15439259448225910 1 -1
15439259448225948 9 -1
15439259448228590 16383 -1
15439259448228620 1 -1
15439259448228650 9 -1
15439259448231320 16382 -1
15439259448231348 2 -1
15439259448231880 9 -1
15439259448234610 16381 -1
15439259448234630 3 -1
15439259448234652 9 -1
15439259448237350 16380 -1
15439259448237900 4 -1
15439259448237920 9 -1
15439259448240040 16383 -1
15439259448240590 1 -1
15439259448240600 9 -1
15439259448243260 16382 -1
15439259448243280 2 -1
15439259448243288 9 -1
15439259448245980 16381 -1
15439259448246000 3 -1
15439259448246490 9 -1
15439259448249310 15772 -1
15439259452500830 58 1
15439259452555150 187 -1
15439259452555348 9 -1
15439259452557930 16383 -1
15439259452560930 1 -1
15439259452561020 9 -1
15439259452561130 16383 -1
15439259452561180 1 -1
15439259452561850 9 -1
15439259452564020 16382 -1
15439259452564590 2 -1
15439259452564630 9 -1
15439259452567280 16381 -1
15439259452567310 3 -1
15439259452567330 9 -1
15439259452569950 16380 -1
15439259452570490 4 -1
15439259452570520 9 -1
15439259452573162 16383 -1
15439259452573220 1 -1
15439259452573690 9 -1
15439259452576410 16382 -1
15439259452576440 2 -1
15439259452576460 9 -1
15439259452577600 7130 -1
15439259456694130 58 1
15439259456748200 132 -1
15439259456748720 9 -1
15439259456750850 16383 -1
15439259456751370 1 -1
15439259456751410 9 -1
15439259456754128 16383 -1
15439259456754180 1 -1
15439259456754220 9 -1
15439259456756900 16382 -1
15439259456757420 2 -1
15439259456757460 9 -1
15439259456760160 16381 -1
15439259456760190 3 -1
15439259456760718 9 -1
15439259456762960 16383 -1
15439259456763502 1 -1
15439259456763510 9 -1
15439259456766180 16382 -1
15439259456766200 2 -1
15439259456766220 9 -1
15439259456768910 16381 -1
15439259456768940 3 -1
15439259456769460 9 -1
15439259456772130 16383 -1
15439259456772150 1 -1
15439259456772160 9 -1
15439259456774850 15233 -1
15439259460950140 58 1
15439259461010800 155 -1
15439259461011332 9 -1
15439259461014040 16383 -1
15439259461014090 1 -1
15439259461014130 9 -1
15439259461016860 16382 -1
15439259461016900 2 -1
15439259461016920 9 -1
15439259461020120 16381 -1
15439259461020150 3 -1
15439259461020170 9 -1
15439259461022850 16380 -1
15439259461022870 4 -1
15439259461022890 9 -1
15439259461026152 16379 -1
15439259461026180 5 -1
15439259461026198 9 -1
15439259461028940 16378 -1
15439259461028978 6 -1
15439259461029020 9 -1
15439259461031620 16377 -1
15439259461031650 7 -1
15439259461032180 9 -1
15439259461034370 16376 -1
15439259461034920 8 -1
15439259461034940 9 -1
15439259461037640 16375 -1
15439259461037700 9 -1
15439259461038170 9 -1
15439259461040340 16374 -1
15439259461040900 10 -1
15439259461040930 9 -1
15439259461043660 16373 -1
15439259461043690 11 -1
15439259461043720 9 -1
15439259461046370 16372 -1
15439259461046400 12 -1
15439259461046920 9 -1
15439259461048050 7881 -1
15439259465276380 75 1
15439259465332350 127 -1
15439259465332580 9 -1
15439259465335050 16298 -1
15439259469382740 58 1
15439259469436740 132 -1
15439259469436900 9 -1
15439259469439970 16383 -1
15439259469440020 1 -1
15439259469440060 9 -1
15439259469442720 16383 -1
15439259469443272 1 -1
15439259469443330 9 -1
15439259469446010 16382 -1
15439259469446080 2 -1
15439259469446120 9 -1
15439259469448740 16381 -1
15439259469448760 3 -1
15439259469449280 9 -1
15439259469451460 16383 -1
15439259469452010 1 -1
15439259469452040 9 -1
15439259469454760 16383 -1
15439259469454790 1 -1
15439259469454810 9 -1
15439259469457590 16382 -1
15439259469458130 2 -1
15439259469458160 9 -1
15439259469459830 10154 -1
15439259473569470 58 1
15439259473629910 152 -1
15439259473630140 9 -1
15439259473632560 15873 -1
15439259473633100 511 -1
15439259473633152 9 -1
15439259473635370 15872 -1
15439259473635440 512 -1
15439259473635900 9 -1
15439259473638180 15871 -1
15439259473638210 513 -1
15439259473638690 9 -1
15439259473640840 15870 -1
15439259473640880 514 -1
15439259473641400 9 -1
15439259473643550 15869 -1
15439259473643590 515 -1
15439259473644070 9 -1
15439259473646268 15868 -1
15439259473646300 516 -1
15439259473646820 9 -1
15439259473646870 2985 -1
15439259477766170 58 1
15439259477820130 117 -1
15439259477820352 9 -1
15439259477822280 12983 -1
15439259481854032 89 1
15439259481909450 165 -1
15439259481909980 9 -1
15439259481910030 1551 -1
15439259485930190 58 1
15439259485983428 131 -1
15439259485983980 9 -1
15439259485986180 16383 -1
15439259485986700 1 -1
15439259485986740 9 -1
15439259485989398 16383 -1
15439259485989450 1 -1
15439259485989500 9 -1
15439259485992190 16002 -1
15439259490125620 58 1
15439259490187200 149 -1
15439259490187760 9 -1
15439259490190530 16383 -1
15439259490190570 1 -1
15439259490190610 9 -1
15439259490193250 16382 -1
15439259490193800 2 -1
15439259490193850 9 -1
15439259490196540 16383 -1
15439259490197060 1 -1
15439259490197080 9 -1
15439259490199270 16382 -1
15439259490199820 2 -1
15439259490199840 9 -1
15439259490202520 16381 -1
15439259490202550 3 -1
15439259490202570 9 -1
15439259490205770 16380 -1
15439259490205790 4 -1
15439259490205800 9 -1
15439259490208490 16379 -1
15439259490208520 5 -1
15439259490208540 9 -1
15439259490211170 16383 -1
15439259490211710 1 -1
15439259490211730 9 -1
15439259490212280 2520 -1
15439259494362422 58 1
15439259494417870 204 -1
15439259494418400 9 -1
15439259494420620 16383 -1
15439259494421142 1 -1
15439259494421188 9 -1
15439259494423850 16383 -1
15439259494423900 1 -1
15439259494424410 9 -1
15439259494427100 16382 -1
15439259494427120 2 -1
15439259494427140 9 -1
15439259494429800 16383 -1
15439259494430348 1 -1
15439259494430370 9 -1
15439259494433010 16383 -1
15439259494433040 1 -1
15439259494433060 9 -1
15439259494435720 16382 -1
15439259494435790 2 -1
15439259494436240 9 -1
15439259494438940 16383 -1
15439259494439002 1 -1
15439259494439020 9 -1
15439259494441680 16382 -1
15439259494441700 2 -1
15439259494442220 9 -1
15439259494444940 16383 -1
15439259494444960 1 -1
15439259494444980 9 -1
15439259494448180 16383 -1
15439259494448200 1 -1
15439259494448208 9 -1
15439259494450880 16382 -1
15439259494450900 2 -1
15439259494451420 9 -1
15439259494452500 6444 -1
15439259498681020 58 1
15439259498736730 163 -1
15439259498737270 9 -1
15439259498739970 16383 -1
15439259498740020 1 -1
15439259498740050 9 -1
15439259498742690 16382 -1
15439259498743240 2 -1
15439259498743278 9 -1
15439259498745460 14621 -1
15439259502800940 67 1
15439259502858030 180 -1
15439259502858210 9 -1
15439259502861220 16383 -1
15439259502861280 1 -1
15439259502861320 9 -1
15439259502862880 8541 -1
0 0 0
15439259330874040 148 1
15439259330874040 198 1
15439259330874090 39 -1
15439259330874382 13 -1
15439259330932340 9 -1
15439259330935810 304 -1
15439259330935860 9 -1
15439259330938380 7190 -1
