### "'72783 62926 16298 41075 16298 48299 88250 81209 74037 160390 103941 34613 127442 98080 79397 16298 160088 28146 14931 11201 14204 21706 14827'"
0 0 0
15439258157628688 148 1
15439258157628688 180 1
0 0 0
15439258119500238 39 -1
15439258119500380 13 -1
15439258119554440 148 1
15439258119554440 198 1
15439258119603050 9 -1
15439258119608400 304 -1
15439258119608460 9 -1
15439258119611190 7190 -1
0 0 0
15439258120140070 148 1
15439258120140070 180 1
0 0 0
15439258189780632 148 1
15439258189780632 189 1
0 0 0
15439258129076350 148 1
15439258129076350 200 1
0 0 0
15439258119634070 39 -1
15439258119634130 13 -1
15439258119656590 148 1
15439258119656590 198 1
15439258119706030 9 -1
15439258119710660 305 -1
15439258119710760 9 -1
15439258119713900 16298 -1
0 0 0
15439258131060450 148 1
15439258131060450 185 1
0 0 0
15439258130715100 148 1
15439258130715100 184 1
0 0 0
15439258119156960 148 1
15439258119156960 181 1
15439258119157340 39 -1
15439258119157950 13 -1
15439258119212170 9 -1
15439258119244940 294 -1
15439258119245030 9 -1
15439258119247730 16383 -1
15439258119247730 1 -1
15439258119247730 9 -1
15439258119249890 16382 -1
15439258119249890 2 -1
15439258119250440 9 -1
15439258119301460 16383 -1
15439258119301460 1 -1
15439258119301460 9 -1
15439258119303090 13774 -1
0 0 0
15439258210965650 148 1
15439258210965650 189 1
15439258210965720 39 -1
15439258210965760 13 -1
15439258211014270 9 -1
15439258211022130 319 -1
15439258211022260 9 -1
15439258211025210 16383 -1
15439258211025210 1 -1
15439258211025260 9 -1
15439258211027998 16383 -1
15439258211027998 1 -1
15439258211027998 9 -1
15439258211071190 8307 -1
15439258215159390 9 1
15439258220565870 79 1
15439258220620820 165 -1
15439258220621318 9 -1
15439258220623560 16298 -1
15439258224822960 58 1
15439258224877030 131 -1
15439258224877560 9 -1
15439258224880280 16383 -1
15439258224880310 1 -1
15439258224880322 9 -1
15439258224882920 16383 -1
15439258224882950 1 -1
15439258224883440 9 -1
15439258224885590 15531 -1
15439258228989060 78 1
15439258229046960 149 -1
15439258229047092 9 -1
15439258229048532 3507 -1
15439258233110312 78 1
15439258233165450 170 -1
15439258233165600 9 -1
15439258233167040 3151 -1
15439258237191550 58 1
15439258237248430 131 -1
15439258237248920 9 -1
15439258237251648 16383 -1
15439258237251670 1 -1
15439258237251690 9 -1
15439258237254400 16382 -1
15439258237254400 2 -1
15439258237254400 9 -1
15439258237257100 16381 -1
15439258237257610 3 -1
15439258237257630 9 -1
15439258237260270 16380 -1
15439258237260302 4 -1
15439258237260352 9 -1
15439258237263600 16383 -1
15439258237263600 1 -1
15439258237263600 9 -1
15439258237264140 6330 -1
15439258241412410 59 1
15439258241466178 153 -1
15439258241466300 9 -1
15439258241469340 16383 -1
15439258241469930 1 -1
15439258241469970 9 -1
15439258241472672 16383 -1
15439258241472700 1 -1
15439258241473190 9 -1
15439258241475890 16382 -1
15439258241475920 2 -1
15439258241475940 9 -1
15439258241478630 16381 -1
15439258241479170 3 -1
15439258241479198 9 -1
15439258241481890 15673 -1
15439258245609320 58 1
15439258245663800 131 -1
15439258245664370 9 -1
15439258245666520 16383 -1
15439258245666520 1 -1
15439258245666520 9 -1
15439258245669240 16382 -1
15439258245669240 2 -1
15439258245669240 9 -1
15439258245671970 16381 -1
15439258245671970 3 -1
15439258245672030 9 -1
15439258245674750 16383 -1
15439258245674750 1 -1
15439258245674750 9 -1
15439258245675750 8501 -1
15439258249864090 59 1
15439258249920450 131 -1
15439258249920670 9 -1
15439258249923110 16383 -1
15439258249923648 1 -1
15439258249923730 9 -1
15439258249926390 16383 -1
15439258249926432 1 -1
15439258249926460 9 -1
15439258249929600 16382 -1
15439258249929630 2 -1
15439258249929640 9 -1
15439258249932280 16381 -1
15439258249932808 3 -1
15439258249932830 9 -1
15439258249935580 16383 -1
15439258249935638 1 -1
15439258249935670 9 -1
15439258249938510 16382 -1
15439258249938632 2 -1
15439258249938690 9 -1
15439258249941480 16383 -1
15439258249941990 1 -1
15439258249942080 9 -1
15439258249970680 16382 -1
15439258249970750 2 -1
15439258249971220 9 -1
15439258249973928 16381 -1
15439258249973970 3 -1
15439258249974452 9 -1
15439258249977220 12934 -1
15439258254670450 58 1
15439258254725170 154 -1
15439258254725400 9 -1
15439258254728300 16383 -1
15439258254728360 1 -1
15439258254728400 9 -1
15439258254731370 16383 -1
15439258254731520 1 -1
15439258254731700 9 -1
15439258254734480 16382 -1
15439258254734600 2 -1
15439258254734672 9 -1
15439258254737390 16381 -1
15439258254737560 3 -1
15439258254737620 9 -1
15439258254740428 16380 -1
15439258254740900 4 -1
15439258254740990 9 -1
15439258254743310 16379 -1
15439258254743860 5 -1
15439258254743940 9 -1
15439258254745050 5637 -1
15439258259171250 58 1
15439258259246340 221 -1
15439258259246830 9 -1
15439258259249050 16383 -1
15439258259249590 1 -1
15439258259249630 9 -1
15439258259252310 16383 -1
15439258259252360 1 -1
15439258259252400 9 -1
15439258259252860 1845 -1
15439258263421472 58 1
15439258263478190 187 -1
15439258263478420 9 -1
15439258263481380 16383 -1
15439258263481460 1 -1
15439258263481500 9 -1
15439258263483980 16383 -1
15439258263484500 1 -1
15439258263484560 9 -1
15439258263487238 16382 -1
15439258263487280 2 -1
15439258263487800 9 -1
15439258263490570 16383 -1
15439258263490600 1 -1
15439258263490610 9 -1
15439258263493220 16382 -1
15439258263493770 2 -1
15439258263493800 9 -1
15439258263496520 16381 -1
15439258263496550 3 -1
15439258263497060 9 -1
15439258263499780 16380 -1
15439258263499810 4 -1
15439258263499820 9 -1
15439258263501920 12754 -1
15439258267846070 58 1
15439258267906590 129 -1
15439258267906750 9 -1
15439258267909810 16383 -1
15439258267909860 1 -1
15439258267909890 9 -1
15439258267912600 16383 -1
15439258267913150 1 -1
15439258267913188 9 -1
15439258267915918 16382 -1
15439258267915960 2 -1
15439258267915980 9 -1
15439258267918570 16381 -1
15439258267919120 3 -1
15439258267919140 9 -1
15439258267921910 16383 -1
15439258267921930 1 -1
15439258267921960 9 -1
15439258267924660 16160 -1
15439258272109690 59 1
15439258272482210 153 -1
15439258272482520 9 -1
15439258272485420 16383 -1
15439258272485480 1 -1
15439258272485520 9 -1
15439258272488180 16383 -1
15439258272488238 1 -1
15439258272488730 9 -1
15439258272491428 16382 -1
15439258272491470 2 -1
15439258272491490 9 -1
15439258272494370 16381 -1
15439258272494490 3 -1
15439258272494870 9 -1
15439258272497252 13861 -1
15439258276770580 75 1
15439258276834030 150 -1
15439258276834220 9 -1
15439258276847032 16298 -1
15439258280856720 59 1
15439258280976350 154 -1
15439258280976570 9 -1
15439258280979062 16383 -1
15439258280979600 1 -1
15439258280979640 9 -1
15439258280982310 16383 -1
15439258280982348 1 -1
15439258280982380 9 -1
15439258280985538 16382 -1
15439258280985550 2 -1
15439258280985570 9 -1
15439258280988260 16381 -1
15439258280988810 3 -1
15439258280988830 9 -1
15439258280991600 16380 -1
15439258280991630 4 -1
15439258280992140 9 -1
15439258280994840 16383 -1
15439258280994862 1 -1
15439258280994880 9 -1
15439258280997592 16382 -1
15439258280998130 2 -1
15439258280998160 9 -1
15439258281000878 16381 -1
15439258281000900 3 -1
15439258281000920 9 -1
15439258281003590 16380 -1
15439258281004150 4 -1
15439258281004180 9 -1
15439258281006310 12632 -1
15439258285461180 78 1
15439258285515100 147 -1
15439258285515612 9 -1
15439258285516180 2795 -1
15439258289529080 59 1
15439258289584810 131 -1
15439258289585350 9 -1
15439258289588080 16383 -1
15439258289588130 1 -1
15439258289588170 9 -1
15439258289590270 11762 -1
15439258293637070 67 1
15439258293703430 179 -1
15439258293703630 9 -1
15439258293706630 14931 -1
15439258297738490 87 1
15439258297795032 143 -1
15439258297795170 9 -1
15439258297797170 11201 -1
15439258301817790 86 1
15439258301874160 288 -1
15439258301874370 9 -1
15439258301876882 14204 -1
15439258305906920 67 1
15439258305963350 139 -1
15439258305963500 9 -1
15439258305965992 16383 -1
15439258305966530 1 -1
15439258305966570 9 -1
15439258305967660 5322 -1
15439258310010960 67 1
15439258310079150 178 -1
15439258310079278 9 -1
15439258310081740 14827 -1
0 0 0
15439258188414158 148 1
15439258188414158 197 1
0 0 0
15439258119077330 148 1
15439258119077330 192 1
15439258119077712 39 -1
15439258119077740 13 -1
15439258119126790 9 -1
15439258119131960 307 -1
15439258119132040 9 -1
15439258119135000 16383 -1
15439258119135000 1 -1
15439258119135080 9 -1
15439258119137790 16383 -1
15439258119137790 1 -1
15439258119137790 9 -1
15439258119182690 16382 -1
15439258119182690 2 -1
15439258119182690 9 -1
15439258119184890 16383 -1
15439258119184890 1 -1
15439258119184890 9 -1
15439258119186140 7247 -1
0 0 0
15439258119280592 148 1
15439258119280592 198 1
0 0 0
15439258134679820 148 1
15439258134679820 180 1
0 0 0
15439258158704780 148 1
15439258158704780 189 1
0 0 0
15439258133580192 148 1
15439258133580192 200 1
0 0 0
15439258119328610 39 -1
15439258119329010 13 -1
15439258119445440 148 1
15439258119445440 200 1
15439258119496090 9 -1
15439258119502750 341 -1
15439258119502990 9 -1
15439258119503960 3685 -1
0 0 0
15439258157130210 148 1
15439258157130210 201 1
