### "'77558 112960 122598 23207 51390 173740 153026 151128 154665 271545 244659 188455 270181 18587 61495 8482 8772 35395'"
0 0 0
15439277679758040 39 -1
15439277679758630 13 -1
15439277679843800 148 1
15439277679843800 181 1
15439277679894040 9 -1
15439277679898400 295 -1
15439277679898450 9 -1
15439277679901440 16383 -1
15439277679901440 1 -1
15439277679901970 9 -1
15439277679904180 16383 -1
15439277679904180 1 -1
15439277679904180 9 -1
15439277679948220 16382 -1
15439277679948220 2 -1
15439277679948220 9 -1
15439277679950982 16381 -1
15439277679950982 3 -1
15439277679950982 9 -1
15439277679953210 16383 -1
15439277679953210 1 -1
15439277679953210 9 -1
15439277679955400 16382 -1
15439277679955400 2 -1
15439277679955400 9 -1
15439277679957520 16381 -1
15439277679957520 3 -1
15439277679957520 9 -1
15439277679958730 7910 -1
0 0 0
15439277679813900 148 1
15439277679813900 201 1
15439277679814250 39 -1
15439277679814810 13 -1
15439277679869520 9 -1
15439277679878380 312 -1
15439277679878440 9 -1
15439277679880030 3151 -1
0 0 0
15439277680678192 148 1
15439277680678192 201 1
15439277680678250 39 -1
15439277680678270 13 -1
15439277680726820 9 -1
15439277680732600 313 -1
15439277680732660 9 -1
15439277680736150 16383 -1
15439277680736150 1 -1
15439277680736150 9 -1
15439277680737268 6823 -1
15439277684770570 78 1
15439277684827190 148 -1
15439277684827312 9 -1
15439277684828220 2261 -1
15439277688837770 58 1
15439277688891980 130 -1
15439277688892500 9 -1
15439277688894710 16383 -1
15439277688894802 1 -1
15439277688894840 9 -1
15439277688897460 16383 -1
15439277688897520 1 -1
15439277688897540 9 -1
15439277688900148 16382 -1
15439277688900148 2 -1
15439277688900148 9 -1
15439277688900710 2238 -1
15439277692952640 78 1
15439277693006720 94 -1
15439277693006820 9 -1
15439277693008230 1883 -1
15439277697042820 58 1
15439277697103710 126 -1
15439277697103820 9 -1
15439277697106440 16383 -1
15439277697106990 1 -1
15439277697107010 9 -1
15439277697109190 16383 -1
15439277697109230 1 -1
15439277697109730 9 -1
15439277697111868 16382 -1
15439277697111900 2 -1
15439277697112430 9 -1
15439277697114560 16381 -1
15439277697114590 3 -1
15439277697114610 9 -1
15439277697117300 16383 -1
15439277697117320 1 -1
15439277697117332 9 -1
15439277697120030 16383 -1
15439277697120048 1 -1
15439277697120080 9 -1
15439277697153658 16382 -1
15439277697153658 2 -1
15439277697153658 9 -1
15439277697155830 16383 -1
15439277697155830 1 -1
15439277697155850 9 -1
15439277697158050 16383 -1
15439277697158050 1 -1
15439277697158050 9 -1
15439277697160202 16382 -1
15439277697160202 2 -1
15439277697160202 9 -1
15439277697161220 9900 -1
15439277701246840 58 1
15439277701301280 131 -1
15439277701301392 9 -1
15439277701303990 16383 -1
15439277701304040 1 -1
15439277701304520 9 -1
15439277701306720 16383 -1
15439277701307230 1 -1
15439277701307260 9 -1
15439277701309460 16382 -1
15439277701309510 2 -1
15439277701309530 9 -1
15439277701312170 16381 -1
15439277701312190 3 -1
15439277701312210 9 -1
15439277701314918 16383 -1
15439277701314940 1 -1
15439277701314970 9 -1
15439277701317040 16382 -1
15439277701317598 2 -1
15439277701317640 9 -1
15439277701320320 16381 -1
15439277701320350 3 -1
15439277701320360 9 -1
15439277701322538 16380 -1
15439277701322570 4 -1
15439277701322588 9 -1
15439277701325272 16383 -1
15439277701325300 1 -1
15439277701325318 9 -1
15439277701326360 5570 -1
15439277705473990 59 1
15439277705529540 106 -1
15439277705529630 9 -1
15439277705532760 16383 -1
15439277705532790 1 -1
15439277705532810 9 -1
15439277705534990 16382 -1
15439277705535532 2 -1
15439277705535550 9 -1
15439277705537710 16383 -1
15439277705538270 1 -1
15439277705538290 9 -1
15439277705540440 16382 -1
15439277705540460 2 -1
15439277705540990 9 -1
15439277705543110 16381 -1
15439277705543130 3 -1
15439277705543630 9 -1
15439277705546320 16380 -1
15439277705546340 4 -1
15439277705546360 9 -1
15439277705548502 16379 -1
15439277705549040 5 -1
15439277705549058 9 -1
15439277705551218 16383 -1
15439277705551250 1 -1
15439277705551270 9 -1
15439277705553940 16382 -1
15439277705553960 2 -1
15439277705554472 9 -1
15439277705555040 3672 -1
15439277709691410 59 1
15439277709744520 103 -1
15439277709745030 9 -1
15439277709747250 16383 -1
15439277709747780 1 -1
15439277709747810 9 -1
15439277709750430 16383 -1
15439277709750460 1 -1
15439277709750472 9 -1
15439277709753130 16382 -1
15439277709753160 2 -1
15439277709753170 9 -1
15439277709755320 16381 -1
15439277709755900 3 -1
15439277709755930 9 -1
15439277709758070 16383 -1
15439277709758620 1 -1
15439277709758640 9 -1
15439277709760770 16382 -1
15439277709761300 2 -1
15439277709761320 9 -1
15439277709763510 16381 -1
15439277709763550 3 -1
15439277709763570 9 -1
15439277709766250 16380 -1
15439277709766280 4 -1
15439277709766300 9 -1
15439277709768900 16379 -1
15439277709768930 5 -1
15439277709768950 9 -1
15439277709770570 7209 -1
15439277713912540 59 1
15439277713967300 141 -1
15439277713967490 9 -1
15439277713969960 16383 -1
15439277713969980 1 -1
15439277713970000 9 -1
15439277713972710 16383 -1
15439277713972740 1 -1
15439277713972760 9 -1
15439277713975400 16382 -1
15439277713975430 2 -1
15439277713975450 9 -1
15439277713978080 16381 -1
15439277713978100 3 -1
15439277713978118 9 -1
15439277713980752 16383 -1
15439277713980770 1 -1
15439277713980790 9 -1
15439277713983460 16382 -1
15439277713983480 2 -1
15439277713983500 9 -1
15439277713986248 16381 -1
15439277713986280 3 -1
15439277713986300 9 -1
15439277713988970 16380 -1
15439277713988990 4 -1
15439277713989010 9 -1
15439277713991700 16383 -1
15439277713991740 1 -1
15439277713991758 9 -1
15439277713994390 16382 -1
15439277713994420 2 -1
15439277713994442 9 -1
15439277713997058 16383 -1
15439277713997090 1 -1
15439277713997108 9 -1
15439277713999210 16382 -1
15439277713999750 2 -1
15439277713999780 9 -1
15439277714002440 16383 -1
15439277714002460 1 -1
15439277714002480 9 -1
15439277714016610 16382 -1
15439277714016640 2 -1
15439277714017180 9 -1
15439277714019310 16383 -1
15439277714019340 1 -1
15439277714019360 9 -1
15439277714023180 16382 -1
15439277714023212 2 -1
15439277714023230 9 -1
15439277714023960 9401 -1
15439277718226970 59 1
15439277718284660 96 -1
15439277718285200 9 -1
15439277718287920 16383 -1
15439277718287950 1 -1
15439277718287960 9 -1
15439277718290530 16382 -1
15439277718290560 2 -1
15439277718290580 9 -1
15439277718293260 16383 -1
15439277718293280 1 -1
15439277718293310 9 -1
15439277718296060 16382 -1
15439277718296090 2 -1
15439277718296102 9 -1
15439277718298700 16381 -1
15439277718298718 3 -1
15439277718298740 9 -1
15439277718301370 16380 -1
15439277718301380 4 -1
15439277718301402 9 -1
15439277718304070 16379 -1
15439277718304100 5 -1
15439277718304120 9 -1
15439277718306780 16383 -1
15439277718306810 1 -1
15439277718306820 9 -1
15439277718309460 16382 -1
15439277718309490 2 -1
15439277718309500 9 -1
15439277718312200 16383 -1
15439277718312230 1 -1
15439277718312250 9 -1
15439277718314900 16382 -1
15439277718314920 2 -1
15439277718314940 9 -1
15439277718317690 16383 -1
15439277718317708 1 -1
15439277718317740 9 -1
15439277718320380 16382 -1
15439277718320410 2 -1
15439277718320430 9 -1
15439277718323040 16381 -1
15439277718323060 3 -1
15439277718323080 9 -1
15439277718325200 15283 -1
15439277722571010 58 1
15439277722626130 131 -1
15439277722626230 9 -1
15439277722628902 16383 -1
15439277722628952 1 -1
15439277722628970 9 -1
15439277722631560 16383 -1
15439277722631590 1 -1
15439277722631600 9 -1
15439277722634280 16382 -1
15439277722634290 2 -1
15439277722634310 9 -1
15439277722636930 16383 -1
15439277722636940 1 -1
15439277722636960 9 -1
15439277722639710 16382 -1
15439277722639730 2 -1
15439277722639750 9 -1
15439277722642370 16381 -1
15439277722642400 3 -1
15439277722642440 9 -1
15439277722645100 16383 -1
15439277722645130 1 -1
15439277722645150 9 -1
15439277722647300 16382 -1
15439277722647810 2 -1
15439277722647840 9 -1
15439277722649990 16381 -1
15439277722650558 3 -1
15439277722650590 9 -1
15439277722653250 16380 -1
15439277722653280 4 -1
15439277722653300 9 -1
15439277722655930 16379 -1
15439277722655960 5 -1
15439277722655972 9 -1
15439277722657020 8231 -1
15439277726858890 59 1
15439277726913080 102 -1
15439277726913600 9 -1
15439277726915730 16383 -1
15439277726916290 1 -1
15439277726916330 9 -1
15439277726918480 16383 -1
15439277726919020 1 -1
15439277726919040 9 -1
15439277726921200 16382 -1
15439277726921740 2 -1
15439277726921762 9 -1
15439277726923860 16381 -1
15439277726924400 3 -1
15439277726924420 9 -1
15439277726926580 16380 -1
15439277726927130 4 -1
15439277726927150 9 -1
15439277726929300 16383 -1
15439277726929780 1 -1
15439277726929800 9 -1
15439277726932530 16382 -1
15439277726932550 2 -1
15439277726932570 9 -1
15439277726935260 16381 -1
15439277726935280 3 -1
15439277726935300 9 -1
15439277726937360 16380 -1
15439277726937910 4 -1
15439277726937940 9 -1
15439277726940110 16379 -1
15439277726940620 5 -1
15439277726940650 9 -1
15439277726942830 16378 -1
15439277726942862 6 -1
15439277726943380 9 -1
15439277726945570 16377 -1
15439277726945610 7 -1
15439277726946170 9 -1
15439277726948360 16376 -1
15439277726948390 8 -1
15439277726948410 9 -1
15439277726951020 16375 -1
15439277726951050 9 -1
15439277726951070 9 -1
15439277726953730 16383 -1
15439277726953750 1 -1
15439277726953772 9 -1
15439277726956440 16382 -1
15439277726956470 2 -1
15439277726956480 9 -1
15439277726957550 8037 -1
15439277731030310 58 1
15439277731095850 220 -1
15439277731095970 9 -1
15439277731098450 16383 -1
15439277731098520 1 -1
15439277731098540 9 -1
15439277731099570 2203 -1
15439277735121570 58 1
15439277735176410 159 -1
15439277735176930 9 -1
15439277735179688 16383 -1
15439277735179710 1 -1
15439277735179730 9 -1
15439277735182440 16382 -1
15439277735182468 2 -1
15439277735182480 9 -1
15439277735185080 16383 -1
15439277735185120 1 -1
15439277735185140 9 -1
15439277735187280 12343 -1
15439277739240128 9 1
15439277739240128 81 1
15439277739294290 148 -1
15439277739294428 9 -1
15439277739295320 2973 -1
15439277743338490 78 1
15439277743402660 171 -1
15439277743403152 9 -1
15439277743403740 3685 -1
15439277747416840 79 1
15439277747473580 134 -1
15439277747474100 9 -1
15439277747474680 3151 -1
15439277751490870 78 1
15439277751543920 171 -1
15439277751544458 9 -1
15439277751545032 2261 -1
15439277755550060 78 1
15439277755607180 134 -1
15439277755607710 9 -1
15439277755608310 3329 -1
15439277759617930 63 1
15439277759672360 129 -1
15439277759672510 9 -1
15439277759675130 7275 -1
15439277763688418 62 1
15439277763932130 152 -1
15439277763932340 9 -1
15439277763935450 7365 -1
15439277767953110 63 1
15439277768010490 129 -1
15439277768011020 9 -1
15439277768012660 8482 -1
15439277772024860 63 1
15439277772080360 150 -1
15439277772080892 9 -1
15439277772081980 8772 -1
15439277776099190 63 1
15439277776154252 177 -1
15439277776154380 9 -1
15439277776157702 5782 -1
15439277780167610 63 1
15439277780221340 162 -1
15439277780221490 9 -1
15439277780222470 7191 -1
15439277784237750 407 1
15439277784295880 136 -1
15439277784296050 9 -1
15439277784298520 16383 -1
15439277784299058 1 -1
15439277784299100 9 -1
15439277784301250 16382 -1
15439277784301810 2 -1
15439277784301860 9 -1
15439277784302380 2627 -1
0 0 0
15439277679510780 148 1
15439277679510780 180 1
15439277679510820 39 -1
15439277679511180 13 -1
15439277679568520 9 -1
15439277679572100 293 -1
15439277679572640 9 -1
15439277679575350 16383 -1
15439277679575350 1 -1
15439277679575390 9 -1
15439277679577580 16383 -1
15439277679577580 1 -1
15439277679577580 9 -1
15439277679631050 16382 -1
15439277679631050 2 -1
15439277679631050 9 -1
15439277679633182 16381 -1
15439277679633182 3 -1
15439277679633182 9 -1
15439277679635342 16383 -1
15439277679635342 1 -1
15439277679635342 9 -1
15439277679637510 16382 -1
15439277679637510 2 -1
15439277679637510 9 -1
15439277679641020 14656 -1
0 0 0
15439277679529090 148 1
15439277679529090 201 1
0 0 0
15439277679088212 148 1
15439277679088212 192 1
15439277679088262 39 -1
15439277679088610 13 -1
15439277679138700 9 -1
15439277679143950 307 -1
15439277679144508 9 -1
15439277679148900 16383 -1
15439277679148900 1 -1
15439277679148960 9 -1
15439277679151070 16383 -1
15439277679151600 1 -1
15439277679151630 9 -1
15439277679195098 16382 -1
15439277679195098 2 -1
15439277679195098 9 -1
15439277679197258 16381 -1
15439277679197258 3 -1
15439277679197258 9 -1
15439277679198870 12022 -1
0 0 0
15439277679015090 148 1
15439277679015090 201 1
