### "'23421 172841 218531 118882 89810 134674 112630 203270 156939 187547 181774 80736 138190 184358 141858 155130 168829 188352 51246 10720 88233'"
0 0 0
15439292446935490 39 -1
15439292446935900 13 -1
15439292447042070 148 1
15439292447097370 9 -1
15439292447193380 197 1
15439292451187242 58 1
15439292451255072 295 -1
15439292451255100 9 -1
15439292451257780 16383 -1
15439292451257780 1 -1
15439292451257780 9 -1
15439292451259940 16382 -1
15439292451259940 2 -1
15439292451259940 9 -1
15439292451311650 16381 -1
15439292451311650 3 -1
15439292451311650 9 -1
15439292451313250 16380 -1
15439292451313250 4 -1
15439292451313250 9 -1
15439292451315620 16383 -1
15439292451315620 1 -1
15439292451315620 9 -1
15439292451317740 16382 -1
15439292451317740 2 -1
15439292451317740 9 -1
15439292451319990 16381 -1
15439292451319990 3 -1
15439292451319990 9 -1
15439292451366292 16380 -1
15439292451366292 4 -1
15439292451366292 9 -1
15439292451368460 16379 -1
15439292451368460 5 -1
15439292451368460 9 -1
15439292451370580 16378 -1
15439292451370580 6 -1
15439292451370580 9 -1
15439292451371720 9001 -1
15439292455457320 58 1
15439292455520648 109 -1
15439292455520812 9 -1
15439292455523170 16383 -1
15439292455523232 1 -1
15439292455523260 9 -1
15439292455525990 16382 -1
15439292455526070 2 -1
15439292455526100 9 -1
15439292455528180 16383 -1
15439292455528728 1 -1
15439292455528770 9 -1
15439292455530952 16382 -1
15439292455531480 2 -1
15439292455531508 9 -1
15439292455533720 16381 -1
15439292455533782 3 -1
15439292455533810 9 -1
15439292455536460 16380 -1
15439292455536500 4 -1
15439292455536520 9 -1
15439292455539170 16379 -1
15439292455539210 5 -1
15439292455539228 9 -1
15439292455541940 16383 -1
15439292455541970 1 -1
15439292455541990 9 -1
15439292455544670 16382 -1
15439292455544700 2 -1
15439292455544720 9 -1
15439292455578210 16381 -1
15439292455578750 3 -1
15439292455578770 9 -1
15439292455580990 16380 -1
15439292455581018 4 -1
15439292455581040 9 -1
15439292455583710 16379 -1
15439292455583740 5 -1
15439292455583760 9 -1
15439292455586420 16378 -1
15439292455586420 6 -1
15439292455586420 9 -1
15439292455587500 5539 -1
15439292459774180 78 1
15439292459839310 148 -1
15439292459839850 9 -1
15439292459839890 2795 -1
15439292463848600 58 1
15439292463914152 150 -1
15439292463914690 9 -1
15439292463916860 16383 -1
15439292463917370 1 -1
15439292463917400 9 -1
15439292463920110 16382 -1
15439292463920140 2 -1
15439292463920160 9 -1
15439292463922750 16381 -1
15439292463922780 3 -1
15439292463923262 9 -1
15439292463925440 16383 -1
15439292463925992 1 -1
15439292463926020 9 -1
15439292463928190 16382 -1
15439292463928780 2 -1
15439292463928800 9 -1
15439292463931480 16381 -1
15439292463931540 3 -1
15439292463931580 9 -1
15439292463934218 16380 -1
15439292463934250 4 -1
15439292463934268 9 -1
15439292463934780 4194 -1
15439292468040940 58 1
15439292468105560 130 -1
15439292468106080 9 -1
15439292468108348 15874 -1
15439292468108380 510 -1
15439292468108870 9 -1
15439292468111082 15873 -1
15439292468111110 511 -1
15439292468111620 9 -1
15439292468113780 15872 -1
15439292468113812 512 -1
15439292468113830 9 -1
15439292468116570 15871 -1
15439292468116610 513 -1
15439292468116630 9 -1
15439292468119340 16383 -1
15439292468119370 1 -1
15439292468119390 9 -1
15439292468120940 7890 -1
15439292472218080 58 1
15439292472281570 154 -1
15439292472281762 9 -1
15439292472284802 16383 -1
15439292472284820 1 -1
15439292472284840 9 -1
15439292472287540 16383 -1
15439292472287570 1 -1
15439292472287600 9 -1
15439292472290248 16382 -1
15439292472290280 2 -1
15439292472290290 9 -1
15439292472292950 16381 -1
15439292472292982 3 -1
15439292472293000 9 -1
15439292472295620 16380 -1
15439292472295640 4 -1
15439292472295660 9 -1
15439292472298340 16383 -1
15439292472298852 1 -1
15439292472298870 9 -1
15439292472301020 16382 -1
15439292472301530 2 -1
15439292472301560 9 -1
15439292472303740 16381 -1
15439292472303770 3 -1
15439292472303792 9 -1
15439292472304850 3602 -1
15439292476426712 59 1
15439292476494570 129 -1
15439292476494660 9 -1
15439292476497170 16383 -1
15439292476497720 1 -1
15439292476497750 9 -1
15439292476499870 16383 -1
15439292476500420 1 -1
15439292476500440 9 -1
15439292476502610 16382 -1
15439292476502630 2 -1
15439292476503170 9 -1
15439292476505402 16381 -1
15439292476505420 3 -1
15439292476505430 9 -1
15439292476508100 16383 -1
15439292476508132 1 -1
15439292476508150 9 -1
15439292476510820 16382 -1
15439292476510848 2 -1
15439292476510870 9 -1
15439292476512940 14326 -1
15439292480647470 59 1
15439292480711140 154 -1
15439292480711250 9 -1
15439292480713798 16383 -1
15439292480713830 1 -1
15439292480714300 9 -1
15439292480716500 16383 -1
15439292480716520 1 -1
15439292480717052 9 -1
15439292480719220 16382 -1
15439292480719240 2 -1
15439292480719770 9 -1
15439292480721920 16381 -1
15439292480721940 3 -1
15439292480721960 9 -1
15439292480724630 16380 -1
15439292480724658 4 -1
15439292480724680 9 -1
15439292480727400 16383 -1
15439292480727420 1 -1
15439292480727438 9 -1
15439292480730100 16382 -1
15439292480730130 2 -1
15439292480730140 9 -1
15439292480732770 16381 -1
15439292480732800 3 -1
15439292480732820 9 -1
15439292480735540 16380 -1
15439292480735570 4 -1
15439292480735580 9 -1
15439292480738280 16379 -1
15439292480738310 5 -1
15439292480738330 9 -1
15439292480741000 16378 -1
15439292480741020 6 -1
15439292480741032 9 -1
15439292480743720 16377 -1
15439292480743740 7 -1
15439292480743750 9 -1
15439292480745360 6662 -1
15439292484922410 58 1
15439292484984620 109 -1
15439292484985110 9 -1
15439292484987300 16383 -1
15439292484987840 1 -1
15439292484988570 9 -1
15439292484991860 16383 -1
15439292484991888 1 -1
15439292484991900 9 -1
15439292484994030 16382 -1
15439292484994580 2 -1
15439292484994600 9 -1
15439292484997270 16381 -1
15439292484997302 3 -1
15439292484997790 9 -1
15439292484999990 16380 -1
15439292485000010 4 -1
15439292485000030 9 -1
15439292485002690 16379 -1
15439292485002720 5 -1
15439292485002740 9 -1
15439292485005440 16378 -1
15439292485005460 6 -1
15439292485005470 9 -1
15439292485008090 16377 -1
15439292485008120 7 -1
15439292485008140 9 -1
15439292485010920 16376 -1
15439292485010950 8 -1
15439292485010970 9 -1
15439292485012460 9483 -1
15439292489158480 58 1
15439292489220880 104 -1
15439292489221420 9 -1
15439292489224898 16383 -1
15439292489224930 1 -1
15439292489224948 9 -1
15439292489227108 16383 -1
15439292489227640 1 -1
15439292489227670 9 -1
15439292489229750 16382 -1
15439292489229770 2 -1
15439292489230298 9 -1
15439292489232470 16381 -1
15439292489233020 3 -1
15439292489233040 9 -1
15439292489235188 16383 -1
15439292489235730 1 -1
15439292489235750 9 -1
15439292489237950 16382 -1
15439292489237968 2 -1
15439292489238492 9 -1
15439292489240652 16381 -1
15439292489240670 3 -1
15439292489240690 9 -1
15439292489243370 16380 -1
15439292489243390 4 -1
15439292489243410 9 -1
15439292489246048 16379 -1
15439292489246080 5 -1
15439292489246098 9 -1
15439292489248750 16383 -1
15439292489248770 1 -1
15439292489248778 9 -1
15439292489250950 16382 -1
15439292489251462 2 -1
15439292489251490 9 -1
15439292489252600 7323 -1
15439292493318750 59 1
15439292493380590 126 -1
15439292493380700 9 -1
15439292493383250 16383 -1
15439292493383278 1 -1
15439292493383300 9 -1
15439292493386012 16383 -1
15439292493386030 1 -1
15439292493386570 9 -1
15439292493389860 16382 -1
15439292493389880 2 -1
15439292493390400 9 -1
15439292493393740 16381 -1
15439292493394238 3 -1
15439292493394260 9 -1
15439292493396380 16380 -1
15439292493396410 4 -1
15439292493396880 9 -1
15439292493399100 16379 -1
15439292493399128 5 -1
15439292493399150 9 -1
15439292493401780 16378 -1
15439292493401812 6 -1
15439292493401830 9 -1
15439292493404490 16377 -1
15439292493404520 7 -1
15439292493404542 9 -1
15439292493407190 16383 -1
15439292493407220 1 -1
15439292493407240 9 -1
15439292493409380 16382 -1
15439292493409920 2 -1
15439292493409938 9 -1
15439292493412070 16381 -1
15439292493412650 3 -1
15439292493412690 9 -1
15439292493413200 1550 -1
15439292497573410 9 1
15439292497573410 61 1
15439292497640180 201 -1
15439292497640290 9 -1
15439292497642700 16383 -1
15439292497642730 1 -1
15439292497643210 9 -1
15439292497645440 16383 -1
15439292497645460 1 -1
15439292497645978 9 -1
15439292497648100 16382 -1
15439292497648120 2 -1
15439292497648130 9 -1
15439292497650880 16381 -1
15439292497650900 3 -1
15439292497650918 9 -1
15439292497653060 15200 -1
15439292501723640 58 1
15439292501784958 188 -1
15439292501785490 9 -1
15439292501788390 16383 -1
15439292501788412 1 -1
15439292501788900 9 -1
15439292501791080 16383 -1
15439292501791110 1 -1
15439292501791130 9 -1
15439292501793840 16382 -1
15439292501793870 2 -1
15439292501793880 9 -1
15439292501796550 16381 -1
15439292501796570 3 -1
15439292501796588 9 -1
15439292501799272 16383 -1
15439292501799300 1 -1
15439292501799322 9 -1
15439292501801970 16382 -1
15439292501801990 2 -1
15439292501802010 9 -1
15439292501804640 16381 -1
15439292501804660 3 -1
15439292501804680 9 -1
15439292501807410 16380 -1
15439292501807430 4 -1
15439292501807448 9 -1
15439292501809040 7118 -1
15439292505911620 78 1
15439292505973858 148 -1
15439292505974380 9 -1
15439292505974950 3151 -1
15439292509980500 59 1
15439292510043370 154 -1
15439292510043860 9 -1
15439292510046042 16383 -1
15439292510046060 1 -1
15439292510046080 9 -1
15439292510048770 16383 -1
15439292510048780 1 -1
15439292510048800 9 -1
15439292510051480 16382 -1
15439292510051510 2 -1
15439292510051980 9 -1
15439292510054180 16381 -1
15439292510054728 3 -1
15439292510054750 9 -1
15439292510057408 16383 -1
15439292510057420 1 -1
15439292510057440 9 -1
15439292510060142 16382 -1
15439292510060170 2 -1
15439292510060192 9 -1
15439292510062880 16381 -1
15439292510062910 3 -1
15439292510062930 9 -1
15439292510065538 16380 -1
15439292510065570 4 -1
15439292510066080 9 -1
15439292510068200 16383 -1
15439292510068230 1 -1
15439292510068740 9 -1
15439292510070940 16382 -1
15439292510070970 2 -1
15439292510071480 9 -1
15439292510073710 16381 -1
15439292510074270 3 -1
15439292510074310 9 -1
15439292510074840 4134 -1
15439292514279540 59 1
15439292514342238 108 -1
15439292514342780 9 -1
15439292514344930 16383 -1
15439292514344950 1 -1
15439292514344972 9 -1
15439292514347590 16383 -1
15439292514347620 1 -1
15439292514347640 9 -1
15439292514350290 16382 -1
15439292514350318 2 -1
15439292514350340 9 -1
15439292514353080 16381 -1
15439292514353098 3 -1
15439292514353110 9 -1
15439292514355770 16380 -1
15439292514355800 4 -1
15439292514355810 9 -1
15439292514358540 16379 -1
15439292514358562 5 -1
15439292514358580 9 -1
15439292514360722 16383 -1
15439292514361250 1 -1
15439292514361270 9 -1
15439292514363970 16382 -1
15439292514364000 2 -1
15439292514364020 9 -1
15439292514365562 10786 -1
15439292518507500 58 1
15439292518568060 132 -1
15439292518568580 9 -1
15439292518571240 16383 -1
15439292518571270 1 -1
15439292518571290 9 -1
15439292518573970 16383 -1
15439292518573990 1 -1
15439292518574000 9 -1
15439292518576190 16382 -1
15439292518576720 2 -1
15439292518576750 9 -1
15439292518578970 16381 -1
15439292518579000 3 -1
15439292518579010 9 -1
15439292518581600 16383 -1
15439292518581620 1 -1
15439292518581640 9 -1
15439292518584290 16382 -1
15439292518584320 2 -1
15439292518584330 9 -1
15439292518586978 16381 -1
15439292518587010 3 -1
15439292518587028 9 -1
15439292518589600 16380 -1
15439292518589620 4 -1
15439292518589640 9 -1
15439292518592310 16383 -1
15439292518592340 1 -1
15439292518592360 9 -1
15439292518593522 7674 -1
15439292522703170 59 1
15439292526697230 58 1
15439292526761780 155 -1
15439292526762340 9 -1
15439292526765750 16383 -1
15439292526765770 1 -1
15439292526765790 9 -1
15439292526768530 16383 -1
15439292526768560 1 -1
15439292526768580 9 -1
15439292526771190 16382 -1
15439292526771222 2 -1
15439292526771230 9 -1
15439292526773400 16381 -1
15439292526773952 3 -1
15439292526773970 9 -1
15439292526776112 16383 -1
15439292526776650 1 -1
15439292526776670 9 -1
15439292526779390 16382 -1
15439292526779410 2 -1
15439292526779430 9 -1
15439292526781508 16381 -1
15439292526782060 3 -1
15439292526782082 9 -1
15439292526784230 16383 -1
15439292526784780 1 -1
15439292526784800 9 -1
15439292526786922 16382 -1
15439292526787460 2 -1
15439292526787478 9 -1
15439292526790162 16381 -1
15439292526790180 3 -1
15439292526790200 9 -1
15439292526791288 4989 -1
15439292530760720 168 -1
15439292530761210 9 -1
15439292530763370 16383 -1
15439292530763920 1 -1
15439292530763950 9 -1
15439292530766612 16383 -1
15439292530766630 1 -1
15439292530766650 9 -1
15439292530769260 16382 -1
15439292530769280 2 -1
15439292530769300 9 -1
15439292530771970 16381 -1
15439292530771990 3 -1
15439292530772510 9 -1
15439292530774720 16383 -1
15439292530775260 1 -1
15439292530775280 9 -1
15439292530777430 16382 -1
15439292530777472 2 -1
15439292530777970 9 -1
15439292530780180 16381 -1
15439292530780200 3 -1
15439292530780720 9 -1
15439292530782950 16380 -1
15439292530783442 4 -1
15439292530783460 9 -1
15439292530785580 16379 -1
15439292530786130 5 -1
15439292530786160 9 -1
15439292530788838 16378 -1
15439292530788870 6 -1
15439292530788888 9 -1
15439292530791580 16377 -1
15439292530791610 7 -1
15439292530791630 9 -1
15439292530793210 8128 -1
15439292534921980 67 1
15439292534988720 143 -1
15439292534989210 9 -1
15439292534992450 16383 -1
15439292534992480 1 -1
15439292534992500 9 -1
15439292534994668 16383 -1
15439292534995220 1 -1
15439292534995250 9 -1
15439292534997398 16382 -1
15439292534997950 2 -1
15439292534997972 9 -1
15439292534998528 2094 -1
15439292539046258 78 1
15439292539110860 148 -1
15439292539111380 9 -1
15439292539111970 2973 -1
15439292543124640 78 1
15439292543188210 242 -1
15439292543188700 9 -1
15439292543189818 2617 -1
15439292547202310 78 1
15439292547264928 180 -1
15439292547265470 9 -1
15439292547266050 3329 -1
15439292551277070 78 1
15439292551340570 201 -1
15439292551341118 9 -1
15439292551342830 2795 -1
15439292555351952 78 1
15439292555418570 148 -1
15439292555418810 9 -1
15439292555419660 3329 -1
15439292559436600 63 1
15439292559497672 116 -1
15439292559498210 9 -1
15439292559500020 7105 -1
15439292563518000 62 1
15439292563581760 147 -1
15439292563581920 9 -1
15439292563584550 6420 -1
15439292567598030 62 1
15439292567660990 101 -1
15439292567661130 9 -1
15439292567664248 7119 -1
15439292571675740 63 1
15439292571740078 128 -1
15439292571740242 9 -1
15439292571742300 7979 -1
15439292575751180 63 1
15439292575822650 125 -1
15439292575822840 9 -1
15439292575824290 6078 -1
15439292579848290 63 1
15439292579911290 129 -1
15439292579911830 9 -1
15439292579914638 10720 -1
15439292651679390 153 -1
15439292651679562 9 -1
15439292651682110 16383 -1
15439292651682160 1 -1
15439292651682200 9 -1
15439292651684850 16383 -1
15439292651684890 1 -1
15439292651685410 9 -1
15439292651688160 16382 -1
15439292651688200 2 -1
15439292651688220 9 -1
15439292651690890 16381 -1
15439292651690928 3 -1
15439292651690950 9 -1
15439292651693640 16383 -1
15439292651694180 1 -1
15439292651694210 9 -1
15439292651695262 6313 -1
0 0 0
15439292447331840 148 1
15439292447331840 185 1
0 0 0
15439292447027550 39 -1
15439292447028110 13 -1
15439292447255772 148 1
15439292447255772 205 1
15439292447306400 9 -1
15439292447310060 311 -1
15439292447310578 9 -1
15439292447311170 3329 -1
0 0 0
15439292447144900 148 1
15439292447144900 205 1
15439292447144970 39 -1
15439292447144990 13 -1
15439292447193480 9 -1
15439292447198750 310 -1
15439292447199250 9 -1
15439292447199820 2263 -1
0 0 0
15439292447096220 148 1
15439292447096220 206 1
15439292447096600 39 -1
15439292447096630 13 -1
15439292447152140 9 -1
15439292447157120 311 -1
15439292447157190 9 -1
15439292447159930 16383 -1
15439292447159930 1 -1
15439292447160010 9 -1
15439292447161040 7037 -1
0 0 0
15439292447755060 148 1
15439292447755060 185 1
