### "'22825 28612 157992 128871 78073 121060 143451 84605 238463 180397 87106 16298 25183 106538 143189 54413 38527 155916 85056 54347 115188'"
0 0 0
15439313582813770 148 1
15439313582813770 184 1
0 0 0
15439313582770892 39 -1
15439313582771440 13 -1
15439313582849532 148 1
15439313582849532 197 1
15439313582905468 9 -1
15439313582914310 307 -1
15439313582914842 9 -1
15439313582917080 16383 -1
15439313582917080 1 -1
15439313582917080 9 -1
15439313582918670 12228 -1
0 0 0
15439313582922830 148 1
15439313582922830 204 1
15439313582923852 39 -1
15439313582923890 13 -1
15439313582980450 9 -1
15439313582984900 310 -1
15439313582985390 9 -1
15439313582986938 2973 -1
0 0 0
15439313583290250 148 1
15439313583290250 184 1
0 0 0
15439313582774170 39 -1
15439313582774620 13 -1
15439313582807300 148 1
15439313582807300 204 1
15439313582864330 9 -1
15439313582868300 310 -1
15439313582868350 9 -1
15439313582868910 2035 -1
0 0 0
15439313582592750 148 1
15439313582592750 205 1
15439313582592790 39 -1
15439313582593190 13 -1
15439313582640670 9 -1
15439313582645480 312 -1
15439313582645540 9 -1
15439313582648348 16383 -1
15439313582648348 1 -1
15439313582648348 9 -1
15439313582649980 6441 -1
15439313586784070 78 1
15439313586838370 147 -1
15439313586838910 9 -1
15439313586840050 3507 -1
15439313590842690 58 1
15439313590897720 155 -1
15439313590897940 9 -1
15439313590900900 16383 -1
15439313590900900 1 -1
15439313590900940 9 -1
15439313590903580 16383 -1
15439313590903580 1 -1
15439313590903580 9 -1
15439313590905740 16382 -1
15439313590905740 2 -1
15439313590905740 9 -1
15439313590946750 16381 -1
15439313590946750 3 -1
15439313590946750 9 -1
15439313590949420 16383 -1
15439313590949420 1 -1
15439313590949420 9 -1
15439313590951600 16382 -1
15439313590951600 2 -1
15439313590951600 9 -1
15439313590954390 16381 -1
15439313590954390 3 -1
15439313590954390 9 -1
15439313590956630 16380 -1
15439313590956660 4 -1
15439313590956700 9 -1
15439313590959370 16379 -1
15439313590959370 5 -1
15439313590959370 9 -1
15439313590961000 10536 -1
15439313595093550 58 1
15439313595153330 133 -1
15439313595153810 9 -1
15439313595156600 16383 -1
15439313595156660 1 -1
15439313595156692 9 -1
15439313595159358 16382 -1
15439313595159440 2 -1
15439313595159920 9 -1
15439313595162160 16381 -1
15439313595162620 3 -1
15439313595162640 9 -1
15439313595165390 16380 -1
15439313595165442 4 -1
15439313595165460 9 -1
15439313595168690 16379 -1
15439313595168728 5 -1
15439313595168750 9 -1
15439313595171450 16378 -1
15439313595171470 6 -1
15439313595171490 9 -1
15439313595174180 16377 -1
15439313595174710 7 -1
15439313595174748 9 -1
15439313595176930 14183 -1
15439313599319190 78 1
15439313599373290 147 -1
15439313599373760 9 -1
15439313599374340 3151 -1
15439313603384048 59 1
15439313603438580 153 -1
15439313603439090 9 -1
15439313603441880 16383 -1
15439313603441930 1 -1
15439313603441990 9 -1
15439313603444620 16383 -1
15439313603444690 1 -1
15439313603444740 9 -1
15439313603447330 16382 -1
15439313603447890 2 -1
15439313603447910 9 -1
15439313603450698 16383 -1
15439313603450720 1 -1
15439313603450740 9 -1
15439313603452800 12537 -1
15439313607506680 58 1
15439313607565410 130 -1
15439313607565930 9 -1
15439313607568640 16383 -1
15439313607568678 1 -1
15439313607568720 9 -1
15439313607571340 16383 -1
15439313607571380 1 -1
15439313607571412 9 -1
15439313607574100 16382 -1
15439313607574660 2 -1
15439313607574710 9 -1
15439313607577370 16381 -1
15439313607577400 3 -1
15439313607577420 9 -1
15439313607580690 16383 -1
15439313607580710 1 -1
15439313607580730 9 -1
15439313607583370 16382 -1
15439313607583398 2 -1
15439313607583420 9 -1
15439313607586588 16381 -1
15439313607586660 3 -1
15439313607586688 9 -1
15439313607587690 6372 -1
15439313611786950 59 1
15439313611840560 155 -1
15439313611840752 9 -1
15439313611843830 16383 -1
15439313611843870 1 -1
15439313611843900 9 -1
15439313611846610 16383 -1
15439313611847120 1 -1
15439313611847200 9 -1
15439313611849870 16382 -1
15439313611850020 2 -1
15439313611850050 9 -1
15439313611852630 16381 -1
15439313611853160 3 -1
15439313611853190 9 -1
15439313611855950 16380 -1
15439313611855990 4 -1
15439313611856010 9 -1
15439313611858740 16379 -1
15439313611858770 5 -1
15439313611859282 9 -1
15439313611861510 16383 -1
15439313611861550 1 -1
15439313611862040 9 -1
15439313611864820 16382 -1
15439313611864850 2 -1
15439313611864870 9 -1
15439313611867002 12379 -1
15439313616089510 59 1
15439313616144350 131 -1
15439313616144550 9 -1
15439313616147090 16383 -1
15439313616147630 1 -1
15439313616147680 9 -1
15439313616150400 16382 -1
15439313616150442 2 -1
15439313616150460 9 -1
15439313616153140 16383 -1
15439313616153678 1 -1
15439313616153710 9 -1
15439313616156340 16382 -1
15439313616156362 2 -1
15439313616156380 9 -1
15439313616159080 16381 -1
15439313616159120 3 -1
15439313616159142 9 -1
15439313616160180 2685 -1
15439313620229480 78 1
15439313620290800 171 -1
15439313620291050 9 -1
15439313620292480 2973 -1
15439313624303650 58 1
15439313624365270 234 -1
15439313624365490 9 -1
15439313624367910 15873 -1
15439313624367960 511 -1
15439313624368470 9 -1
15439313624370648 15872 -1
15439313624370698 512 -1
15439313624371190 9 -1
15439313624373400 15871 -1
15439313624373930 513 -1
15439313624373950 9 -1
15439313624376112 15870 -1
15439313624376140 514 -1
15439313624376660 9 -1
15439313624379320 15869 -1
15439313624379352 515 -1
15439313624379360 9 -1
15439313624382060 15868 -1
15439313624382090 516 -1
15439313624382110 9 -1
15439313624384730 15867 -1
15439313624384770 517 -1
15439313624384790 9 -1
15439313624386940 15866 -1
15439313624387490 518 -1
15439313624387510 9 -1
15439313624389680 15865 -1
15439313624390220 519 -1
15439313624390240 9 -1
15439313624392910 15864 -1
15439313624392930 520 -1
15439313624392960 9 -1
15439313624413230 15863 -1
15439313624413340 521 -1
15439313624413850 9 -1
15439313624416080 16383 -1
15439313624416608 1 -1
15439313624416640 9 -1
15439313624419392 16383 -1
15439313624419420 1 -1
15439313624419438 9 -1
15439313624422050 16382 -1
15439313624422090 2 -1
15439313624422600 9 -1
15439313624424232 9087 -1
15439313628602210 78 1
15439313628656500 72 -1
15439313628657010 9 -1
15439313628657090 2035 -1
15439313632674880 58 1
15439313632729950 154 -1
15439313632730470 9 -1
15439313632732640 16383 -1
15439313632733190 1 -1
15439313632733260 9 -1
15439313632735888 16383 -1
15439313632735930 1 -1
15439313632735960 9 -1
15439313632738572 16382 -1
15439313632739120 2 -1
15439313632739140 9 -1
15439313632741870 16381 -1
15439313632741890 3 -1
15439313632741910 9 -1
15439313632744520 16383 -1
15439313632744542 1 -1
15439313632745048 9 -1
15439313632747760 16382 -1
15439313632747790 2 -1
15439313632747810 9 -1
15439313632750530 16381 -1
15439313632750550 3 -1
15439313632750570 9 -1
15439313632753130 16380 -1
15439313632753680 4 -1
15439313632753698 9 -1
15439313632756390 16379 -1
15439313632756420 5 -1
15439313632756432 9 -1
15439313632759170 16378 -1
15439313632759668 6 -1
15439313632759690 9 -1
15439313632761790 16377 -1
15439313632762340 7 -1
15439313632762370 9 -1
15439313632762908 173 -1
15439313636984990 59 1
15439313637039030 130 -1
15439313637039558 9 -1
15439313637042350 16383 -1
15439313637042410 1 -1
15439313637042850 9 -1
15439313637045060 16383 -1
15439313637045118 1 -1
15439313637045610 9 -1
15439313637048308 16382 -1
15439313637048330 2 -1
15439313637048350 9 -1
15439313637051050 16381 -1
15439313637051590 3 -1
15439313637051620 9 -1
15439313637053772 16380 -1
15439313637054320 4 -1
15439313637054340 9 -1
15439313637055430 5186 -1
15439313641162610 94 1
15439313641220770 170 -1
15439313641220940 9 -1
15439313641224040 16298 -1
15439313645237660 59 1
15439313645291650 130 -1
15439313645291842 9 -1
15439313645294900 16383 -1
15439313645294950 1 -1
15439313645294970 9 -1
15439313645296540 8799 -1
15439313649372590 59 1
15439313649426960 117 -1
15439313649427618 9 -1
15439313649429678 16383 -1
15439313649429870 1 -1
15439313649430010 9 -1
15439313649432508 16382 -1
15439313649433020 2 -1
15439313649433200 9 -1
15439313649435790 16383 -1
15439313649435830 1 -1
15439313649435862 9 -1
15439313649438490 16382 -1
15439313649438520 2 -1
15439313649439030 9 -1
15439313649441782 16383 -1
15439313649441810 1 -1
15439313649441832 9 -1
15439313649444500 16382 -1
15439313649444530 2 -1
15439313649444540 9 -1
15439313649446102 8234 -1
15439313653493270 78 1
15439313653547152 171 -1
15439313653547700 9 -1
15439313653548260 2617 -1
15439313657563570 58 1
15439313657640620 131 -1
15439313657640820 9 -1
15439313657643350 16383 -1
15439313657643420 1 -1
15439313657643470 9 -1
15439313657646170 16382 -1
15439313657646710 2 -1
15439313657646780 9 -1
15439313657649390 16383 -1
15439313657649428 1 -1
15439313657649450 9 -1
15439313657652080 16382 -1
15439313657652640 2 -1
15439313657652660 9 -1
15439313657655398 16381 -1
15439313657655430 3 -1
15439313657655950 9 -1
15439313657658200 16380 -1
15439313657658740 4 -1
15439313657658770 9 -1
15439313657661430 16379 -1
15439313657661460 5 -1
15439313657661468 9 -1
15439313657664140 16383 -1
15439313657664180 1 -1
15439313657664198 9 -1
15439313657666330 12117 -1
15439313661808540 9 1
15439313661808540 91 1
15439313661863912 165 -1
15439313661864140 9 -1
15439313661867130 16383 -1
15439313661867180 1 -1
15439313661867220 9 -1
15439313661869850 16383 -1
15439313661870400 1 -1
15439313661870450 9 -1
15439313661873100 16382 -1
15439313661873150 2 -1
15439313661873190 9 -1
15439313661874248 5261 -1
15439313665956080 88 1
15439313666012052 160 -1
15439313666012558 9 -1
15439313666015320 16383 -1
15439313666015380 1 -1
15439313666015420 9 -1
15439313666018072 16383 -1
15439313666018590 1 -1
15439313666018630 9 -1
15439313666019710 5759 -1
15439313670093550 88 1
15439313670151240 282 -1
15439313670151400 9 -1
15439313670154480 16383 -1
15439313670154520 1 -1
15439313670155050 9 -1
15439313670157330 16382 -1
15439313670157800 2 -1
15439313670157840 9 -1
15439313670160560 16383 -1
15439313670160590 1 -1
15439313670161120 9 -1
15439313670163800 16382 -1
15439313670163820 2 -1
15439313670163830 9 -1
15439313670167040 16381 -1
15439313670167070 3 -1
15439313670167078 9 -1
15439313670169750 16380 -1
15439313670169770 4 -1
15439313670170270 9 -1
15439313670172948 16379 -1
15439313670172980 5 -1
15439313670172990 9 -1
15439313670175682 16378 -1
15439313670175720 6 -1
15439313670176230 9 -1
15439313670178462 16383 -1
15439313670178930 1 -1
15439313670178950 9 -1
15439313670180550 8460 -1
15439313674313620 89 1
15439313674367530 160 -1
15439313674368100 9 -1
15439313674370260 16383 -1
15439313674370770 1 -1
15439313674370830 9 -1
15439313674373650 16383 -1
15439313674373710 1 -1
15439313674373750 9 -1
15439313674376300 16382 -1
15439313674376860 2 -1
15439313674376882 9 -1
15439313674379000 16381 -1
15439313674379510 3 -1
15439313674379540 9 -1
15439313674382190 16380 -1
15439313674382228 4 -1
15439313674382270 9 -1
15439313674383320 3136 -1
15439313678451560 88 1
15439313678511320 159 -1
15439313678511570 9 -1
15439313678514590 16383 -1
15439313678514640 1 -1
15439313678514668 9 -1
15439313678517310 16383 -1
15439313678517360 1 -1
15439313678517398 9 -1
15439313678520060 16382 -1
15439313678520090 2 -1
15439313678520110 9 -1
15439313678521180 5195 -1
15439313682567192 89 1
15439313682623488 179 -1
15439313682623652 9 -1
15439313682626690 16383 -1
15439313682627240 1 -1
15439313682627290 9 -1
15439313682630000 16382 -1
15439313682630040 2 -1
15439313682630082 9 -1
15439313682632700 16383 -1
15439313682632720 1 -1
15439313682633250 9 -1
15439313682636030 16382 -1
15439313682636060 2 -1
15439313682636080 9 -1
15439313682638760 16381 -1
15439313682638782 3 -1
15439313682638800 9 -1
15439313682641600 16380 -1
15439313682642140 4 -1
15439313682642168 9 -1
15439313682644780 16379 -1
15439313682644810 5 -1
15439313682644830 9 -1
15439313682645350 500 -1
15439313686721930 78 1
15439313686775980 149 -1
15439313686776170 9 -1
15439313686777060 2795 -1
15439313690788340 78 1
15439313690841430 170 -1
15439313690841650 9 -1
15439313690842490 2617 -1
15439313694851300 78 1
15439313694908760 143 -1
15439313694908978 9 -1
15439313694909830 3151 -1
15439313698929170 78 1
15439313698984490 149 -1
15439313698984620 9 -1
15439313698985590 3329 -1
15439313702998322 78 1
15439313703052230 172 -1
15439313703052430 9 -1
15439313703053300 1794 -1
15439313707061240 63 1
15439313707116320 115 -1
15439313707116510 9 -1
15439313707117920 4443 -1
15439313711127580 63 1
15439313711181682 232 -1
15439313711181850 9 -1
15439313711183300 4973 -1
15439313715188310 63 1
15439313715244278 129 -1
15439313715244480 9 -1
15439313715245900 6592 -1
15439313719265280 63 1
15439313719319610 129 -1
15439313719320140 9 -1
15439313719321820 5469 -1
15439313723344020 64 1
15439313723398380 153 -1
15439313723398610 9 -1
15439313723400620 4707 -1
15439313727453490 63 1
15439313727539100 129 -1
15439313727539640 9 -1
15439313727541290 4341 -1
