### "'84530 169953 20152 16298 193527 107884 184372 169019 310999 112864 128721 327111 134489 132157 123589 175014 166172 273875 113811 231576 10698 105215 16298 16298 9826 120844 38551 8633 8958 9006'"
0 0 0
15444693739054698 148 1
15444693739054698 186 1
0 0 0
15444693738906950 39 -1
15444693738907340 13 -1
15444693738953640 148 1
15444693738953640 205 1
15444693739002220 9 -1
15444693739011400 311 -1
15444693739011480 9 -1
15444693739012750 2795 -1
0 0 0
15444693738747990 148 1
15444693738747990 198 1
15444693738748100 39 -1
15444693738748478 13 -1
15444693738802800 9 -1
15444693738809290 308 -1
15444693738809510 9 -1
15444693738812038 16383 -1
15444693738812038 1 -1
15444693738812038 9 -1
15444693738814198 16382 -1
15444693738814198 2 -1
15444693738814198 9 -1
15444693738865300 16381 -1
15444693738865300 3 -1
15444693738865300 9 -1
15444693738867650 16383 -1
15444693738867650 1 -1
15444693738867650 9 -1
15444693738869670 16382 -1
15444693738869670 2 -1
15444693738869670 9 -1
15444693738870210 2610 -1
15444693742944050 78 1
15444693743003950 171 -1
15444693743004210 9 -1
15444693743005050 2261 -1
15444693747016420 58 1
15444693751016560 77 1
15444693751077630 153 -1
15444693751078170 9 -1
15444693751081532 16298 -1
15444693755104590 59 1
15444693755166590 132 -1
15444693755167100 9 -1
15444693755169808 16383 -1
15444693755169840 1 -1
15444693755169870 9 -1
15444693755172510 16383 -1
15444693755173060 1 -1
15444693755173110 9 -1
15444693755175800 16382 -1
15444693755175860 2 -1
15444693755176360 9 -1
15444693755179120 16381 -1
15444693755179220 3 -1
15444693755179250 9 -1
15444693755181840 16383 -1
15444693755181890 1 -1
15444693755182400 9 -1
15444693755185080 16382 -1
15444693755185140 2 -1
15444693755185160 9 -1
15444693755224800 16381 -1
15444693755224800 3 -1
15444693755224800 9 -1
15444693755227440 16380 -1
15444693755227480 4 -1
15444693755227510 9 -1
15444693755230140 16379 -1
15444693755230140 5 -1
15444693755230140 9 -1
15444693755232862 16378 -1
15444693755232862 6 -1
15444693755232862 9 -1
15444693755235230 16377 -1
15444693755235230 7 -1
15444693755235230 9 -1
15444693755236880 13303 -1
15444693759399790 59 1
15444693759461300 108 -1
15444693759461420 9 -1
15444693759464520 16383 -1
15444693759464560 1 -1
15444693759464590 9 -1
15444693759467298 16383 -1
15444693759467400 1 -1
15444693759467420 9 -1
15444693759470580 16382 -1
15444693759470620 2 -1
15444693759470652 9 -1
15444693759473330 16381 -1
15444693759473390 3 -1
15444693759473870 9 -1
15444693759476630 16383 -1
15444693759476668 1 -1
15444693759476700 9 -1
15444693759479300 16382 -1
15444693759479850 2 -1
15444693759479900 9 -1
15444693759481480 9580 -1
15444693763601940 59 1
15444693763663950 131 -1
15444693763664200 9 -1
15444693763667120 16383 -1
15444693763667150 1 -1
15444693763667180 9 -1
15444693763669830 16383 -1
15444693763669880 1 -1
15444693763670370 9 -1
15444693763672560 16382 -1
15444693763672640 2 -1
15444693763673110 9 -1
15444693763675850 16381 -1
15444693763675890 3 -1
15444693763675910 9 -1
15444693763678550 16380 -1
15444693763679170 4 -1
15444693763679200 9 -1
15444693763681850 16379 -1
15444693763681880 5 -1
15444693763681900 9 -1
15444693763684540 16378 -1
15444693763684590 6 -1
15444693763685082 9 -1
15444693763687798 16383 -1
15444693763687830 1 -1
15444693763687860 9 -1
15444693763690470 16382 -1
15444693763691010 2 -1
15444693763691052 9 -1
15444693763693790 16381 -1
15444693763693840 3 -1
15444693763693860 9 -1
15444693763696540 16380 -1
15444693763697080 4 -1
15444693763697122 9 -1
15444693763697640 4148 -1
15444693767724800 58 1
15444693767785850 109 -1
15444693767785980 9 -1
15444693767788538 16383 -1
15444693767789090 1 -1
15444693767789120 9 -1
15444693767791800 16382 -1
15444693767791870 2 -1
15444693767791900 9 -1
15444693767794590 16383 -1
15444693767794690 1 -1
15444693767794710 9 -1
15444693767797390 16382 -1
15444693767797490 2 -1
15444693767797520 9 -1
15444693767800100 16381 -1
15444693767800610 3 -1
15444693767800642 9 -1
15444693767803320 16380 -1
15444693767803380 4 -1
15444693767803410 9 -1
15444693767806612 16379 -1
15444693767806640 5 -1
15444693767806662 9 -1
15444693767808868 16378 -1
15444693767809430 6 -1
15444693767809460 9 -1
15444693767812130 16383 -1
15444693767812180 1 -1
15444693767812678 9 -1
15444693767815390 16382 -1
15444693767815462 2 -1
15444693767815490 9 -1
15444693767816460 5179 -1
15444693771936430 78 1
15444693771998500 171 -1
15444693771998652 9 -1
15444693771999568 2617 -1
15444693776014820 59 1
15444693776088360 130 -1
15444693776088860 9 -1
15444693776091052 16383 -1
15444693776091558 1 -1
15444693776091590 9 -1
15444693776094370 16383 -1
15444693776094440 1 -1
15444693776094460 9 -1
15444693776097700 16382 -1
15444693776097742 2 -1
15444693776097770 9 -1
15444693776100320 16381 -1
15444693776100370 3 -1
15444693776100400 9 -1
15444693776104382 16383 -1
15444693776104478 1 -1
15444693776104520 9 -1
15444693776106360 16382 -1
15444693776106410 2 -1
15444693776106442 9 -1
15444693776109000 16381 -1
15444693776109550 3 -1
15444693776109580 9 -1
15444693776111122 2 -1
15444693776111340 9 -1
15444693776114932 16383 -1
15444693776142300 1 -1
15444693776143460 9 -1
15444693776146420 16382 -1
15444693776146460 2 -1
15444693776146482 9 -1
15444693776149140 16383 -1
15444693776149340 1 -1
15444693776149430 9 -1
15444693776152100 16382 -1
15444693776152260 2 -1
15444693776152698 9 -1
15444693776155080 16087 -1
15444693780437428 59 1
15444693780498130 153 -1
15444693780498660 9 -1
15444693780501400 16383 -1
15444693780501500 1 -1
15444693780501960 9 -1
15444693780504770 16383 -1
15444693780504860 1 -1
15444693780504910 9 -1
15444693780507450 16382 -1
15444693780508010 2 -1
15444693780508060 9 -1
15444693780510640 16381 -1
15444693780511190 3 -1
15444693780511220 9 -1
15444693780514450 16383 -1
15444693780514490 1 -1
15444693780514510 9 -1
15444693780517810 16382 -1
15444693780517840 2 -1
15444693780517868 9 -1
15444693780520570 14560 -1
15444693784686070 59 1
15444693784762530 187 -1
15444693784762730 9 -1
15444693784765730 15873 -1
15444693784765800 511 -1
15444693784765862 9 -1
15444693784768432 15872 -1
15444693784768490 512 -1
15444693784768990 9 -1
15444693784771610 15871 -1
15444693784771640 513 -1
15444693784771668 9 -1
15444693784774340 15870 -1
15444693784774402 514 -1
15444693784774870 9 -1
15444693784777070 15869 -1
15444693784777600 515 -1
15444693784777630 9 -1
15444693784780290 15868 -1
15444693784780330 516 -1
15444693784780360 9 -1
15444693784783550 15867 -1
15444693784783590 517 -1
15444693784783608 9 -1
15444693784785650 14033 -1
15444693788941720 58 1
15444693789003350 163 -1
15444693789003850 9 -1
15444693789007152 16383 -1
15444693789007210 1 -1
15444693789007260 9 -1
15444693789010450 16383 -1
15444693789010488 1 -1
15444693789010520 9 -1
15444693789013210 16382 -1
15444693789013760 2 -1
15444693789013792 9 -1
15444693789016480 16381 -1
15444693789016530 3 -1
15444693789017028 9 -1
15444693789019730 16383 -1
15444693789019770 1 -1
15444693789019800 9 -1
15444693789023080 16382 -1
15444693789023130 2 -1
15444693789023160 9 -1
15444693789025940 6 -1
15444693789025980 9 -1
15444693789026030 3 -1
15444693789029310 16377 -1
15444693789029400 7 -1
15444693789029490 9 -1
15444693789033930 16383 -1
15444693789034040 1 -1
15444693789034140 9 -1
15444693789035398 16382 -1
15444693789035500 2 -1
15444693789035612 9 -1
15444693789044840 16381 -1
15444693789044940 3 -1
15444693789045050 9 -1
15444693789046340 16380 -1
15444693789046440 4 -1
15444693789046610 9 -1
15444693789047912 15815 -1
15444693793366130 58 1
15444693793430140 150 -1
15444693793432692 9 -1
15444693793432850 16383 -1
15444693793433040 1 -1
15444693793433850 9 -1
15444693793436502 16382 -1
15444693793436660 2 -1
15444693793436698 9 -1
15444693793439440 16381 -1
15444693793439500 3 -1
15444693793439550 9 -1
15444693793442112 16383 -1
15444693793442170 1 -1
15444693793442668 9 -1
15444693793445380 16382 -1
15444693793445430 2 -1
15444693793445448 9 -1
15444693793448120 16381 -1
15444693793448182 3 -1
15444693793448710 9 -1
15444693793451480 16380 -1
15444693793451570 4 -1
15444693793451600 9 -1
15444693793454130 16379 -1
15444693793454180 5 -1
15444693793454690 9 -1
15444693793455260 3417 -1
15444693797592320 58 1
15444693801603890 59 1
15444693802209560 155 -1
15444693802209790 9 -1
15444693802213320 16383 -1
15444693802213440 1 -1
15444693802213890 9 -1
15444693802216620 16383 -1
15444693802216670 1 -1
15444693802216712 9 -1
15444693802219390 16382 -1
15444693802219450 2 -1
15444693802219480 9 -1
15444693802222130 16381 -1
15444693802222682 3 -1
15444693802222710 9 -1
15444693802225348 16383 -1
15444693802225410 1 -1
15444693802225900 9 -1
15444693802228550 16382 -1
15444693802228600 2 -1
15444693802228640 9 -1
15444693802231360 16381 -1
15444693802231420 3 -1
15444693802231900 9 -1
15444693802234190 16380 -1
15444693802234650 4 -1
15444693802234690 9 -1
15444693802235220 1085 -1
15444693802301820 132 -1
15444693802302310 9 -1
15444693802305050 16383 -1
15444693802305100 1 -1
15444693802305130 9 -1
15444693802307740 16382 -1
15444693802307790 2 -1
15444693802308300 9 -1
15444693802311020 16381 -1
15444693802311080 3 -1
15444693802311100 9 -1
15444693802313840 16380 -1
15444693802313900 4 -1
15444693802314380 9 -1
15444693802317130 16383 -1
15444693802317172 1 -1
15444693802317200 9 -1
15444693802319788 16382 -1
15444693802319890 2 -1
15444693802320340 9 -1
15444693802323120 16381 -1
15444693802323192 3 -1
15444693802323220 9 -1
15444693802324780 8901 -1
15444693806410552 58 1
15444693806471500 127 -1
15444693806472080 9 -1
15444693806474800 16383 -1
15444693806474870 1 -1
15444693806474920 9 -1
15444693806477560 16383 -1
15444693806477640 1 -1
15444693806478100 9 -1
15444693806480810 16382 -1
15444693806480860 2 -1
15444693806480880 9 -1
15444693806483450 16381 -1
15444693806484000 3 -1
15444693806484030 9 -1
15444693806486740 16383 -1
15444693806487250 1 -1
15444693806487278 9 -1
15444693806490000 16382 -1
15444693806490040 2 -1
15444693806490058 9 -1
15444693806492750 16381 -1
15444693806493310 3 -1
15444693806493350 9 -1
15444693806496020 16380 -1
15444693806496060 4 -1
15444693806496090 9 -1
15444693806498712 16383 -1
15444693806499250 1 -1
15444693806499320 9 -1
15444693806501960 16382 -1
15444693806502010 2 -1
15444693806502040 9 -1
15444693806504158 11174 -1
15444693810672870 58 1
15444693810748702 151 -1
15444693810748890 9 -1
15444693810751410 16383 -1
15444693810751970 1 -1
15444693810752020 9 -1
15444693810754750 16382 -1
15444693810754810 2 -1
15444693810754850 9 -1
15444693810757480 16381 -1
15444693810758030 3 -1
15444693810758060 9 -1
15444693810760738 16380 -1
15444693810760788 4 -1
15444693810760810 9 -1
15444693810763370 16379 -1
15444693810763920 5 -1
15444693810763940 9 -1
15444693810766690 16378 -1
15444693810766730 6 -1
15444693810766750 9 -1
15444693810770000 16377 -1
15444693810770040 7 -1
15444693810770062 9 -1
15444693810772700 16376 -1
15444693810772750 8 -1
15444693810773252 9 -1
15444693810775910 16375 -1
15444693810775960 9 -1
15444693810775980 9 -1
15444693810779250 16374 -1
15444693810779280 10 -1
15444693810779310 9 -1
15444693810779830 2332 -1
15444693814904110 9 1
15444693814904110 61 1
15444693814966000 128 -1
15444693814966158 9 -1
15444693814968810 15873 -1
15444693814968910 511 -1
15444693814969348 9 -1
15444693814972050 16383 -1
15444693814972140 1 -1
15444693814972190 9 -1
15444693814975310 16383 -1
15444693814975340 1 -1
15444693814975360 9 -1
15444693814978040 16382 -1
15444693814978120 2 -1
15444693814978148 9 -1
15444693814980700 16381 -1
15444693814981250 3 -1
15444693814981280 9 -1
15444693814983940 16380 -1
15444693814984478 4 -1
15444693814984510 9 -1
15444693814987208 16383 -1
15444693814987300 1 -1
15444693814988070 2 -1
15444693814988380 9 -1
15444693814991010 16381 -1
15444693814991520 3 -1
15444693814991610 9 -1
15444693814994040 16380 -1
15444693814994258 4 -1
15444693814994350 9 -1
15444693814996582 11731 -1
15444693819188210 58 1
15444693819361450 130 -1
15444693819361690 9 -1
15444693819364778 16383 -1
15444693819364900 1 -1
15444693819365340 9 -1
15444693819368150 16382 -1
15444693819368210 2 -1
15444693819368240 9 -1
15444693819370850 16383 -1
15444693819371400 1 -1
15444693819371450 9 -1
15444693819374160 16382 -1
15444693819374210 2 -1
15444693819374230 9 -1
15444693819377330 16381 -1
15444693819377360 3 -1
15444693819377380 9 -1
15444693819380550 16380 -1
15444693819380578 4 -1
15444693819380600 9 -1
15444693819383290 15507 -1
15444693823445230 58 1
15444693823506450 150 -1
15444693823506970 9 -1
15444693823509700 16383 -1
15444693823509790 1 -1
15444693823509850 9 -1
15444693823512500 16383 -1
15444693823513050 1 -1
15444693823513110 9 -1
15444693823515748 16382 -1
15444693823515800 2 -1
15444693823516322 9 -1
15444693823518520 16381 -1
15444693823519080 3 -1
15444693823519120 9 -1
15444693823521750 16383 -1
15444693823522310 1 -1
15444693823522350 9 -1
15444693823525050 16382 -1
15444693823525110 2 -1
15444693823525600 9 -1
15444693823528370 16381 -1
15444693823528400 3 -1
15444693823530140 6 -1
15444693823530250 9 -1
15444693823531120 2200 -1
15444693827750860 59 1
15444693827817590 130 -1
15444693827818110 9 -1
15444693827820250 10698 -1
15444693831830600 87 1
15444693831897212 256 -1
15444693831897440 9 -1
15444693831900580 16383 -1
15444693831900660 1 -1
15444693831900700 9 -1
15444693831903840 16382 -1
15444693831903910 2 -1
15444693831904440 9 -1
15444693831907080 16383 -1
15444693831907138 1 -1
15444693831907610 9 -1
15444693831910738 16382 -1
15444693831910780 2 -1
15444693831910800 9 -1
15444693831913940 16381 -1
15444693831913990 3 -1
15444693831914030 9 -1
15444693831917182 16380 -1
15444693831917730 4 -1
15444693831917780 9 -1
15444693831918810 6911 -1
15444693835991600 80 1
15444693836052680 175 -1
15444693836052858 9 -1
15444693836055902 16298 -1
15444693840065420 78 1
15444693840127620 170 -1
15444693840127770 9 -1
15444693840128688 2617 -1
15444693844141150 73 1
15444693844201160 120 -1
15444693844201350 9 -1
15444693844204940 15857 -1
15444693844205000 441 -1
15444693848242690 78 1
15444693848303240 149 -1
15444693848303420 9 -1
15444693848304910 2973 -1
15444693852318620 78 1
15444693852380220 171 -1
15444693852380390 9 -1
15444693852381290 3151 -1
15444693856388200 63 1
15444693860389150 63 1
15444693860450562 152 -1
15444693860451140 9 -1
15444693860453350 9826 -1
15444693864480400 63 1
15444693864842370 132 -1
15444693864842588 9 -1
15444693864846200 16383 -1
15444693864846280 1 -1
15444693864846320 9 -1
15444693864849550 16383 -1
15444693864849638 1 -1
15444693864849680 9 -1
15444693864852820 16382 -1
15444693864852870 2 -1
15444693864853390 9 -1
15444693864856160 16381 -1
15444693864856200 3 -1
15444693864856228 9 -1
15444693864859430 16383 -1
15444693864859480 1 -1
15444693864859510 9 -1
15444693864862700 16382 -1
15444693864862730 2 -1
15444693864862760 9 -1
15444693864865912 16381 -1
15444693864865962 3 -1
15444693864865980 9 -1
15444693864867630 6156 -1
15444693869014450 62 1
15444693869084160 130 -1
15444693869084390 9 -1
15444693869086910 15874 -1
15444693869087010 510 -1
15444693869087500 9 -1
15444693869090170 15873 -1
15444693869090260 511 -1
15444693869090310 9 -1
15444693869091870 5783 -1
15444693873183650 63 1
15444693873245230 139 -1
15444693873245430 9 -1
15444693873248520 8633 -1
15444693877264480 63 1
15444693877326140 187 -1
15444693877326730 9 -1
15444693877328920 7280 -1
15444693887485940 185 -1
15444693887486160 9 -1
15444693887488710 8958 -1
15444693966250730 151 -1
15444693966250990 9 -1
15444693966252850 9006 -1
0 0 0
15444693738994902 39 -1
15444693738995308 13 -1
15444693738997040 148 1
15444693738997040 187 1
15444693739051140 9 -1
15444693739059278 294 -1
15444693739059340 9 -1
15444693739062418 16383 -1
15444693739062418 1 -1
15444693739062418 9 -1
15444693739064610 16382 -1
15444693739064610 2 -1
15444693739064610 9 -1
15444693739115282 16381 -1
15444693739115282 3 -1
15444693739115282 9 -1
15444693739117500 16380 -1
15444693739117500 4 -1
15444693739117500 9 -1
15444693739119750 16383 -1
15444693739119750 1 -1
15444693739119750 9 -1
15444693739122478 16382 -1
15444693739122478 2 -1
15444693739122478 9 -1
15444693739124170 16381 -1
15444693739124170 3 -1
15444693739124170 9 -1
15444693739168570 16380 -1
15444693739168570 4 -1
15444693739168570 9 -1
15444693739170250 16379 -1
15444693739170250 5 -1
15444693739170250 9 -1
15444693739196538 16378 -1
15444693739196538 6 -1
15444693739196538 9 -1
15444693739197490 6113 -1
0 0 0
15444693738854820 39 -1
15444693738854950 13 -1
15444693738894898 148 1
15444693738894898 206 1
15444693738950930 9 -1
15444693738955460 312 -1
15444693738955500 9 -1
15444693738958430 16383 -1
15444693738958430 1 -1
15444693738958430 9 -1
15444693738958430 3768 -1
0 0 0
15444693738958290 148 1
15444693738958290 205 1
15444693738958350 39 -1
15444693738958390 13 -1
15444693739014850 9 -1
15444693739022542 311 -1
15444693739022600 9 -1
15444693739023490 1959 -1
