### "'138291 34925 8127 16298 24761 30126 45728 65345 126867 61182 34538 39351 15379 37233 289405 210268 159566 32566 53132 51906 62837 121187 19322 54176 24924 99564 45123'"
0 0 0
15439387175320712 148 1
15439387175320712 189 1
0 0 0
15439387164402630 39 -1
15439387164402990 13 -1
15439387164561620 148 1
15439387164561620 199 1
15439387164617240 9 -1
15439387164623000 368 -1
15439387164623548 9 -1
15439387164626278 16383 -1
15439387164626278 1 -1
15439387164626320 9 -1
15439387164629000 16383 -1
15439387164629000 1 -1
15439387164629000 9 -1
15439387164629000 2157 -1
0 0 0
15439387164670280 148 1
15439387164670280 185 1
0 0 0
15439387164429122 39 -1
15439387164429490 13 -1
15439387164708660 148 1
15439387164708660 198 1
15439387164759970 9 -1
15439387164765410 336 -1
15439387164765560 9 -1
15439387164767612 7190 -1
0 0 0
15439387164262820 148 1
15439387164262820 198 1
0 0 0
15439387164533520 148 1
15439387164533520 184 1
0 0 0
15439387175731152 148 1
15439387175731152 188 1
15439387175731480 39 -1
15439387175732000 13 -1
15439387175781270 9 -1
15439387175787858 292 -1
15439387175788010 9 -1
15439387175789690 5021 -1
15439387179808350 63 1
15439387179862730 129 -1
15439387179862860 9 -1
15439387179865580 8127 -1
15439387183878232 63 1
15439387183938180 151 -1
15439387183938710 9 -1
15439387183940940 7341 -1
15439387187944428 63 1
15439387187998600 130 -1
15439387187999120 9 -1
15439387188001380 7386 -1
15439387192021060 63 1
15439387192075680 153 -1
15439387192075810 9 -1
15439387192078568 7511 -1
15439387196097160 63 1
15439387196183792 128 -1
15439387196183888 9 -1
15439387196185990 7717 -1
15439387200218092 9 1
15439387216440900 75 1
15439387216497210 198 -1
15439387216497728 9 -1
15439387216500490 16298 -1
15439387220563992 57 1
15439387220619490 148 -1
15439387220620000 9 -1
15439387220622780 16383 -1
15439387220622780 1 -1
15439387220622780 9 -1
15439387220623310 8377 -1
15439387224649260 58 1
15439387224705290 102 -1
15439387224705480 9 -1
15439387224708000 16383 -1
15439387224708000 1 -1
15439387224708550 9 -1
15439387224710730 13742 -1
15439387228758600 58 1
15439387228817912 95 -1
15439387228818130 9 -1
15439387228821640 16383 -1
15439387228821640 1 -1
15439387228822150 9 -1
15439387228824350 16383 -1
15439387228824350 1 -1
15439387228824350 9 -1
15439387228826540 12960 -1
15439387232926920 58 1
15439387232982530 149 -1
15439387232983028 9 -1
15439387232985730 16383 -1
15439387232985762 1 -1
15439387232985790 9 -1
15439387232988492 16383 -1
15439387232989010 1 -1
15439387232989060 9 -1
15439387232991220 16382 -1
15439387232991750 2 -1
15439387232991770 9 -1
15439387232993910 16193 -1
15439387237050430 58 1
15439387237106680 235 -1
15439387237106832 9 -1
15439387237109510 16383 -1
15439387237109960 1 -1
15439387237110010 9 -1
15439387237112660 16383 -1
15439387237112710 1 -1
15439387237112752 9 -1
15439387237115410 16382 -1
15439387237115460 2 -1
15439387237115500 9 -1
15439387237118052 16381 -1
15439387237118080 3 -1
15439387237118608 9 -1
15439387237120780 16383 -1
15439387237120800 1 -1
15439387237121338 9 -1
15439387237123480 16382 -1
15439387237124040 2 -1
15439387237124060 9 -1
15439387237126190 16381 -1
15439387237126740 3 -1
15439387237126760 9 -1
15439387237156570 12179 -1
15439387241262478 59 1
15439387241321362 152 -1
15439387241321600 9 -1
15439387241324028 16383 -1
15439387241324580 1 -1
15439387241324648 9 -1
15439387241327300 16382 -1
15439387241327350 2 -1
15439387241327400 9 -1
15439387241330080 16383 -1
15439387241330112 1 -1
15439387241330140 9 -1
15439387241331940 12030 -1
15439387245447490 59 1
15439387245502592 117 -1
15439387245502820 9 -1
15439387245505300 16383 -1
15439387245505840 1 -1
15439387245505878 9 -1
15439387245508730 16383 -1
15439387245508790 1 -1
15439387245508830 9 -1
15439387245508950 1770 -1
15439387249695950 59 1
15439387249751610 130 -1
15439387249751870 9 -1
15439387249754282 16383 -1
15439387249754820 1 -1
15439387249754900 9 -1
15439387249756980 16383 -1
15439387249757500 1 -1
15439387249757550 9 -1
15439387249758630 6583 -1
15439387253911310 58 1
15439387253966480 149 -1
15439387253966720 9 -1
15439387253969120 15379 -1
15439387257985138 58 1
15439387258043690 130 -1
15439387258043920 9 -1
15439387258046340 16383 -1
15439387258046890 1 -1
15439387258046948 9 -1
15439387258049610 16382 -1
15439387258049660 2 -1
15439387258049710 9 -1
15439387258050750 4465 -1
15439387262481780 59 1
15439387262539970 149 -1
15439387262540180 9 -1
15439387262543200 16383 -1
15439387262543250 1 -1
15439387262543280 9 -1
15439387262545920 16383 -1
15439387262545970 1 -1
15439387262546020 9 -1
15439387262548620 16382 -1
15439387262548640 2 -1
15439387262548650 9 -1
15439387262551360 16381 -1
15439387262551380 3 -1
15439387262551400 9 -1
15439387262554040 16380 -1
15439387262554070 4 -1
15439387262554090 9 -1
15439387262556750 16383 -1
15439387262556770 1 -1
15439387262556788 9 -1
15439387262567750 16382 -1
15439387262567870 2 -1
15439387262567900 9 -1
15439387262568040 16381 -1
15439387262568070 3 -1
15439387262568490 2 -1
15439387262568620 9 -1
15439387262591168 16381 -1
15439387262591168 3 -1
15439387262591168 9 -1
15439387262596770 16380 -1
15439387262596770 4 -1
15439387262596770 9 -1
15439387262617158 16379 -1
15439387262617158 5 -1
15439387262617158 9 -1
15439387262618230 10877 -1
15439387266843280 59 1
15439387266898220 108 -1
15439387266898510 9 -1
15439387266901550 16383 -1
15439387266901600 1 -1
15439387266901640 9 -1
15439387266904870 16382 -1
15439387266904932 2 -1
15439387266904970 9 -1
15439387266908150 16383 -1
15439387266908180 1 -1
15439387266908190 9 -1
15439387266911330 16382 -1
15439387266911350 2 -1
15439387266911358 9 -1
15439387266914020 16381 -1
15439387266914580 3 -1
15439387266914610 9 -1
15439387266917250 16380 -1
15439387266917282 4 -1
15439387266917300 9 -1
15439387266920530 16383 -1
15439387266920560 1 -1
15439387266920580 9 -1
15439387266923770 16382 -1
15439387266923800 2 -1
15439387266923820 9 -1
15439387266926480 16381 -1
15439387266926510 3 -1
15439387266927040 9 -1
15439387266929760 16380 -1
15439387266929790 4 -1
15439387266929810 9 -1
15439387266932520 16379 -1
15439387266932560 5 -1
15439387266933082 9 -1
15439387266935790 16378 -1
15439387266935820 6 -1
15439387266935840 9 -1
15439387266938530 13660 -1
15439387271118540 58 1
15439387271181180 141 -1
15439387271181368 9 -1
15439387271184400 16383 -1
15439387271184440 1 -1
15439387271184480 9 -1
15439387271187192 16383 -1
15439387271187748 1 -1
15439387271187798 9 -1
15439387271189990 16382 -1
15439387271190520 2 -1
15439387271190540 9 -1
15439387271193220 16383 -1
15439387271193768 1 -1
15439387271193800 9 -1
15439387271196548 16382 -1
15439387271196580 2 -1
15439387271196600 9 -1
15439387271199210 16383 -1
15439387271199760 1 -1
15439387271199790 9 -1
15439387271202500 16382 -1
15439387271202530 2 -1
15439387271202540 9 -1
15439387271205760 16381 -1
15439387271205790 3 -1
15439387271205810 9 -1
15439387271208450 16383 -1
15439387271208480 1 -1
15439387271208962 9 -1
15439387271210670 12110 -1
15439387275345130 88 1
15439387275402710 154 -1
15439387275402890 9 -1
15439387275405980 16383 -1
15439387275406020 1 -1
15439387275406100 9 -1
15439387275409278 16182 -1
15439387279449830 87 1
15439387279508960 141 -1
15439387279509520 9 -1
15439387279512200 16383 -1
15439387279512240 1 -1
15439387279512260 9 -1
15439387279514990 16382 -1
15439387279515550 2 -1
15439387279515590 9 -1
15439387279518312 16381 -1
15439387279518350 3 -1
15439387279518850 9 -1
15439387279519430 3980 -1
15439387283585588 87 1
15439387283655350 285 -1
15439387283655630 9 -1
15439387283658610 16383 -1
15439387283658650 1 -1
15439387283658690 9 -1
15439387283661930 16382 -1
15439387283661990 2 -1
15439387283662022 9 -1
15439387283665200 16383 -1
15439387283665230 1 -1
15439387283665240 9 -1
15439387283665770 2754 -1
15439387287715098 88 1
15439387287772790 159 -1
15439387287772990 9 -1
15439387287775910 16383 -1
15439387287775960 1 -1
15439387287776000 9 -1
15439387287779150 16383 -1
15439387287779200 1 -1
15439387287779232 9 -1
15439387287781880 16382 -1
15439387287782430 2 -1
15439387287782450 9 -1
15439387287785090 13685 -1
15439387291842030 88 1
15439387291898602 177 -1
15439387291899108 9 -1
15439387291901910 15834 -1
15439387291901960 550 -1
15439387291901988 9 -1
15439387291904600 16383 -1
15439387291904650 1 -1
15439387291905160 9 -1
15439387291907850 16383 -1
15439387291907870 1 -1
15439387291907890 9 -1
15439387291910592 16382 -1
15439387291911140 2 -1
15439387291911160 9 -1
15439387291913828 16381 -1
15439387291913860 3 -1
15439387291913870 9 -1
15439387291916600 16380 -1
15439387291916620 4 -1
15439387291917150 9 -1
15439387291919920 16383 -1
15439387291919950 1 -1
15439387291920000 9 -1
15439387291921050 6499 -1
15439387296044020 59 1
15439387296098480 130 -1
15439387296099020 9 -1
15439387296101710 16383 -1
15439387296101760 1 -1
15439387296101800 9 -1
15439387296102820 2938 -1
15439387300137290 58 1
15439387300193200 153 -1
15439387300193428 9 -1
15439387300196410 16383 -1
15439387300196450 1 -1
15439387300196480 9 -1
15439387300199690 16383 -1
15439387300199740 1 -1
15439387300199760 9 -1
15439387300202480 16382 -1
15439387300202510 2 -1
15439387300203030 9 -1
15439387300204188 5024 -1
15439387304245260 58 1
15439387304301750 131 -1
15439387304301900 9 -1
15439387304304940 16383 -1
15439387304304990 1 -1
15439387304305028 9 -1
15439387304306590 8540 -1
0 0 0
15439387164255460 39 -1
15439387164255500 13 -1
15439387164394710 148 1
15439387164394710 197 1
15439387164443200 9 -1
15439387164448990 309 -1
15439387164449520 9 -1
15439387164452220 16383 -1
15439387164452220 1 -1
15439387164452270 9 -1
15439387164455020 16383 -1
15439387164455020 1 -1
15439387164455020 9 -1
15439387164499140 16382 -1
15439387164499140 2 -1
15439387164499140 9 -1
15439387164501950 16381 -1
15439387164501950 3 -1
15439387164501950 9 -1
15439387164504700 16383 -1
15439387164504700 1 -1
15439387164504700 9 -1
15439387164506790 16382 -1
15439387164506790 2 -1
15439387164506790 9 -1
15439387164509530 16381 -1
15439387164509530 3 -1
15439387164509530 9 -1
15439387164545820 16380 -1
15439387164545820 4 -1
15439387164545820 9 -1
15439387164547460 7219 -1
0 0 0
15439387174411350 148 1
15439387174411350 204 1
