### "'240575 12553 104025 83745 8702 12473 163580 250212 196592 237176 178354 87900 232772 170610 106114 188644 187148 160513 189304 78927 13304 191664 13772 84632 132759 170519'"
0 0 0
15439393553807570 148 1
15439393553807570 180 1
15439393553807630 39 -1
15439393553807950 13 -1
15439393553862740 9 -1
15439393553868970 293 -1
15439393553869040 9 -1
15439393553871738 16383 -1
15439393553871738 1 -1
15439393553871738 9 -1
15439393553874480 16382 -1
15439393553874480 2 -1
15439393553874480 9 -1
15439393553924920 16381 -1
15439393553924920 3 -1
15439393553924920 9 -1
15439393553927570 16383 -1
15439393553927570 1 -1
15439393553927570 9 -1
15439393553929700 16382 -1
15439393553929700 2 -1
15439393553929700 9 -1
15439393553929700 1825 -1
15439393557964060 9 1
15439393562006270 81 1
15439393562068210 171 -1
15439393562068750 9 -1
15439393562069290 3151 -1
15439393566080390 77 1
15439393566141160 148 -1
15439393566141270 9 -1
15439393566142818 3685 -1
15439393570151820 78 1
15439393570211570 171 -1
15439393570211750 9 -1
15439393570212570 2083 -1
15439393574231810 78 1
15439393574293690 149 -1
15439393574293940 9 -1
15439393574294720 3863 -1
15439393578305990 78 1
15439393582307230 63 1
15439393582389380 152 -1
15439393582389892 9 -1
15439393582392080 6812 -1
15439393582881970 148 -1
15439393582882522 9 -1
15439393582883100 2795 -1
15439393586889720 63 1
15439393586953680 130 -1
15439393586953860 9 -1
15439393586955810 8702 -1
15439393590971160 63 1
15439393591032160 152 -1
15439393591032700 9 -1
15439393591036100 7922 -1
15439393595049170 62 1
15439393595111340 129 -1
15439393595111470 9 -1
15439393595114680 7115 -1
15439393599126552 63 1
15439393599188170 229 -1
15439393599188380 9 -1
15439393599190990 6319 -1
15439393603205600 63 1
15439393603267600 149 -1
15439393603268120 9 -1
15439393603269760 12473 -1
15439393615439470 78 1
15439393615500060 170 -1
15439393615500200 9 -1
15439393615501210 2795 -1
15439393619504830 58 1
15439393619565210 74 -1
15439393619565750 9 -1
15439393619568542 16383 -1
15439393619568580 1 -1
15439393619569098 9 -1
15439393619571782 16383 -1
15439393619571820 1 -1
15439393619571850 9 -1
15439393619575068 16382 -1
15439393619575068 2 -1
15439393619575068 9 -1
15439393619577292 16381 -1
15439393619577292 3 -1
15439393619577840 9 -1
15439393619580090 16383 -1
15439393619580640 1 -1
15439393619580670 9 -1
15439393619583490 16382 -1
15439393619583490 2 -1
15439393619583520 9 -1
15439393619620500 16383 -1
15439393619620500 1 -1
15439393619620500 9 -1
15439393619623230 16382 -1
15439393619623230 2 -1
15439393619623250 9 -1
15439393619625910 16383 -1
15439393619625940 1 -1
15439393619626480 9 -1
15439393619629240 16124 -1
15439393623750030 78 1
15439393623810452 96 -1
15439393623810670 9 -1
15439393623811540 2035 -1
15439393627826410 58 1
15439393627887310 131 -1
15439393627887520 9 -1
15439393627890560 16383 -1
15439393627890610 1 -1
15439393627891120 9 -1
15439393627893838 16382 -1
15439393627893888 2 -1
15439393627893920 9 -1
15439393627896500 16383 -1
15439393627896530 1 -1
15439393627897040 9 -1
15439393627899712 16382 -1
15439393627899740 2 -1
15439393627899758 9 -1
15439393627902350 16381 -1
15439393627902890 3 -1
15439393627902920 9 -1
15439393627905590 16380 -1
15439393627905620 4 -1
15439393627905640 9 -1
15439393627908400 16379 -1
15439393627908950 5 -1
15439393627908990 9 -1
15439393627941880 7 -1
15439393627941958 9 -1
15439393627945110 16376 -1
15439393627945130 8 -1
15439393627945660 9 -1
15439393627946228 4452 -1
15439393632324210 58 1
15439393632383990 154 -1
15439393632384150 9 -1
15439393632387270 16383 -1
15439393632387330 1 -1
15439393632387372 9 -1
15439393632390540 16383 -1
15439393632390580 1 -1
15439393632390620 9 -1
15439393632393260 16382 -1
15439393632393820 2 -1
15439393632393840 9 -1
15439393632396532 16381 -1
15439393632396560 3 -1
15439393632396582 9 -1
15439393632399780 16383 -1
15439393632399810 1 -1
15439393632399830 9 -1
15439393632402540 16382 -1
15439393632403090 2 -1
15439393632403110 9 -1
15439393632405870 16381 -1
15439393632405910 3 -1
15439393632406430 9 -1
15439393632409080 16380 -1
15439393632409100 4 -1
15439393632409110 9 -1
15439393632411870 16383 -1
15439393632411950 1 -1
15439393632412420 9 -1
15439393632415130 16382 -1
15439393632415150 2 -1
15439393632415170 9 -1
15439393632417970 16381 -1
15439393632418520 3 -1
15439393632418550 9 -1
15439393632421260 16368 -1
15439393636621840 58 1
15439393636694282 132 -1
15439393636694770 9 -1
15439393636697518 15873 -1
15439393636697568 511 -1
15439393636697610 9 -1
15439393636700302 15872 -1
15439393636700348 512 -1
15439393636700370 9 -1
15439393636703070 15871 -1
15439393636703100 513 -1
15439393636703588 9 -1
15439393636705800 15870 -1
15439393636705830 514 -1
15439393636706290 9 -1
15439393636709098 15869 -1
15439393636709130 515 -1
15439393636709148 9 -1
15439393636711800 15868 -1
15439393636711832 516 -1
15439393636712350 9 -1
15439393636715080 15867 -1
15439393636715110 517 -1
15439393636715118 9 -1
15439393641011022 58 1
15439393641071320 154 -1
15439393641071460 9 -1
15439393641074600 16383 -1
15439393641074650 1 -1
15439393641074690 9 -1
15439393641078000 16383 -1
15439393641078050 1 -1
15439393641078070 9 -1
15439393641080690 16382 -1
15439393641081250 2 -1
15439393641081280 9 -1
15439393641083980 16381 -1
15439393641084530 3 -1
15439393641084558 9 -1
15439393641087250 16383 -1
15439393641087270 1 -1
15439393641087790 9 -1
15439393641090510 16382 -1
15439393641090570 2 -1
15439393641090610 9 -1
15439393641093730 16381 -1
15439393641093750 3 -1
15439393641093760 9 -1
15439393641096430 16380 -1
15439393641096980 4 -1
15439393641097000 9 -1
15439393641099690 16379 -1
15439393641100250 5 -1
15439393641100280 9 -1
15439393641102970 16378 -1
15439393641103010 6 -1
15439393641103030 9 -1
15439393641105822 14514 -1
15439393645523920 58 1
15439393645585110 130 -1
15439393645585330 9 -1
15439393645588840 16383 -1
15439393645588902 1 -1
15439393645588930 9 -1
15439393645592130 16383 -1
15439393645592170 1 -1
15439393645592188 9 -1
15439393645594890 16382 -1
15439393645595420 2 -1
15439393645595440 9 -1
15439393645598208 16381 -1
15439393645598230 3 -1
15439393645598250 9 -1
15439393645600892 16383 -1
15439393645601430 1 -1
15439393645601450 9 -1
15439393645602540 5980 -1
15439393649704320 58 1
15439393649766418 130 -1
15439393649766640 9 -1
15439393649770170 16383 -1
15439393649770228 1 -1
15439393649770270 9 -1
15439393649772912 16383 -1
15439393649773460 1 -1
15439393649773520 9 -1
15439393649776180 16382 -1
15439393649776220 2 -1
15439393649776240 9 -1
15439393649778890 16381 -1
15439393649778910 3 -1
15439393649779438 9 -1
15439393649782160 16380 -1
15439393649782200 4 -1
15439393649782700 9 -1
15439393649784890 16379 -1
15439393649785440 5 -1
15439393649785470 9 -1
15439393649788210 16383 -1
15439393649788762 1 -1
15439393649788790 9 -1
15439393649789988 8 -1
15439393649790060 9 -1
15439393649791080 3396 -1
15439393654204618 57 1
15439393654268250 253 -1
15439393654268400 9 -1
15439393654270980 15873 -1
15439393654271030 511 -1
15439393654271070 9 -1
15439393654273710 15872 -1
15439393654274270 512 -1
15439393654274320 9 -1
15439393654277020 15871 -1
15439393654277040 513 -1
15439393654277060 9 -1
15439393654279690 15870 -1
15439393654279720 514 -1
15439393654279740 9 -1
15439393654282480 16383 -1
15439393654282500 1 -1
15439393654283010 9 -1
15439393654285740 16383 -1
15439393654285760 1 -1
15439393654285778 9 -1
15439393654288440 16382 -1
15439393654288458 2 -1
15439393654288960 9 -1
15439393654291110 16381 -1
15439393654291660 3 -1
15439393654291690 9 -1
15439393654294390 16380 -1
15439393654294410 4 -1
15439393654294940 9 -1
15439393654297120 16379 -1
15439393654297660 5 -1
15439393654297680 9 -1
15439393654298770 6770 -1
15439393658515460 77 1
15439393658578480 147 -1
15439393658579020 9 -1
15439393658579600 3685 -1
15439393662590210 58 1
15439393662652690 154 -1
15439393662653200 9 -1
15439393662655858 16383 -1
15439393662655900 1 -1
15439393662655940 9 -1
15439393662658600 16382 -1
15439393662659150 2 -1
15439393662659190 9 -1
15439393662661900 16383 -1
15439393662661930 1 -1
15439393662661950 9 -1
15439393662665182 16382 -1
15439393662665210 2 -1
15439393662665220 9 -1
15439393662667890 16381 -1
15439393662667920 3 -1
15439393662667940 9 -1
15439393662670610 16380 -1
15439393662671102 4 -1
15439393662671120 9 -1
15439393662672750 7810 -1
15439393666796090 58 1
15439393666857770 132 -1
15439393666858260 9 -1
15439393666860490 16383 -1
15439393666860980 1 -1
15439393666861020 9 -1
15439393666863720 16382 -1
15439393666863770 2 -1
15439393666863800 9 -1
15439393666867002 16383 -1
15439393666867030 1 -1
15439393666867052 9 -1
15439393666869700 16382 -1
15439393666869730 2 -1
15439393666869750 9 -1
15439393666872398 16381 -1
15439393666872972 3 -1
15439393666873000 9 -1
15439393666875630 16380 -1
15439393666875660 4 -1
15439393666876180 9 -1
15439393666878410 16379 -1
15439393666878970 5 -1
15439393666878992 9 -1
15439393666881740 16383 -1
15439393666881760 1 -1
15439393666881780 9 -1
15439393666884520 16382 -1
15439393666884540 2 -1
15439393666885080 9 -1
15439393666887800 16381 -1
15439393666887820 3 -1
15439393666887830 9 -1
15439393666890510 16380 -1
15439393666891060 4 -1
15439393666891078 9 -1
15439393666892158 8420 -1
15439393671142868 58 1
15439393671204072 154 -1
15439393671204610 9 -1
15439393671207890 16383 -1
15439393671207940 1 -1
15439393671207982 9 -1
15439393671210720 16383 -1
15439393671210770 1 -1
15439393671210800 9 -1
15439393671213940 16382 -1
15439393671213970 2 -1
15439393671213990 9 -1
15439393671216630 16381 -1
15439393671216660 3 -1
15439393671216682 9 -1
15439393671219398 16383 -1
15439393671219922 1 -1
15439393671219940 9 -1
15439393671222660 16382 -1
15439393671222690 2 -1
15439393671223240 9 -1
15439393671225318 16381 -1
15439393671225880 3 -1
15439393671225920 9 -1
15439393671228580 16380 -1
15439393671228610 4 -1
15439393671229140 9 -1
15439393671231890 16379 -1
15439393671231920 5 -1
15439393671231940 9 -1
15439393671234580 16378 -1
15439393671234610 6 -1
15439393671235110 9 -1
15439393671237940 16383 -1
15439393671237978 1 -1
15439393671238000 9 -1
15439393671239030 6924 -1
15439393675433940 58 1
15439393675495750 126 -1
15439393675495920 9 -1
15439393675498960 16383 -1
15439393675499498 1 -1
15439393675499530 9 -1
15439393675502260 16382 -1
15439393675502310 2 -1
15439393675502340 9 -1
15439393675504970 16383 -1
15439393675505530 1 -1
15439393675505560 9 -1
15439393675508252 16382 -1
15439393675508270 2 -1
15439393675508290 9 -1
15439393675510830 16381 -1
15439393675511370 3 -1
15439393675511392 9 -1
15439393675514080 16380 -1
15439393675514110 4 -1
15439393675514122 9 -1
15439393675516738 16379 -1
15439393675517280 5 -1
15439393675517312 9 -1
15439393675520030 16378 -1
15439393675520050 6 -1
15439393675520070 9 -1
15439393675522800 16383 -1
15439393675523332 1 -1
15439393675523360 9 -1
15439393675525570 13057 -1
15439393679720160 89 1
15439393679782410 160 -1
15439393679782610 9 -1
15439393679785640 16383 -1
15439393679786170 1 -1
15439393679786210 9 -1
15439393679788858 16382 -1
15439393679788900 2 -1
15439393679788930 9 -1
15439393679791650 16381 -1
15439393679792190 3 -1
15439393679792212 9 -1
15439393679794960 16380 -1
15439393679794980 4 -1
15439393679795000 9 -1
15439393679797750 16383 -1
15439393679798260 1 -1
15439393679798290 9 -1
15439393679800990 16382 -1
15439393679801012 2 -1
15439393679801550 9 -1
15439393679803660 16381 -1
15439393679804220 3 -1
15439393679804240 9 -1
15439393679807010 16380 -1
15439393679807032 4 -1
15439393679807050 9 -1
15439393679809750 16379 -1
15439393679809770 5 -1
15439393679810290 9 -1
15439393679813002 16383 -1
15439393679813020 1 -1
15439393679813048 9 -1
15439393679815720 16382 -1
15439393679815750 2 -1
15439393679816270 9 -1
15439393679818000 9080 -1
15439393684035640 87 1
15439393684098712 185 -1
15439393684098880 9 -1
15439393684101860 16383 -1
15439393684101890 1 -1
15439393684101920 9 -1
15439393684104640 16383 -1
15439393684104690 1 -1
15439393684104732 9 -1
15439393684107440 16382 -1
15439393684107990 2 -1
15439393684108010 9 -1
15439393684110652 16381 -1
15439393684110680 3 -1
15439393684110710 9 -1
15439393684112790 13391 -1
15439393688177690 67 1
15439393688238810 143 -1
15439393688239290 9 -1
15439393688241520 13304 -1
15439393692261360 88 1
15439393692322472 184 -1
15439393692323020 9 -1
15439393692325302 16383 -1
15439393692325770 1 -1
15439393692325810 9 -1
15439393692328560 16382 -1
15439393692328640 2 -1
15439393692328690 9 -1
15439393692331840 16383 -1
15439393692331860 1 -1
15439393692331880 9 -1
15439393692334530 16382 -1
15439393692335082 2 -1
15439393692335100 9 -1
15439393692337780 16383 -1
15439393692337800 1 -1
15439393692337810 9 -1
15439393692340520 16383 -1
15439393692341060 1 -1
15439393692341080 9 -1
15439393692343750 16382 -1
15439393692343770 2 -1
15439393692344310 9 -1
15439393692346470 16383 -1
15439393692346990 1 -1
15439393692347010 9 -1
15439393692349690 16382 -1
15439393692350230 2 -1
15439393692350250 9 -1
15439393692352910 16381 -1
15439393692352942 3 -1
15439393692352960 9 -1
15439393692355660 16380 -1
15439393692355690 4 -1
15439393692355710 9 -1
15439393692357910 11440 -1
15439393696592340 67 1
15439393696652902 260 -1
15439393696653460 9 -1
15439393696656230 13772 -1
15439393700671920 89 1
15439393700845670 182 -1
15439393700845890 9 -1
15439393700848350 16383 -1
15439393700848400 1 -1
15439393700848898 9 -1
15439393700851610 16382 -1
15439393700851660 2 -1
15439393700851700 9 -1
15439393700854330 16383 -1
15439393700854362 1 -1
15439393700854380 9 -1
15439393700857020 16382 -1
15439393700857040 2 -1
15439393700857530 9 -1
15439393700859730 16381 -1
15439393700859750 3 -1
15439393700860270 9 -1
15439393700860850 2712 -1
15439393704979342 89 1
15439393705041080 143 -1
15439393705041600 9 -1
15439393705043850 16383 -1
15439393705044410 1 -1
15439393705044450 9 -1
15439393705046548 16383 -1
15439393705047090 1 -1
15439393705047122 9 -1
15439393705049830 16382 -1
15439393705049860 2 -1
15439393705049880 9 -1
15439393705052580 16381 -1
15439393705052600 3 -1
15439393705053110 9 -1
15439393705055252 16383 -1
15439393705055270 1 -1
15439393705055790 9 -1
15439393705058530 16382 -1
15439393705058560 2 -1
15439393705058580 9 -1
15439393705061272 16381 -1
15439393705061300 3 -1
15439393705061820 9 -1
15439393705064610 16380 -1
15439393705064630 4 -1
15439393705064640 9 -1
15439393705065120 1687 -1
15439393709258830 89 1
15439393709320240 160 -1
15439393709320790 9 -1
15439393709322980 16383 -1
15439393709323512 1 -1
15439393709323550 9 -1
15439393709326270 16383 -1
15439393709326320 1 -1
15439393709326360 9 -1
15439393709329540 16382 -1
15439393709329560 2 -1
15439393709329578 9 -1
15439393709332220 16381 -1
15439393709332250 3 -1
15439393709332740 9 -1
15439393709335460 16383 -1
15439393709335480 1 -1
15439393709335498 9 -1
15439393709338150 16382 -1
15439393709338700 2 -1
15439393709338710 9 -1
0 0 0
15439393552389430 39 -1
15439393552389482 13 -1
15439393552430020 148 1
15439393552430020 180 1
15439393552483410 9 -1
15439393552488740 295 -1
15439393552488790 9 -1
15439393552491520 16383 -1
15439393552491520 1 -1
15439393552492080 9 -1
15439393552494258 16383 -1
15439393552494258 1 -1
15439393552494258 9 -1
15439393552538450 16382 -1
15439393552538450 2 -1
15439393552538450 9 -1
15439393552541170 16381 -1
15439393552541170 3 -1
15439393552541170 9 -1
15439393552543312 16383 -1
15439393552543312 1 -1
15439393552543312 9 -1
15439393552545960 16382 -1
15439393552545960 2 -1
15439393552545960 9 -1
15439393552548140 16381 -1
15439393552548140 3 -1
15439393552548140 9 -1
15439393552585640 16380 -1
15439393552585640 4 -1
15439393552585640 9 -1
15439393552587870 16383 -1
15439393552588388 1 -1
15439393552588420 9 -1
15439393552591400 16382 -1
15439393552591400 2 -1
15439393552591400 9 -1
15439393552593710 16381 -1
15439393552593710 3 -1
15439393552593710 9 -1
15439393552596560 16380 -1
15439393552596560 4 -1
15439393552596560 9 -1
15439393552599298 16379 -1
15439393552599298 5 -1
15439393552599298 9 -1
15439393552633582 16378 -1
15439393552633582 6 -1
15439393552633582 9 -1
15439393552635200 11199 -1
0 0 0
15439393552502330 39 -1
15439393552502380 13 -1
15439393552503360 148 1
15439393552503360 201 1
15439393552558392 9 -1
15439393552598168 312 -1
15439393552598720 9 -1
15439393552600970 12553 -1
0 0 0
15439393553303310 148 1
15439393553303310 200 1
0 0 0
15439393552553700 39 -1
15439393552553740 13 -1
15439393552635390 148 1
15439393552635390 180 1
15439393552690590 9 -1
15439393552695660 294 -1
15439393552696200 9 -1
15439393552699480 16383 -1
15439393552699530 1 -1
15439393552699550 9 -1
15439393552702270 16383 -1
15439393552702350 1 -1
15439393552750412 9 -1
15439393552753050 16382 -1
15439393552753050 2 -1
15439393552753050 9 -1
15439393552755820 16381 -1
15439393552755820 3 -1
15439393552755820 9 -1
15439393552757990 16380 -1
15439393552757990 4 -1
15439393552757990 9 -1
15439393552760620 16379 -1
15439393552760620 5 -1
15439393552760620 9 -1
15439393552761190 5721 -1
0 0 0
15439393552581790 148 1
15439393552581790 192 1
0 0 0
15439393552614880 148 1
15439393552614880 200 1
15439393552614930 39 -1
15439393552615290 13 -1
15439393552670400 9 -1
15439393552675100 310 -1
15439393552675632 9 -1
15439393552676200 2795 -1
0 0 0
15439393552159750 148 1
15439393552159750 200 1
