### "'11779 127745 95659 66350 65632 114120 159410 196223 182868 67906 198294 50619 37188 37393 78548 26797 34613 55150 25922 23117 16298 9495 50619'"
0 0 0
15439412351729382 39 -1
15439412351729420 13 -1
15439412351772810 148 1
15439412351772810 204 1
15439412351821370 9 -1
15439412351826410 311 -1
15439412351826470 9 -1
15439412351828740 11779 -1
15439412355840910 58 1
15439412356086832 130 -1
15439412356086928 9 -1
15439412356090090 16383 -1
15439412356090090 1 -1
15439412356090168 9 -1
15439412356092320 16383 -1
15439412356092320 1 -1
15439412356092320 9 -1
15439412356136110 16382 -1
15439412356136110 2 -1
15439412356136110 9 -1
15439412356138238 16383 -1
15439412356138238 1 -1
15439412356138238 9 -1
15439412356140930 16382 -1
15439412356140930 2 -1
15439412356140930 9 -1
15439412356142520 13739 -1
15439412360169990 59 1
15439412360238440 153 -1
15439412360238572 9 -1
15439412360241138 16383 -1
15439412360241210 1 -1
15439412360241700 9 -1
15439412360244010 16383 -1
15439412360244500 1 -1
15439412360244530 9 -1
15439412360247200 16382 -1
15439412360247230 2 -1
15439412360247250 9 -1
15439412360249970 16381 -1
15439412360250000 3 -1
15439412360250020 9 -1
15439412360250530 814 -1
15439412364273240 59 1
15439412365237670 130 -1
15439412365237752 9 -1
15439412365240970 16383 -1
15439412365241010 1 -1
15439412365241030 9 -1
15439412365243660 16383 -1
15439412365243690 1 -1
15439412365243722 9 -1
15439412365246360 16382 -1
15439412365246388 2 -1
15439412365246880 9 -1
15439412365249030 16381 -1
15439412365249550 3 -1
15439412365249590 9 -1
15439412365249610 96 -1
15439412369290760 59 1
15439412369544480 130 -1
15439412369545010 9 -1
15439412369547680 16383 -1
15439412369547710 1 -1
15439412369547730 9 -1
15439412369550410 16383 -1
15439412369550460 1 -1
15439412369550910 9 -1
15439412369553130 16382 -1
15439412369553152 2 -1
15439412369553740 9 -1
15439412369555850 16381 -1
15439412369556370 3 -1
15439412369556400 9 -1
15439412369559180 16380 -1
15439412369559210 4 -1
15439412369559230 9 -1
15439412369561880 16379 -1
15439412369561902 5 -1
15439412369561920 9 -1
15439412369564670 15816 -1
15439412373669990 58 1
15439412377670010 58 1
15439412377732560 155 -1
15439412377733140 9 -1
15439412377735290 16383 -1
15439412377735800 1 -1
15439412377735820 9 -1
15439412377738540 16382 -1
15439412377738580 2 -1
15439412377739090 9 -1
15439412377741310 16381 -1
15439412377741352 3 -1
15439412377741870 9 -1
15439412377744090 16380 -1
15439412377744638 4 -1
15439412377744660 9 -1
15439412377746860 16379 -1
15439412377747350 5 -1
15439412377747368 9 -1
15439412377750060 16378 -1
15439412377750090 6 -1
15439412377750110 9 -1
15439412377752768 16377 -1
15439412377752810 7 -1
15439412377752830 9 -1
15439412377783250 16376 -1
15439412377783280 8 -1
15439412377783300 9 -1
15439412377786140 16375 -1
15439412377786180 9 -1
15439412377786670 9 -1
15439412377788330 11954 -1
15439412379063320 129 -1
15439412379063398 9 -1
15439412379066520 16383 -1
15439412379066570 1 -1
15439412379066580 9 -1
15439412379069840 16383 -1
15439412379069860 1 -1
15439412379069880 9 -1
15439412379072520 16382 -1
15439412379072550 2 -1
15439412379072570 9 -1
15439412379075220 16381 -1
15439412379075780 3 -1
15439412379075798 9 -1
15439412379078510 16383 -1
15439412379078550 1 -1
15439412379078560 9 -1
15439412379081180 16383 -1
15439412379081200 1 -1
15439412379081220 9 -1
15439412379083930 16382 -1
15439412379083960 2 -1
15439412379084480 9 -1
15439412379086670 16383 -1
15439412379087220 1 -1
15439412379092490 9 -1
15439412379095240 16383 -1
15439412379095270 1 -1
15439412379095790 9 -1
15439412379097980 16382 -1
15439412379098530 2 -1
15439412379098548 9 -1
15439412379101260 16383 -1
15439412379101290 1 -1
15439412379101300 9 -1
15439412379104030 15999 -1
15439412383284860 58 1
15439412383405280 153 -1
15439412383405390 9 -1
15439412383407950 16383 -1
15439412383407990 1 -1
15439412383408502 9 -1
15439412383410890 16383 -1
15439412383411010 1 -1
15439412383411090 9 -1
15439412383413898 16382 -1
15439412383414100 2 -1
15439412383414150 9 -1
15439412383416720 16381 -1
15439412383416780 3 -1
15439412383416820 9 -1
15439412383419148 16383 -1
15439412383419330 1 -1
15439412383419380 9 -1
15439412383421960 16382 -1
15439412383422520 2 -1
15439412383422610 9 -1
15439412383425332 16381 -1
15439412383425490 3 -1
15439412383425530 9 -1
15439412383428230 16380 -1
15439412383428320 4 -1
15439412383428390 9 -1
15439412383430632 16383 -1
15439412383431110 1 -1
15439412383431160 9 -1
15439412383433940 16382 -1
15439412383434020 2 -1
15439412383434060 9 -1
15439412383436790 16381 -1
15439412383436830 3 -1
15439412383436850 9 -1
15439412383437322 2644 -1
15439412387667250 58 1
15439412387783900 130 -1
15439412387784000 9 -1
15439412387786930 16383 -1
15439412387786960 1 -1
15439412387786970 9 -1
15439412387789670 16383 -1
15439412387789732 1 -1
15439412387789750 9 -1
15439412387792330 16382 -1
15439412387792360 2 -1
15439412387792380 9 -1
15439412387795050 16381 -1
15439412387795082 3 -1
15439412387795588 9 -1
15439412387796190 2370 -1
15439412391912430 59 1
15439412392003050 150 -1
15439412392003570 9 -1
15439412392005760 16383 -1
15439412392005780 1 -1
15439412392006300 9 -1
15439412392008490 16382 -1
15439412392009060 2 -1
15439412392009110 9 -1
15439412392011830 16383 -1
15439412392011850 1 -1
15439412392011868 9 -1
15439412392014552 16382 -1
15439412392014570 2 -1
15439412392014590 9 -1
15439412392017230 16383 -1
15439412392017250 1 -1
15439412392017270 9 -1
15439412392019940 16382 -1
15439412392019970 2 -1
15439412392019990 9 -1
15439412392022620 16383 -1
15439412392022640 1 -1
15439412392023180 9 -1
15439412392025310 16382 -1
15439412392025340 2 -1
15439412392025860 9 -1
15439412392028020 16383 -1
15439412392028580 1 -1
15439412392028602 9 -1
15439412392031280 16382 -1
15439412392031310 2 -1
15439412392031332 9 -1
15439412392033930 16381 -1
15439412392033948 3 -1
15439412392034472 9 -1
15439412392036840 16383 -1
15439412392036880 1 -1
15439412392037380 9 -1
15439412392037960 1686 -1
15439412396283570 9 1
15439412396283570 91 1
15439412396338010 263 -1
15439412396338230 9 -1
15439412396340700 16383 -1
15439412396340730 1 -1
15439412396340750 9 -1
15439412396343442 16382 -1
15439412396343470 2 -1
15439412396343492 9 -1
15439412396346158 16383 -1
15439412396346200 1 -1
15439412396346220 9 -1
15439412396346740 1467 -1
15439412400417070 89 1
15439412400489718 183 -1
15439412400490260 9 -1
15439412400492380 16383 -1
15439412400492940 1 -1
15439412400492960 9 -1
15439412400495140 16383 -1
15439412400495660 1 -1
15439412400495680 9 -1
15439412400496190 4420 -1
15439412404529920 88 1
15439412404604780 158 -1
15439412404604910 9 -1
15439412404607410 16383 -1
15439412404607440 1 -1
15439412404607460 9 -1
15439412404610100 16382 -1
15439412404610130 2 -1
15439412404610600 9 -1
15439412404611130 4625 -1
15439412408613060 88 1
15439412408688340 160 -1
15439412408688850 9 -1
15439412408691000 16383 -1
15439412408691520 1 -1
15439412408691540 9 -1
15439412408693718 16382 -1
15439412408694260 2 -1
15439412408694300 9 -1
15439412408696950 16383 -1
15439412408696980 1 -1
15439412408697000 9 -1
15439412408699660 16382 -1
15439412408699680 2 -1
15439412408700170 9 -1
15439412408702350 13012 -1
15439412412791470 88 1
15439412412862220 178 -1
15439412412862730 9 -1
15439412412864880 16383 -1
15439412412864910 1 -1
15439412412865470 9 -1
15439412412867040 10413 -1
15439412416907138 88 1
15439412416968890 191 -1
15439412416969010 9 -1
15439412416972138 16383 -1
15439412416972160 1 -1
15439412416972180 9 -1
15439412416974340 16383 -1
15439412416974890 1 -1
15439412416974930 9 -1
15439412416975470 1845 -1
15439412421012490 88 1
15439412421085000 169 -1
15439412421085538 9 -1
15439412421089498 16383 -1
15439412421089530 1 -1
15439412421090050 9 -1
15439412421092840 16383 -1
15439412421092870 1 -1
15439412421093390 9 -1
15439412421095590 16382 -1
15439412421096070 2 -1
15439412421096088 9 -1
15439412421097150 5998 -1
15439412425136240 88 1
15439412425206380 146 -1
15439412425206922 9 -1
15439412425209120 16383 -1
15439412425209670 1 -1
15439412425209702 9 -1
15439412425211390 9538 -1
15439412429230860 88 1
15439412429302968 146 -1
15439412429303460 9 -1
15439412429305690 16383 -1
15439412429306230 1 -1
15439412429306250 9 -1
15439412429307302 6733 -1
15439412433360010 72 1
15439412433414208 198 -1
15439412433414430 9 -1
15439412433416910 16298 -1
15439412437448580 78 1
15439412437504498 252 -1
15439412437505030 9 -1
15439412437505610 3329 -1
15439412441515440 78 1
15439412441570110 171 -1
15439412441570310 9 -1
15439412441571150 2617 -1
15439412445582510 78 1
15439412445637118 147 -1
15439412445637260 9 -1
15439412445638220 3507 -1
15439412449652920 78 1
15439412449709870 149 -1
15439412449710072 9 -1
15439412449710410 2973 -1
15439412453718030 63 1
15439412453773980 152 -1
15439412453774130 9 -1
15439412453775580 7947 -1
15439412457790400 63 1
15439412457855070 129 -1
15439412457855580 9 -1
15439412457856690 6978 -1
15439412461866240 63 1
15439412461967330 153 -1
15439412461967512 9 -1
15439412461968870 5621 -1
15439412465987800 63 1
15439412466043250 129 -1
15439412466043380 9 -1
15439412466045980 7074 -1
15439412470061540 63 1
15439412470123702 148 -1
15439412470123970 9 -1
15439412470127202 7273 -1
15439412474146932 63 1
15439412474786790 129 -1
15439412474787330 9 -1
15439412474789022 9495 -1
15439412478807010 88 1
15439412478862730 263 -1
15439412478863290 9 -1
15439412478866020 16383 -1
15439412478866060 1 -1
15439412478866110 9 -1
15439412478868770 16383 -1
15439412478868820 1 -1
15439412478868850 9 -1
15439412478871500 16382 -1
15439412478872048 2 -1
15439412478872070 9 -1
15439412478872080 1467 -1
0 0 0
15439412352016420 148 1
15439412352016420 203 1
15439412352016480 39 -1
15439412352016780 13 -1
15439412352066080 9 -1
15439412352070810 342 -1
15439412352070900 9 -1
15439412352072520 1959 -1
0 0 0
15439412351921920 148 1
15439412351921920 203 1
0 0 0
15439412351998320 148 1
15439412351998320 183 1
15439412351998710 39 -1
15439412351998740 13 -1
15439412352047580 9 -1
15439412352054000 295 -1
15439412352054070 9 -1
15439412352056880 16383 -1
15439412352056880 1 -1
15439412352057430 9 -1
15439412352060090 16383 -1
15439412352060090 1 -1
15439412352060090 9 -1
15439412352104630 16382 -1
15439412352104630 2 -1
15439412352104630 9 -1
15439412352106790 16381 -1
15439412352106790 3 -1
15439412352106790 9 -1
15439412352109560 16383 -1
15439412352109560 1 -1
15439412352109560 9 -1
15439412352111700 16382 -1
15439412352111700 2 -1
15439412352111700 9 -1
15439412352114460 16381 -1
15439412352114460 3 -1
15439412352114460 9 -1
15439412352151230 13057 -1
