### "'121290 180923 25126 242496 82402 12054 36604 139587 80261 26416 81310 9595 113571 32627 37401 9886'"
0 0 0
15439424001234738 148 1
15439424001234738 186 1
15439424001235198 39 -1
15439424001235230 13 -1
15439424001290550 9 -1
15439424001295970 295 -1
15439424001296200 9 -1
15439424001298830 16383 -1
15439424001298830 1 -1
15439424001299050 9 -1
15439424001301570 16383 -1
15439424001301570 1 -1
15439424001301570 9 -1
15439424001352470 16382 -1
15439424001352470 2 -1
15439424001352470 9 -1
15439424001355200 16381 -1
15439424001355200 3 -1
15439424001355200 9 -1
15439424001357300 16380 -1
15439424001357300 4 -1
15439424001357300 9 -1
15439424001359530 16379 -1
15439424001359530 5 -1
15439424001359530 9 -1
15439424001361680 16378 -1
15439424001361680 6 -1
15439424001361680 9 -1
15439424001405370 16377 -1
15439424001405370 7 -1
15439424001405370 9 -1
15439424001408060 16383 -1
15439424001408060 1 -1
15439424001408060 9 -1
15439424001442630 16382 -1
15439424001442630 2 -1
15439424001442630 9 -1
15439424001444510 16381 -1
15439424001444970 3 -1
15439424001445020 9 -1
15439424001445570 699 -1
0 0 0
15439424001621490 39 -1
15439424001621580 13 -1
15439424001645750 148 1
15439424001645750 206 1
15439424001694820 9 -1
15439424001700038 311 -1
15439424001700130 9 -1
15439424001700562 2187 -1
0 0 0
15439424001162168 148 1
15439424001162168 206 1
0 0 0
15439424001419900 148 1
15439424001419900 186 1
15439424001421110 39 -1
15439424001421658 13 -1
15439424001474440 9 -1
15439424001483058 294 -1
15439424001483130 9 -1
15439424001486160 16383 -1
15439424001486160 1 -1
15439424001486160 9 -1
15439424001488890 16382 -1
15439424001488890 2 -1
15439424001488890 9 -1
15439424001539540 16381 -1
15439424001539540 3 -1
15439424001539540 9 -1
15439424001541690 16380 -1
15439424001541690 4 -1
15439424001541690 9 -1
15439424001544320 16383 -1
15439424001544320 1 -1
15439424001544320 9 -1
15439424001546460 16382 -1
15439424001546460 2 -1
15439424001546460 9 -1
15439424001549150 16381 -1
15439424001549150 3 -1
15439424001549150 9 -1
15439424001592888 16380 -1
15439424001592888 4 -1
15439424001592888 9 -1
15439424001595010 16379 -1
15439424001595070 5 -1
15439424001595070 9 -1
15439424001603520 16378 -1
15439424001603520 6 -1
15439424001603520 9 -1
15439424001606060 16377 -1
15439424001606060 7 -1
15439424001606060 9 -1
15439424001608270 16376 -1
15439424001608270 8 -1
15439424001608270 9 -1
15439424001610470 16375 -1
15439424001610470 9 -1
15439424001610470 9 -1
15439424001617840 16374 -1
15439424001617840 10 -1
15439424001617840 9 -1
15439424001675140 13120 -1
0 0 0
15439424000931420 39 -1
15439424000931808 13 -1
15439424001160000 148 1
15439424001160000 206 1
15439424001208090 9 -1
15439424001213340 313 -1
15439424001213400 9 -1
15439424001216012 16383 -1
15439424001216012 1 -1
15439424001216090 9 -1
15439424001218210 8742 -1
15439424005500860 59 1
15439424005557050 129 -1
15439424005557230 9 -1
15439424005560328 16383 -1
15439424005560328 1 -1
15439424005560380 9 -1
15439424005563050 16383 -1
15439424005563050 1 -1
15439424005563050 9 -1
15439424005565210 16382 -1
15439424005565210 2 -1
15439424005565210 9 -1
15439424005604990 16381 -1
15439424005604990 3 -1
15439424005604990 9 -1
15439424005607710 16383 -1
15439424005607710 1 -1
15439424005607710 9 -1
15439424005607710 482 -1
15439424009614380 87 1
15439424009671450 157 -1
15439424009671618 9 -1
15439424009673632 12054 -1
15439424013682370 89 1
15439424013736948 177 -1
15439424013737522 9 -1
15439424013739660 16383 -1
15439424013739710 1 -1
15439424013740220 9 -1
15439424013742390 16382 -1
15439424013742950 2 -1
15439424013743000 9 -1
15439424013743538 3836 -1
15439424017765440 59 1
15439424017820250 132 -1
15439424017820790 9 -1
15439424017823500 16383 -1
15439424017823550 1 -1
15439424017823588 9 -1
15439424017826200 16382 -1
15439424017826250 2 -1
15439424017826290 9 -1
15439424017828860 16383 -1
15439424017828888 1 -1
15439424017829412 9 -1
15439424017831560 16382 -1
15439424017832100 2 -1
15439424017832120 9 -1
15439424017834250 16381 -1
15439424017834800 3 -1
15439424017834820 9 -1
15439424017836950 16380 -1
15439424017837480 4 -1
15439424017837500 9 -1
15439424017839630 16379 -1
15439424017840170 5 -1
15439424017840200 9 -1
15439424017869092 16383 -1
15439424017869630 1 -1
15439424017869630 9 -1
15439424017870770 8515 -1
15439424021947132 59 1
15439424022004140 149 -1
15439424022004640 9 -1
15439424022006820 16383 -1
15439424022007390 1 -1
15439424022007480 9 -1
15439424022009590 16383 -1
15439424022010130 1 -1
15439424022010170 9 -1
15439424022012830 16382 -1
15439424022012860 2 -1
15439424022012880 9 -1
15439424022015570 16381 -1
15439424022015590 3 -1
15439424022015610 9 -1
15439424022017710 14725 -1
15439424026097470 9 1
15439424026097470 91 1
15439424026153280 159 -1
15439424026153490 9 -1
15439424026156530 16383 -1
15439424026156580 1 -1
15439424026156610 9 -1
15439424026158200 10032 -1
15439424030183150 87 1
15439424030239740 182 -1
15439424030240418 9 -1
15439424030242040 16383 -1
15439424030242640 1 -1
15439424030242760 9 -1
15439424030244870 16383 -1
15439424030244970 1 -1
15439424030245460 9 -1
15439424030247930 16382 -1
15439424030248010 2 -1
15439424030248050 9 -1
15439424030250640 16381 -1
15439424030250690 3 -1
15439424030250720 9 -1
15439424030253028 15774 -1
15439424034380578 88 1
15439424034434650 158 -1
15439424034435192 9 -1
15439424034436310 9595 -1
15439424038452980 88 1
15439424038508610 160 -1
15439424038508740 9 -1
15439424038511340 16383 -1
15439424038511400 1 -1
15439424038511478 9 -1
15439424038514080 16383 -1
15439424038514618 1 -1
15439424038514668 9 -1
15439424038516830 16382 -1
15439424038516860 2 -1
15439424038517360 9 -1
15439424038519558 16381 -1
15439424038519590 3 -1
15439424038519600 9 -1
15439424038522260 16383 -1
15439424038522280 1 -1
15439424038522292 9 -1
15439424038524972 16382 -1
15439424038524990 2 -1
15439424038525022 9 -1
15439424038527630 15267 -1
15439424042573840 88 1
15439424042629480 282 -1
15439424042630010 9 -1
15439424042632200 16383 -1
15439424042632250 1 -1
15439424042632270 9 -1
15439424042634910 16243 -1
15439424046660710 87 1
15439424046714620 142 -1
15439424046714780 9 -1
15439424046717830 16383 -1
15439424046717870 1 -1
15439424046718390 9 -1
15439424046720632 16383 -1
15439424046720660 1 -1
15439424046720690 9 -1
15439424046721720 4633 -1
15439424050771840 78 1
15439424050826160 157 -1
15439424050826700 9 -1
15439424050827270 2617 -1
15439424054837790 78 1
15439424054891260 136 -1
15439424054891788 9 -1
15439424054892350 3329 -1
15439424058906050 78 1
15439424058960258 148 -1
15439424058960790 9 -1
15439424058961380 2973 -1
15439424062968572 77 1
15439424063024500 199 -1
15439424063024690 9 -1
15439424063025538 3151 -1
15439424067039750 79 1
15439424067095410 169 -1
15439424067095550 9 -1
15439424067096490 2617 -1
15439424071104838 63 1
15439424071158900 152 -1
15439424071159452 9 -1
15439424071161720 7893 -1
15439424075165500 63 1
15439424075220380 125 -1
15439424075220570 9 -1
15439424075221952 9886 -1
15439424079233430 63 1
15439424079287110 128 -1
15439424079287642 9 -1
15439424079290450 7637 -1
15439424083303880 63 1
15439424083357552 242 -1
15439424083357730 9 -1
15439424083359750 6702 -1
15439424087378200 63 1
15439424087434080 129 -1
15439424087434590 9 -1
15439424087436300 6450 -1
15439424091456580 63 1
15439424091510210 152 -1
15439424091510342 9 -1
15439424091513520 7504 -1
0 0 0
15439424001057990 39 -1
15439424001058012 13 -1
15439424001086530 148 1
15439424001086530 197 1
15439424001135560 9 -1
15439424001142650 306 -1
15439424001142800 9 -1
15439424001145610 16383 -1
15439424001145610 1 -1
15439424001145700 9 -1
15439424001148410 16383 -1
15439424001148410 1 -1
15439424001148410 9 -1
15439424001192090 16382 -1
15439424001192090 2 -1
15439424001192090 9 -1
15439424001194230 16381 -1
15439424001194230 3 -1
15439424001194230 9 -1
15439424001196420 16383 -1
15439424001196420 1 -1
15439424001196420 9 -1
15439424001199010 16383 -1
15439424001199010 1 -1
15439424001199010 9 -1
15439424001201210 16383 -1
15439424001201210 1 -1
15439424001201210 9 -1
15439424001202300 6602 -1
