### "'22380 261389 145582 109017 168220 125810 13629 135152 985089 239723 17554 13451 8963 9165 125810 169603'"
0 0 0
15444709334154170 39 -1
15444709334154210 13 -1
15444709334263238 148 1
15444709334263238 202 1
15444709334315420 9 -1
15444709334324430 312 -1
15444709334324710 9 -1
15444709334327200 16383 -1
15444709334327200 1 -1
15444709334327200 9 -1
15444709334328370 5996 -1
0 0 0
15444709334597910 148 1
15444709334597910 194 1
0 0 0
15444709334310442 148 1
15444709334310442 201 1
15444709334310770 39 -1
15444709334310840 13 -1
15444709334359022 9 -1
15444709334387270 310 -1
15444709334387332 9 -1
15444709334388390 2111 -1
0 0 0
15444709334383832 148 1
15444709334383832 212 1
0 0 0
15444709334245210 39 -1
15444709334245550 13 -1
15444709334379220 148 1
15444709334379220 201 1
15444709334428120 9 -1
15444709334438250 311 -1
15444709334438310 9 -1
15444709334439672 3151 -1
15444709338511490 58 1
15444709338568450 131 -1
15444709338568600 9 -1
15444709338571610 16383 -1
15444709338571610 1 -1
15444709338571610 9 -1
15444709338574410 16382 -1
15444709338574410 2 -1
15444709338574410 9 -1
15444709338618100 16381 -1
15444709338618100 3 -1
15444709338618100 9 -1
15444709338620790 16380 -1
15444709338620790 4 -1
15444709338620790 9 -1
15444709338623490 16379 -1
15444709338623490 5 -1
15444709338623490 9 -1
15444709338625100 16383 -1
15444709338625100 1 -1
15444709338625100 9 -1
15444709338627790 16382 -1
15444709338627790 2 -1
15444709338627790 9 -1
15444709338665882 16381 -1
15444709338665882 3 -1
15444709338665882 9 -1
15444709338668580 16380 -1
15444709338668580 4 -1
15444709338668580 9 -1
15444709338670760 16379 -1
15444709338670790 5 -1
15444709338671260 9 -1
15444709338676030 16378 -1
15444709338676030 6 -1
15444709338676030 9 -1
15444709338678060 16377 -1
15444709338678060 7 -1
15444709338678060 9 -1
15444709338680210 16376 -1
15444709338680210 8 -1
15444709338680210 9 -1
15444709338682920 16383 -1
15444709338682920 1 -1
15444709338682920 9 -1
15444709338685110 16382 -1
15444709338685160 2 -1
15444709338685650 9 -1
15444709338687840 15629 -1
15444709342755100 58 1
15444709342811160 140 -1
15444709342811300 9 -1
15444709342814382 16383 -1
15444709342814490 1 -1
15444709342814520 9 -1
15444709342817120 16382 -1
15444709342817230 2 -1
15444709342817668 9 -1
15444709342820390 16383 -1
15444709342820490 1 -1
15444709342820510 9 -1
15444709342823140 16382 -1
15444709342823220 2 -1
15444709342823250 9 -1
15444709342825870 16381 -1
15444709342826430 3 -1
15444709342826460 9 -1
15444709342829152 16380 -1
15444709342829190 4 -1
15444709342829210 9 -1
15444709342831920 16379 -1
15444709342831970 5 -1
15444709342832000 9 -1
15444709342834662 16378 -1
15444709342834720 6 -1
15444709342835240 9 -1
15444709342837500 14510 -1
15444709346951790 58 1
15444709347010370 158 -1
15444709347010910 9 -1
15444709347013100 16383 -1
15444709347013640 1 -1
15444709347013670 9 -1
15444709347016370 16382 -1
15444709347016410 2 -1
15444709347016430 9 -1
15444709347019020 16381 -1
15444709347019070 3 -1
15444709347019570 9 -1
15444709347021740 16380 -1
15444709347022280 4 -1
15444709347022310 9 -1
15444709347024990 16383 -1
15444709347025030 1 -1
15444709347025052 9 -1
15444709347027640 16382 -1
15444709347028180 2 -1
15444709347028220 9 -1
15444709347029850 10713 -1
15444709351105010 78 1
15444709351158910 171 -1
15444709351159110 9 -1
15444709351159440 2187 -1
15444709355172000 59 1
15444709359171730 59 1
15444709359226490 117 -1
15444709359227058 9 -1
15444709359229900 16383 -1
15444709359229960 1 -1
15444709359230000 9 -1
15444709359232668 16383 -1
15444709359232730 1 -1
15444709359232770 9 -1
15444709359235420 16382 -1
15444709359235980 2 -1
15444709359236022 9 -1
15444709359238132 16381 -1
15444709359238688 3 -1
15444709359238740 9 -1
15444709359240840 16383 -1
15444709359241380 1 -1
15444709359241410 9 -1
15444709359244102 16382 -1
15444709359244152 2 -1
15444709359244180 9 -1
15444709359246768 16381 -1
15444709359246810 3 -1
15444709359246830 9 -1
15444709359249480 16380 -1
15444709359249530 4 -1
15444709359249548 9 -1
15444709359252182 16379 -1
15444709359252240 5 -1
15444709359252688 9 -1
15444709359254830 16378 -1
15444709359255372 6 -1
15444709359255410 9 -1
15444709359255940 4380 -1
15444709363455190 9 1
15444709363455190 91 1
15444709363513710 180 -1
15444709363514258 9 -1
15444709363516942 16383 -1
15444709363516980 1 -1
15444709363517490 9 -1
15444709363519660 16383 -1
15444709363519722 1 -1
15444709363520150 9 -1
15444709363522850 16382 -1
15444709363522900 2 -1
15444709363522920 9 -1
15444709363525640 16381 -1
15444709363525700 3 -1
15444709363525730 9 -1
15444709363528340 16383 -1
15444709363528400 1 -1
15444709363528430 9 -1
15444709363531010 16382 -1
15444709363531070 2 -1
15444709363531100 9 -1
15444709363533750 16381 -1
15444709363533790 3 -1
15444709363533810 9 -1
15444709363536028 11122 -1
15444709367709060 59 1
15444709367765120 126 -1
15444709367765250 9 -1
15444709367767740 13629 -1
15444709371814712 86 1
15444709371871260 185 -1
15444709371871380 9 -1
15444709371873980 16383 -1
15444709371874530 1 -1
15444709371874558 9 -1
15444709371877242 16383 -1
15444709371877300 1 -1
15444709371877320 9 -1
15444709371879930 16382 -1
15444709371879980 2 -1
15444709371880010 9 -1
15444709371883212 16381 -1
15444709371883240 3 -1
15444709371883270 9 -1
15444709371885950 16380 -1
15444709371886000 4 -1
15444709371886030 9 -1
15444709371888730 16379 -1
15444709371888790 5 -1
15444709371889200 9 -1
15444709371891990 16383 -1
15444709371892020 1 -1
15444709371892030 9 -1
15444709371894640 16382 -1
15444709371894680 2 -1
15444709371894690 9 -1
15444709371895730 4080 -1
15444709376074830 58 1
15444709376129980 139 -1
15444709376130120 9 -1
15444709376132590 16383 -1
15444709376133140 1 -1
15444709376133180 9 -1
15444709376135818 16383 -1
15444709376135860 1 -1
15444709376135880 9 -1
15444709376138580 16382 -1
15444709376138630 2 -1
15444709376139122 9 -1
15444709376141840 16381 -1
15444709376141870 3 -1
15444709376141890 9 -1
15444709376144560 16380 -1
15444709376144600 4 -1
15444709376144618 9 -1
15444709376147230 16379 -1
15444709376147780 5 -1
15444709376147800 9 -1
15444709376150460 16383 -1
15444709376150488 1 -1
15444709376150510 9 -1
15444709376152720 8 -1
15444709376152820 9 -1
15444709376180698 16375 -1
15444709376180840 9 -1
15444709376180860 9 -1
15444709376183888 16374 -1
15444709376183980 10 -1
15444709376184030 9 -1
15444709376186622 16383 -1
15444709376186668 1 -1
15444709376187180 9 -1
15444709376189430 16382 -1
15444709376189980 2 -1
15444709376190010 9 -1
15444709376192750 16381 -1
15444709376192780 3 -1
15444709376192800 9 -1
15444709376195490 16380 -1
15444709376195550 4 -1
15444709376195570 9 -1
15444709376198410 16379 -1
15444709376198470 5 -1
15444709376198500 9 -1
15444709376201160 16378 -1
15444709376201230 6 -1
15444709376201670 9 -1
15444709376205840 14 -1
15444709376205950 9 -1
15444709376207420 16369 -1
15444709376207470 15 -1
15444709376207580 9 -1
15444709376212830 16368 -1
15444709376212830 16 -1
15444709376212830 9 -1
15444709376216430 16367 -1
15444709376216430 17 -1
15444709376216430 9 -1
15444709376219630 16366 -1
15444709376219630 9 -1
15444709376224230 16383 -1
15444709376224230 1 -1
15444709376224230 9 -1
15444709376228030 16382 -1
15444709376228030 2 -1
15444709376228030 9 -1
15444709376231740 16381 -1
15444709376231740 3 -1
15444709376231740 9 -1
15444709376233270 16380 -1
15444709376233270 4 -1
15444709376233270 9 -1
15444709376233270 16379 -1
15444709376233270 5 -1
15444709376233270 9 -1
15444709376251910 16378 -1
15444709376251910 6 -1
15444709376251910 9 -1
15444709376253000 16377 -1
15444709376253000 7 -1
15444709376253000 9 -1
15444709376285240 16376 -1
15444709376285240 8 -1
15444709376285240 9 -1
15444709376289640 16375 -1
15444709376289640 9 -1
15444709376289640 9 -1
15444709376291860 16374 -1
15444709376291860 10 -1
15444709376291860 9 -1
15444709376294580 16373 -1
15444709376294580 11 -1
15444709376294580 9 -1
15444709376296800 16372 -1
15444709376296800 12 -1
15444709376296800 9 -1
15444709376299010 16371 -1
15444709376299550 13 -1
15444709376299580 9 -1
15444709376302250 16370 -1
15444709376302250 14 -1
15444709376302250 9 -1
15444709376320168 16369 -1
15444709376320168 15 -1
15444709376320168 9 -1
15444709376334770 16368 -1
15444709376334770 16 -1
15444709376334770 9 -1
15444709376345720 16367 -1
15444709376345720 17 -1
15444709376345720 9 -1
15444709376369980 16366 -1
15444709376369980 9 -1
15444709376372200 16383 -1
15444709376372200 1 -1
15444709376372200 9 -1
15444709376410400 16382 -1
15444709376410400 2 -1
15444709376410400 9 -1
15444709376426470 16381 -1
15444709376426470 3 -1
15444709376426470 9 -1
15444709376457118 16380 -1
15444709376457118 4 -1
15444709376457118 9 -1
15444709376462650 16379 -1
15444709376462650 5 -1
15444709376462650 9 -1
15444709376481970 16378 -1
15444709376481970 6 -1
15444709376481970 9 -1
15444709376505548 16377 -1
15444709376505548 7 -1
15444709376505548 9 -1
15444709376511190 16376 -1
15444709376511190 8 -1
15444709376511190 9 -1
15444709376512340 2085 -1
15444709381623330 67 1
15444709381676850 270 -1
15444709381677000 9 -1
15444709381678532 4061 -1
15444709385708352 58 1
15444709385763310 131 -1
15444709385763870 9 -1
15444709385766630 16383 -1
15444709385766720 1 -1
15444709385766770 9 -1
15444709385769920 16383 -1
15444709385770000 1 -1
15444709385770050 9 -1
15444709385772640 16382 -1
15444709385772670 2 -1
15444709385772690 9 -1
15444709385775400 16381 -1
15444709385775940 3 -1
15444709385775980 9 -1
15444709385779900 16383 -1
15444709385779942 1 -1
15444709385780448 9 -1
15444709385782630 16382 -1
15444709385783160 2 -1
15444709385783182 9 -1
15444709385786130 2 -1
15444709385786222 9 -1
15444709385788168 10347 -1
15444709390209580 86 1
15444709390264440 171 -1
15444709390264658 9 -1
15444709390267702 16383 -1
15444709390267760 1 -1
15444709390267820 9 -1
15444709390268280 1170 -1
15444709394302490 63 1
15444709394357720 126 -1
15444709394358260 9 -1
15444709394360440 13451 -1
15444709398391750 63 1
15444709398446410 129 -1
15444709398446590 9 -1
15444709398449710 7732 -1
15444709402457070 63 1
15444709402511720 139 -1
15444709402511890 9 -1
15444709402514520 7048 -1
15444709406530530 63 1
15444709406588240 130 -1
15444709406588660 9 -1
15444709406589940 8963 -1
15444709410603090 63 1
15444709414613040 63 1
15444709414668090 139 -1
15444709414668660 9 -1
15444709414671000 5919 -1
15444709418694180 78 1
15444709418748660 147 -1
15444709418748850 9 -1
15444709418750340 2973 -1
15444709422784610 77 1
15444709422839550 171 -1
15444709422839830 9 -1
15444709422840610 3151 -1
15444709426862650 79 1
15444709426918740 149 -1
15444709426919010 9 -1
15444709426919798 3329 -1
15444709430939410 78 1
15444709430993590 274 -1
15444709430994110 9 -1
15444709430994670 2795 -1
15444709431107978 162 -1
15444709431108520 9 -1
15444709431109760 9165 -1
15444709435133650 79 1
15444709435188430 148 -1
15444709435188930 9 -1
15444709435189500 2973 -1
15444709439207690 88 1
15444709439260982 157 -1
15444709439261190 9 -1
15444709439264250 16383 -1
15444709439264800 1 -1
15444709439264892 9 -1
15444709439267520 16383 -1
15444709439267622 1 -1
15444709439267680 9 -1
15444709439270260 16382 -1
15444709439270800 2 -1
15444709439270830 9 -1
15444709439273478 16381 -1
15444709439273520 3 -1
15444709439273540 9 -1
15444709439276230 16383 -1
15444709439276750 1 -1
15444709439276800 9 -1
15444709439279490 16382 -1
15444709439279550 2 -1
15444709439280050 9 -1
15444709439282780 16381 -1
15444709439282830 3 -1
15444709439282860 9 -1
15444709439284990 11122 -1
15444709451332530 96 -1
15444709451332770 9 -1
15444709451335760 16383 -1
15444709451335830 1 -1
15444709451335868 9 -1
15444709451338480 16382 -1
15444709451339030 2 -1
15444709451339100 9 -1
15444709451341750 16381 -1
15444709451342298 3 -1
15444709451342330 9 -1
15444709451345060 16380 -1
15444709451345100 4 -1
15444709451362860 9 -1
15444709451366170 16383 -1
15444709451366210 1 -1
15444709451366720 9 -1
15444709451369410 16382 -1
15444709451369460 2 -1
15444709451369970 9 -1
15444709451372680 16381 -1
15444709451372730 3 -1
15444709451372760 9 -1
15444709451375390 16380 -1
15444709451375950 4 -1
15444709451375980 9 -1
15444709451378738 16379 -1
15444709451378788 5 -1
15444709451379290 9 -1
15444709451382040 16378 -1
15444709451382070 6 -1
15444709451382100 9 -1
15444709451383150 5763 -1
0 0 0
15444709334326028 39 -1
15444709334326078 13 -1
15444709334409640 148 1
15444709334409640 202 1
15444709334467370 9 -1
15444709334471080 312 -1
15444709334471170 9 -1
15444709334472762 3151 -1
