### "'105406 177905 16298 13451 37093 9155 11009 16298 110854 81489 171733 181183 9025 106227 162585'"
0 0 0
15439461849086680 148 1
15439461849086680 185 1
15439461849086730 39 -1
15439461849086750 13 -1
15439461849135130 9 -1
15439461849147930 294 -1
15439461849147980 9 -1
15439461849151360 16383 -1
15439461849151360 1 -1
15439461849151360 9 -1
15439461849153540 16382 -1
15439461849153540 2 -1
15439461849153540 9 -1
15439461849197940 16381 -1
15439461849197940 3 -1
15439461849197940 9 -1
15439461849200070 16383 -1
15439461849200070 1 -1
15439461849200070 9 -1
15439461849202290 16382 -1
15439461849202290 2 -1
15439461849202290 9 -1
15439461849204530 16381 -1
15439461849204530 3 -1
15439461849204530 9 -1
15439461849205540 7102 -1
0 0 0
15439461848950182 148 1
15439461848950182 184 1
0 0 0
15439461849066330 148 1
15439461849066330 210 1
15439461849066370 39 -1
15439461849066710 13 -1
15439461849120710 9 -1
15439461849125860 304 -1
15439461849125960 9 -1
15439461849128980 16383 -1
15439461849128980 1 -1
15439461849129360 9 -1
15439461849131550 16383 -1
15439461849131550 1 -1
15439461849131550 9 -1
15439461849181370 16382 -1
15439461849181370 2 -1
15439461849181370 9 -1
15439461849183550 16381 -1
15439461849183550 3 -1
15439461849183550 9 -1
15439461849185710 16383 -1
15439461849185710 1 -1
15439461849185710 9 -1
15439461849187840 16382 -1
15439461849187840 2 -1
15439461849187840 9 -1
15439461849189990 16381 -1
15439461849189990 3 -1
15439461849189990 9 -1
15439461849234440 16383 -1
15439461849234440 1 -1
15439461849234440 9 -1
15439461849236590 16382 -1
15439461849236590 2 -1
15439461849236590 9 -1
15439461849400210 16381 -1
15439461849400210 3 -1
15439461849400210 9 -1
15439461849402220 14065 -1
0 0 0
15439461858285560 148 1
15439461858285560 204 1
15439461858285990 39 -1
15439461858286030 13 -1
15439461858342928 9 -1
15439461858346040 311 -1
15439461858346610 9 -1
15439461858347740 2973 -1
15439461862361570 77 1
15439461862422590 199 -1
15439461862423142 9 -1
15439461862423720 3151 -1
15439461866431480 78 1
15439461866492190 143 -1
15439461866492290 9 -1
15439461866493280 2795 -1
15439461870517340 78 1
15439461870577430 170 -1
15439461870577992 9 -1
15439461870579680 2617 -1
15439461874592440 77 1
15439461874657480 179 -1
15439461874658070 9 -1
15439461874658570 2617 -1
15439461878671530 63 1
15439461878732040 129 -1
15439461878732180 9 -1
15439461878733662 5768 -1
15439461882745410 63 1
15439461882805418 152 -1
15439461882805960 9 -1
15439461882808220 7111 -1
15439461886818610 63 1
15439461886882588 130 -1
15439461886882780 9 -1
15439461886885280 13451 -1
15439461890901340 63 1
15439461890963430 152 -1
15439461890963982 9 -1
15439461890966210 6210 -1
15439461894975860 62 1
15439461895036380 199 -1
15439461895036540 9 -1
15439461895038012 6688 -1
15439461899056480 64 1
15439461899116530 149 -1
15439461899117070 9 -1
15439461899122050 16383 -1
15439461899122050 1 -1
15439461899122050 9 -1
15439461899124210 16383 -1
15439461899124210 1 -1
15439461899124210 9 -1
15439461899124760 4325 -1
15439461903169790 9 1
15439461903169790 400 1
15439461903232750 160 -1
15439461903232952 9 -1
15439461903234930 9155 -1
15439461912380480 398 1
15439461912442450 159 -1
15439461912442650 9 -1
15439461912444640 11009 -1
15439461916451870 83 1
15439461916513100 148 -1
15439461916513330 9 -1
15439461916516810 16298 -1
15439461920557662 59 1
15439461920621540 96 -1
15439461920622050 9 -1
15439461920624800 15873 -1
15439461920624860 511 -1
15439461920624860 9 -1
15439461920627000 15872 -1
15439461920627000 512 -1
15439461920627000 9 -1
15439461920629170 15871 -1
15439461920629690 513 -1
15439461920629690 9 -1
15439461920631830 15870 -1
15439461920631850 514 -1
15439461920631860 9 -1
15439461920675750 15869 -1
15439461920676360 515 -1
15439461920676360 9 -1
15439461920678460 15868 -1
15439461920678460 516 -1
15439461920678460 9 -1
15439461920680130 12550 -1
15439461924751010 58 1
15439461924812542 72 -1
15439461924813080 9 -1
15439461924815280 16383 -1
15439461924815330 1 -1
15439461924815360 9 -1
15439461924818060 16383 -1
15439461924818110 1 -1
15439461924818140 9 -1
15439461924820780 16382 -1
15439461924820800 2 -1
15439461924821280 9 -1
15439461924823410 16381 -1
15439461924823440 3 -1
15439461924823970 9 -1
15439461924826118 15953 -1
15439461928923110 399 1
15439461928990050 123 -1
15439461928990550 9 -1
15439461928992260 7852 -1
15439461941986160 58 1
15439461942046918 141 -1
15439461942047420 9 -1
15439461942049560 16383 -1
15439461942049620 1 -1
15439461942050100 9 -1
15439461942052300 16382 -1
15439461942052860 2 -1
15439461942052950 9 -1
15439461942055020 16383 -1
15439461942055550 1 -1
15439461942055572 9 -1
15439461942058290 16382 -1
15439461942058320 2 -1
15439461942058352 9 -1
15439461942060968 16381 -1
15439461942061000 3 -1
15439461942061018 9 -1
15439461942063610 16380 -1
15439461942063630 4 -1
15439461942063652 9 -1
15439461942066318 16379 -1
15439461942066350 5 -1
15439461942066370 9 -1
15439461942103282 16378 -1
15439461942103320 6 -1
15439461942103340 9 -1
15439461942106030 16383 -1
15439461942106060 1 -1
15439461942106080 9 -1
15439461942108790 16382 -1
15439461942108830 2 -1
15439461942108850 9 -1
15439461942110420 7893 -1
15439461946363680 58 1
15439461946426060 108 -1
15439461946427168 9 -1
15439461946429952 16383 -1
15439461946429998 1 -1
15439461946430048 9 -1
15439461946432650 16383 -1
15439461946432690 1 -1
15439461946432720 9 -1
15439461946435400 16382 -1
15439461946435430 2 -1
15439461946435450 9 -1
15439461946438120 16381 -1
15439461946438140 3 -1
15439461946438160 9 -1
15439461946440820 16383 -1
15439461946440840 1 -1
15439461946440858 9 -1
15439461946443470 16382 -1
15439461946443490 2 -1
15439461946443500 9 -1
15439461946446190 16381 -1
15439461946446208 3 -1
15439461946446230 9 -1
15439461946448900 16380 -1
15439461946448920 4 -1
15439461946448930 9 -1
15439461946451622 16383 -1
15439461946451640 1 -1
15439461946451650 9 -1
15439461946454340 16382 -1
15439461946454370 2 -1
15439461946454390 9 -1
15439461946457068 16381 -1
15439461946457090 3 -1
15439461946457610 9 -1
15439461946457642 959 -1
15439461950737532 397 1
15439461950797948 159 -1
15439461950798080 9 -1
15439461950800710 9025 -1
15439462001689010 58 1
15439462001749858 222 -1
15439462001750090 9 -1
15439462001752570 16383 -1
15439462001752630 1 -1
15439462001752730 9 -1
15439462001755878 16383 -1
15439462001755928 1 -1
15439462001755960 9 -1
15439462001758562 16382 -1
15439462001758590 2 -1
15439462001758608 9 -1
15439462001761342 16381 -1
15439462001761392 3 -1
15439462001761410 9 -1
15439462001764090 16380 -1
15439462001764122 4 -1
15439462001764140 9 -1
15439462001766820 16379 -1
15439462001767370 5 -1
15439462001767400 9 -1
15439462001768460 7923 -1
15439462032114338 58 1
15439462032176850 185 -1
15439462032177070 9 -1
15439462032179540 16383 -1
15439462032180080 1 -1
15439462032180120 9 -1
15439462032182820 16382 -1
15439462032182870 2 -1
15439462032182910 9 -1
15439462032185530 16381 -1
15439462032185560 3 -1
15439462032185580 9 -1
15439462032188280 16380 -1
15439462032188310 4 -1
15439462032188330 9 -1
15439462032191000 16383 -1
15439462032191030 1 -1
15439462032191050 9 -1
15439462032193710 16382 -1
15439462032193730 2 -1
15439462032193748 9 -1
15439462032196390 16381 -1
15439462032196420 3 -1
15439462032196450 9 -1
15439462032199080 16380 -1
15439462032199110 4 -1
15439462032199610 9 -1
15439462032201770 16379 -1
15439462032202260 5 -1
15439462032202280 9 -1
15439462032204440 15129 -1
15439462036479830 398 1
15439462036543000 135 -1
15439462036543220 9 -1
15439462036543520 1961 -1
0 0 0
15439461849036140 148 1
15439461849036140 209 1
15439461849036170 39 -1
15439461849036570 13 -1
15439461849090890 9 -1
15439461849098840 302 -1
15439461849098930 9 -1
15439461849102520 16298 -1
0 0 0
15439461849373180 39 -1
15439461849373560 13 -1
15439461849439730 148 1
15439461849439730 209 1
15439461849492390 9 -1
15439461849501122 303 -1
15439461849501150 9 -1
15439461849502720 7190 -1
