### "'26084 8062 143606 325292 226032 245703 18491 193540 73281 51083 54428 152954 157903 209374 105099 36998 154138 203308 104038 252852 104578'"
0 0 0
15439491275472340 148 1
15439491275472340 199 1
0 0 0
15439491285673020 148 1
15439491285673020 191 1
15439491285673060 39 -1
15439491285673440 13 -1
15439491285731530 9 -1
15439491285735940 292 -1
15439491285736440 9 -1
15439491285739260 8062 -1
15439491289744620 62 1
15439491289829540 129 -1
15439491289830020 9 -1
15439491289832440 7898 -1
15439491293856050 62 1
15439491293929260 152 -1
15439491293929800 9 -1
15439491293930340 6016 -1
15439491297942172 62 1
15439491298002250 106 -1
15439491298002750 9 -1
15439491298003880 5139 -1
15439491302022450 62 1
15439491302086130 152 -1
15439491302086630 9 -1
15439491302087160 5485 -1
15439491306106390 63 1
15439491306166242 129 -1
15439491306166730 9 -1
15439491306168510 6009 -1
15439491310186820 9 1
15439491327260138 81 1
15439491327320680 166 -1
15439491327321220 9 -1
15439491327322670 2795 -1
15439491331327200 59 1
15439491331399990 150 -1
15439491331401110 9 -1
15439491331404400 16383 -1
15439491331404400 1 -1
15439491331404400 9 -1
15439491331406580 16383 -1
15439491331406580 1 -1
15439491331406580 9 -1
15439491331456410 16382 -1
15439491331456410 2 -1
15439491331456410 9 -1
15439491331459140 16381 -1
15439491331459140 3 -1
15439491331459140 9 -1
15439491331461480 16383 -1
15439491331461480 1 -1
15439491331461480 9 -1
15439491331464290 16382 -1
15439491331464290 2 -1
15439491331464290 9 -1
15439491331466320 16381 -1
15439491331466320 3 -1
15439491331466320 9 -1
15439491331510270 16383 -1
15439491331510270 1 -1
15439491331510270 9 -1
15439491331512570 12534 -1
15439491335532920 58 1
15439491335619240 131 -1
15439491335619472 9 -1
15439491335623450 16383 -1
15439491335623500 1 -1
15439491335623540 9 -1
15439491335626230 16383 -1
15439491335626270 1 -1
15439491335626300 9 -1
15439491335629000 16382 -1
15439491335629030 2 -1
15439491335629038 9 -1
15439491335631710 16381 -1
15439491335631730 3 -1
15439491335631750 9 -1
15439491335634400 16380 -1
15439491335634420 4 -1
15439491335634438 9 -1
15439491335637110 16379 -1
15439491335637140 5 -1
15439491335637670 9 -1
15439491335639860 16378 -1
15439491335639890 6 -1
15439491335640408 9 -1
15439491335676840 16383 -1
15439491335676970 1 -1
15439491335677030 9 -1
15439491335679880 16382 -1
15439491335680000 2 -1
15439491335680050 9 -1
15439491335682700 16381 -1
15439491335682790 3 -1
15439491335682850 9 -1
15439491335685330 16380 -1
15439491335685590 4 -1
15439491335685670 9 -1
15439491335691960 16379 -1
15439491335691960 5 -1
15439491335691960 9 -1
15439491335698162 16378 -1
15439491335698162 6 -1
15439491335698162 9 -1
15439491335732300 16377 -1
15439491335732300 7 -1
15439491335732300 9 -1
15439491335750690 16376 -1
15439491335750690 8 -1
15439491335750690 9 -1
15439491335783400 16375 -1
15439491335783400 9 -1
15439491335783400 9 -1
15439491335786050 16374 -1
15439491335786050 10 -1
15439491335786050 9 -1
15439491335803010 16373 -1
15439491335803010 11 -1
15439491335803010 9 -1
15439491335813670 16372 -1
15439491335813670 12 -1
15439491335813670 9 -1
15439491335844330 13996 -1
15439491340081630 78 1
15439491340141290 171 -1
15439491340141840 9 -1
15439491340142930 3329 -1
15439491344153990 78 1
15439491344219760 252 -1
15439491344219900 9 -1
15439491344221490 3151 -1
15439491348233710 58 1
15439491348295090 130 -1
15439491348295620 9 -1
15439491348298450 16383 -1
15439491348298970 1 -1
15439491348299000 9 -1
15439491348301700 16383 -1
15439491348301740 1 -1
15439491348301780 9 -1
15439491348304480 16382 -1
15439491348304520 2 -1
15439491348305020 9 -1
15439491348307828 16381 -1
15439491348307850 3 -1
15439491348307870 9 -1
15439491348311050 16380 -1
15439491348311070 4 -1
15439491348311090 9 -1
15439491348313820 16383 -1
15439491348314360 1 -1
15439491348314380 9 -1
15439491348317080 16382 -1
15439491348317102 2 -1
15439491348317590 9 -1
15439491348320360 16381 -1
15439491348320380 3 -1
15439491348320400 9 -1
15439491348323060 16380 -1
15439491348323080 4 -1
15439491348323590 9 -1
15439491348325800 16379 -1
15439491348326330 5 -1
15439491348326362 9 -1
15439491348329080 16378 -1
15439491348329110 6 -1
15439491348329130 9 -1
15439491348332350 16377 -1
15439491348332378 7 -1
15439491348332400 9 -1
15439491348350812 16376 -1
15439491348350812 8 -1
15439491348350812 9 -1
15439491348353500 13040 -1
15439491352549140 59 1
15439491352615408 132 -1
15439491352615940 9 -1
15439491352618150 16383 -1
15439491352618700 1 -1
15439491352618730 9 -1
15439491352621410 16383 -1
15439491352621450 1 -1
15439491352621480 9 -1
15439491352624120 16382 -1
15439491352624670 2 -1
15439491352624690 9 -1
15439491352627398 16381 -1
15439491352627430 3 -1
15439491352627450 9 -1
15439491352630128 16383 -1
15439491352630680 1 -1
15439491352630730 9 -1
15439491352633390 16383 -1
15439491352633410 1 -1
15439491352633430 9 -1
15439491352636110 16383 -1
15439491352636130 1 -1
15439491352636148 9 -1
15439491357036510 78 1
15439491357098492 148 -1
15439491357099040 9 -1
15439491357099610 2617 -1
15439491361121180 78 1
15439491361184830 170 -1
15439491361185050 9 -1
15439491361185920 3329 -1
15439491365195680 58 1
15439491365259400 129 -1
15439491365259560 9 -1
15439491365262020 16383 -1
15439491365262560 1 -1
15439491365262610 9 -1
15439491365263130 2107 -1
15439491369281260 59 1
15439491369350390 131 -1
15439491369350520 9 -1
15439491369353110 16383 -1
15439491369353660 1 -1
15439491369353700 9 -1
15439491369355860 16383 -1
15439491369356400 1 -1
15439491369356452 9 -1
15439491369359118 16382 -1
15439491369359170 2 -1
15439491369359210 9 -1
15439491369361820 16381 -1
15439491369361870 3 -1
15439491369361898 9 -1
15439491369364500 16383 -1
15439491369365038 1 -1
15439491369365080 9 -1
15439491369367760 16382 -1
15439491369367800 2 -1
15439491369367830 9 -1
15439491369370502 16381 -1
15439491369370520 3 -1
15439491369370530 9 -1
15439491369373200 16380 -1
15439491369373220 4 -1
15439491369373240 9 -1
15439491369375840 16383 -1
15439491369376380 1 -1
15439491369376400 9 -1
15439491369379138 16382 -1
15439491369379180 2 -1
15439491369379200 9 -1
15439491369381800 16381 -1
15439491369381830 3 -1
15439491369381850 9 -1
15439491369383920 13316 -1
15439491373634860 59 1
15439491373701330 152 -1
15439491373701860 9 -1
15439491373703920 16383 -1
15439491373704000 1 -1
15439491373704060 9 -1
15439491373706840 16382 -1
15439491373707010 2 -1
15439491373707090 9 -1
15439491373709682 16381 -1
15439491373709810 3 -1
15439491373709900 9 -1
15439491373712460 16380 -1
15439491373712512 4 -1
15439491373712550 9 -1
15439491373713580 7745 -1
15439491377793030 78 1
15439491377879890 149 -1
15439491377880440 9 -1
15439491377881000 3507 -1
15439491381899790 58 1
15439491381961140 149 -1
15439491381961350 9 -1
15439491381963870 16383 -1
15439491381964430 1 -1
15439491381964480 9 -1
15439491381966630 16382 -1
15439491381966680 2 -1
15439491381967190 9 -1
15439491381969940 16383 -1
15439491381969960 1 -1
15439491381969978 9 -1
15439491381970480 1931 -1
15439491386008830 78 1
15439491386072580 251 -1
15439491386073120 9 -1
15439491386073690 3329 -1
15439491390086650 78 1
15439491390161620 171 -1
15439491390161910 9 -1
15439491390162612 2973 -1
15439491394176200 58 1
15439491394236742 129 -1
15439491394237270 9 -1
15439491394239982 16383 -1
15439491394240020 1 -1
15439491394240050 9 -1
15439491394242820 16383 -1
15439491394242870 1 -1
15439491394242900 9 -1
15439491394245500 16382 -1
15439491394245520 2 -1
15439491394245542 9 -1
15439491394246580 5276 -1
15439491398334752 58 1
15439491398399830 127 -1
15439491398400390 9 -1
15439491398403130 16383 -1
15439491398403170 1 -1
15439491398403202 9 -1
15439491398405818 16382 -1
15439491398405870 2 -1
15439491398405910 9 -1
15439491398408490 16383 -1
15439491398408520 1 -1
15439491398408540 9 -1
15439491398411240 16382 -1
15439491398411270 2 -1
15439491398411820 9 -1
15439491398414000 16383 -1
15439491398414020 1 -1
15439491398414030 9 -1
15439491398416728 16382 -1
15439491398416750 2 -1
15439491398417280 9 -1
15439491398419412 16383 -1
15439491398419950 1 -1
15439491398419982 9 -1
15439491398422110 16382 -1
15439491398422660 2 -1
15439491398422680 9 -1
15439491398424880 16381 -1
15439491398425370 3 -1
15439491398425400 9 -1
15439491398426470 5498 -1
15439491402670310 58 1
15439491402732540 141 -1
15439491402733080 9 -1
15439491402735280 16383 -1
15439491402735820 1 -1
15439491402735860 9 -1
15439491402738040 16382 -1
15439491402738580 2 -1
15439491402738610 9 -1
15439491402741290 16381 -1
15439491402741310 3 -1
15439491402741330 9 -1
15439491402743450 16380 -1
15439491402744000 4 -1
15439491402744020 9 -1
15439491402746230 16383 -1
15439491402746690 1 -1
15439491402746710 9 -1
15439491402749360 16382 -1
15439491402749382 2 -1
15439491402749400 9 -1
15439491402752090 16381 -1
15439491402752120 3 -1
15439491402752140 9 -1
15439491402754732 16380 -1
15439491402754750 4 -1
15439491402754770 9 -1
15439491402757470 16379 -1
15439491402757500 5 -1
15439491402757520 9 -1
15439491402759130 10447 -1
15439491406974780 58 1
15439491407037290 132 -1
15439491407037440 9 -1
15439491407040000 16383 -1
15439491407040040 1 -1
15439491407040550 9 -1
15439491407042748 16382 -1
15439491407042798 2 -1
15439491407042840 9 -1
15439491407045470 16381 -1
15439491407045510 3 -1
15439491407046020 9 -1
15439491407048212 16383 -1
15439491407048240 1 -1
15439491407048262 9 -1
15439491407050940 16382 -1
15439491407050960 2 -1
15439491407051448 9 -1
15439491407053608 16381 -1
15439491407054110 3 -1
15439491407054140 9 -1
15439491407056830 16380 -1
15439491407056860 4 -1
15439491407056880 9 -1
15439491407059540 16379 -1
15439491407059570 5 -1
15439491407059590 9 -1
15439491407061700 16383 -1
15439491407062240 1 -1
15439491407062262 9 -1
15439491407064372 16382 -1
15439491407064910 2 -1
15439491407064920 9 -1
15439491407067090 16383 -1
15439491407067630 1 -1
15439491407067650 9 -1
15439491407069800 16382 -1
15439491407070342 2 -1
15439491407070370 9 -1
15439491407072490 12766 -1
15439491411286320 58 1
15439491411352530 132 -1
15439491411353050 9 -1
15439491411355218 16383 -1
15439491411355268 1 -1
15439491411355770 9 -1
15439491411358560 16382 -1
15439491411358610 2 -1
15439491411358640 9 -1
15439491411360720 16383 -1
15439491411361230 1 -1
15439491411361260 9 -1
15439491411363440 16382 -1
15439491411363980 2 -1
15439491411364000 9 -1
15439491411366670 16381 -1
15439491411366702 3 -1
15439491411366720 9 -1
15439491411369410 16380 -1
15439491411369432 4 -1
15439491411369450 9 -1
15439491411371010 6795 -1
15439491415506750 78 1
15439491415570340 148 -1
15439491415570900 9 -1
15439491415572030 3507 -1
15439491419583690 58 1
15439491419645792 131 -1
15439491419645950 9 -1
15439491419648540 16383 -1
15439491419648590 1 -1
15439491419648630 9 -1
15439491419651280 16383 -1
15439491419651330 1 -1
15439491419651370 9 -1
15439491419652390 4230 -1
15439491423704800 58 1
15439491423765320 154 -1
15439491423765790 9 -1
15439491423768160 16383 -1
15439491423768240 1 -1
15439491423768290 9 -1
15439491423770880 16383 -1
15439491423771420 1 -1
15439491423771460 9 -1
15439491423774150 16382 -1
15439491423774180 2 -1
15439491423774200 9 -1
15439491423776350 16381 -1
15439491423776900 3 -1
15439491423776930 9 -1
15439491423779110 16383 -1
15439491423779140 1 -1
15439491423779160 9 -1
15439491423781778 16382 -1
15439491423781810 2 -1
15439491423782300 9 -1
15439491423784470 16381 -1
15439491423784500 3 -1
15439491423784990 9 -1
15439491423787200 16380 -1
15439491423787230 4 -1
15439491423787240 9 -1
15439491423789908 16379 -1
15439491423789940 5 -1
15439491423790470 9 -1
15439491423791570 6682 -1
15439491427997050 59 1
15439491428059530 131 -1
15439491428060060 9 -1
15439491428062780 16383 -1
15439491428062830 1 -1
15439491428062850 9 -1
15439491428065482 16383 -1
15439491428065510 1 -1
15439491428065540 9 -1
15439491428068140 16382 -1
15439491428068170 2 -1
15439491428068650 9 -1
15439491428071360 16381 -1
15439491428071370 3 -1
15439491428071390 9 -1
15439491428073490 16383 -1
15439491428074000 1 -1
15439491428074030 9 -1
15439491428076720 16382 -1
15439491428076740 2 -1
15439491428076748 9 -1
15439491428079500 16381 -1
15439491428079550 3 -1
15439491428079578 9 -1
15439491428082110 16383 -1
15439491428082130 1 -1
15439491428082140 9 -1
15439491428084810 16382 -1
15439491428084850 2 -1
15439491428085360 9 -1
15439491428087580 16381 -1
15439491428087608 3 -1
15439491428087630 9 -1
15439491428090178 16380 -1
15439491428090210 4 -1
15439491428090230 9 -1
15439491428092880 16383 -1
15439491428093420 1 -1
15439491428093440 9 -1
15439491428094530 6700 -1
15439491432369790 399 1
15439491432430028 258 -1
15439491432430160 9 -1
15439491432432220 5767 -1
15439491436448660 59 1
15439491436514290 131 -1
15439491436514822 9 -1
15439491436517028 16383 -1
15439491436517070 1 -1
15439491436517090 9 -1
15439491436519770 16383 -1
15439491436519820 1 -1
15439491436519858 9 -1
15439491436522450 16382 -1
15439491436522480 2 -1
15439491436522998 9 -1
15439491436525190 16383 -1
15439491436525750 1 -1
15439491436525770 9 -1
15439491436527910 16382 -1
15439491436528430 2 -1
15439491436528460 9 -1
15439491436530600 16383 -1
15439491436531140 1 -1
15439491436531150 9 -1
15439491436532250 5734 -1
15439491440656280 59 1
15439491440723150 132 -1
15439491440723710 9 -1
15439491440725890 16383 -1
15439491440725920 1 -1
15439491440725948 9 -1
15439491440728632 16382 -1
15439491440728690 2 -1
15439491440728720 9 -1
15439491440731850 16383 -1
15439491440731872 1 -1
15439491440731880 9 -1
15439491440733982 16382 -1
15439491440734530 2 -1
15439491440734560 9 -1
15439491440737290 16381 -1
15439491440737318 3 -1
15439491440737340 9 -1
15439491440739990 16380 -1
15439491440740020 4 -1
15439491440740040 9 -1
15439491440742700 16379 -1
15439491440742720 5 -1
15439491440742750 9 -1
15439491440745562 6 -1
15439491440746010 9 -1
15439491440748760 16377 -1
15439491440748810 7 -1
15439491440748860 9 -1
15439491440750210 7092 -1
15439491445318920 78 1
15439491445384260 147 -1
15439491445384440 9 -1
15439491445385360 3329 -1
15439491449394590 58 1
15439491449460930 130 -1
15439491449461090 9 -1
15439491449463652 16383 -1
15439491449464180 1 -1
15439491449464222 9 -1
15439491449466910 16383 -1
15439491449466990 1 -1
15439491449467040 9 -1
15439491449469680 16382 -1
15439491449469700 2 -1
15439491449470220 9 -1
15439491449472410 16381 -1
15439491449472430 3 -1
15439491449472950 9 -1
15439491449475132 16383 -1
15439491449475150 1 -1
15439491449475170 9 -1
15439491449477830 16383 -1
15439491449477890 1 -1
15439491449477910 9 -1
15439491449478920 6274 -1
0 0 0
15439491275904880 148 1
15439491275904880 206 1
15439491275905240 39 -1
15439491275905280 13 -1
15439491275953490 9 -1
15439491275959410 310 -1
15439491275959448 9 -1
15439491275960218 1959 -1
0 0 0
15439491285217040 148 1
15439491285217040 191 1
0 0 0
15439491275923250 148 1
15439491275923250 186 1
0 0 0
15439491275779550 148 1
15439491275779550 206 1
15439491275779870 39 -1
15439491275779910 13 -1
15439491275835760 9 -1
15439491275841360 310 -1
15439491275841400 9 -1
15439491275842430 3329 -1
0 0 0
15439491275517060 39 -1
15439491275517098 13 -1
15439491275784910 148 1
15439491275784910 207 1
15439491275833610 9 -1
15439491275839470 312 -1
15439491275839520 9 -1
15439491275842460 16383 -1
15439491275842460 1 -1
15439491275842530 9 -1
15439491275844628 9700 -1
0 0 0
15439491275958090 148 1
15439491275958090 206 1
