### "'156517 185390 22813 112360 76243 52609 65890 147596 99040 147017 83920 104529 124614 47447 118667 141536 61436 8483 9617 104529'"
0 0 0
15439528869956760 39 -1
15439528869957320 13 -1
15439528870141030 148 1
15439528870141030 180 1
15439528870196568 9 -1
15439528870204230 292 -1
15439528870204300 9 -1
15439528870206890 16383 -1
15439528870206890 1 -1
15439528870206940 9 -1
15439528870209570 16383 -1
15439528870209570 1 -1
15439528870209570 9 -1
15439528870261080 16382 -1
15439528870261080 2 -1
15439528870261080 9 -1
15439528870263870 16381 -1
15439528870263870 3 -1
15439528870263870 9 -1
15439528870266140 16383 -1
15439528870266140 1 -1
15439528870266140 9 -1
15439528870268450 16382 -1
15439528870268450 2 -1
15439528870268450 9 -1
15439528870270620 16381 -1
15439528870270620 3 -1
15439528870270620 9 -1
15439528870314610 16380 -1
15439528870314610 4 -1
15439528870314610 9 -1
15439528870316780 16383 -1
15439528870316780 1 -1
15439528870316780 9 -1
15439528870471910 16382 -1
15439528870471910 2 -1
15439528870471910 9 -1
15439528870474060 16381 -1
15439528870474090 3 -1
15439528870474110 9 -1
15439528870475162 5166 -1
0 0 0
15439528869920970 148 1
15439528869920970 201 1
15439528869921090 39 -1
15439528869921140 13 -1
15439528869969298 9 -1
15439528869975390 311 -1
15439528869975420 9 -1
15439528869976800 2415 -1
15439528874030540 78 1
15439528874086470 149 -1
15439528874086690 9 -1
15439528874087530 2617 -1
15439528878110198 79 1
15439528878164210 133 -1
15439528878164370 9 -1
15439528878165300 2973 -1
15439528882209620 78 1
15439528882266210 171 -1
15439528882266740 9 -1
15439528882267950 3329 -1
15439528886277390 79 1
15439528886330040 149 -1
15439528886330572 9 -1
15439528886331130 1883 -1
15439528890342310 58 1
15439528890400990 155 -1
15439528890401540 9 -1
15439528890404300 16383 -1
15439528890404300 1 -1
15439528890404300 9 -1
15439528890406940 16382 -1
15439528890406940 2 -1
15439528890406970 9 -1
15439528890450000 16383 -1
15439528890450000 1 -1
15439528890450000 9 -1
15439528890452740 16382 -1
15439528890452740 2 -1
15439528890452740 9 -1
15439528890455440 16381 -1
15439528890455440 3 -1
15439528890455440 9 -1
15439528890457590 16380 -1
15439528890457590 4 -1
15439528890457590 9 -1
15439528890459722 14056 -1
15439528894628200 59 1
15439528894683722 116 -1
15439528894683860 9 -1
15439528894686962 16383 -1
15439528894687020 1 -1
15439528894687058 9 -1
15439528894690300 16383 -1
15439528894690350 1 -1
15439528894690390 9 -1
15439528894693028 16382 -1
15439528894693050 2 -1
15439528894693070 9 -1
15439528894695730 16381 -1
15439528894695750 3 -1
15439528894696270 9 -1
15439528894697910 10707 -1
15439528898761880 58 1
15439528898845380 128 -1
15439528898845580 9 -1
15439528898848040 15874 -1
15439528898848090 510 -1
15439528898848578 9 -1
15439528898851308 15873 -1
15439528898851350 511 -1
15439528898851380 9 -1
15439528898854060 15872 -1
15439528898854100 512 -1
15439528898854138 9 -1
15439528898855180 3457 -1
15439528902932420 58 1
15439528902987850 152 -1
15439528902988070 9 -1
15439528902990652 16383 -1
15439528902991158 1 -1
15439528902991210 9 -1
15439528902993880 16382 -1
15439528902993938 2 -1
15439528902993970 9 -1
15439528902996668 16383 -1
15439528902997220 1 -1
15439528902997280 9 -1
15439528903000140 16382 -1
15439528903000190 2 -1
15439528903000210 9 -1
15439528903000310 354 -1
15439528907121962 58 1
15439528911122550 88 1
15439528911178270 184 -1
15439528911178442 9 -1
15439528911181570 16383 -1
15439528911181620 1 -1
15439528911182110 9 -1
15439528911184840 16382 -1
15439528911184880 2 -1
15439528911184910 9 -1
15439528911187570 16381 -1
15439528911188120 3 -1
15439528911188140 9 -1
15439528911190830 16380 -1
15439528911190860 4 -1
15439528911191370 9 -1
15439528911193590 16383 -1
15439528911193610 1 -1
15439528911194128 9 -1
15439528911196780 16382 -1
15439528911196800 2 -1
15439528911196808 9 -1
15439528911199510 16381 -1
15439528911199510 3 -1
15439528911199510 9 -1
15439528911227440 16380 -1
15439528911227470 4 -1
15439528911227990 9 -1
15439528911230770 16379 -1
15439528911230800 5 -1
15439528911230820 9 -1
15439528911230832 140 -1
15439528914609200 234 -1
15439528914609320 9 -1
15439528914612320 16383 -1
15439528914612370 1 -1
15439528914612410 9 -1
15439528914615070 16383 -1
15439528914615600 1 -1
15439528914615660 9 -1
15439528914618300 16382 -1
15439528914618320 2 -1
15439528914618340 9 -1
15439528914621028 16383 -1
15439528914621570 1 -1
15439528914624122 9 -1
15439528914627630 16383 -1
15439528914627650 1 -1
15439528914627668 9 -1
15439528914630352 16382 -1
15439528914630380 2 -1
15439528914630402 9 -1
15439528914630908 736 -1
15439528918742680 58 1
15439528918797700 127 -1
15439528918797880 9 -1
15439528918800982 16383 -1
15439528918801032 1 -1
15439528918801082 9 -1
15439528918803812 16382 -1
15439528918803880 2 -1
15439528918803930 9 -1
15439528918806540 16383 -1
15439528918807090 1 -1
15439528918807120 9 -1
15439528918809782 16382 -1
15439528918809810 2 -1
15439528918809832 9 -1
15439528918812570 16381 -1
15439528918812612 3 -1
15439528918813110 9 -1
15439528918815810 16380 -1
15439528918815840 4 -1
15439528918816350 9 -1
15439528918818570 16379 -1
15439528918819110 5 -1
15439528918819130 9 -1
15439528918821830 16378 -1
15439528918821880 6 -1
15439528918821900 9 -1
15439528918824560 15945 -1
15439528922907260 58 1
15439528922970840 139 -1
15439528922971380 9 -1
15439528922974140 16383 -1
15439528922974690 1 -1
15439528922974730 9 -1
15439528922977410 16382 -1
15439528922977450 2 -1
15439528922977490 9 -1
15439528922980130 16381 -1
15439528922980180 3 -1
15439528922980220 9 -1
15439528922982770 16380 -1
15439528922983320 4 -1
15439528922983350 9 -1
15439528922985970 16383 -1
15439528922986000 1 -1
15439528922986060 9 -1
15439528922986528 2000 -1
15439528927163898 88 1
15439528927219070 161 -1
15439528927219620 9 -1
15439528927222360 16383 -1
15439528927222400 1 -1
15439528927222430 9 -1
15439528927225120 16382 -1
15439528927225160 2 -1
15439528927225670 9 -1
15439528927227830 16381 -1
15439528927228380 3 -1
15439528927228400 9 -1
15439528927231140 16380 -1
15439528927231172 4 -1
15439528927231180 9 -1
15439528927234408 16383 -1
15439528927234440 1 -1
15439528927234450 9 -1
15439528927237092 16382 -1
15439528927237110 2 -1
15439528927237670 9 -1
15439528927238710 6225 -1
15439528931294890 58 1
15439528931349340 148 -1
15439528931349872 9 -1
15439528931352090 16383 -1
15439528931352630 1 -1
15439528931353220 9 -1
15439528931356500 16383 -1
15439528931356550 1 -1
15439528931356590 9 -1
15439528931359210 16382 -1
15439528931359230 2 -1
15439528931359770 9 -1
15439528931362432 16381 -1
15439528931362450 3 -1
15439528931362470 9 -1
15439528931365190 16380 -1
15439528931365220 4 -1
15439528931365718 9 -1
15439528931367950 16379 -1
15439528931368490 5 -1
15439528931368510 9 -1
15439528931371260 16378 -1
15439528931371282 6 -1
15439528931371820 9 -1
15439528931373488 9926 -1
15439528935602830 58 1
15439528935668070 116 -1
15439528935668230 9 -1
15439528935670810 16383 -1
15439528935671320 1 -1
15439528935671370 9 -1
15439528935674080 16383 -1
15439528935674130 1 -1
15439528935674642 9 -1
15439528935676870 14679 -1
15439528939731690 59 1
15439528939785212 132 -1
15439528939785710 9 -1
15439528939788440 16383 -1
15439528939788480 1 -1
15439528939788520 9 -1
15439528939791150 16383 -1
15439528939791190 1 -1
15439528939791700 9 -1
15439528939793880 16382 -1
15439528939794430 2 -1
15439528939794440 9 -1
15439528939797160 16381 -1
15439528939797180 3 -1
15439528939797190 9 -1
15439528939799920 16383 -1
15439528939799950 1 -1
15439528939799970 9 -1
15439528939803210 16382 -1
15439528939803230 2 -1
15439528939803260 9 -1
15439528939805890 16381 -1
15439528939805920 3 -1
15439528939806408 9 -1
15439528939806960 3979 -1
15439528943915480 58 1
15439528943999400 153 -1
15439528943999650 9 -1
15439528944002622 16383 -1
15439528944002680 1 -1
15439528944002718 9 -1
15439528944005940 16383 -1
15439528944005990 1 -1
15439528944006022 9 -1
15439528944008688 16382 -1
15439528944008720 2 -1
15439528944009240 9 -1
15439528944011460 16381 -1
15439528944011480 3 -1
15439528944012000 9 -1
15439528944014780 16383 -1
15439528944014810 1 -1
15439528944014830 9 -1
15439528944017450 16383 -1
15439528944017480 1 -1
15439528944018000 9 -1
15439528944020720 16382 -1
15439528944020750 2 -1
15439528944020770 9 -1
15439528944023480 16381 -1
15439528944023520 3 -1
15439528944024050 9 -1
15439528944025720 10464 -1
15439528948129670 89 1
15439528948189340 160 -1
15439528948189458 9 -1
15439528948192080 15835 -1
15439528948192610 549 -1
15439528948192660 9 -1
15439528948195282 15834 -1
15439528948195320 550 -1
15439528948195360 9 -1
15439528948198060 15833 -1
15439528948198090 551 -1
15439528948198112 9 -1
15439528948200230 12284 -1
15439528952259410 9 1
15439528952259410 81 1
15439528952315112 171 -1
15439528952315660 9 -1
15439528952316238 2083 -1
15439528956331420 78 1
15439528956385592 147 -1
15439528956386130 9 -1
15439528956386690 2795 -1
15439528960395328 78 1
15439528960450310 275 -1
15439528960450840 9 -1
15439528960451410 2083 -1
15439528964463810 78 1
15439528964535552 149 -1
15439528964536080 9 -1
15439528964536682 3863 -1
15439528968544490 78 1
15439528968599492 148 -1
15439528968599630 9 -1
15439528968600610 2617 -1
15439528972613670 63 1
15439528972668660 151 -1
15439528972668870 9 -1
15439528972671400 7163 -1
15439528976684060 63 1
15439528976739440 124 -1
15439528976739990 9 -1
15439528976741120 6467 -1
15439528980754680 62 1
15439528980821322 152 -1
15439528980821460 9 -1
15439528980824000 7878 -1
15439528984838440 63 1
15439528984892910 127 -1
15439528984893140 9 -1
15439528984896240 8483 -1
15439528988906240 62 1
15439528988959920 129 -1
15439528988960450 9 -1
15439528988962090 9617 -1
15439528993002670 63 1
15439528993056992 135 -1
15439528993057480 9 -1
15439528993059700 7792 -1
15439528997066620 88 1
15439528997122800 156 -1
15439528997123330 9 -1
15439528997126040 15834 -1
15439528997126080 550 -1
15439528997126120 9 -1
15439528997128730 15833 -1
15439528997128780 551 -1
15439528997128820 9 -1
15439528997131450 16383 -1
15439528997132010 1 -1
15439528997132030 9 -1
15439528997134680 16382 -1
15439528997134710 2 -1
15439528997134718 9 -1
15439528997138100 16383 -1
15439528997138660 1 -1
15439528997138710 9 -1
15439528997141390 16382 -1
15439528997141408 2 -1
15439528997141430 9 -1
15439528997143020 6225 -1
0 0 0
15439528870017518 148 1
15439528870017518 202 1
15439528870017580 39 -1
15439528870017860 13 -1
15439528870073422 9 -1
15439528874008100 9 1
15439528877720270 312 -1
15439528877720448 9 -1
15439528877723948 16383 -1
15439528877723948 1 -1
15439528877724000 9 -1
15439528877725610 6429 -1
0 0 0
15439528869899030 39 -1
15439528869899070 13 -1
15439528869953620 148 1
15439528870000670 9 -1
15439528870137120 201 1
15439528870190310 311 -1
15439528870190430 9 -1
15439528870191888 3329 -1
0 0 0
15439528870092330 39 -1
15439528870092720 13 -1
15439528870277080 148 1
15439528870277080 192 1
15439528870325690 9 -1
15439528870331710 308 -1
15439528870331760 9 -1
15439528870334620 16383 -1
15439528870334620 1 -1
15439528870334670 9 -1
15439528870337410 16383 -1
15439528870337410 1 -1
15439528870337410 9 -1
15439528870381588 16382 -1
15439528870381588 2 -1
15439528870381588 9 -1
15439528870384350 16381 -1
15439528870384350 3 -1
15439528870384350 9 -1
15439528870385880 16383 -1
15439528870385880 1 -1
15439528870385880 9 -1
15439528870388032 16382 -1
15439528870388032 2 -1
15439528870388032 9 -1
15439528870390260 16381 -1
15439528870390260 3 -1
15439528870390260 9 -1
15439528870429000 16380 -1
15439528870429000 4 -1
15439528870429000 9 -1
15439528870431140 16383 -1
15439528870431140 1 -1
15439528870431140 9 -1
15439528870432292 9061 -1
0 0 0
15439528870505050 148 1
15439528870505050 201 1
