### "'58419 24121 56337 8313 30746 58017 8209 83710 8469 58017 106020 240325 158527 132172 39046 47281 32021 73649'"
0 0 0
15444728687940270 148 1
15444728687940270 201 1
15444728687940350 39 -1
15444728687940390 13 -1
15444728687988890 9 -1
15444728687993490 308 -1
15444728687994030 9 -1
15444728687996690 16383 -1
15444728687996690 1 -1
15444728687996690 9 -1
15444728687998890 16382 -1
15444728687998890 2 -1
15444728687998890 9 -1
15444728688043490 16381 -1
15444728688043490 3 -1
15444728688043490 9 -1
15444728688044520 9267 -1
15444728692094420 78 1
15444728692157580 179 -1
15444728692157750 9 -1
15444728692160890 8313 -1
15444728696259670 78 1
15444728696323480 148 -1
15444728696323870 9 -1
15444728696323978 2795 -1
15444728700331450 78 1
15444728700387260 94 -1
15444728700387700 9 -1
15444728700387910 1731 -1
15444728704394900 78 1
15444728704455308 143 -1
15444728704455450 9 -1
15444728704455800 2083 -1
15444728708461140 58 1
15444728708526740 131 -1
15444728708526890 9 -1
15444728708529460 16383 -1
15444728708529990 1 -1
15444728708530020 9 -1
15444728708532200 14362 -1
15444728712542310 78 1
15444728712596440 90 -1
15444728712596690 9 -1
15444728712597510 1579 -1
15444728716611170 9 1
15444728716611170 90 1
15444728716681358 160 -1
15444728716681622 9 -1
15444728716684010 16383 -1
15444728716684010 1 -1
15444728716684092 9 -1
15444728716686160 16383 -1
15444728716686160 1 -1
15444728716686160 9 -1
15444728716688868 16382 -1
15444728716688868 2 -1
15444728716688868 9 -1
15444728716689970 8865 -1
15444728720760050 78 1
15444728720817090 167 -1
15444728720817440 9 -1
15444728720818220 2795 -1
15444728724831942 77 1
15444728724886970 148 -1
15444728724887230 9 -1
15444728724888000 2973 -1
15444728728903450 78 1
15444728728957290 148 -1
15444728728957550 9 -1
15444728728958420 2973 -1
15444728732963930 77 1
15444728733019650 275 -1
15444728733019920 9 -1
15444728733021280 3151 -1
15444728737037490 78 1
15444728737093170 147 -1
15444728737093350 9 -1
15444728737094260 2795 -1
15444728741109710 63 1
15444728741401700 152 -1
15444728741401970 9 -1
15444728741404400 7217 -1
15444728745437282 63 1
15444728745540890 116 -1
15444728745541100 9 -1
15444728745544230 7598 -1
15444728749601870 62 1
15444728749841960 128 -1
15444728749842520 9 -1
15444728749845310 8209 -1
15444728753863850 63 1
15444728753920742 148 -1
15444728753920960 9 -1
15444728753923420 7965 -1
15444728757947920 63 1
15444728758012310 129 -1
15444728758012500 9 -1
15444728758013980 3970 -1
15444728762027440 63 1
15444728762090220 148 -1
15444728762090450 9 -1
15444728762092390 6112 -1
15444728774714870 78 1
15444728774769102 158 -1
15444728774769350 9 -1
15444728774770190 2795 -1
15444728778791780 78 1
15444728778868580 71 -1
15444728778868820 9 -1
15444728778869060 1959 -1
15444728782884678 59 1
15444728782954970 149 -1
15444728782955160 9 -1
15444728782957708 16383 -1
15444728782958260 1 -1
15444728782958320 9 -1
15444728782960492 16383 -1
15444728782960580 1 -1
15444728782960630 9 -1
15444728782963180 16382 -1
15444728782963240 2 -1
15444728782963272 9 -1
15444728782965930 16381 -1
15444728782965980 3 -1
15444728782966002 9 -1
15444728782968600 16380 -1
15444728782968650 4 -1
15444728782968668 9 -1
15444728782969160 1790 -1
15444728787084128 399 1
15444728787154100 240 -1
15444728787154320 9 -1
15444728787157430 8469 -1
15444728791175580 399 1
15444728791241382 158 -1
15444728791241590 9 -1
15444728791244120 6552 -1
15444728798505300 87 1
15444728798561020 147 -1
15444728798561252 9 -1
15444728798563672 16383 -1
15444728798564230 1 -1
15444728798564292 9 -1
15444728798566990 16382 -1
15444728798567080 2 -1
15444728798567130 9 -1
15444728798569160 16381 -1
15444728798569710 3 -1
15444728798569750 9 -1
15444728798570810 8865 -1
15444728805289480 59 1
15444728805685710 152 -1
15444728805685990 9 -1
15444728805688390 16383 -1
15444728805688478 1 -1
15444728805688540 9 -1
15444728805691090 16383 -1
15444728805691180 1 -1
15444728805691220 9 -1
15444728805693860 16382 -1
15444728805693920 2 -1
15444728805693950 9 -1
15444728805696030 16381 -1
15444728805696110 3 -1
15444728805696600 9 -1
15444728805698800 16383 -1
15444728805698860 1 -1
15444728805698890 9 -1
15444728805701510 16382 -1
15444728805701540 2 -1
15444728805701570 9 -1
15444728805702590 7716 -1
15444728809934670 58 1
15444728810008440 131 -1
15444728810008630 9 -1
15444728810011548 16383 -1
15444728810011610 1 -1
15444728810011650 9 -1
15444728810013750 16383 -1
15444728810014300 1 -1
15444728810014340 9 -1
15444728810016450 16382 -1
15444728810017000 2 -1
15444728810017058 9 -1
15444728810019230 16381 -1
15444728810019290 3 -1
15444728810019320 9 -1
15444728810021990 16380 -1
15444728810022060 4 -1
15444728810022110 9 -1
15444728810024660 16383 -1
15444728810024740 1 -1
15444728810024770 9 -1
15444728810027430 16382 -1
15444728810027480 2 -1
15444728810027500 9 -1
15444728810058488 16381 -1
15444728810058530 3 -1
15444728810058550 9 -1
15444728810061190 16380 -1
15444728810061222 4 -1
15444728810061250 9 -1
15444728810063420 16379 -1
15444728810064040 5 -1
15444728810064080 9 -1
15444728810066162 16378 -1
15444728810066230 6 -1
15444728810066700 9 -1
15444728810068942 16377 -1
15444728810069020 7 -1
15444728810069480 9 -1
15444728810071710 16376 -1
15444728810071790 8 -1
15444728810071810 9 -1
15444728810074490 16375 -1
15444728810074570 9 -1
15444728810074590 9 -1
15444728810076680 10949 -1
15444728814451950 78 1
15444728814508380 200 -1
15444728814508582 9 -1
15444728814509500 3863 -1
15444728818527760 58 1
15444728818593530 131 -1
15444728818593760 9 -1
15444728818596290 15873 -1
15444728818596352 511 -1
15444728818596410 9 -1
15444728818598420 15872 -1
15444728818598480 512 -1
15444728818598990 9 -1
15444728818601160 15871 -1
15444728818601242 513 -1
15444728818601292 9 -1
15444728818603340 15870 -1
15444728818603402 514 -1
15444728818603890 9 -1
15444728818606100 15869 -1
15444728818606140 515 -1
15444728818606182 9 -1
15444728818608790 15868 -1
15444728818608820 516 -1
15444728818608850 9 -1
15444728818610990 15867 -1
15444728818611040 517 -1
15444728818611060 9 -1
15444728818613710 15866 -1
15444728818613760 518 -1
15444728818613790 9 -1
15444728818615880 15865 -1
15444728818615930 519 -1
15444728818615962 9 -1
15444728818617480 11071 -1
15444728822786870 58 1
15444728822848790 153 -1
15444728822848940 9 -1
15444728822851500 16383 -1
15444728822851592 1 -1
15444728822851642 9 -1
15444728822854300 16383 -1
15444728822854390 1 -1
15444728822854440 9 -1
15444728822856970 16382 -1
15444728822857020 2 -1
15444728822857038 9 -1
15444728822859710 16381 -1
15444728822859768 3 -1
15444728822859790 9 -1
15444728822862410 16383 -1
15444728822862452 1 -1
15444728822862470 9 -1
15444728822865090 16382 -1
15444728822865118 2 -1
15444728822865140 9 -1
15444728822867802 16381 -1
15444728822867860 3 -1
15444728822867880 9 -1
15444728822870520 16380 -1
15444728822870570 4 -1
15444728822870600 9 -1
15444728822871080 1100 -1
15444728834638280 406 1
15444728834715020 161 -1
15444728834715270 9 -1
15444728834717720 16383 -1
15444728834717810 1 -1
15444728834717860 9 -1
15444728834720420 16382 -1
15444728834720520 2 -1
15444728834720572 9 -1
15444728834721520 6278 -1
15444728838878460 78 1
15444728839256402 134 -1
15444728839256650 9 -1
15444728839257490 3151 -1
15444728843303180 78 1
15444728843358210 276 -1
15444728843358418 9 -1
15444728843359210 3329 -1
15444728847385390 79 1
15444728847445690 148 -1
15444728847445878 9 -1
15444728847447350 2973 -1
15444728851462920 59 1
15444728851517180 153 -1
15444728851517900 9 -1
15444728851519790 16383 -1
15444728851520030 1 -1
15444728851520160 9 -1
15444728851522880 16383 -1
15444728851523130 1 -1
15444728851523290 9 -1
15444728851525070 14513 -1
15444728855597970 78 1
15444728855656030 146 -1
15444728855656180 9 -1
15444728855657660 3329 -1
15444728859690120 58 1
15444728859761540 132 -1
15444728859762080 9 -1
15444728859764290 16383 -1
15444728859764820 1 -1
15444728859764882 9 -1
15444728859767030 15637 -1
15444728863808588 88 1
15444728863882770 178 -1
15444728863883310 9 -1
15444728863885520 16383 -1
15444728863886060 1 -1
15444728863886110 9 -1
15444728863888258 16383 -1
15444728863888800 1 -1
15444728863888840 9 -1
15444728863890970 16382 -1
15444728863891020 2 -1
15444728863891520 9 -1
15444728863893710 16381 -1
15444728863893760 3 -1
15444728863894210 9 -1
15444728863895308 8113 -1
15444728868084090 400 1
15444728868138850 137 -1
15444728868139100 9 -1
15444728868139890 3172 -1
0 0 0
15444728688141260 39 -1
15444728688141320 13 -1
15444728688325328 148 1
15444728688325328 208 1
15444728688373720 9 -1
15444728688378590 310 -1
15444728688378652 9 -1
15444728688381720 16383 -1
15444728688381720 1 -1
15444728688381800 9 -1
15444728688382830 7737 -1
0 0 0
15444728688067940 39 -1
15444728688068522 13 -1
15444728688322260 148 1
15444728688322260 207 1
15444728688370580 9 -1
15444728688375440 311 -1
15444728688375512 9 -1
15444728688376840 3329 -1
0 0 0
15444728688383450 148 1
15444728688383450 188 1
15444728688383510 39 -1
15444728688383542 13 -1
15444728688438600 9 -1
15444728688451682 294 -1
15444728688451778 9 -1
15444728688454840 16383 -1
15444728688454840 1 -1
15444728688454840 9 -1
15444728688457570 16382 -1
15444728688457570 2 -1
15444728688457610 9 -1
15444728688507610 16383 -1
15444728688507610 1 -1
15444728688507610 9 -1
15444728688508730 7185 -1
0 0 0
15444728688023160 148 1
15444728688023160 207 1
15444728688024148 39 -1
15444728688024200 13 -1
15444728688071390 9 -1
15444728688078360 311 -1
15444728688078420 9 -1
15444728688079730 2795 -1
0 0 0
15444728688098460 39 -1
15444728688099010 13 -1
15444728688331050 148 1
15444728688331050 207 1
15444728688387950 9 -1
15444728688390840 310 -1
15444728688390880 9 -1
15444728688391520 1959 -1
