### "'58419 24121 56337 8313 30746 58017 8209 83710 106020 240325 158527 132172 73649 18998 32021 22203'"
0 0 0
15439591801126290 148 1
15439591801126290 207 1
0 0 0
15439591801041370 39 -1
15439591801041738 13 -1
15439591801123660 148 1
15439591801123660 207 1
15439591801173690 9 -1
15439591801180630 311 -1
15439591801180670 9 -1
15439591801181160 3329 -1
0 0 0
15439591800676660 39 -1
15439591800676690 13 -1
15439591800677130 148 1
15439591800677130 208 1
15439591800725688 9 -1
15439591800732010 311 -1
15439591800732580 9 -1
15439591800735290 16383 -1
15439591800735290 1 -1
15439591800735290 9 -1
15439591800736370 7737 -1
15439591804922358 78 1
15439591804989272 156 -1
15439591804989390 9 -1
15439591804993120 8313 -1
15439591809002308 78 1
15439591809061450 147 -1
15439591809061648 9 -1
15439591809062500 2795 -1
15439591813084828 78 1
15439591813141530 95 -1
15439591813142070 9 -1
15439591813142640 1731 -1
15439591817152130 78 1
15439591817207420 143 -1
15439591817207580 9 -1
15439591817207940 2083 -1
15439591821214110 58 1
15439591821271592 153 -1
15439591821272120 9 -1
15439591821275440 16383 -1
15439591821275440 1 -1
15439591821275490 9 -1
15439591821278190 14362 -1
15439591825298780 78 1
15439591825354550 73 -1
15439591825355110 9 -1
15439591825355680 1579 -1
15439591829361752 9 1
15439591829361752 90 1
15439591829415792 160 -1
15439591829416000 9 -1
15439591829419020 16383 -1
15439591829419020 1 -1
15439591829419070 9 -1
15439591829421750 16383 -1
15439591829421750 1 -1
15439591829421820 9 -1
15439591829425010 16382 -1
15439591829425010 2 -1
15439591829425010 9 -1
15439591829426050 8865 -1
15439591833480452 78 1
15439591833535090 171 -1
15439591833535262 9 -1
15439591833536160 2795 -1
15439591837543330 77 1
15439591837598240 148 -1
15439591837598780 9 -1
15439591837599340 2973 -1
15439591841610760 78 1
15439591841663840 170 -1
15439591841664370 9 -1
15439591841664938 2973 -1
15439591845674510 77 1
15439591845728418 252 -1
15439591845728590 9 -1
15439591845729560 3151 -1
15439591849740910 78 1
15439591849796560 147 -1
15439591849796720 9 -1
15439591849797630 2795 -1
15439591853810070 63 1
15439591853876792 148 -1
15439591853877320 9 -1
15439591853879600 7217 -1
15439591857895510 63 1
15439591857950110 130 -1
15439591857950662 9 -1
15439591857953450 7598 -1
15439591861960608 62 1
15439591862015120 151 -1
15439591862015650 9 -1
15439591862018412 8209 -1
15439591866029090 63 1
15439591866083642 125 -1
15439591866083780 9 -1
15439591866087440 7965 -1
15439591870094660 63 1
15439591870151240 148 -1
15439591870151770 9 -1
15439591870152910 3970 -1
15439591874162790 63 1
15439591874218890 129 -1
15439591874219380 9 -1
15439591874221060 6112 -1
15439591886675740 78 1
15439591886734140 158 -1
15439591886734330 9 -1
15439591886735210 2795 -1
15439591890742820 78 1
15439591890795460 82 -1
15439591890796000 9 -1
15439591890796558 1959 -1
15439591894809470 59 1
15439591894867010 126 -1
15439591894867160 9 -1
15439591894870270 16383 -1
15439591894870800 1 -1
15439591894870870 9 -1
15439591894873570 16383 -1
15439591894873650 1 -1
15439591894874110 9 -1
15439591894876890 16382 -1
15439591894876910 2 -1
15439591894876922 9 -1
15439591894880190 16381 -1
15439591894880220 3 -1
15439591894880240 9 -1
15439591894882950 16383 -1
15439591894883512 1 -1
15439591894883530 9 -1
15439591894884080 1790 -1
15439591898985190 59 1
15439591899039740 142 -1
15439591899039990 9 -1
15439591899043470 16383 -1
15439591899043500 1 -1
15439591899043530 9 -1
15439591899046782 16382 -1
15439591899046832 2 -1
15439591899046870 9 -1
15439591899049530 16383 -1
15439591899050000 1 -1
15439591899050030 9 -1
15439591899053258 16382 -1
15439591899053280 2 -1
15439591899053300 9 -1
15439591899055992 16381 -1
15439591899056540 3 -1
15439591899056560 9 -1
15439591899059310 16380 -1
15439591899059330 4 -1
15439591899059860 9 -1
15439591899061000 7716 -1
15439591903147740 58 1
15439591903201960 125 -1
15439591903202510 9 -1
15439591903205800 16383 -1
15439591903205850 1 -1
15439591903205890 9 -1
15439591903208600 16383 -1
15439591903208650 1 -1
15439591903209160 9 -1
15439591903211910 16382 -1
15439591903211940 2 -1
15439591903211970 9 -1
15439591903215240 16381 -1
15439591903215290 3 -1
15439591903215330 9 -1
15439591903217950 16383 -1
15439591903218470 1 -1
15439591903218510 9 -1
15439591903221272 16382 -1
15439591903221810 2 -1
15439591903221828 9 -1
15439591903224600 16381 -1
15439591903224620 3 -1
15439591903224630 9 -1
15439591903254160 16380 -1
15439591903254190 4 -1
15439591903254610 9 -1
15439591903257330 16379 -1
15439591903257350 5 -1
15439591903257880 9 -1
15439591903260080 16383 -1
15439591903260620 1 -1
15439591903260642 9 -1
15439591903263330 16382 -1
15439591903263878 2 -1
15439591903263920 9 -1
15439591903266630 16381 -1
15439591903266670 3 -1
15439591903266690 9 -1
15439591903269280 16380 -1
15439591903269830 4 -1
15439591903269860 9 -1
15439591903272560 16379 -1
15439591903272600 5 -1
15439591903273080 9 -1
15439591903274750 10949 -1
15439591907555380 405 1
15439591916730660 78 1
15439591916784990 202 -1
15439591916785520 9 -1
15439591916786088 3863 -1
15439591920820078 58 1
15439591920874780 83 -1
15439591920875290 9 -1
15439591920878050 16383 -1
15439591920878110 1 -1
15439591920878150 9 -1
15439591920881360 16383 -1
15439591920881400 1 -1
15439591920881432 9 -1
15439591920884550 16382 -1
15439591920884572 2 -1
15439591920884590 9 -1
15439591920887790 16381 -1
15439591920887812 3 -1
15439591920887830 9 -1
15439591920891560 16380 -1
15439591920891600 4 -1
15439591920892120 9 -1
15439591920894812 16379 -1
15439591920894830 5 -1
15439591920894840 9 -1
15439591920897550 16378 -1
15439591920898098 6 -1
15439591920898130 9 -1
15439591920900890 16383 -1
15439591920900920 1 -1
15439591920901452 9 -1
15439591920904182 16382 -1
15439591920904210 2 -1
15439591920904232 9 -1
15439591920907150 11071 -1
15439591925036320 58 1
15439591925098620 73 -1
15439591925099160 9 -1
15439591925101960 15873 -1
15439591925102040 511 -1
15439591925102078 9 -1
15439591925104670 15872 -1
15439591925104720 512 -1
15439591925105230 9 -1
15439591925107960 15871 -1
15439591925107990 513 -1
15439591925108010 9 -1
15439591925110670 15870 -1
15439591925110690 514 -1
15439591925111210 9 -1
15439591925113390 15869 -1
15439591925113930 515 -1
15439591925113950 9 -1
15439591925116630 15868 -1
15439591925116652 516 -1
15439591925116670 9 -1
15439591925119350 15867 -1
15439591925119370 517 -1
15439591925119390 9 -1
15439591925122020 15866 -1
15439591925122580 518 -1
15439591925122600 9 -1
15439591925123140 1100 -1
15439591929274430 78 1
15439591929355800 134 -1
15439591929356360 9 -1
15439591929356912 3151 -1
15439591933368390 78 1
15439591933423120 171 -1
15439591933423650 9 -1
15439591933424220 3329 -1
15439591937431970 79 1
15439591937488150 148 -1
15439591937488310 9 -1
15439591937489230 2973 -1
15439591941503530 88 1
15439591941561870 182 -1
15439591941562020 9 -1
15439591941565090 16383 -1
15439591941565140 1 -1
15439591941565170 9 -1
15439591941568338 16382 -1
15439591941568380 2 -1
15439591941568410 9 -1
15439591941571692 16381 -1
15439591941571710 3 -1
15439591941571742 9 -1
15439591941574420 16383 -1
15439591941574960 1 -1
15439591941574978 9 -1
15439591941576640 8113 -1
15439591947729120 407 1
15439591947785180 137 -1
15439591947785750 9 -1
15439591947788600 16383 -1
15439591947789100 1 -1
15439591947789150 9 -1
15439591947789670 2614 -1
15439591951824760 59 1
15439591955821820 78 1
15439591955875070 170 -1
15439591955875650 9 -1
15439591955876740 3329 -1
15439591959903110 58 1
15439591959957940 131 -1
15439591959958160 9 -1
15439591959961180 16383 -1
15439591959961230 1 -1
15439591959961310 9 -1
15439591959963910 15637 -1
15439591995125370 264 -1
15439591995125540 9 -1
15439591995128650 16383 -1
15439591995128730 1 -1
15439591995128788 9 -1
15439591995129760 5819 -1
0 0 0
15439591800860510 148 1
15439591800860510 207 1
15439591800860940 39 -1
15439591800860980 13 -1
15439591800915648 9 -1
15439591800919800 311 -1
15439591800919860 9 -1
15439591800920940 2795 -1
0 0 0
15439591800842472 148 1
15439591800842472 201 1
15439591800842522 39 -1
15439591800842840 13 -1
15439591800897250 9 -1
15439591800905870 309 -1
15439591800905960 9 -1
15439591800908510 16383 -1
15439591800908510 1 -1
15439591800908510 9 -1
15439591800910800 16382 -1
15439591800910800 2 -1
15439591800910800 9 -1
15439591800962080 16381 -1
15439591800962080 3 -1
15439591800962080 9 -1
15439591800964350 9267 -1
0 0 0
15439591801142780 39 -1
15439591801142840 13 -1
15439591801301640 148 1
15439591801301640 188 1
15439591801358600 9 -1
15439591801363270 293 -1
15439591801363348 9 -1
15439591801367150 16383 -1
15439591801367150 1 -1
15439591801367380 9 -1
15439591801370120 16383 -1
15439591801370120 1 -1
15439591801370120 9 -1
15439591801421220 16382 -1
15439591801421220 2 -1
15439591801421220 9 -1
15439591801422228 7185 -1
