### "'32340 8597 110694 60970 50203 34155 32678 146285 53607 39482 131050 52851 49365 42853 84140 39482 37074 79690'"
0 0 0
15439639027973060 39 -1
15439639027973620 13 -1
15439639027986820 148 1
15439639027986820 186 1
15439639028035570 9 -1
15439639028040920 292 -1
15439639028040970 9 -1
15439639028044060 16383 -1
15439639028044060 1 -1
15439639028044060 9 -1
15439639028046392 15956 -1
0 0 0
15439639027540030 148 1
15439639027540030 185 1
0 0 0
15439639027523480 39 -1
15439639027523520 13 -1
15439639027545440 148 1
15439639027545440 205 1
15439639027593670 9 -1
15439639027598330 311 -1
15439639027598560 9 -1
15439639027600970 7737 -1
0 0 0
15439639028056590 148 1
15439639028056590 196 1
0 0 0
15439639027750608 148 1
15439639027750608 205 1
15439639027750670 39 -1
15439639027750960 13 -1
15439639027805310 9 -1
15439639027809530 343 -1
15439639027809580 9 -1
15439639027810640 2439 -1
0 0 0
15439639027397650 148 1
15439639027397650 205 1
15439639027397690 39 -1
15439639027398080 13 -1
15439639027445900 9 -1
15439639027451128 311 -1
15439639027451160 9 -1
15439639027451980 1807 -1
15439639031611782 9 1
15439639035493590 81 1
15439639035546370 170 -1
15439639035546920 9 -1
15439639035548020 2439 -1
15439639039561190 78 1
15439639039615210 148 -1
15439639039615310 9 -1
15439639039616190 2261 -1
15439639043627890 78 1
15439639043680242 171 -1
15439639043680410 9 -1
15439639043681330 3329 -1
15439639047686030 78 1
15439639047738250 178 -1
15439639047738400 9 -1
15439639047739350 2617 -1
15439639051744990 78 1
15439639051797760 159 -1
15439639051797950 9 -1
15439639051798280 2083 -1
15439639055811170 63 1
15439639055866010 127 -1
15439639055866540 9 -1
15439639055867118 3282 -1
15439639059874712 63 1
15439639059931380 116 -1
15439639059931582 9 -1
15439639059934330 8597 -1
15439639063961630 63 1
15439639064015620 152 -1
15439639064016180 9 -1
15439639064017320 3004 -1
15439639068027288 63 1
15439639068080730 129 -1
15439639068081260 9 -1
15439639068082960 6236 -1
15439639072091620 63 1
15439639072152892 252 -1
15439639072153410 9 -1
15439639072155672 5627 -1
15439639076172572 63 1
15439639076230400 129 -1
15439639076230560 9 -1
15439639076233180 6512 -1
15439639088314290 78 1
15439639088372650 203 -1
15439639088372850 9 -1
15439639088373740 2439 -1
15439639092382540 94 1
15439639092436140 169 -1
15439639092436340 9 -1
15439639092436630 1626 -1
15439639096452370 78 1
15439639096505510 147 -1
15439639096506022 9 -1
15439639096506080 2439 -1
15439639100516220 86 1
15439639100570710 185 -1
15439639100570878 9 -1
15439639100573400 16383 -1
15439639100573400 1 -1
15439639100573960 9 -1
15439639100576180 16383 -1
15439639100576180 1 -1
15439639100576180 9 -1
15439639100619660 16382 -1
15439639100619660 2 -1
15439639100619660 9 -1
15439639100622360 16381 -1
15439639100622360 3 -1
15439639100622360 9 -1
15439639100625030 16383 -1
15439639100625030 1 -1
15439639100625030 9 -1
15439639100626690 16382 -1
15439639100626690 2 -1
15439639100626690 9 -1
15439639100628850 12390 -1
15439639104717540 406 1
15439639104778890 125 -1
15439639104779430 9 -1
15439639104782160 16383 -1
15439639104782200 1 -1
15439639104782240 9 -1
15439639104784930 16383 -1
15439639104784980 1 -1
15439639104785020 9 -1
15439639104787670 16382 -1
15439639104788270 2 -1
15439639104788300 9 -1
15439639104789888 11818 -1
15439639108841950 406 1
15439639108897140 137 -1
15439639108897670 9 -1
15439639108899870 16383 -1
15439639108900420 1 -1
15439639108900458 9 -1
15439639108902660 16383 -1
15439639108903180 1 -1
15439639108903220 9 -1
15439639108905900 16383 -1
15439639108905950 1 -1
15439639108905990 9 -1
15439639108906460 1051 -1
15439639112973412 406 1
15439639113029038 160 -1
15439639113029340 9 -1
15439639113031680 16383 -1
15439639113032210 1 -1
15439639113032260 9 -1
15439639113034930 16383 -1
15439639113034970 1 -1
15439639113035008 9 -1
15439639113035480 1387 -1
15439639118840900 405 1
15439639118895450 137 -1
15439639118896020 9 -1
15439639118898150 16383 -1
15439639118898690 1 -1
15439639118898740 9 -1
15439639118901450 16294 -1
15439639122981350 78 1
15439639123035560 194 -1
15439639123035800 9 -1
15439639123036720 1807 -1
15439639127042720 59 1
15439639127096680 131 -1
15439639127096890 9 -1
15439639127099928 16383 -1
15439639127100490 1 -1
15439639127100540 9 -1
15439639127103190 16383 -1
15439639127103220 1 -1
15439639127103250 9 -1
15439639127105890 16382 -1
15439639127106440 2 -1
15439639127106472 9 -1
15439639127109100 16381 -1
15439639127109120 3 -1
15439639127109650 9 -1
15439639127112350 16380 -1
15439639127112380 4 -1
15439639127112400 9 -1
15439639127115058 16379 -1
15439639127115080 5 -1
15439639127115600 9 -1
15439639127118280 16383 -1
15439639127118300 1 -1
15439639127118310 9 -1
15439639127146170 16382 -1
15439639127146202 2 -1
15439639127146220 9 -1
15439639127148880 15213 -1
15439639131299930 407 1
15439639131357210 160 -1
15439639131357738 9 -1
15439639131360550 16383 -1
15439639131360600 1 -1
15439639131360640 9 -1
15439639131363298 16382 -1
15439639131363360 2 -1
15439639131363400 9 -1
15439639131366040 16381 -1
15439639131366580 3 -1
15439639131366610 9 -1
15439639131367710 4455 -1
15439639135434440 407 1
15439639135489200 133 -1
15439639135489330 9 -1
15439639135492510 16383 -1
15439639135492560 1 -1
15439639135492600 9 -1
15439639135495190 16382 -1
15439639135495240 2 -1
15439639135495750 9 -1
15439639135496870 6714 -1
15439639149763870 86 1
15439639149818700 184 -1
15439639149818890 9 -1
15439639149822010 16383 -1
15439639149822090 1 -1
15439639149822140 9 -1
15439639149825252 16383 -1
15439639149825320 1 -1
15439639149825360 9 -1
15439639149828050 16382 -1
15439639149828530 2 -1
15439639149828560 9 -1
15439639149831318 16381 -1
15439639149831350 3 -1
15439639149831418 9 -1
15439639149834030 16380 -1
15439639149834060 4 -1
15439639149834580 9 -1
15439639149837250 16383 -1
15439639149837280 1 -1
15439639149837300 9 -1
15439639149839990 16382 -1
15439639149840022 2 -1
15439639149840040 9 -1
15439639149842638 16362 -1
15439639154090120 406 1
15439639154147790 161 -1
15439639154148090 9 -1
15439639154151020 16383 -1
15439639154151070 1 -1
15439639154151110 9 -1
15439639154153740 16383 -1
15439639154154270 1 -1
15439639154154320 9 -1
15439639154156970 16383 -1
15439639154157000 1 -1
15439639154157520 9 -1
15439639154158102 3699 -1
15439639158199320 407 1
15439639158254230 137 -1
15439639158254768 9 -1
15439639158258070 16383 -1
15439639158258122 1 -1
15439639158258150 9 -1
15439639158260810 16383 -1
15439639158260850 1 -1
15439639158261362 9 -1
15439639158264092 16382 -1
15439639158264120 2 -1
15439639158264142 9 -1
15439639158264670 213 -1
15439639162320710 510 1
15439639162375560 160 -1
15439639162375710 9 -1
15439639162378830 16383 -1
15439639162378880 1 -1
15439639162378920 9 -1
15439639162381540 16383 -1
15439639162382090 1 -1
15439639162382140 9 -1
15439639162383750 10085 -1
15439639179827550 111 1
15439639179882720 184 -1
15439639179882960 9 -1
15439639179886020 16383 -1
15439639179886078 1 -1
15439639179886120 9 -1
15439639179888770 16383 -1
15439639179889318 1 -1
15439639179889380 9 -1
15439639179892090 16382 -1
15439639179892130 2 -1
15439639179892160 9 -1
15439639179894790 16381 -1
15439639179895320 3 -1
15439639179895350 9 -1
15439639179898040 16380 -1
15439639179898068 4 -1
15439639179898600 9 -1
15439639179899160 2220 -1
15439639184023290 407 1
15439639184079030 58 -1
15439639184079530 9 -1
15439639184081810 16383 -1
15439639184082350 1 -1
15439639184082388 9 -1
15439639184085022 16382 -1
15439639184085072 2 -1
15439639184085100 9 -1
15439639184086690 6714 -1
15439639188157660 407 1
15439639188213110 137 -1
15439639188213652 9 -1
15439639188216400 16383 -1
15439639188216440 1 -1
15439639188216478 9 -1
15439639188219080 16382 -1
15439639188219110 2 -1
15439639188219650 9 -1
15439639188220740 4306 -1
15439639192267662 406 1
15439639192323460 248 -1
15439639192323598 9 -1
15439639192326750 16383 -1
15439639192326800 1 -1
15439639192327312 9 -1
15439639192329560 16382 -1
15439639192330050 2 -1
15439639192330100 9 -1
15439639192332700 16383 -1
15439639192332730 1 -1
15439639192332740 9 -1
15439639192335430 16382 -1
15439639192335980 2 -1
15439639192336010 9 -1
15439639192338200 14154 -1
