### "'32340 60526 8597 110694 60970 50203 34155 32678 146285 53607 39482 131050 52851 49365 42853'"
0 0 0
15439637067615250 148 1
15439637067615250 205 1
0 0 0
15439637067380400 148 1
15439637067380400 196 1
0 0 0
15439637067697740 148 1
15439637067697740 205 1
0 0 0
15439637067971280 148 1
15439637067971280 185 1
15439637067971310 39 -1
15439637067971330 13 -1
15439637068019240 9 -1
15439637068024390 294 -1
15439637068024920 9 -1
15439637068027598 16383 -1
15439637068027598 1 -1
15439637068027648 9 -1
15439637068030910 16383 -1
15439637068030910 1 -1
15439637068030910 9 -1
15439637068074970 16382 -1
15439637068074970 2 -1
15439637068074970 9 -1
15439637068076028 11374 -1
0 0 0
15439637067916160 148 1
15439637067916160 205 1
15439637067916300 39 -1
15439637067916390 13 -1
15439637067965060 9 -1
15439637067969810 311 -1
15439637067969830 9 -1
15439637067972920 7737 -1
0 0 0
15439637075442172 148 1
15439637075442172 205 1
15439637075442230 39 -1
15439637075442440 13 -1
15439637075496560 9 -1
15439637075500860 310 -1
15439637075500888 9 -1
15439637075501980 2439 -1
15439637079509800 78 1
15439637079571600 148 -1
15439637079572130 9 -1
15439637079572710 2261 -1
15439637083581690 78 1
15439637083641688 171 -1
15439637083642200 9 -1
15439637083642780 3329 -1
15439637087649650 78 1
15439637087711452 178 -1
15439637087711590 9 -1
15439637087712500 2617 -1
15439637091723480 78 1
15439637091782770 159 -1
15439637091783308 9 -1
15439637091783890 2083 -1
15439637095791730 9 1
15439637095791730 66 1
15439637095852280 127 -1
15439637095852808 9 -1
15439637095853900 3282 -1
15439637099867690 63 1
15439637099928542 116 -1
15439637099929080 9 -1
15439637099930710 8597 -1
15439637103938530 63 1
15439637103999390 152 -1
15439637103999460 9 -1
15439637104001080 3004 -1
15439637108011342 63 1
15439637108071380 129 -1
15439637108071900 9 -1
15439637108073580 6236 -1
15439637112088810 63 1
15439637112149260 148 -1
15439637112149798 9 -1
15439637112151590 5627 -1
15439637116165250 63 1
15439637116226090 233 -1
15439637116226612 9 -1
15439637116228312 6512 -1
15439637128993060 78 1
15439637129052260 203 -1
15439637129052392 9 -1
15439637129053320 2439 -1
15439637133059412 94 1
15439637133120288 169 -1
15439637133120420 9 -1
15439637133120810 1626 -1
15439637137135270 78 1
15439637137194570 147 -1
15439637137194770 9 -1
15439637137195630 2439 -1
15439637141213670 86 1
15439637141274890 185 -1
15439637141274970 9 -1
15439637141278190 16383 -1
15439637141278190 1 -1
15439637141278220 9 -1
15439637141280990 16383 -1
15439637141280990 1 -1
15439637141280990 9 -1
15439637141339468 16382 -1
15439637141339468 2 -1
15439637141339468 9 -1
15439637141342160 16381 -1
15439637141342160 3 -1
15439637141342160 9 -1
15439637141344340 16380 -1
15439637141344340 4 -1
15439637141344340 9 -1
15439637141346480 16383 -1
15439637141346480 1 -1
15439637141346480 9 -1
15439637141348700 12390 -1
15439637145419850 406 1
15439637145487010 125 -1
15439637145487558 9 -1
15439637145490210 16383 -1
15439637145490780 1 -1
15439637145490798 9 -1
15439637145493450 16383 -1
15439637145493470 1 -1
15439637145493490 9 -1
15439637145496130 16382 -1
15439637145496680 2 -1
15439637145496710 9 -1
15439637145498310 11818 -1
15439637149601390 406 1
15439637149662940 137 -1
15439637149663020 9 -1
15439637149665540 16383 -1
15439637149665560 1 -1
15439637149666090 9 -1
15439637149668260 16383 -1
15439637149668810 1 -1
15439637149668830 9 -1
15439637149670970 16382 -1
15439637149671510 2 -1
15439637149671530 9 -1
15439637149672070 1051 -1
15439637153713670 406 1
15439637153774770 160 -1
15439637153775290 9 -1
15439637153777470 16383 -1
15439637153777512 1 -1
15439637153778000 9 -1
15439637153780740 16382 -1
15439637153780770 2 -1
15439637153780798 9 -1
15439637153781310 1387 -1
15439637159051140 405 1
15439637159117690 137 -1
15439637159118180 9 -1
15439637159120350 16383 -1
15439637159120930 1 -1
15439637159120988 9 -1
15439637159123910 16294 -1
15439637163166030 78 1
15439637163225290 90 -1
15439637163225378 9 -1
15439637163226358 1807 -1
15439637167240040 59 1
15439637167301350 235 -1
15439637167301890 9 -1
15439637167304010 16383 -1
15439637167304550 1 -1
15439637167304570 9 -1
15439637167307270 16382 -1
15439637167307292 2 -1
15439637167307310 9 -1
15439637167309950 16383 -1
15439637167309980 1 -1
15439637167309980 9 -1
15439637167312670 16382 -1
15439637167312750 2 -1
15439637167312750 9 -1
15439637167314798 16381 -1
15439637167314820 3 -1
15439637167315330 9 -1
15439637167317490 16380 -1
15439637167317490 4 -1
15439637167317500 9 -1
15439637167320160 16383 -1
15439637167320180 1 -1
15439637167320210 9 -1
15439637167322840 16382 -1
15439637167322840 2 -1
15439637167322840 9 -1
15439637167360990 15213 -1
15439637171574530 407 1
15439637171657630 160 -1
15439637171657742 9 -1
15439637171660910 16383 -1
15439637171660940 1 -1
15439637171660960 9 -1
15439637171663690 16382 -1
15439637171663720 2 -1
15439637171663740 9 -1
15439637171666410 16383 -1
15439637171666430 1 -1
15439637171666440 9 -1
15439637171667530 4455 -1
15439637175744880 407 1
15439637175804890 133 -1
15439637175805408 9 -1
15439637175807640 16383 -1
15439637175808170 1 -1
15439637175808200 9 -1
15439637175810850 16383 -1
15439637175810872 1 -1
15439637175810890 9 -1
15439637175812480 6714 -1
15439637189705970 86 1
15439637189767600 184 -1
15439637189767730 9 -1
15439637189771580 16383 -1
15439637189771618 1 -1
15439637189771640 9 -1
15439637189774320 16383 -1
15439637189774352 1 -1
15439637189774370 9 -1
15439637189777060 16382 -1
15439637189777600 2 -1
15439637189777630 9 -1
15439637189779730 16381 -1
15439637189780272 3 -1
15439637189780300 9 -1
15439637189782990 16380 -1
15439637189783030 4 -1
15439637189783052 9 -1
15439637189785730 16379 -1
15439637189785760 5 -1
15439637189785780 9 -1
15439637189788410 16378 -1
15439637189788440 6 -1
15439637189788930 9 -1
15439637189791660 16362 -1
15439637193913022 406 1
15439637193974690 161 -1
15439637193974860 9 -1
15439637193977972 16383 -1
15439637193978022 1 -1
15439637193978060 9 -1
15439637193980720 16383 -1
15439637193980760 1 -1
15439637193980790 9 -1
15439637193983390 16382 -1
15439637193983418 2 -1
15439637193983440 9 -1
15439637193984560 3699 -1
15439637198015330 407 1
15439637198075380 137 -1
15439637198075550 9 -1
15439637198079200 16383 -1
15439637198079260 1 -1
15439637198079300 9 -1
15439637198081990 16383 -1
15439637198082098 1 -1
15439637198082160 9 -1
15439637198084640 16382 -1
15439637198084670 2 -1
15439637198085188 9 -1
15439637198085220 213 -1
15439637202132608 510 1
15439637202194950 159 -1
15439637202195110 9 -1
15439637202198160 16383 -1
15439637202198210 1 -1
15439637202198250 9 -1
15439637202200300 16382 -1
15439637202200810 2 -1
15439637202200870 9 -1
15439637202202490 10085 -1
0 0 0
15439637067996048 148 1
15439637067996048 186 1
15439637067996520 39 -1
15439637067996550 13 -1
15439637068050190 9 -1
15439637068056530 292 -1
15439637068056560 9 -1
15439637068060240 16383 -1
15439637068060240 1 -1
15439637068060240 9 -1
15439637068062480 15956 -1
