### "'101887 13415 40665 42492 119432 183613 209101 134913 162575 252882 244945 117065 19950 9513 16298 13103 9671 8616 8017 9267'"
0 0 0
15440048774134582 39 -1
15440048774134610 13 -1
15440048774382542 148 1
15440048774382542 203 1
15440048774431210 9 -1
15440048774436942 311 -1
15440048774436980 9 -1
15440048774438320 2439 -1
0 0 0
15440048774151930 39 -1
15440048774152500 13 -1
15440048774361948 148 1
15440048774361948 204 1
15440048774411110 9 -1
15440048774417410 311 -1
15440048774417470 9 -1
15440048774420230 13415 -1
0 0 0
15440048773592160 148 1
15440048773592160 195 1
15440048773592520 39 -1
15440048773592550 13 -1
15440048773647960 9 -1
15440048773654630 307 -1
15440048773654680 9 -1
15440048773658440 16383 -1
15440048773658440 1 -1
15440048773658990 9 -1
15440048773661210 16383 -1
15440048773661210 1 -1
15440048773661210 9 -1
15440048773712608 16382 -1
15440048773712608 2 -1
15440048773712608 9 -1
15440048773714780 16381 -1
15440048773714780 3 -1
15440048773714780 9 -1
15440048773716920 16380 -1
15440048773716920 4 -1
15440048773716920 9 -1
15440048773719100 16383 -1
15440048773719100 1 -1
15440048773719100 9 -1
15440048773719680 3583 -1
0 0 0
15440048773537530 148 1
15440048773537530 203 1
15440048773537920 39 -1
15440048773537950 13 -1
15440048773586700 9 -1
15440048773592020 310 -1
15440048773592082 9 -1
15440048773593090 1731 -1
15440048777628860 59 1
15440048777683420 130 -1
15440048777683510 9 -1
15440048777686650 16383 -1
15440048777686650 1 -1
15440048777686680 9 -1
15440048777688830 16382 -1
15440048777688830 2 -1
15440048777688830 9 -1
15440048777732192 9724 -1
15440048781864850 58 1
15440048781920030 156 -1
15440048781920158 9 -1
15440048781922730 16383 -1
15440048781922780 1 -1
15440048781922800 9 -1
15440048781925390 16383 -1
15440048781925420 1 -1
15440048781925420 9 -1
15440048781928100 16382 -1
15440048781928130 2 -1
15440048781928150 9 -1
15440048781930720 16381 -1
15440048781930720 3 -1
15440048781930720 9 -1
15440048781969270 16380 -1
15440048781969270 4 -1
15440048781969270 9 -1
15440048781971460 16383 -1
15440048781971460 1 -1
15440048781971460 9 -1
15440048781973628 16382 -1
15440048781973628 2 -1
15440048781973628 9 -1
15440048781974170 4744 -1
15440048786366790 58 1
15440048786425012 132 -1
15440048786425372 9 -1
15440048786427440 16383 -1
15440048786427500 1 -1
15440048786427570 9 -1
15440048786430220 16383 -1
15440048786430280 1 -1
15440048786430308 9 -1
15440048786432870 16382 -1
15440048786432890 2 -1
15440048786432910 9 -1
15440048786435050 16381 -1
15440048786435580 3 -1
15440048786435600 9 -1
15440048786439828 16383 -1
15440048786439850 1 -1
15440048786439870 9 -1
15440048786442530 16382 -1
15440048786442562 2 -1
15440048786442580 9 -1
15440048786445210 16381 -1
15440048786445240 3 -1
15440048786445260 9 -1
15440048786474782 16380 -1
15440048786475300 4 -1
15440048786475330 9 -1
15440048786477480 16379 -1
15440048786477510 5 -1
15440048786477530 9 -1
15440048786480210 16383 -1
15440048786480240 1 -1
15440048786480270 9 -1
15440048786482338 16382 -1
15440048786482880 2 -1
15440048786482920 9 -1
15440048786483450 3389 -1
15440048790723990 58 1
15440048790779080 149 -1
15440048790779670 9 -1
15440048790781850 16383 -1
15440048790781888 1 -1
15440048790782400 9 -1
15440048790784550 16383 -1
15440048790785110 1 -1
15440048790785130 9 -1
15440048790787280 16382 -1
15440048790787800 2 -1
15440048790787830 9 -1
15440048790790030 16381 -1
15440048790790082 3 -1
15440048790790570 9 -1
15440048790792740 16380 -1
15440048790792780 4 -1
15440048790792798 9 -1
15440048790795460 16379 -1
15440048790795500 5 -1
15440048790795520 9 -1
15440048790798170 16378 -1
15440048790798200 6 -1
15440048790798690 9 -1
15440048790800910 16377 -1
15440048790800940 7 -1
15440048790800960 9 -1
15440048790803570 16383 -1
15440048790803590 1 -1
15440048790803608 9 -1
15440048790806280 16382 -1
15440048790806310 2 -1
15440048790806330 9 -1
15440048790808940 16381 -1
15440048790808970 3 -1
15440048790808990 9 -1
15440048790829200 16380 -1
15440048790829200 4 -1
15440048790829200 9 -1
15440048790830842 12493 -1
15440048795076590 58 1
15440048795131158 130 -1
15440048795131258 9 -1
15440048795134302 16383 -1
15440048795134348 1 -1
15440048795134370 9 -1
15440048795137020 16383 -1
15440048795137050 1 -1
15440048795137070 9 -1
15440048795139220 16382 -1
15440048795139770 2 -1
15440048795139790 9 -1
15440048795141940 16381 -1
15440048795142460 3 -1
15440048795142490 9 -1
15440048795144690 16380 -1
15440048795144710 4 -1
15440048795144740 9 -1
15440048795147380 16379 -1
15440048795147400 5 -1
15440048795147418 9 -1
15440048795150090 16378 -1
15440048795150110 6 -1
15440048795150130 9 -1
15440048795152820 16383 -1
15440048795152850 1 -1
15440048795152882 9 -1
15440048795153350 3841 -1
15440048799434090 58 1
15440048799488462 131 -1
15440048799488570 9 -1
15440048799491090 16383 -1
15440048799491110 1 -1
15440048799491610 9 -1
15440048799493762 16383 -1
15440048799493790 1 -1
15440048799494268 9 -1
15440048799496470 16382 -1
15440048799496980 2 -1
15440048799497010 9 -1
15440048799499208 16381 -1
15440048799499240 3 -1
15440048799499258 9 -1
15440048799501910 16383 -1
15440048799501938 1 -1
15440048799501960 9 -1
15440048799504622 16382 -1
15440048799504640 2 -1
15440048799504660 9 -1
15440048799507310 16381 -1
15440048799507340 3 -1
15440048799507360 9 -1
15440048799509450 16380 -1
15440048799509470 4 -1
15440048799510010 9 -1
15440048799512200 16383 -1
15440048799512228 1 -1
15440048799512752 9 -1
15440048799514890 15119 -1
15440048803692880 78 1
15440048803746360 169 -1
15440048803746590 9 -1
15440048803746870 2261 -1
15440048807827900 58 1
15440048807880690 130 -1
15440048807880900 9 -1
15440048807883360 16383 -1
15440048807883900 1 -1
15440048807883940 9 -1
15440048807886118 16382 -1
15440048807886168 2 -1
15440048807886210 9 -1
15440048807888780 16381 -1
15440048807888810 3 -1
15440048807888820 9 -1
15440048807891480 16380 -1
15440048807891510 4 -1
15440048807891520 9 -1
15440048807894180 16383 -1
15440048807894220 1 -1
15440048807894270 9 -1
15440048807896850 16382 -1
15440048807896882 2 -1
15440048807896900 9 -1
15440048807899000 16381 -1
15440048807899540 3 -1
15440048807899570 9 -1
15440048807901700 16380 -1
15440048807902250 4 -1
15440048807902270 9 -1
15440048807904420 16379 -1
15440048807904970 5 -1
15440048807904990 9 -1
15440048807907140 16378 -1
15440048807907168 6 -1
15440048807907218 9 -1
15440048807909890 16377 -1
15440048807909920 7 -1
15440048807909940 9 -1
15440048807912600 16376 -1
15440048807912620 8 -1
15440048807912640 9 -1
15440048807914730 16383 -1
15440048807915240 1 -1
15440048807915260 9 -1
15440048807917940 16382 -1
15440048807917960 2 -1
15440048807917982 9 -1
15440048807920092 16381 -1
15440048807920598 3 -1
15440048807920630 9 -1
15440048807921710 7122 -1
15440048812136740 59 1
15440048812191082 155 -1
15440048812191240 9 -1
15440048812193790 16383 -1
15440048812193840 1 -1
15440048812193880 9 -1
15440048812196550 16382 -1
15440048812196600 2 -1
15440048812196640 9 -1
15440048812199270 16383 -1
15440048812199300 1 -1
15440048812199790 9 -1
15440048812201942 16382 -1
15440048812201970 2 -1
15440048812201992 9 -1
15440048812205480 16381 -1
15440048812205530 3 -1
15440048812205550 9 -1
15440048812208158 16380 -1
15440048812208190 4 -1
15440048812208210 9 -1
15440048812210382 16383 -1
15440048812210930 1 -1
15440048812210950 9 -1
15440048812213120 16382 -1
15440048812213140 2 -1
15440048812213160 9 -1
15440048816592600 58 1
15440048816654210 45665 -1
15440048816655330 1 -1
15440048816655372 9 -1
15440048816658558 16382 -1
15440048816658590 2 -1
15440048816659110 9 -1
15440048816661820 16381 -1
15440048816661850 3 -1
15440048816662360 9 -1
15440048816665080 16383 -1
15440048816665102 1 -1
15440048816665120 9 -1
15440048816667810 16382 -1
15440048816668360 2 -1
15440048816668380 9 -1
15440048816671060 16381 -1
15440048816671080 3 -1
15440048816671100 9 -1
15440048816672202 2377 -1
15440048820905650 78 1
15440048820960340 172 -1
15440048820960520 9 -1
15440048820960870 1905 -1
15440048824986920 9 1
15440048824986920 90 1
15440048825044610 158 -1
15440048825045130 9 -1
15440048825047860 16383 -1
15440048825047900 1 -1
15440048825047938 9 -1
15440048825048990 3566 -1
15440048829071370 88 1
15440048829126390 158 -1
15440048829126560 9 -1
15440048829128600 9513 -1
15440048833169910 77 1
15440048833223760 171 -1
15440048833224260 9 -1
15440048833224822 2795 -1
15440048837245060 73 1
15440048837300488 143 -1
15440048837300630 9 -1
15440048837303180 16298 -1
15440048841324180 78 1
15440048841380980 172 -1
15440048841381158 9 -1
15440048841382060 3151 -1
15440048845403950 78 1
15440048845457390 148 -1
15440048845457570 9 -1
15440048845458460 2617 -1
15440048849469750 78 1
15440048849525620 134 -1
15440048849525800 9 -1
15440048849527308 3151 -1
15440048853532230 62 1
15440048853586900 153 -1
15440048853587120 9 -1
15440048853589580 13103 -1
15440048857614000 62 1
15440048857676280 233 -1
15440048857676460 9 -1
15440048857678490 9671 -1
15440048861704180 63 1
15440048861759300 152 -1
15440048861759820 9 -1
15440048861762090 7510 -1
15440048865771648 63 1
15440048865830340 130 -1
15440048865830532 9 -1
15440048865832420 8616 -1
15440048869856020 63 1
15440048869908600 128 -1
15440048869909090 9 -1
15440048869910700 7839 -1
15440048873944622 63 1
15440048873999060 152 -1
15440048873999218 9 -1
15440048874002358 8017 -1
15440048878021430 407 1
15440048878076860 137 -1
15440048878077350 9 -1
15440048878079060 9267 -1
0 0 0
15440048774402620 39 -1
15440048774402680 13 -1
15440048774412760 148 1
15440048774412760 203 1
15440048774467720 9 -1
15440048774475480 310 -1
15440048774475760 9 -1
15440048774476660 2617 -1
0 0 0
15440048774364368 39 -1
15440048774364418 13 -1
15440048774406510 148 1
15440048774406510 183 1
15440048774455780 9 -1
15440048774460052 293 -1
15440048774460110 9 -1
15440048774463360 16383 -1
15440048774463360 1 -1
15440048774463450 9 -1
15440048774466060 16383 -1
15440048774466140 1 -1
15440048774466140 9 -1
15440048774509170 7897 -1
