### "'100087 34977 79878 266222 226720 112508 213612 99968 115030 780294 161126 166976 207743 15172 72558 64933 16298 8765 15172'"
0 0 0
15440054652758840 148 1
15440054652758840 207 1
0 0 0
15440054652330338 148 1
15440054652330338 198 1
15440054652330400 39 -1
15440054652330610 13 -1
15440054652378458 9 -1
15440054652385590 307 -1
15440054652385640 9 -1
15440054652388940 16383 -1
15440054652388940 1 -1
15440054652389020 9 -1
15440054652391670 16383 -1
15440054652391670 1 -1
15440054652391670 9 -1
15440054652435270 16382 -1
15440054652435270 2 -1
15440054652435270 9 -1
15440054652437490 16381 -1
15440054652437490 3 -1
15440054652437490 9 -1
15440054652440230 16380 -1
15440054652440230 4 -1
15440054652440230 9 -1
15440054652442310 16379 -1
15440054652442310 5 -1
15440054652442310 9 -1
15440054652442890 1783 -1
15440054656622040 59 1
15440054656679210 131 -1
15440054656679340 9 -1
15440054656682420 16383 -1
15440054656682460 1 -1
15440054656682970 9 -1
15440054656685710 16383 -1
15440054656685740 1 -1
15440054656685760 9 -1
15440054656688380 16382 -1
15440054656688420 2 -1
15440054656688440 9 -1
15440054656691260 16381 -1
15440054656691260 3 -1
15440054656691260 9 -1
15440054656693950 16380 -1
15440054656694000 4 -1
15440054656694018 9 -1
15440054656696600 16383 -1
15440054656696670 1 -1
15440054656696670 9 -1
15440054656698790 16382 -1
15440054656699330 2 -1
15440054656699330 9 -1
15440054656728910 16381 -1
15440054656728940 3 -1
15440054656728960 9 -1
15440054656732140 16380 -1
15440054656732140 4 -1
15440054656732140 9 -1
15440054656734430 16379 -1
15440054656734430 5 -1
15440054656734430 9 -1
15440054656783610 16378 -1
15440054656783610 6 -1
15440054656783610 9 -1
15440054656785310 16377 -1
15440054656785310 7 -1
15440054656785310 9 -1
15440054656787478 16383 -1
15440054656787478 1 -1
15440054656787478 9 -1
15440054656789898 16382 -1
15440054656789898 2 -1
15440054656789898 9 -1
15440054656904180 16381 -1
15440054656904180 3 -1
15440054656904180 9 -1
15440054656936400 16380 -1
15440054656936400 4 -1
15440054656936400 9 -1
15440054656936950 4078 -1
15440054661470050 58 1
15440054661549140 153 -1
15440054661549630 9 -1
15440054661552330 16383 -1
15440054661552360 1 -1
15440054661552380 9 -1
15440054661555080 16383 -1
15440054661555110 1 -1
15440054661555130 9 -1
15440054661557760 16382 -1
15440054661557788 2 -1
15440054661558330 9 -1
15440054661560960 16383 -1
15440054661561000 1 -1
15440054661561020 9 -1
15440054661563612 16382 -1
15440054661563630 2 -1
15440054661564180 9 -1
15440054661566278 16381 -1
15440054661566920 3 -1
15440054661567020 9 -1
15440054661569620 16380 -1
15440054661569650 4 -1
15440054661569660 9 -1
15440054661572350 16379 -1
15440054661572380 5 -1
15440054661572400 9 -1
15440054661575652 16378 -1
15440054661575690 6 -1
15440054661575710 9 -1
15440054661578370 16377 -1
15440054661578400 7 -1
15440054661578420 9 -1
15440054661581100 16383 -1
15440054661581140 1 -1
15440054661581162 9 -1
15440054661685910 16382 -1
15440054661685910 2 -1
15440054661685910 9 -1
15440054661688580 16381 -1
15440054661688580 3 -1
15440054661688580 9 -1
15440054661690250 13728 -1
15440054665761270 59 1
15440054665817040 130 -1
15440054665817170 9 -1
15440054665819800 16383 -1
15440054665819860 1 -1
15440054665819880 9 -1
15440054665822510 16383 -1
15440054665823050 1 -1
15440054665823080 9 -1
15440054665825232 16382 -1
15440054665825770 2 -1
15440054665825788 9 -1
15440054665828490 16381 -1
15440054665828550 3 -1
15440054665828568 9 -1
15440054665831240 16383 -1
15440054665831298 1 -1
15440054665831330 9 -1
15440054665834000 16382 -1
15440054665834538 2 -1
15440054665834580 9 -1
15440054665836740 14204 -1
15440054670392662 59 1
15440054670447050 149 -1
15440054670447250 9 -1
15440054670450252 16383 -1
15440054670450310 1 -1
15440054670450348 9 -1
15440054670452970 16383 -1
15440054670453050 1 -1
15440054670453530 9 -1
15440054670455760 16382 -1
15440054670456272 2 -1
15440054670456318 9 -1
15440054670458980 16381 -1
15440054670459030 3 -1
15440054670459070 9 -1
15440054670461680 16383 -1
15440054670462220 1 -1
15440054670462300 9 -1
15440054670464960 16382 -1
15440054670465050 2 -1
15440054670465090 9 -1
15440054670467650 16381 -1
15440054670468190 3 -1
15440054670468240 9 -1
15440054670470920 16383 -1
15440054670470992 1 -1
15440054670471020 9 -1
15440054670473640 16383 -1
15440054670473670 1 -1
15440054670473690 9 -1
15440054670476338 16382 -1
15440054670476862 2 -1
15440054670476900 9 -1
15440054670479090 16383 -1
15440054670479118 1 -1
15440054670479630 9 -1
15440054670482370 16382 -1
15440054670482400 2 -1
15440054670482420 9 -1
15440054670485150 16381 -1
15440054670485180 3 -1
15440054670485240 9 -1
15440054670485260 620 -1
15440054675328190 59 1
15440054675382630 130 -1
15440054675382850 9 -1
15440054675385790 16383 -1
15440054675385850 1 -1
15440054675385890 9 -1
15440054675388560 16383 -1
15440054675388610 1 -1
15440054675388650 9 -1
15440054675391430 16382 -1
15440054675391490 2 -1
15440054675391520 9 -1
15440054675394620 16381 -1
15440054675394650 3 -1
15440054675394670 9 -1
15440054675397370 16383 -1
15440054675397400 1 -1
15440054675397920 9 -1
15440054675400118 16382 -1
15440054675400150 2 -1
15440054675400660 9 -1
15440054675401230 1664 -1
15440054679573938 58 1
15440054679628530 125 -1
15440054679628730 9 -1
15440054679631820 16383 -1
15440054679631870 1 -1
15440054679631938 9 -1
15440054679634510 16383 -1
15440054679634550 1 -1
15440054679634580 9 -1
15440054679637250 16382 -1
15440054679637280 2 -1
15440054679637800 9 -1
15440054679640492 16383 -1
15440054679640520 1 -1
15440054679640530 9 -1
15440054679643190 16382 -1
15440054679643208 2 -1
15440054679643720 9 -1
15440054679646430 16383 -1
15440054679646450 1 -1
15440054679646470 9 -1
15440054679648672 16382 -1
15440054679649128 2 -1
15440054679649150 9 -1
15440054679649702 342 -1
15440054683818180 78 1
15440054683872420 171 -1
15440054683872600 9 -1
15440054683873500 2795 -1
15440054687890280 59 1
15440054687943960 133 -1
15440054687944090 9 -1
15440054687947180 16383 -1
15440054687947220 1 -1
15440054687947258 9 -1
15440054687949930 16383 -1
15440054687949960 1 -1
15440054687950480 9 -1
15440054687953200 16382 -1
15440054687953228 2 -1
15440054687953250 9 -1
15440054687955970 16381 -1
15440054687955990 3 -1
15440054687956008 9 -1
15440054687958670 16383 -1
15440054687958692 1 -1
15440054687958700 9 -1
15440054687961400 16382 -1
15440054687961422 2 -1
15440054687961940 9 -1
15440054687964662 16381 -1
15440054687964690 3 -1
15440054687964712 9 -1
15440054687966840 6 -1
15440054687966918 9 -1
15440054687970080 16377 -1
15440054687970150 7 -1
15440054687970222 9 -1
15440054687972760 16376 -1
15440054687972830 8 -1
15440054687972910 9 -1
15440054687975358 16383 -1
15440054687975430 1 -1
15440054687975860 9 -1
15440054687978530 16382 -1
15440054687978590 2 -1
15440054687978640 9 -1
15440054687979528 4 -1
15440054687981190 16381 -1
15440054687981270 3 -1
15440054687981350 9 -1
15440054687984290 16380 -1
15440054687984360 4 -1
15440054687984380 9 -1
15440054687988650 1 -1
15440054687989060 9 -1
15440054687992790 16383 -1
15440054687992790 1 -1
15440054687992790 9 -1
15440054687993382 9 -1
15440054687994940 16383 -1
15440054687994940 1 -1
15440054687994940 9 -1
15440054687999160 16382 -1
15440054687999160 2 -1
15440054687999160 9 -1
15440054688000172 16383 -1
15440054688000172 1 -1
15440054688000172 9 -1
15440054688003622 16383 -1
15440054688003800 1 -1
15440054688003800 9 -1
15440054688007318 16382 -1
15440054688007318 2 -1
15440054688007318 9 -1
15440054688008320 16381 -1
15440054688008320 3 -1
15440054688008320 9 -1
15440054688011140 16380 -1
15440054688011140 4 -1
15440054688011140 9 -1
15440054688013740 16379 -1
15440054688013740 5 -1
15440054688013740 9 -1
15440054688016310 16383 -1
15440054688016310 1 -1
15440054688016310 9 -1
15440054688018752 16382 -1
15440054688018752 2 -1
15440054688018752 9 -1
15440054688021222 16381 -1
15440054688021268 3 -1
15440054688021290 9 -1
15440054688023770 16380 -1
15440054688023810 4 -1
15440054688023830 9 -1
15440054688026530 16379 -1
15440054688026660 5 -1
15440054688026690 9 -1
15440054688027050 16378 -1
15440054688027160 6 -1
15440054688027280 9 -1
15440054688031672 16377 -1
15440054688031800 7 -1
15440054688031830 9 -1
15440054688034460 16376 -1
15440054688034460 8 -1
15440054688034460 9 -1
15440054688034460 16375 -1
15440054688034460 9 -1
15440054688034460 9 -1
15440054688037230 16374 -1
15440054688037230 10 -1
15440054688037230 9 -1
15440054688039550 10246 -1
15440054692895990 59 1
15440054692951570 153 -1
15440054692951730 9 -1
15440054692954290 16383 -1
15440054692954340 1 -1
15440054692954380 9 -1
15440054692957020 16383 -1
15440054692957070 1 -1
15440054692957100 9 -1
15440054692959760 16382 -1
15440054692959780 2 -1
15440054692959800 9 -1
15440054692962430 16381 -1
15440054692962450 3 -1
15440054692962470 9 -1
15440054692965210 16383 -1
15440054692965240 1 -1
15440054692965260 9 -1
15440054692967350 16383 -1
15440054692967870 1 -1
15440054692967898 9 -1
15440054692970100 16382 -1
15440054692970130 2 -1
15440054692970140 9 -1
15440054692972850 16383 -1
15440054692972870 1 -1
15440054692972880 9 -1
15440054692975560 16383 -1
15440054692975580 1 -1
15440054692975600 9 -1
15440054692977770 13670 -1
15440054697123330 59 1
15440054697178290 198 -1
15440054697178522 9 -1
15440054697181010 16383 -1
15440054697181060 1 -1
15440054697181100 9 -1
15440054697183790 16383 -1
15440054697183830 1 -1
15440054697183860 9 -1
15440054697186590 16382 -1
15440054697186610 2 -1
15440054697186670 9 -1
15440054697189230 16381 -1
15440054697189250 3 -1
15440054697189270 9 -1
15440054697191940 16380 -1
15440054697191960 4 -1
15440054697191980 9 -1
15440054697194650 16383 -1
15440054697194670 1 -1
15440054697194690 9 -1
15440054697197330 16382 -1
15440054697197350 2 -1
15440054697197370 9 -1
15440054697200028 16381 -1
15440054697200050 3 -1
15440054697200060 9 -1
15440054697202180 16380 -1
15440054697202210 4 -1
15440054697202712 9 -1
15440054697204930 16379 -1
15440054697204968 5 -1
15440054697205460 9 -1
15440054697206040 3136 -1
15440054701345810 59 1
15440054701400300 187 -1
15440054701400850 9 -1
15440054701403602 16383 -1
15440054701403640 1 -1
15440054701403680 9 -1
15440054701406332 16382 -1
15440054701406382 2 -1
15440054701406400 9 -1
15440054701408530 16383 -1
15440054701408560 1 -1
15440054701409060 9 -1
15440054701411250 16382 -1
15440054701411272 2 -1
15440054701411290 9 -1
15440054701413950 16381 -1
15440054701413980 3 -1
15440054701414000 9 -1
15440054701416610 16380 -1
15440054701416618 4 -1
15440054701416640 9 -1
15440054701419360 16379 -1
15440054701419380 5 -1
15440054701419910 9 -1
15440054701422090 16383 -1
15440054701422120 1 -1
15440054701422140 9 -1
15440054701424840 16382 -1
15440054701424870 2 -1
15440054701424890 9 -1
15440054701427500 16381 -1
15440054701427528 3 -1
15440054701427550 9 -1
15440054701429660 16380 -1
15440054701430212 4 -1
15440054701430230 9 -1
15440054701432322 16379 -1
15440054701432870 5 -1
15440054701432910 9 -1
15440054701434482 11135 -1
15440054705736280 9 1
15440054705736280 91 1
15440054705790760 159 -1
15440054705790990 9 -1
15440054705793480 15172 -1
15440054709825470 67 1
15440054709882910 155 -1
15440054709883100 9 -1
15440054709885610 15838 -1
15440054709885660 546 -1
15440054709885700 9 -1
15440054709888310 15837 -1
15440054709888350 547 -1
15440054709888380 9 -1
15440054709890500 15836 -1
15440054709891068 548 -1
15440054709891120 9 -1
15440054709893250 15835 -1
15440054709893280 549 -1
15440054709898428 9 -1
15440054709901430 7022 -1
15440054714002990 68 1
15440054714058700 178 -1
15440054714058850 9 -1
15440054714061400 16383 -1
15440054714061480 1 -1
15440054714061520 9 -1
15440054714064150 16382 -1
15440054714064190 2 -1
15440054714064230 9 -1
15440054714066852 16381 -1
15440054714066880 3 -1
15440054714066898 9 -1
15440054714068980 15781 -1
15440054718170080 78 1
15440054718225370 178 -1
15440054718225920 9 -1
15440054718227028 2617 -1
15440054722243430 78 1
15440054722296230 170 -1
15440054722296730 9 -1
15440054722297298 2973 -1
15440054726311250 89 1
15440054726366078 142 -1
15440054726366620 9 -1
15440054726369980 16298 -1
15440054730394890 77 1
15440054730450220 171 -1
15440054730450410 9 -1
15440054730451300 2261 -1
15440054734467210 79 1
15440054734520350 135 -1
15440054734520500 9 -1
15440054734522008 2973 -1
15440054738532390 63 1
15440054738587450 199 -1
15440054738587670 9 -1
15440054738590230 6883 -1
15440054742610870 63 1
15440054742664630 186 -1
15440054742664850 9 -1
15440054742667370 7832 -1
15440054746681400 62 1
15440054746735110 125 -1
15440054746735240 9 -1
15440054746737890 7298 -1
15440054750754330 63 1
15440054750807560 153 -1
15440054750808100 9 -1
15440054750809230 8765 -1
15440054754836850 63 1
15440054754896550 129 -1
15440054754896720 9 -1
15440054754898180 7010 -1
15440054758917962 64 1
15440054759016048 116 -1
15440054759016262 9 -1
15440054759018790 7109 -1
15440054763041980 88 1
15440054763095310 165 -1
15440054763095520 9 -1
15440054763098030 15172 -1
0 0 0
15440054653256820 39 -1
15440054653257200 13 -1
15440054653408648 148 1
15440054653408648 206 1
15440054653457900 9 -1
15440054653464880 310 -1
15440054653464940 9 -1
15440054653466520 3151 -1
0 0 0
15440054652635428 148 1
15440054652635428 207 1
15440054652635460 39 -1
15440054652635880 13 -1
15440054652691960 9 -1
15440054652697700 312 -1
15440054652697780 9 -1
15440054652701630 16383 -1
15440054652701630 1 -1
15440054652702210 9 -1
15440054652704380 16383 -1
15440054652704380 1 -1
15440054652704380 9 -1
15440054652704970 2209 -1
0 0 0
15440054653475740 148 1
15440054653475740 186 1
15440054653476130 39 -1
15440054653476688 13 -1
15440054653531138 9 -1
15440054653538250 292 -1
15440054653538370 9 -1
15440054653540968 16383 -1
15440054653540968 1 -1
15440054653541040 9 -1
15440054653543810 16383 -1
15440054653543810 1 -1
15440054653543810 9 -1
15440054653594940 16382 -1
15440054653594940 2 -1
15440054653594940 9 -1
15440054653597630 16381 -1
15440054653597630 3 -1
15440054653597630 9 -1
15440054653599790 14342 -1
0 0 0
15440054653128480 148 1
15440054653128530 39 -1
15440054653128570 13 -1
15440054653176560 9 -1
15440054653176680 207 1
15440054653230900 312 -1
15440054653231020 9 -1
15440054653232000 3685 -1
