### "'12145 107710 84273 70148 93582 95240 74648 12039 15893 87321 71306 44418 199206 12276 103317 88436 77336 8511 9189 15893'"
0 0 0
15440065402554920 39 -1
15440065402554960 13 -1
15440065402558760 148 1
15440065402558760 183 1
15440065402607140 9 -1
15440065402613872 293 -1
15440065402613968 9 -1
15440065402616630 16383 -1
15440065402616630 1 -1
15440065402616740 9 -1
15440065402619370 16383 -1
15440065402619370 1 -1
15440065402619370 9 -1
15440065402663990 16382 -1
15440065402663990 2 -1
15440065402663990 9 -1
15440065402666700 16381 -1
15440065402666700 3 -1
15440065402666700 9 -1
15440065402668870 16383 -1
15440065402668870 1 -1
15440065402668870 9 -1
15440065402671000 16382 -1
15440065402671000 2 -1
15440065402671000 9 -1
15440065402672650 9406 -1
0 0 0
15440065402661058 39 -1
15440065402661090 13 -1
15440065402683170 148 1
15440065402683170 183 1
15440065402731510 9 -1
15440065402741662 293 -1
15440065402742200 9 -1
15440065402744910 16383 -1
15440065402744910 1 -1
15440065402744980 9 -1
15440065402748260 16383 -1
15440065402748260 1 -1
15440065402748260 9 -1
15440065402791980 16382 -1
15440065402791980 2 -1
15440065402791980 9 -1
15440065402794730 16381 -1
15440065402794730 3 -1
15440065402794730 9 -1
15440065402796910 16383 -1
15440065402796910 1 -1
15440065402796910 9 -1
15440065402797410 2353 -1
0 0 0
15440065402795948 39 -1
15440065402796010 13 -1
15440065402797370 148 1
15440065402797370 203 1
15440065402855762 9 -1
15440065402864230 312 -1
15440065402864298 9 -1
15440065402866200 2263 -1
0 0 0
15440065402593542 148 1
15440065402593542 194 1
0 0 0
15440065402374402 148 1
15440065402374402 203 1
15440065402375730 39 -1
15440065402376270 13 -1
15440065402428998 9 -1
15440065402442480 313 -1
15440065402442580 9 -1
15440065402444640 12145 -1
15440065406655590 57 1
15440065406716420 130 -1
15440065406716550 9 -1
15440065406719130 16383 -1
15440065406719130 1 -1
15440065406719670 9 -1
15440065406722432 16383 -1
15440065406722432 1 -1
15440065406722432 9 -1
15440065406772570 16382 -1
15440065406772570 2 -1
15440065406772570 9 -1
15440065406774850 16381 -1
15440065406774850 3 -1
15440065406774850 9 -1
15440065406775342 4612 -1
15440065410793280 58 1
15440065410854148 154 -1
15440065410854270 9 -1
15440065410857980 16383 -1
15440065410858008 1 -1
15440065410858030 9 -1
15440065410860670 16383 -1
15440065410860700 1 -1
15440065410860720 9 -1
15440065410863420 16382 -1
15440065410863420 2 -1
15440065410863420 9 -1
15440065410865610 16381 -1
15440065410865610 3 -1
15440065410865610 9 -1
15440065410868350 16380 -1
15440065410868390 4 -1
15440065410868412 9 -1
15440065410870040 11662 -1
15440065414967460 78 1
15440065415029340 147 -1
15440065415029510 9 -1
15440065415030410 2973 -1
15440065419041640 59 1
15440065419105940 130 -1
15440065419106070 9 -1
15440065419108600 16383 -1
15440065419108670 1 -1
15440065419108730 9 -1
15440065419111480 16382 -1
15440065419111530 2 -1
15440065419111550 9 -1
15440065419114770 16383 -1
15440065419114790 1 -1
15440065419114800 9 -1
15440065419116940 16382 -1
15440065419117470 2 -1
15440065419117488 9 -1
15440065419120160 16381 -1
15440065419120180 3 -1
15440065419120190 9 -1
15440065419122428 13320 -1
15440065423208460 58 1
15440065423273730 153 -1
15440065423274270 9 -1
15440065423276470 16383 -1
15440065423276500 1 -1
15440065423277030 9 -1
15440065423279222 16383 -1
15440065423279250 1 -1
15440065423279778 9 -1
15440065423281970 16382 -1
15440065423282520 2 -1
15440065423282530 9 -1
15440065423284690 16381 -1
15440065423284718 3 -1
15440065423285220 9 -1
15440065423286840 9112 -1
15440065427356688 59 1
15440065427420772 130 -1
15440065427421290 9 -1
15440065427422928 12039 -1
15440065431434160 9 1
15440065431434160 61 1
15440065431497490 153 -1
15440065431498020 9 -1
15440065431500240 15893 -1
15440065435515500 58 1
15440065435577820 126 -1
15440065435577940 9 -1
15440065435580512 16383 -1
15440065435581050 1 -1
15440065435581100 9 -1
15440065435583760 16383 -1
15440065435583780 1 -1
15440065435583798 9 -1
15440065435586432 16382 -1
15440065435586450 2 -1
15440065435586980 9 -1
15440065435589080 16381 -1
15440065435589110 3 -1
15440065435589640 9 -1
15440065435592390 16380 -1
15440065435592410 4 -1
15440065435592420 9 -1
15440065435593510 5401 -1
15440065439794250 59 1
15440065439861370 130 -1
15440065439861980 9 -1
15440065439865242 16383 -1
15440065439865270 1 -1
15440065439865780 9 -1
15440065439868500 16382 -1
15440065439868528 2 -1
15440065439868560 9 -1
15440065439870610 16381 -1
15440065439871150 3 -1
15440065439871170 9 -1
15440065439873840 16380 -1
15440065439873860 4 -1
15440065439873878 9 -1
15440065439875528 5770 -1
15440065443913440 59 1
15440065443974400 257 -1
15440065443974522 9 -1
15440065443976070 6778 -1
15440065447990710 67 1
15440065448058550 152 -1
15440065448059020 9 -1
15440065448061212 16383 -1
15440065448061750 1 -1
15440065448061780 9 -1
15440065448064530 16383 -1
15440065448064570 1 -1
15440065448064590 9 -1
15440065448066740 11650 -1
15440065452132102 67 1
15440065452192650 179 -1
15440065452192850 9 -1
15440065452195430 16383 -1
15440065452195470 1 -1
15440065452195498 9 -1
15440065452198160 16382 -1
15440065452198200 2 -1
15440065452198720 9 -1
15440065452200930 16383 -1
15440065452201020 1 -1
15440065452201468 9 -1
15440065452204230 16382 -1
15440065452204260 2 -1
15440065452204280 9 -1
15440065452206890 16381 -1
15440065452206932 3 -1
15440065452206960 9 -1
15440065452209620 16380 -1
15440065452210160 4 -1
15440065452210210 9 -1
15440065452212880 16379 -1
15440065452212930 5 -1
15440065452212952 9 -1
15440065452253290 16383 -1
15440065452253320 1 -1
15440065452253340 9 -1
15440065452255990 16382 -1
15440065452256010 2 -1
15440065452256538 9 -1
15440065452258760 16381 -1
15440065452258780 3 -1
15440065452259300 9 -1
15440065452261940 16380 -1
15440065452261970 4 -1
15440065452261990 9 -1
15440065452264640 16379 -1
15440065452264680 5 -1
15440065452265192 9 -1
15440065452265748 2598 -1
15440065456656650 86 1
15440065456718500 157 -1
15440065456719020 9 -1
15440065456720670 12276 -1
15440065460743530 59 1
15440065460804160 150 -1
15440065460804670 9 -1
15440065460806850 16383 -1
15440065460807380 1 -1
15440065460807410 9 -1
15440065460810130 16383 -1
15440065460810160 1 -1
15440065460810180 9 -1
15440065460812840 16382 -1
15440065460812860 2 -1
15440065460812870 9 -1
15440065460815498 16381 -1
15440065460815530 3 -1
15440065460815548 9 -1
15440065460818210 16383 -1
15440065460818240 1 -1
15440065460818770 9 -1
15440065460820930 16382 -1
15440065460821480 2 -1
15440065460821518 9 -1
15440065460822598 5013 -1
15440065464956270 59 1
15440065465018180 127 -1
15440065465018290 9 -1
15440065465021360 16383 -1
15440065465021390 1 -1
15440065465021410 9 -1
15440065465024050 16383 -1
15440065465024090 1 -1
15440065465024108 9 -1
15440065465026810 16382 -1
15440065465027360 2 -1
15440065465027390 9 -1
15440065465029572 16381 -1
15440065465030120 3 -1
15440065465030150 9 -1
15440065465032300 16380 -1
15440065465032850 4 -1
15440065465032880 9 -1
15440065465033950 6516 -1
15440065469109200 67 1
15440065469170420 152 -1
15440065469170930 9 -1
15440065469173100 16383 -1
15440065469173660 1 -1
15440065469173680 9 -1
15440065469175820 16383 -1
15440065469176350 1 -1
15440065469176372 9 -1
15440065469179080 16382 -1
15440065469179110 2 -1
15440065469179120 9 -1
15440065469181780 16381 -1
15440065469181810 3 -1
15440065469181830 9 -1
15440065469183540 11800 -1
15440065473274000 78 1
15440065473334630 170 -1
15440065473335170 9 -1
15440065473336440 2083 -1
15440065477440268 78 1
15440065477500060 150 -1
15440065477500610 9 -1
15440065477501190 2261 -1
15440065481549330 78 1
15440065481610078 171 -1
15440065481610210 9 -1
15440065481610600 2261 -1
15440065485657790 79 1
15440065485723310 251 -1
15440065485723490 9 -1
15440065485723540 2973 -1
15440065489845900 78 1
15440065489905670 147 -1
15440065489906190 9 -1
15440065489907320 2973 -1
15440065493962360 63 1
15440065494023940 152 -1
15440065494024480 9 -1
15440065494025550 6883 -1
15440065498126870 63 1
15440065498187110 116 -1
15440065498187770 9 -1
15440065498190392 8511 -1
15440065502304380 62 1
15440065502366530 152 -1
15440065502366600 9 -1
15440065502368080 7122 -1
15440065506464870 63 1
15440065506527190 128 -1
15440065506527410 9 -1
15440065506530380 9189 -1
15440065510558990 63 1
15440065510621950 139 -1
15440065510622070 9 -1
15440065510623000 5938 -1
15440065514694190 62 1
15440065514757832 129 -1
15440065514758010 9 -1
15440065514759368 7386 -1
15440065518779750 58 1
15440065518841080 126 -1
15440065518841218 9 -1
15440065518843830 15893 -1
0 0 0
15440065402532980 39 -1
15440065402533350 13 -1
15440065402552660 148 1
15440065402552660 203 1
15440065402601280 9 -1
15440065402607300 311 -1
15440065402607350 9 -1
15440065402608170 3151 -1
