### "'18292 41711 88114 57363 16614 15987 66648 106539 47940 41469 9497 24002 18186 15987 53653 76189 126804 70583 157004'"
0 0 0
15444750948115840 39 -1
15444750948116200 13 -1
15444750948494330 148 1
15444750948494330 206 1
15444750948549430 9 -1
15444750948555130 310 -1
15444750948555688 9 -1
15444750948556830 2617 -1
0 0 0
15444750948552820 39 -1
15444750948553240 13 -1
15444750948768070 148 1
15444750948768070 206 1
15444750948824150 9 -1
15444750948829320 310 -1
15444750948829830 9 -1
15444750948829880 1883 -1
0 0 0
15444750948379910 39 -1
15444750948380490 13 -1
15444750948754730 148 1
15444750948754730 205 1
15444750948803730 9 -1
15444750948810430 310 -1
15444750948810958 9 -1
15444750948811532 1959 -1
0 0 0
15444750947994450 148 1
15444750947994450 205 1
0 0 0
15444750948001080 148 1
15444750948001080 197 1
0 0 0
15444750948786680 148 1
15444750948786680 206 1
15444750948786760 39 -1
15444750948786800 13 -1
15444750948834830 9 -1
15444750948841478 311 -1
15444750948841620 9 -1
15444750948844560 16383 -1
15444750948844630 1 -1
15444750948844660 9 -1
15444750948845748 1908 -1
0 0 0
15444750949681758 148 1
15444750949681758 216 1
15444750949684638 39 -1
15444750949685180 13 -1
15444750949729940 9 -1
15444750949735620 321 -1
15444750949735710 9 -1
15444750949739210 16383 -1
15444750949739260 1 -1
15444750949739280 9 -1
15444750949787760 16382 -1
15444750949787760 2 -1
15444750949787760 9 -1
15444750949788790 8943 -1
15444750953918180 87 1
15444750953971830 169 -1
15444750953972002 9 -1
15444750953975150 16383 -1
15444750953975230 1 -1
15444750953975270 9 -1
15444750953977850 16383 -1
15444750953977910 1 -1
15444750953978400 9 -1
15444750953981090 16382 -1
15444750953981150 2 -1
15444750953981180 9 -1
15444750953984398 16383 -1
15444750953984460 1 -1
15444750953984480 9 -1
15444750954032990 16382 -1
15444750954032990 2 -1
15444750954032990 9 -1
15444750954034060 6194 -1
15444750958232290 88 1
15444750958285670 159 -1
15444750958285820 9 -1
15444750958288880 16383 -1
15444750958288960 1 -1
15444750958288990 9 -1
15444750958291630 16383 -1
15444750958292170 1 -1
15444750958292200 9 -1
15444750958294890 16382 -1
15444750958294940 2 -1
15444750958295420 9 -1
15444750958296512 8211 -1
15444750962351520 87 1
15444750962405450 181 -1
15444750962405610 9 -1
15444750962408680 16383 -1
15444750962408730 1 -1
15444750962408760 9 -1
15444750962409230 230 -1
15444750966426320 67 1
15444750966479480 155 -1
15444750966479640 9 -1
15444750966482760 15987 -1
15444750970489990 9 1
15444750970489990 81 1
15444750970542430 171 -1
15444750970542600 9 -1
15444750970543510 2617 -1
15444750974554860 77 1
15444750974610240 187 -1
15444750974610440 9 -1
15444750974611330 2617 -1
15444750978645050 78 1
15444750978699700 143 -1
15444750978699852 9 -1
15444750978700760 2795 -1
15444750982711598 79 1
15444750982765680 171 -1
15444750982765880 9 -1
15444750982766768 2617 -1
15444750986782100 78 1
15444750986840810 251 -1
15444750986841020 9 -1
15444750986841900 3329 -1
15444751010083470 79 1
15444751010137010 170 -1
15444751010137370 9 -1
15444751010138150 2617 -1
15444751014204050 78 1
15444751014258960 148 -1
15444751014259290 9 -1
15444751014260070 2973 -1
15444751018285890 78 1
15444751018339350 147 -1
15444751018339592 9 -1
15444751018340370 3507 -1
15444751022348170 59 1
15444751022402520 149 -1
15444751022402912 9 -1
15444751022405250 16383 -1
15444751022405760 1 -1
15444751022405820 9 -1
15444751022408522 16382 -1
15444751022408618 2 -1
15444751022408668 9 -1
15444751022411240 16383 -1
15444751022411290 1 -1
15444751022411340 9 -1
15444751022413970 16382 -1
15444751022414040 2 -1
15444751022414480 9 -1
15444751022414520 1112 -1
15444751026554490 79 1
15444751026608160 147 -1
15444751026608340 9 -1
15444751026609270 3329 -1
15444751030618930 59 1
15444751030673980 153 -1
15444751030674190 9 -1
15444751030677190 16383 -1
15444751030677250 1 -1
15444751030677300 9 -1
15444751030679960 16382 -1
15444751030680490 2 -1
15444751030680550 9 -1
15444751030683170 16381 -1
15444751030683228 3 -1
15444751030683250 9 -1
15444751030686420 16383 -1
15444751030686450 1 -1
15444751030686470 9 -1
15444751030692912 16382 -1
15444751030692980 2 -1
15444751030693460 9 -1
15444751030696160 16381 -1
15444751030696198 3 -1
15444751030696220 9 -1
15444751030697830 8235 -1
15444751034883010 78 1
15444751034936280 148 -1
15444751034936522 9 -1
15444751034937850 2973 -1
15444751038971920 78 1
15444751039025950 59 -1
15444751039026200 9 -1
15444751039027010 2111 -1
15444751043053170 78 1
15444751043106350 153 -1
15444751043106590 9 -1
15444751043107430 2973 -1
15444751047118950 78 1
15444751047175540 67 -1
15444751047176080 9 -1
15444751047176640 1959 -1
15444751051191800 89 1
15444751051246130 285 -1
15444751051246360 9 -1
15444751051249430 16383 -1
15444751051249520 1 -1
15444751051249570 9 -1
15444751051252192 16383 -1
15444751051252260 1 -1
15444751051252310 9 -1
15444751051254980 15172 -1
15444751055314478 78 1
15444751055368150 143 -1
15444751055368340 9 -1
15444751055369830 3329 -1
15444751059386402 78 1
15444751059444110 147 -1
15444751059444302 9 -1
15444751059445168 3507 -1
15444751063474218 78 1
15444751063527710 171 -1
15444751063527940 9 -1
15444751063528760 2973 -1
15444751067558460 78 1
15444751067613480 135 -1
15444751067613708 9 -1
15444751067614560 3329 -1
15444751071636260 78 1
15444751071693380 166 -1
15444751071693640 9 -1
15444751071694478 3507 -1
15444751075705832 79 1
15444751075758880 143 -1
15444751075759120 9 -1
15444751075760470 3507 -1
15444751079769462 59 1
15444751079823050 130 -1
15444751079823288 9 -1
15444751079826270 16383 -1
15444751079826830 1 -1
15444751079826910 9 -1
15444751079829540 16383 -1
15444751079829600 1 -1
15444751079829650 9 -1
15444751079831190 8701 -1
15444751083879060 79 1
15444751083955470 170 -1
15444751083955660 9 -1
15444751083957130 2973 -1
15444751087966430 78 1
15444751088019450 148 -1
15444751088019610 9 -1
15444751088020560 3329 -1
15444751092027410 78 1
15444751092079300 262 -1
15444751092079480 9 -1
15444751092080380 3329 -1
15444751096089790 78 1
15444751096143200 54 -1
15444751096143730 9 -1
15444751096144300 2187 -1
15444751100151340 78 1
15444751100207410 172 -1
15444751100207650 9 -1
15444751100208340 2973 -1
15444751104215850 78 1
15444751104321960 134 -1
15444751104322180 9 -1
15444751104323040 3507 -1
15444751108363308 67 1
15444751108417790 155 -1
15444751108418018 9 -1
15444751108419982 9497 -1
15444751112460330 67 1
15444751112514270 179 -1
15444751112514460 9 -1
15444751112517540 16383 -1
15444751112517632 1 -1
15444751112517682 9 -1
15444751112519180 7618 -1
15444751116600562 67 1
15444751116653990 157 -1
15444751116654170 9 -1
15444751116657218 16383 -1
15444751116657280 1 -1
15444751116657310 9 -1
15444751116658330 1802 -1
15444751120690450 67 1
15444751120746080 178 -1
15444751120746282 9 -1
15444751120749400 15987 -1
15444751124802680 78 1
15444751124855220 144 -1
15444751124855420 9 -1
15444751124856300 3151 -1
15444751128876930 58 1
15444751128934578 112 -1
15444751128934830 9 -1
15444751128937860 16383 -1
15444751128937950 1 -1
15444751128938010 9 -1
15444751128940590 16383 -1
15444751128940740 1 -1
15444751128940790 9 -1
15444751128943250 16382 -1
15444751128943840 2 -1
15444751128943880 9 -1
15444751128944380 4501 -1
15444751133092520 78 1
15444751133146080 170 -1
15444751133146360 9 -1
15444751133147140 2973 -1
15444751137175960 78 1
15444751137231390 248 -1
15444751137231570 9 -1
15444751137232520 2973 -1
15444751141257370 78 1
15444751141313000 166 -1
15444751141313282 9 -1
15444751141314620 3329 -1
15444751145339280 78 1
15444751145393838 143 -1
15444751145394390 9 -1
15444751145394930 2973 -1
15444751149417030 78 1
15444751149470420 148 -1
15444751149470660 9 -1
15444751149472630 2973 -1
15444751153498780 78 1
15444751153552060 171 -1
15444751153552598 9 -1
15444751153553180 3151 -1
15444751157564850 77 1
15444751157619370 148 -1
15444751157619540 9 -1
15444751157620490 3685 -1
15444751161641160 58 1
15444751161695530 153 -1
15444751161695722 9 -1
15444751161698790 16383 -1
15444751161698912 1 -1
15444751161698958 9 -1
15444751161701530 16383 -1
15444751161701620 1 -1
15444751161701670 9 -1
15444751161704208 16382 -1
15444751161704760 2 -1
15444751161704800 9 -1
15444751161707460 16381 -1
15444751161707510 3 -1
15444751161707550 9 -1
15444751161709020 10653 -1
15444751165868960 78 1
15444751165923440 147 -1
15444751165923720 9 -1
15444751165924540 2973 -1
15444751169972600 78 1
15444751170049540 94 -1
15444751170049730 9 -1
15444751170050630 2035 -1
15444751174073320 78 1
15444751174126598 148 -1
15444751174126800 9 -1
15444751174127710 3507 -1
15444751178139140 58 1
15444751178193240 109 -1
15444751178193450 9 -1
15444751178196508 16383 -1
15444751178196570 1 -1
15444751178196630 9 -1
15444751178199280 16383 -1
15444751178199370 1 -1
15444751178199420 9 -1
15444751178202510 16382 -1
15444751178202570 2 -1
15444751178202590 9 -1
15444751178205180 16381 -1
15444751178205230 3 -1
15444751178205258 9 -1
15444751178212290 16383 -1
15444751178212380 1 -1
15444751178212400 9 -1
15444751178215000 16382 -1
15444751178215540 2 -1
15444751178215580 9 -1
15444751178218328 16383 -1
15444751178218360 1 -1
15444751178218390 9 -1
15444751178255020 12116 -1
15444751182766650 78 1
15444751182820170 274 -1
15444751182820390 9 -1
15444751182821838 3151 -1
15444751186846370 59 1
15444751186899930 130 -1
15444751186900150 9 -1
15444751186903132 16383 -1
15444751186903240 1 -1
15444751186903290 9 -1
15444751186905860 16383 -1
15444751186905962 1 -1
15444751186905990 9 -1
15444751186908510 16382 -1
15444751186908578 2 -1
15444751186909060 9 -1
15444751186911250 16381 -1
15444751186911800 3 -1
15444751186911830 9 -1
15444751186912950 5047 -1
15444751191088600 78 1
15444751191143430 157 -1
15444751191143620 9 -1
15444751191145648 3685 -1
