### "'13918 19874 13616 12784 26888 9997 24140 21830 16837 16634 14681 19430 18416 13792 13067 28151 12431 23413 12126 15586'"
0 0 0
1545087186875562 52 -1
1545087188870669 298 1
1545087188884443 9 -1
1545087188884457 13 -1
1545087188884464 1500 -1
1545087188885482 4202 -1
1545087189286180 136 1
1545087189291012 13 -1
1545087189291022 1500 -1
1545087189292674 3664 -1
1545087189693465 166 1
1545087189696603 13 -1
1545087189697557 1500 -1
1545087189699213 7880 -1
1545087190099470 164 1
1545087190102734 13 -1
1545087190103172 1500 -1
1545087190105352 4129 -1
1545087190505917 167 1
1545087190509356 13 -1
1545087190509863 1500 -1
1545087190511563 4106 -1
1545087190911610 168 1
1545087190914988 13 -1
1545087190914996 1500 -1
1545087190915660 4244 -1
1545087191316348 167 1
1545087191320351 13 -1
1545087191320896 1500 -1
1545087191321879 7927 -1
1545087191721899 166 1
1545087191727038 13 -1
1545087191727045 1500 -1
1545087191727940 4821 -1
1545087192128595 167 1
1545087192131273 13 -1
1545087192132992 1500 -1
1545087192133667 4098 -1
1545087192533735 163 1
1545087192538392 13 -1
1545087192538400 1500 -1
1545087192539601 8000 -1
1545087192539615 569 -1
1545087192939786 167 1
1545087192943786 13 -1
1545087192944326 1500 -1
1545087192945393 8000 -1
1545087192945707 6956 -1
1545087192945718 1500 -1
1545087192945814 6265 -1
1545087193345831 164 1
1545087193349273 13 -1
1545087193349445 1500 -1
1545087193350461 8000 -1
1545087193351325 6974 -1
1545087193351337 1500 -1
1545087193352450 3955 -1
1545087193752524 167 1
1545087193756278 13 -1
1545087193756287 1500 -1
1545087193757071 8000 -1
1545087193759050 6951 -1
1545087193759064 462 -1
1545087194159728 168 1
1545087194164714 13 -1
1545087194164722 1500 -1
1545087194165369 8000 -1
1545087194166661 6974 -1
1545087194166677 259 -1
1545087194566800 167 1
1545087194570626 13 -1
1545087194570633 1500 -1
1545087194573330 8000 -1
1545087194574426 5249 -1
1545087194975302 164 1
1545087194980685 13 -1
1545087194983249 1500 -1
1545087194984665 8000 -1
1545087194986877 6950 -1
1545087194986896 1500 -1
1545087194987371 1555 -1
1545087195388796 163 1
1545087195392497 13 -1
1545087195392804 1500 -1
1545087195393814 8000 -1
1545087195394743 6978 -1
1545087195395357 1500 -1
1545087195395372 541 -1
1545087195795973 163 1
1545087195800422 13 -1
1545087195800640 1500 -1
1545087195801642 8000 -1
1545087195802630 4359 -1
1545087196203829 9 1
1545087196203843 167 1
1545087196209109 13 -1
1545087196213450 1500 -1
1545087196215010 8000 -1
1545087196215453 3657 -1
1545087196616112 167 1
1545087196619264 13 -1
1545087196620386 1500 -1
1545087196620951 8000 -1
1545087196621858 6951 -1
1545087196621870 1500 -1
1545087196624741 8000 -1
1545087196624753 2276 -1
1545087197025930 167 1
1545087197030232 13 -1
1545087197030239 1500 -1
1545087197031570 8000 -1
1545087197032025 3020 -1
1545087197432379 166 1
1545087197435144 13 -1
1545087197437168 1500 -1
1545087197438195 8000 -1
1545087197440121 6951 -1
1545087197440139 1500 -1
1545087197440665 5538 -1
1545087197841362 164 1
1545087197846525 13 -1
1545087197847500 1500 -1
1545087197849391 3812 -1
1545087198249489 164 1
1545087198252324 13 -1
1545087198255711 1500 -1
1545087198256539 7727 -1
1545087198656591 166 1
1545087198661144 13 -1
1545087198662156 1500 -1
1545087198663523 4119 -1
1545087199063547 166 1
1545087199066756 13 -1
1545087199068697 1500 -1
1545087199069595 8000 -1
1545087199070933 2717 -1
1545087199471593 167 1
1545087199475261 13 -1
1545087199476443 1500 -1
1545087199476878 8000 -1
1545087199477419 6153 -1
1545087199877585 163 1
1545087199882127 13 -1
1545087199882330 1500 -1
1545087199882767 7033 -1
1545087203953812 17 1
0 0 0
1545087187158863 52 -1
1545087188871017 311 1
1545087188875475 9 -1
1545087188875483 13 -1
1545087188876077 1500 -1
1545087188879332 8000 -1
1545087188883871 4607 -1
0 0 0
1545087187145039 52 -1
1545087189145588 301 1
1545087189149378 9 -1
1545087189149388 13 -1
1545087189149394 1500 -1
1545087189154923 8000 -1
1545087189155775 3472 -1
0 0 0
1545087187112800 52 -1
1545087189116791 314 1
1545087189120430 9 -1
1545087189121413 13 -1
1545087189121422 1500 -1
1545087189125153 8000 -1
1545087189127254 7072 -1
1545087189127268 1500 -1
1545087189128164 1999 -1
0 0 0
1545087187130072 52 -1
1545087189120029 311 1
1545087189124262 9 -1
1545087189124270 13 -1
1545087189124276 1500 -1
1545087189126222 8000 -1
1545087189126321 4304 -1
0 0 0
1545087187151153 52 -1
1545087190715857 313 1
1545087190718655 9 -1
1545087190718663 13 -1
1545087190720011 1500 -1
1545087190720524 8000 -1
1545087190722360 7072 -1
1545087190722483 1500 -1
1545087190723293 8000 -1
1545087190723303 1013 -1
