### "'24318 26062 20737 36315 38700 21494 27880 26542 19841 29347 37724 26007 19524 17777 17760 15876 25810 21236 16470 31732 28319 17634 29085 23629'"
0 0 0
1545087992281137 52 -1
1545087994045131 300 1
1545087994054280 9 -1
1545087994054348 13 -1
1545087994262892 1500 -1
1545087994262911 1500 -1
1545087994265759 8000 -1
1545087994268185 5681 -1
1545087994268199 1453 -1
1545087994268207 1500 -1
1545087994269174 3778 -1
1545087994270807 1221 -1
0 0 0
1545087992261834 52 -1
1545087994254860 299 1
1545087994258996 9 -1
1545087994259003 13 -1
1545087994415306 1500 -1
1545087994416996 1500 -1
1545087994418228 8000 -1
1545087994420222 5683 -1
1545087994420232 1453 -1
1545087994421383 1500 -1
1545087994421395 1418 -1
0 0 0
1545087992054271 52 -1
1545087994058611 290 1
1545087994063406 9 -1
1545087994063418 13 -1
1545087994158359 1500 -1
1545087994159939 1710 -1
1545087994160063 1817 -1
1545087994560124 154 1
1545087994562981 13 -1
1545087994747624 1500 -1
1545087994747639 1500 -1
1545087994748741 8000 -1
1545087994750440 5528 -1
1545087994750453 1453 -1
1545087994750460 1500 -1
1545087994751626 8000 -1
1545087994751844 6893 -1
1545087994751856 1088 -1
1545087994753879 1500 -1
1545087994753892 1918 -1
1545087995153989 154 1
1545087995158048 13 -1
1545087995322764 1500 -1
1545087995322777 1500 -1
1545087995323783 8000 -1
1545087995325361 5549 -1
1545087995325378 1453 -1
1545087995325384 1500 -1
1545087995326654 2175 -1
1545087995726762 153 1
1545087995729177 13 -1
1545087995924486 1500 -1
1545087995926519 1500 -1
1545087995927640 8000 -1
1545087995928430 5525 -1
1545087995928463 1453 -1
1545087995928550 1500 -1
1545087995928611 3781 -1
1545087995939357 4072 -1
1545087995939370 708 -1
1545087996339437 154 1
1545087996342424 13 -1
1545087996530489 1500 -1
1545087996530501 1500 -1
1545087996531655 8000 -1
1545087996532455 5547 -1
1545087996532469 1453 -1
1545087996532475 1500 -1
1545087996532535 522 -1
1545087996935113 153 1
1545087996937606 13 -1
1545087997070911 1500 -1
1545087997073093 8000 -1
1545087997073719 7047 -1
1545087997073732 353 -1
1545087997073738 1500 -1
1545087997073743 1500 -1
1545087997076402 3508 -1
1545087997077130 4072 -1
1545087997080773 2048 -1
1545087997481640 155 1
1545087997485959 13 -1
1545087997665789 1500 -1
1545087997665801 1500 -1
1545087997668178 8000 -1
1545087997670376 5523 -1
1545087997670390 1453 -1
1545087997670395 1500 -1
1545087997672644 8000 -1
1545087997674304 6893 -1
1545087997674315 1091 -1
1545087997675486 1500 -1
1545087997675496 939 -1
1545087998076352 154 1
1545087998079037 13 -1
1545087998252662 1500 -1
1545087998252675 1500 -1
1545087998254658 8000 -1
1545087998255784 5547 -1
1545087998255918 1453 -1
1545087998255925 1500 -1
1545087998257317 3779 -1
1545087998258704 2909 -1
1545087998658756 125 1
1545087998661542 13 -1
1545087998841758 1500 -1
1545087998842286 1500 -1
1545087998843008 8000 -1
1545087998844600 5525 -1
1545087998844651 1453 -1
1545087998846743 1500 -1
1545087998846765 205 -1
1545087999246961 154 1
1545087999251237 13 -1
1545087999411393 1500 -1
1545087999411411 404 -1
1545087999411418 1500 -1
1545087999412041 3604 -1
1545087999412472 4072 -1
1545087999416442 4072 -1
1545087999417120 2798 -1
1545087999817294 153 1
1545087999821326 13 -1
1545087999998942 1500 -1
1545087999998955 1500 -1
1545088000000134 3975 -1
1545088000001276 4072 -1
1545088000002305 4072 -1
1545088000003051 1500 -1
1545088000003063 1291 -1
1545088000003070 9 -1
1545088000404416 154 1
1545088000408292 13 -1
1545088000580501 1500 -1
1545088000580511 1500 -1
1545088000582347 3998 -1
1545088000584477 4072 -1
1545088000585689 4072 -1
1545088000585699 899 -1
1545088000985768 154 1
1545088000990891 13 -1
1545088001386056 9 1
1545088001386075 156 1
1545088001390491 13 -1
1545088001402108 1500 -1
1545088001402120 403 -1
1545088001516623 1500 -1
1545088001517220 8000 -1
1545088001517660 6597 -1
1545088001518322 1500 -1
1545088001518331 1500 -1
1545088001520003 3014 -1
1545088001520012 1977 -1
1545088001585450 1500 -1
1545088001585461 1500 -1
1545088001585876 8000 -1
1545088001587606 5526 -1
1545088001587627 1453 -1
1545088001587633 1500 -1
1545088001588598 1917 -1
1545088001988648 155 1
1545088001999282 13 -1
1545088002150288 1500 -1
1545088002150302 1500 -1
1545088002151838 3994 -1
1545088002152507 4072 -1
1545088002153234 4072 -1
1545088002155652 1500 -1
1545088002155664 4 -1
1545088002155671 9 -1
1545088002556188 153 1
1545088002559081 13 -1
1545088002724528 1500 -1
1545088002725255 1500 -1
1545088002726642 8000 -1
1545088002727593 5523 -1
1545088002727606 1453 -1
1545088002728368 1500 -1
1545088002728378 2992 -1
1545088002729192 4072 -1
1545088002730078 3040 -1
1545088002731159 2309 -1
1545088003131225 154 1
1545088003138245 13 -1
1545088003303301 1500 -1
1545088003303315 401 -1
1545088003303320 1500 -1
1545088003305915 8000 -1
1545088003306260 6599 -1
1545088003306276 1500 -1
1545088003306884 1716 -1
1545088003310413 4072 -1
1545088003310796 3212 -1
1545088003711304 153 1
1545088003715547 13 -1
1545088003885400 1500 -1
1545088003885413 1500 -1
1545088003886105 3972 -1
1545088003886732 4072 -1
1545088003887379 4072 -1
1545088003889295 1500 -1
1545088003889312 1167 -1
1545088003889319 9 -1
1545088004289492 154 1
1545088004292689 13 -1
1545088004488940 1500 -1
1545088004488953 1500 -1
1545088004489797 8000 -1
1545088004492616 5548 -1
1545088004492631 1453 -1
1545088004492636 1500 -1
1545088004493976 3779 -1
1545088004494365 4072 -1
1545088004494484 1915 -1
1545088004896503 154 1
1545088004899765 13 -1
1545088005058022 1500 -1
1545088005058038 1500 -1
1545088005058593 8000 -1
1545088005060200 5548 -1
1545088005060215 1453 -1
1545088005060221 1500 -1
1545088005061135 3778 -1
1545088005061147 532 -1
1545088009107092 17 1
0 0 0
1545087992238752 52 -1
1545087994234321 298 1
1545087994237523 9 -1
1545087994237533 13 -1
1545087994304049 1500 -1
1545087994304063 1500 -1
1545087994305938 8000 -1
1545087994308988 5684 -1
1545087994308999 1457 -1
1545087994309353 1500 -1
1545087994310661 3786 -1
1545087994310767 2953 -1
0 0 0
1545087992270249 52 -1
1545087995879496 298 1
1545087995883494 9 -1
1545087995883504 13 -1
1545087996073685 1500 -1
1545087996074815 1500 -1
1545087996077602 8000 -1
1545087996087425 5683 -1
1545087996087441 1453 -1
1545087996088868 1500 -1
1545087996090493 3780 -1
1545087996090561 3443 -1
0 0 0
1545087992239789 52 -1
1545087994238649 299 1
1545087994243960 9 -1
1545087994243971 13 -1
1545087994469908 1500 -1
1545087994469924 1500 -1
1545087994471744 8000 -1
1545087994471935 5681 -1
1545087994471946 1453 -1
1545087994471953 1500 -1
1545087994472042 8000 -1
1545087994478275 6893 -1
1545087994478343 1101 -1
1545087994478364 1020 -1
