### "'9967 28770 33145 21730 33495 17593 38160 29048 31497 17978 36015 35135 25414 34690 41204 36553 35144 19581 18240 23620 26678 28721 39466 18229 28969'"
0 0 0
1545089553163004 52 -1
1545089555159193 301 1
1545089555162060 9 -1
1545089555164459 13 -1
1545089555358503 1500 -1
1545089555358515 1500 -1
1545089555361221 8000 -1
1545089555362095 5681 -1
1545089555362107 1453 -1
1545089555362115 1500 -1
1545089555362796 3781 -1
1545089555363788 4072 -1
1545089555365036 4072 -1
1545089555366948 1901 -1
0 0 0
1545089552983544 52 -1
1545089554989550 293 1
1545089554993798 9 -1
1545089554994483 13 -1
1545089555135405 1500 -1
1545089555135418 1500 -1
1545089555136148 1500 -1
1545089555136162 2651 -1
1545089555137805 3113 -1
1545089555537833 154 1
1545089555541273 13 -1
1545089555770279 1500 -1
1545089555770291 1500 -1
1545089555770874 3974 -1
1545089555771397 4072 -1
1545089555771818 4072 -1
1545089555773428 1500 -1
1545089555773450 1125 -1
1545089555774043 9 -1
1545089556174335 154 1
1545089556177420 13 -1
1545089556371638 1500 -1
1545089556371651 1500 -1
1545089556372719 8000 -1
1545089556375402 5548 -1
1545089556376189 1453 -1
1545089556376202 1500 -1
1545089556376500 8000 -1
1545089556377835 6893 -1
1545089556377844 1088 -1
1545089556377850 1500 -1
1545089556378134 1378 -1
1545089556778159 154 1
1545089556781182 13 -1
1545089556985266 1500 -1
1545089556985333 1500 -1
1545089556986605 8000 -1
1545089556988729 5525 -1
1545089556988743 1453 -1
1545089556988750 1500 -1
1545089556992527 3780 -1
1545089556992890 4072 -1
1545089556993538 1877 -1
1545089557394371 155 1
1545089557399180 13 -1
1545089557607760 1500 -1
1545089557607774 1500 -1
1545089557608837 8000 -1
1545089557609662 5550 -1
1545089557609742 1453 -1
1545089557609792 159 -1
1545089558010433 155 1
1545089558014656 13 -1
1545089558198387 1500 -1
1545089558198401 1500 -1
1545089558198641 8000 -1
1545089558199282 5547 -1
1545089558199295 1453 -1
1545089558199304 1500 -1
1545089558199735 8000 -1
1545089558200718 6893 -1
1545089558200728 1088 -1
1545089558200734 733 -1
1545089558601994 166 1
1545089558605436 13 -1
1545089558784346 1500 -1
1545089558784359 1500 -1
1545089558784951 8000 -1
1545089558786176 5525 -1
1545089558786191 1457 -1
1545089558786196 1500 -1
1545089558787973 8000 -1
1545089558788884 6893 -1
1545089558788898 928 -1
1545089558788904 9 -1
1545089559188927 135 1
1545089559192114 13 -1
1545089559404051 1500 -1
1545089559404064 1500 -1
1545089559404926 8000 -1
1545089559406022 5545 -1
1545089559406034 1453 -1
1545089559406143 1500 -1
1545089559407116 3766 -1
1545089559410230 2329 -1
1545089559810495 155 1
1545089559814363 13 -1
1545089559990813 1500 -1
1545089559991135 1500 -1
1545089559991819 8000 -1
1545089559992559 5525 -1
1545089559992574 1453 -1
1545089559992633 1500 -1
1545089559993096 8000 -1
1545089559993631 6893 -1
1545089559993652 487 -1
1545089559993749 9 -1
1545089560393900 163 1
1545089560398763 13 -1
1545089560512015 1500 -1
1545089560512029 1500 -1
1545089560513195 8000 -1
1545089560514416 5549 -1
1545089560514432 1453 -1
1545089560514439 1500 -1
1545089560515340 8000 -1
1545089560517156 6893 -1
1545089560517167 1075 -1
1545089560518426 1500 -1
1545089560518435 2581 -1
1545089560519142 1854 -1
1545089560919876 164 1
1545089560923350 13 -1
1545089561164974 1500 -1
1545089561164987 1500 -1
1545089561165888 8000 -1
1545089561166678 5546 -1
1545089561166694 1453 -1
1545089561302441 1500 -1
1545089561304089 8000 -1
1545089561306816 6893 -1
1545089561306826 531 -1
1545089561307056 1500 -1
1545089561307065 328 -1
1545089561707186 164 1
1545089561711181 13 -1
1545089561910216 1500 -1
1545089561910228 364 -1
1545089562009827 1500 -1
1545089562010210 8000 -1
1545089562010557 6614 -1
1545089562011322 1500 -1
1545089562013487 8000 -1
1545089562013847 6893 -1
1545089562014182 941 -1
1545089562414317 155 1
1545089562416842 13 -1
1545089562572021 1500 -1
1545089562574242 1500 -1
1545089562575017 8000 -1
1545089562576003 5548 -1
1545089562576024 1453 -1
1545089562576492 1500 -1
1545089562576509 262 -1
1545089562976625 9 1
1545089562976638 157 1
1545089562983421 13 -1
1545089563166030 1500 -1
1545089563166040 406 -1
1545089563166970 1500 -1
1545089563167514 8000 -1
1545089563169053 6600 -1
1545089563169066 421 -1
1545089563169072 9 -1
1545089563569123 153 1
1545089563572274 13 -1
1545089563723668 1500 -1
1545089563723682 1500 -1
1545089563724024 8000 -1
1545089563724832 5527 -1
1545089563725636 1453 -1
1545089563725652 1500 -1
1545089563726202 2992 -1
1545089563726219 1309 -1
1545089564126801 153 1
1545089564130665 13 -1
1545089564299594 1500 -1
1545089564299604 1500 -1
1545089564300952 8000 -1
1545089564303704 5549 -1
1545089564303718 1453 -1
1545089564303722 1500 -1
1545089564304069 3782 -1
1545089564307348 3577 -1
1545089564707712 164 1
1545089564711290 13 -1
1545089564922144 1500 -1
1545089564922156 1500 -1
1545089564923526 8000 -1
1545089564926835 5523 -1
1545089564926848 1453 -1
1545089565014448 1500 -1
1545089565015262 3765 -1
1545089565015740 4072 -1
1545089565015790 1565 -1
1545089565415872 155 1
1545089565419036 13 -1
1545089565622021 1500 -1
1545089565622098 1500 -1
1545089565625070 8000 -1
1545089565625972 5546 -1
1545089565625992 1453 -1
1545089565626000 1500 -1
1545089565626464 8000 -1
1545089565627523 6893 -1
1545089565627535 1087 -1
1545089565628944 1500 -1
1545089565628955 2581 -1
1545089565628961 104 -1
1545089566029353 126 1
1545089566035314 13 -1
1545089566429416 163 1
1545089566432021 13 -1
1545089566460321 1500 -1
1545089566460341 1500 -1
1545089566461594 8000 -1
1545089566463317 5548 -1
1545089566463368 1453 -1
1545089566463385 410 -1
1545089566631712 1500 -1
1545089566634065 1500 -1
1545089566634602 8000 -1
1545089566635112 5526 -1
1545089566635125 1453 -1
1545089566636040 1500 -1
1545089566637784 3765 -1
1545089566638889 4072 -1
1545089566638901 1813 -1
1545089570697453 17 1
0 0 0
1545089553234908 52 -1
1545089554981426 302 1
1545089554984797 9 -1
1545089554985116 13 -1
1545089555137537 1500 -1
1545089555137561 1500 -1
1545089555139025 8000 -1
1545089555147255 5683 -1
1545089555148781 1453 -1
1545089555148826 1500 -1
1545089555150113 3778 -1
1545089555151180 4072 -1
1545089555151196 1601 -1
0 0 0
1545089553199092 52 -1
1545089556825180 302 1
1545089556829960 9 -1
1545089556829970 13 -1
1545089557024379 1500 -1
1545089557024393 1500 -1
1545089557025061 8000 -1
1545089557026923 5683 -1
1545089557027539 1453 -1
1545089557159356 1500 -1
1545089557159989 3779 -1
1545089557161352 3528 -1
1545089557162088 4072 -1
1545089557162100 799 -1
0 0 0
1545089553174856 52 -1
1545089555198208 301 1
1545089555201888 9 -1
1545089555202207 13 -1
1545089555406672 1500 -1
1545089555406682 537 -1
1545089555407017 1500 -1
1545089555408911 8000 -1
1545089555409925 6598 -1
1545089555411395 1500 -1
1545089555411711 1717 -1
1545089555411718 694 -1
0 0 0
1545089553174087 52 -1
1545089555204166 301 1
1545089555214205 9 -1
1545089555214243 13 -1
1545089555568085 1500 -1
1545089555568097 536 -1
1545089555665314 1500 -1
1545089555666060 8000 -1
1545089555667206 6600 -1
1545089555667224 1500 -1
1545089555667935 1500 -1
1545089555668770 3011 -1
1545089555669940 4072 -1
1545089555671063 4072 -1
1545089555671075 1521 -1
