### "'23271 28539 24741 18415 26610 15578 16622 23155 20760 15801 16352 17149 28302 17805 25591 32272 35434 17244 26542 18287 17073 19871 33990 13695'"
0 0 0
1545091195029306 52 -1
1545091197015906 310 1
1545091197019275 9 -1
1545091197020135 13 -1
1545091197021973 1500 -1
1545091197023388 8000 -1
1545091197024983 7072 -1
1545091197024999 1500 -1
1545091197026249 8000 -1
1545091197026337 2664 -1
0 0 0
1545091195080737 52 -1
1545091196754124 310 1
1545091196767952 9 -1
1545091196767959 13 -1
1545091196767964 1500 -1
1545091196770670 8000 -1
1545091196772600 7072 -1
1545091196772611 1500 -1
1545091196774549 5396 -1
0 0 0
1545091195030457 52 -1
1545091197031914 281 1
1545091197035210 9 -1
1545091197035226 13 -1
1545091197036468 1500 -1
1545091197037189 8000 -1
1545091197039334 7073 -1
1545091197039347 1500 -1
1545091197044670 6866 -1
0 0 0
1545091195035518 52 -1
1545091197032516 310 1
1545091197035579 9 -1
1545091197038841 13 -1
1545091197038866 1500 -1
1545091197039964 8000 -1
1545091197044728 7073 -1
1545091197044944 1500 -1
1545091197044956 540 -1
0 0 0
1545091195078375 52 -1
1545091198593983 312 1
1545091198597805 9 -1
1545091198597811 13 -1
1545091198599275 1500 -1
1545091198600880 8000 -1
1545091198602179 7073 -1
1545091198602762 1500 -1
1545091198604382 8000 -1
1545091198604397 735 -1
0 0 0
1545091194757188 52 -1
1545091196767541 297 1
1545091196772483 9 -1
1545091196772492 13 -1
1545091196772497 1500 -1
1545091196775883 3675 -1
1545091197176650 168 1
1545091197179894 13 -1
1545091197180495 1500 -1
1545091197181855 4425 -1
1545091197582008 168 1
1545091197584945 13 -1
1545091197586429 1500 -1
1545091197587872 5105 -1
1545091197988594 168 1
1545091197992942 13 -1
1545091197992952 1500 -1
1545091197995905 5129 -1
1545091198396111 166 1
1545091198398934 13 -1
1545091198400016 1500 -1
1545091198402108 8000 -1
1545091198402127 301 -1
1545091198802267 167 1
1545091198805133 13 -1
1545091198805447 1500 -1
1545091198806219 5841 -1
1545091199206644 167 1
1545091199211669 13 -1
1545091199211677 1500 -1
1545091199213336 3206 -1
1545091199613571 164 1
1545091199617743 13 -1
1545091199618981 1500 -1
1545091199619807 8000 -1
1545091199620308 6146 -1
1545091200020927 164 1
1545091200024172 13 -1
1545091200025267 1500 -1
1545091200026080 8000 -1
1545091200029054 6973 -1
1545091200029072 247 -1
1545091200431192 166 1
1545091200435498 13 -1
1545091200435591 1500 -1
1545091200436160 8000 -1
1545091200437693 6957 -1
1545091200437706 1500 -1
1545091200438650 5280 -1
1545091200839436 166 1
1545091200843259 13 -1
1545091200844109 1500 -1
1545091200845038 8000 -1
1545091200845507 6952 -1
1545091200845524 1500 -1
1545091200845607 2885 -1
1545091201245782 166 1
1545091201248747 13 -1
1545091201250795 1500 -1
1545091201251298 8000 -1
1545091201254035 6390 -1
1545091201654609 154 1
1545091201659593 13 -1
1545091201659603 1500 -1
1545091201659781 8000 -1
1545091201659921 6920 -1
1545091202059965 166 1
1545091202062975 13 -1
1545091202064761 1500 -1
1545091202066118 8000 -1
1545091202066901 6973 -1
1545091202066917 774 -1
1545091202467194 167 1
1545091202470468 13 -1
1545091202473256 1500 -1
1545091202474697 8000 -1
1545091202475896 6955 -1
1545091202475914 1500 -1
1545091202478507 8000 -1
1545091202478529 2427 -1
1545091202879154 154 1
1545091202882168 13 -1
1545091202883117 1500 -1
1545091202884729 8000 -1
1545091202885767 6951 -1
1545091202885777 1430 -1
1545091203287871 164 1
1545091203290754 13 -1
1545091203292714 1500 -1
1545091203293594 8000 -1
1545091203294117 6973 -1
1545091203294171 1500 -1
1545091203294735 7716 -1
1545091203694916 9 1
1545091203694928 158 1
1545091203698559 13 -1
1545091203700714 1500 -1
1545091203701574 8000 -1
1545091203702959 6956 -1
1545091203702978 1500 -1
1545091203703992 8000 -1
1545091203704639 6397 -1
1545091204104999 154 1
1545091204109944 13 -1
1545091204111075 1500 -1
1545091204111700 8000 -1
1545091204112894 6975 -1
1545091204112908 1500 -1
1545091204113377 8000 -1
1545091204114499 6893 -1
1545091204114516 1500 -1
1545091204114524 1175 -1
1545091204515476 166 1
1545091204521872 13 -1
1545091204523076 1500 -1
1545091204523908 8000 -1
1545091204528412 6952 -1
1545091204528431 869 -1
1545091204930184 153 1
1545091204933602 13 -1
1545091204933785 1500 -1
1545091204934681 8000 -1
1545091204938191 6950 -1
1545091204938207 1500 -1
1545091204944402 8000 -1
1545091204944425 667 -1
1545091205344525 167 1
1545091205349396 13 -1
1545091205349404 1500 -1
1545091205351486 8000 -1
1545091205353080 6974 -1
1545091205353096 1500 -1
1545091205353103 412 -1
1545091205753296 163 1
1545091205756268 13 -1
1545091205757062 1500 -1
1545091205758244 8000 -1
1545091205759987 6941 -1
1545091205760774 698 -1
1545091206162233 164 1
1545091206165956 13 -1
1545091206167327 1500 -1
1545091206169343 8000 -1
1545091206170315 6964 -1
1545091206170336 1500 -1
1545091206170612 1996 -1
1545091206572104 166 1
1545091206580158 13 -1
1545091206580166 1500 -1
1545091206582160 8000 -1
1545091206583713 6952 -1
1545091206583726 1500 -1
1545091206584926 8000 -1
1545091206586331 6893 -1
1545091206586373 1231 -1
1545091206987160 164 1
1545091206990864 13 -1
1545091206991476 1500 -1
1545091206992064 8000 -1
1545091206992971 4252 -1
1545091211048566 17 1
1545091211051874 17 -1
