### "'32158 21502 38419 16707 30297 19579 47689 26576 14472 15664 30462 38790 35857 23671 38232 22861 14285 10705 17116 13457 26501 22225 21608'"
0 0 0
1545091268873618 52 -1
1545091270865420 308 1
1545091270867893 9 -1
1545091270869915 13 -1
1545091271008963 1500 -1
1545091271009048 1675 -1
1545091271014228 4072 -1
1545091271016502 2211 -1
0 0 0
1545091268929007 52 -1
1545091270645835 314 1
1545091270651159 9 -1
1545091270651168 13 -1
1545091270767691 1500 -1
1545091270768262 8000 -1
1545091270770678 7156 -1
1545091270770689 372 -1
1545091270772841 1500 -1
1545091270772856 1500 -1
1545091270774439 3508 -1
1545091270780405 4072 -1
1545091270781690 4072 -1
1545091270781701 768 -1
0 0 0
1545091268894895 52 -1
1545091270906103 312 1
1545091270908955 9 -1
1545091270912528 13 -1
1545091271046230 1500 -1
1545091271051400 8000 -1
1545091271052145 7154 -1
1545091271052159 374 -1
1545091271052167 1500 -1
1545091271052775 8000 -1
1545091271054908 6893 -1
1545091271054922 1500 -1
1545091271054931 818 -1
1545091271056580 1500 -1
1545091271056592 1486 -1
0 0 0
1545091268650706 52 -1
1545091270654417 270 1
1545091270658375 9 -1
1545091270658386 13 -1
1545091270660794 1500 -1
1545091270664077 4198 -1
1545091271064157 166 1
1545091271067241 13 -1
1545091271183594 511 -1
1545091271184266 1500 -1
1545091271184648 8000 -1
1545091271187133 6893 -1
1545091271187149 28 -1
1545091271187424 9 -1
1545091271587244 167 1
1545091271591375 13 -1
1545091271609048 1500 -1
1545091271610706 8000 -1
1545091271612288 7024 -1
1545091271612303 336 -1
1545091271613296 1500 -1
1545091271613310 1500 -1
1545091271614134 3508 -1
1545091271615798 4072 -1
1545091271617410 3015 -1
1545091272017432 166 1
1545091272020886 13 -1
1545091272157996 1500 -1
1545091272160816 8000 -1
1545091272162839 7042 -1
1545091272162856 372 -1
1545091272162865 1500 -1
1545091272163208 1341 -1
1545091272563301 166 1
1545091272566677 13 -1
1545091272666855 1500 -1
1545091272667489 8000 -1
1545091272668939 7025 -1
1545091272668952 336 -1
1545091272668960 1500 -1
1545091272669524 1500 -1
1545091272671707 3508 -1
1545091272671718 3366 -1
1545091273071761 138 1
1545091273075298 13 -1
1545091273212128 1500 -1
1545091273212139 1541 -1
1545091273212404 4072 -1
1545091273213020 4072 -1
1545091273214063 3441 -1
1545091273614230 167 1
1545091273618236 13 -1
1545091273718240 1500 -1
1545091273718252 1500 -1
1545091273718707 4063 -1
1545091273719563 4072 -1
1545091273720057 4072 -1
1545091273720068 598 -1
1545091274120589 137 1
1545091274125109 13 -1
1545091274217112 1500 -1
1545091274218262 8000 -1
1545091274219781 7047 -1
1545091274219804 332 -1
1545091274219810 1500 -1
1545091274219815 1500 -1
1545091274221038 3508 -1
1545091274222960 4072 -1
1545091274224734 3184 -1
1545091274624925 168 1
1545091274631498 13 -1
1545091274725744 1500 -1
1545091274727897 8000 -1
1545091274728793 7024 -1
1545091274728811 334 -1
1545091274728821 1500 -1
1545091274730553 8000 -1
1545091274732810 6893 -1
1545091274732970 1500 -1
1545091274732977 818 -1
1545091274733699 1500 -1
1545091274733711 1897 -1
1545091275134807 137 1
1545091275140727 13 -1
1545091275275400 1500 -1
1545091275277306 8000 -1
1545091275277819 7047 -1
1545091275277834 337 -1
1545091275277843 1500 -1
1545091275280188 8000 -1
1545091275283386 6893 -1
1545091275283401 1500 -1
1545091275283407 818 -1
1545091275283414 461 -1
1545091275683563 166 1
1545091275688480 13 -1
1545091275982348 468 -1
1545091276083587 1500 -1
1545091276085763 8000 -1
1545091276092344 6893 -1
1545091276092356 1500 -1
1545091276092363 936 -1
1545091276095720 1500 -1
1545091276095758 2581 -1
1545091276095764 462 -1
1545091276496025 166 1
1545091276500939 13 -1
1545091276595741 1500 -1
1545091276596619 8000 -1
1545091276598553 7046 -1
1545091276598569 334 -1
1545091276598576 1500 -1
1545091276603326 8000 -1
1545091276605037 6893 -1
1545091276605047 1500 -1
1545091276605052 818 -1
1545091276609603 1500 -1
1545091276609622 1339 -1
1545091277009642 163 1
1545091277016490 13 -1
1545091277104451 1500 -1
1545091277105531 8000 -1
1545091277106511 7047 -1
1545091277106525 339 -1
1545091277106568 1500 -1
1545091277106581 1500 -1
1545091277106889 3156 -1
1545091277507029 9 1
1545091277507476 170 1
1545091277510633 13 -1
1545091277648135 1500 -1
1545091277648149 1512 -1
1545091277648914 4072 -1
1545091277649651 4072 -1
1545091277650302 3269 -1
1545091278050705 154 1
1545091278053249 13 -1
1545091278155277 1500 -1
1545091278155290 1553 -1
1545091278155976 4072 -1
1545091278156878 3745 -1
1545091278557638 164 1
1545091278560654 13 -1
1545091278660766 1500 -1
1545091278661827 8000 -1
1545091278663347 7026 -1
1545091278663493 336 -1
1545091278663507 414 -1
1545091279063834 166 1
1545091279066644 13 -1
1545091279462002 489 -1
1545091279593414 1500 -1
1545091279593428 1500 -1
1545091279594155 3626 -1
1545091279594701 4072 -1
1545091279598207 2444 -1
1545091279998436 168 1
1545091280005119 13 -1
1545091280098732 1500 -1
1545091280102052 8000 -1
1545091280102971 7047 -1
1545091280102984 336 -1
1545091280103043 1500 -1
1545091280104680 1500 -1
1545091280105300 3508 -1
1545091280105310 3291 -1
1545091280506363 137 1
1545091280511651 13 -1
1545091280610874 1500 -1
1545091280613243 8000 -1
1545091280617108 7023 -1
1545091280617125 334 -1
1545091280617132 1500 -1
1545091280617140 1500 -1
1545091280618019 2525 -1
1545091281019260 137 1
1545091281022195 13 -1
1545091281116329 1500 -1
1545091281118809 8000 -1
1545091281119161 7048 -1
1545091281119177 335 -1
1545091281119185 1500 -1
1545091281121634 1500 -1
1545091281121648 1907 -1
1545091285168609 17 1
0 0 0
1545091268904534 52 -1
1545091272486413 313 1
1545091272489956 9 -1
1545091272489965 13 -1
1545091272626559 1500 -1
1545091272628114 8000 -1
1545091272629783 7188 -1
1545091272629794 313 -1
1545091272629800 1500 -1
1545091272630930 8000 -1
1545091272631205 6893 -1
1545091272631462 1500 -1
1545091272631468 818 -1
1545091272632436 1500 -1
1545091272632450 2581 -1
1545091272633480 4072 -1
1545091272634561 4072 -1
1545091272634573 92 -1
0 0 0
1545091268877136 52 -1
1545091270890926 312 1
1545091270896042 9 -1
1545091270896052 13 -1
1545091270988590 1500 -1
1545091270990876 8000 -1
1545091270992505 7182 -1
1545091270992518 335 -1
1545091270992524 1500 -1
1545091270992532 1500 -1
1545091270995713 1801 -1
