### "'17651 12362 12785 16976 15979 12244 12997 18287 14852 16443 14192 12599 16681 22020 13722 13263 14244 12517 11821 19161 13539 11238'"
0 0 0
1545093360016714 52 -1
1545093363568778 298 1
1545093363571696 9 -1
1545093363572869 13 -1
1545093363572878 1500 -1
1545093363573664 8000 -1
1545093363576885 7072 -1
1545093363576896 601 -1
0 0 0
1545093360016306 52 -1
1545093362015643 272 1
1545093362018478 9 -1
1545093362018565 13 -1
1545093362019089 1500 -1
1545093362019156 8000 -1
1545093362025132 3473 -1
0 0 0
1545093360004553 52 -1
1545093362000218 298 1
1545093362003697 9 -1
1545093362003766 13 -1
1545093362004311 1500 -1
1545093362007920 8000 -1
1545093362007955 209 -1
0 0 0
1545093359987144 52 -1
1545093361992808 298 1
1545093362001006 9 -1
1545093362001013 13 -1
1545093362001016 1500 -1
1545093362003428 8000 -1
1545093362004849 3051 -1
0 0 0
1545093360033749 52 -1
1545093361746289 299 1
1545093361750819 9 -1
1545093361750830 13 -1
1545093361752468 1500 -1
1545093361753339 8000 -1
1545093361757269 7072 -1
1545093361757288 1276 -1
0 0 0
1545093359750559 52 -1
1545093361752683 295 1
1545093361764829 9 -1
1545093361764893 13 -1
1545093361764898 1500 -1
1545093361764914 1893 -1
1545093362165160 167 1
1545093362168280 13 -1
1545093362169275 1500 -1
1545093362169714 4447 -1
1545093362569793 168 1
1545093362572554 13 -1
1545093362573597 1500 -1
1545093362574673 2617 -1
1545093362974825 167 1
1545093362978247 13 -1
1545093362979165 1500 -1
1545093362979616 4801 -1
1545093363379674 169 1
1545093363382932 13 -1
1545093363384396 1500 -1
1545093363386334 8000 -1
1545093363386388 108 -1
1545093363786684 168 1
1545093363793198 13 -1
1545093363793206 1500 -1
1545093363793516 4104 -1
1545093364193796 167 1
1545093364197787 13 -1
1545093364197795 1500 -1
1545093364199062 6436 -1
1545093364601487 154 1
1545093364604175 13 -1
1545093364605163 1500 -1
1545093364606130 8000 -1
1545093364607273 6546 -1
1545093365008018 153 1
1545093365013494 13 -1
1545093365013500 1500 -1
1545093365014905 8000 -1
1545093365015594 2833 -1
1545093365415620 154 1
1545093365420065 13 -1
1545093365420506 1500 -1
1545093365422030 8000 -1
1545093365423195 3565 -1
1545093365823379 154 1
1545093365827214 13 -1
1545093365827225 1500 -1
1545093365827762 8000 -1
1545093365828104 6950 -1
1545093365828117 1500 -1
1545093365828124 412 -1
1545093366228262 153 1
1545093366231507 13 -1
1545093366233156 1500 -1
1545093366234623 8000 -1
1545093366235969 5441 -1
1545093366636837 155 1
1545093366640048 13 -1
1545093366640840 1500 -1
1545093366642300 8000 -1
1545093366643180 6951 -1
1545093366643314 68 -1
1545093367043433 154 1
1545093367047439 13 -1
1545093367047446 1500 -1
1545093367048214 8000 -1
1545093367048737 4781 -1
1545093367449091 154 1
1545093367454342 13 -1
1545093367454348 1500 -1
1545093367456431 8000 -1
1545093367457227 3166 -1
1545093367858053 154 1
1545093367863991 13 -1
1545093367863999 1500 -1
1545093367864642 8000 -1
1545093367865598 6950 -1
1545093367865614 306 -1
1545093368266430 154 1
1545093368272552 13 -1
1545093368272559 1500 -1
1545093368273650 8000 -1
1545093368275122 6973 -1
1545093368275133 1500 -1
1545093368275484 4145 -1
1545093368675521 9 1
1545093368675532 157 1
1545093368681380 13 -1
1545093368681390 1500 -1
1545093368682769 8000 -1
1545093368683985 4290 -1
1545093369085414 125 1
1545093369088952 13 -1
1545093369089315 1500 -1
1545093369090430 8000 -1
1545093369090875 3853 -1
1545093369490963 155 1
1545093369496120 13 -1
1545093369498207 1500 -1
1545093369500531 8000 -1
1545093369501286 4811 -1
1545093369901645 153 1
1545093369904879 13 -1
1545093369905432 1500 -1
1545093369906863 8000 -1
1545093369907757 3084 -1
1545093370307928 153 1
1545093370312351 13 -1
1545093370313502 1500 -1
1545093370314063 5878 -1
1545093370714577 125 1
1545093370717622 13 -1
1545093370717954 1500 -1
1545093370732461 8000 -1
1545093370732479 2392 -1
1545093371133012 154 1
1545093371135885 13 -1
1545093371137408 1500 -1
1545093371138664 8000 -1
1545093371141529 6974 -1
1545093371141540 1500 -1
1545093371141787 1286 -1
1545093371541827 153 1
1545093371547559 13 -1
1545093371547568 1500 -1
1545093371548044 8000 -1
1545093371549427 4106 -1
1545093371951956 153 1
1545093371955423 13 -1
1545093371955431 1500 -1
1545093371957322 8000 -1
1545093371957338 1805 -1
1545093376005652 17 1
