### "'12867 19562 27956 31491 24278 24494 14167 26165 14435 22354 26943 13890 33765 35388 44287 20836 20175 18871 24911 17974 35132 23336 16225 38667'"
0 0 0
1545095649038017 52 -1
1545095651041158 297 1
1545095651045308 9 -1
1545095651045763 13 -1
1545095651059277 1500 -1
1545095651059623 4451 -1
1545095651459799 137 1
1545095651463082 13 -1
1545095651559365 1500 -1
1545095651559378 1568 -1
1545095651560207 3822 -1
1545095651960264 166 1
1545095651962984 13 -1
1545095652056313 1500 -1
1545095652056327 1536 -1
1545095652057153 4072 -1
1545095652057232 400 -1
1545095652458008 167 1
1545095652461140 13 -1
1545095652598513 1500 -1
1545095652598525 1511 -1
1545095652599110 2339 -1
1545095652999132 137 1
1545095653001920 13 -1
1545095653087946 1500 -1
1545095653087956 1535 -1
1545095653088190 2664 -1
1545095653488203 167 1
1545095653491516 13 -1
1545095653584418 467 -1
1545095653585160 1500 -1
1545095653585173 1500 -1
1545095653586907 2472 -1
1545095653586921 2399 -1
1545095653987026 136 1
1545095653990422 13 -1
1545095654086683 1500 -1
1545095654086697 1535 -1
1545095654089025 2230 -1
1545095654489098 166 1
1545095654491906 13 -1
1545095654587073 1500 -1
1545095654587580 1512 -1
1545095654587697 3376 -1
1545095654987755 168 1
1545095654991430 13 -1
1545095655106439 1500 -1
1545095655106458 1531 -1
1545095655106641 3849 -1
1545095655506757 166 1
1545095655510304 13 -1
1545095655616849 1500 -1
1545095655617645 8000 -1
1545095655619496 7026 -1
1545095655619509 334 -1
1545095655619515 1500 -1
1545095655620209 1500 -1
1545095655621009 3508 -1
1545095655621988 1286 -1
1545095656022229 138 1
1545095656025228 13 -1
1545095656121770 493 -1
1545095656121783 1500 -1
1545095656121789 1500 -1
1545095656122203 3626 -1
1545095656122997 4072 -1
1545095656123193 3149 -1
1545095656523660 154 1
1545095656526767 13 -1
1545095656528039 1500 -1
1545095656535388 8000 -1
1545095656539332 6946 -1
1545095656539353 1500 -1
1545095656540220 8000 -1
1545095656540232 290 -1
1545095656940429 154 1
1545095656944536 13 -1
1545095657222055 509 -1
1545095657313551 1500 -1
1545095657313566 1500 -1
1545095657314271 3626 -1
1545095657314819 4072 -1
1545095657315244 3162 -1
1545095657315254 239 -1
1545095657715263 154 1
1545095657719070 13 -1
1545095657812137 1500 -1
1545095657813005 8000 -1
1545095657814094 7012 -1
1545095657814114 392 -1
1545095657814120 1500 -1
1545095657814127 1500 -1
1545095657815163 2596 -1
1545095658215395 153 1
1545095658218504 13 -1
1545095658352959 1500 -1
1545095658353218 8000 -1
1545095658355466 7048 -1
1545095658355476 351 -1
1545095658355481 1500 -1
1545095658356366 1500 -1
1545095658357791 3508 -1
1545095658357802 3718 -1
1545095658757865 163 1
1545095658760885 13 -1
1545095658854576 1500 -1
1545095658854587 1518 -1
1545095658858385 4072 -1
1545095658858818 4072 -1
1545095658859142 2869 -1
1545095659259486 126 1
1545095659262497 13 -1
1545095659355626 1500 -1
1545095659356326 8000 -1
1545095659356869 7048 -1
1545095659356879 356 -1
1545095659356885 1500 -1
1545095659357452 8000 -1
1545095659359634 6893 -1
1545095659359645 659 -1
1545095659359741 9 -1
1545095659759887 153 1
1545095659762456 13 -1
1545095659781577 1500 -1
1545095659782989 8000 -1
1545095659784228 7024 -1
1545095659784250 354 -1
1545095659784260 1500 -1
1545095659784959 8000 -1
1545095659788051 6893 -1
1545095659788072 1500 -1
1545095659788080 784 -1
1545095659788089 9 -1
1545095660188393 9 1
1545095660188417 167 1
1545095660191860 13 -1
1545095660324033 1500 -1
1545095660325068 8000 -1
1545095660325512 7039 -1
1545095660325524 378 -1
1545095660325529 1500 -1
1545095660325617 8000 -1
1545095660325707 6893 -1
1545095660325715 1500 -1
1545095660325720 818 -1
1545095660325782 1500 -1
1545095660325790 2581 -1
1545095660325859 4072 -1
1545095660325865 697 -1
1545095660725914 155 1
1545095660728666 13 -1
1545095660862226 483 -1
1545095660864155 1500 -1
1545095660864608 8000 -1
1545095660865376 6893 -1
1545095660865395 1160 -1
1545095660866707 1500 -1
1545095660866722 1468 -1
1545095661266967 155 1
1545095661270424 13 -1
1545095661406810 1500 -1
1545095661408950 8000 -1
1545095661410637 7047 -1
1545095661410649 353 -1
1545095661410743 1500 -1
1545095661412255 1500 -1
1545095661412266 456 -1
1545095661812350 137 1
1545095661815207 13 -1
1545095661950898 1500 -1
1545095661950911 1500 -1
1545095661951836 8000 -1
1545095661953034 5525 -1
1545095661953050 1453 -1
1545095661953056 1052 -1
1545095662353067 155 1
1545095662356437 13 -1
1545095662489415 1500 -1
1545095662490247 8000 -1
1545095662491750 7038 -1
1545095662491763 389 -1
1545095662491769 1500 -1
1545095662491775 1500 -1
1545095662492402 3508 -1
1545095662492822 1648 -1
1545095662892852 137 1
1545095662895736 13 -1
1545095663029210 1500 -1
1545095663029220 1500 -1
1545095663030163 8000 -1
1545095663032129 5547 -1
1545095663032432 1453 -1
1545095663032438 155 -1
1545095663432443 126 1
1545095663435819 13 -1
1545095663528845 1500 -1
1545095663529729 8000 -1
1545095663530668 7025 -1
1545095663530682 352 -1
1545095663530694 1500 -1
1545095663531149 8000 -1
1545095663532100 6893 -1
1545095663532191 1500 -1
1545095663532197 530 -1
1545095663532202 9 -1
1545095663932327 166 1
1545095663935050 13 -1
1545095664028309 1500 -1
1545095664029208 8000 -1
1545095664030839 7048 -1
1545095664030860 340 -1
1545095664030869 1500 -1
1545095664031718 1500 -1
1545095664033106 3508 -1
1545095664033130 122 -1
1545095664433225 155 1
1545095664436985 13 -1
1545095664539362 1500 -1
1545095664539374 1534 -1
1545095664540361 4072 -1
1545095664541466 4072 -1
1545095664541902 4072 -1
1545095664542460 1117 -1
1545095664942794 167 1
1545095664945606 13 -1
1545095665046111 1500 -1
1545095665047112 8000 -1
1545095665048680 7051 -1
1545095665048777 335 -1
1545095665048785 1500 -1
1545095665049277 8000 -1
1545095665051604 6893 -1
1545095665051615 1500 -1
1545095665051623 818 -1
1545095665052022 1500 -1
1545095665052033 1773 -1
1545095669106562 17 1
0 0 0
1545095649266850 52 -1
1545095651039292 315 1
1545095651042658 9 -1
1545095651042665 13 -1
1545095651142754 1500 -1
1545095651143457 8000 -1
1545095651145340 7182 -1
1545095651145354 335 -1
1545095651146916 1500 -1
1545095651146928 1361 -1
0 0 0
1545095649243736 52 -1
1545095651246247 300 1
1545095651251531 9 -1
1545095651251542 13 -1
1545095651381816 1500 -1
1545095651384409 8000 -1
1545095651388489 7183 -1
1545095651388500 355 -1
1545095651388507 1500 -1
1545095651388515 1500 -1
1545095651389347 3508 -1
1545095651392018 1049 -1
0 0 0
1545095649237110 52 -1
1545095651237429 302 1
1545095651241259 9 -1
1545095651241270 13 -1
1545095651341086 1500 -1
1545095651343331 8000 -1
1545095651344694 7181 -1
1545095651344707 355 -1
1545095651344713 1500 -1
1545095651344721 1500 -1
1545095651345456 3508 -1
1545095651345936 4072 -1
1545095651345946 655 -1
0 0 0
1545095649248522 52 -1
1545095651262234 311 1
1545095651264849 9 -1
1545095651267041 13 -1
1545095651361140 1500 -1
1545095651362414 8000 -1
1545095651367871 7180 -1
1545095651367883 338 -1
1545095651367890 1500 -1
1545095651367896 1500 -1
1545095651372781 3508 -1
1545095651372848 4072 -1
1545095651372911 4072 -1
1545095651372919 135 -1
0 0 0
1545095649251998 52 -1
1545095651039090 300 1
1545095651042054 9 -1
1545095651043312 13 -1
1545095651138423 1500 -1
1545095651138436 1688 -1
1545095651141852 4072 -1
1545095651143547 4072 -1
1545095651143559 1834 -1
