### "'13333 16260 16149 16761 13151 16412 17979 23188 21648 15467 26163 23139 15103 21623 13317 12689 23495 19400 18167 21591 16830 18085 22663 13094'"
0 0 0
1545095872966618 52 -1
1545095874957193 319 1
1545095874960891 9 -1
1545095874963447 13 -1
1545095875106757 1500 -1
1545095875106772 1500 -1
1545095875109518 1500 -1
1545095875109532 2626 -1
1545095875113007 4072 -1
1545095875114446 4072 -1
1545095875116466 1288 -1
0 0 0
1545095872731664 52 -1
1545095874736350 304 1
1545095874743993 9 -1
1545095874744005 13 -1
1545095874744010 1500 -1
1545095874759620 4930 -1
1545095875160150 166 1
1545095875163404 13 -1
1545095875267532 1500 -1
1545095875267689 1595 -1
1545095875268817 3535 -1
1545095875669031 167 1
1545095875673069 13 -1
1545095875789302 1500 -1
1545095875789314 1507 -1
1545095875790049 3378 -1
1545095876190150 166 1
1545095876194877 13 -1
1545095876287951 1500 -1
1545095876287968 1536 -1
1545095876290745 4072 -1
1545095876291608 1650 -1
1545095876691935 167 1
1545095876695320 13 -1
1545095876807333 1500 -1
1545095876807346 1510 -1
1545095876807978 2192 -1
1545095877208356 137 1
1545095877213313 13 -1
1545095877377188 1500 -1
1545095877377200 1500 -1
1545095877378105 3018 -1
1545095877778587 167 1
1545095877782029 13 -1
1545095877994049 1500 -1
1545095877994063 1500 -1
1545095877995702 1439 -1
1545095878396667 167 1
1545095878400448 13 -1
1545095878448340 1500 -1
1545095878448352 1500 -1
1545095878450269 1430 -1
1545095878850866 167 1
1545095878855516 13 -1
1545095879015172 1500 -1
1545095879015185 1500 -1
1545095879015544 3990 -1
1545095879016791 4072 -1
1545095879017540 4072 -1
1545095879019387 1450 -1
1545095879019401 9 -1
1545095879420195 137 1
1545095879422706 13 -1
1545095879552156 1500 -1
1545095879552173 1500 -1
1545095879555277 8000 -1
1545095879557559 5525 -1
1545095879557574 1453 -1
1545095879557897 160 -1
1545095879958011 163 1
1545095879962884 13 -1
1545095880112703 1500 -1
1545095880112715 1500 -1
1545095880113897 8000 -1
1545095880115565 5548 -1
1545095880115583 1453 -1
1545095880115590 1500 -1
1545095880116649 3769 -1
1545095880116668 100 -1
1545095880517912 164 1
1545095880521413 13 -1
1545095880670088 1500 -1
1545095880670100 1500 -1
1545095880671585 8000 -1
1545095880673399 5524 -1
1545095880673425 1453 -1
1545095880673432 1500 -1
1545095880674311 2329 -1
1545095881074330 137 1
1545095881077772 13 -1
1545095881242683 1500 -1
1545095881242696 1500 -1
1545095881243133 3991 -1
1545095881244189 4072 -1
1545095881244844 4072 -1
1545095881244858 495 -1
1545095881645189 167 1
1545095881649207 13 -1
1545095881841643 1500 -1
1545095881841654 1500 -1
1545095881842269 8000 -1
1545095881843467 5523 -1
1545095881843482 1453 -1
1545095881843617 1500 -1
1545095881844964 3765 -1
1545095881846944 3079 -1
1545095882246995 167 1
1545095882252625 13 -1
1545095882424769 1500 -1
1545095882424781 1500 -1
1545095882426003 8000 -1
1545095882426595 5547 -1
1545095882426604 1453 -1
1545095882426609 1500 -1
1545095882427405 3774 -1
1545095882427414 46 -1
1545095882827634 167 1
1545095882830462 13 -1
1545095883006602 1500 -1
1545095883006613 382 -1
1545095883006617 1500 -1
1545095883007904 3604 -1
1545095883008302 4072 -1
1545095883008711 4072 -1
1545095883008866 144 -1
1545095883408876 164 1
1545095883412152 13 -1
1545095883582500 1500 -1
1545095883582515 1500 -1
1545095883585423 8000 -1
1545095883589433 5524 -1
1545095883589451 1453 -1
1545095883589459 1500 -1
1545095883590020 2304 -1
1545095883990544 9 1
1545095883990655 169 1
1545095883996071 13 -1
1545095884186052 1500 -1
1545095884186068 1500 -1
1545095884189074 3982 -1
1545095884190481 4072 -1
1545095884190974 2426 -1
1545095884592597 167 1
1545095884595696 13 -1
1545095884800165 1500 -1
1545095884800177 359 -1
1545095884935993 1500 -1
1545095884937526 3604 -1
1545095884938659 4072 -1
1545095884939197 1803 -1
1545095885339246 164 1
1545095885342675 13 -1
1545095885501201 1500 -1
1545095885501212 1500 -1
1545095885501755 8000 -1
1545095885502730 5548 -1
1545095885502748 1453 -1
1545095885502755 1500 -1
1545095885508498 3766 -1
1545095885508512 410 -1
1545095885908554 166 1
1545095885913123 13 -1
1545095886079733 1500 -1
1545095886080122 1500 -1
1545095886080478 8000 -1
1545095886081171 5547 -1
1545095886081191 1453 -1
1545095886081965 1500 -1
1545095886081978 81 -1
1545095886482594 167 1
1545095886487908 13 -1
1545095886695483 1500 -1
1545095886695498 1500 -1
1545095886697475 8000 -1
1545095886699159 5524 -1
1545095886699171 1453 -1
1545095886699822 348 -1
1545095887100390 164 1
1545095887104296 13 -1
1545095887275256 1500 -1
1545095887275364 1500 -1
1545095887278230 8000 -1
1545095887279443 5547 -1
1545095887279456 1453 -1
1545095887279614 1500 -1
1545095887280192 2272 -1
1545095887680379 136 1
1545095887683448 13 -1
1545095887819205 1500 -1
1545095887819217 1500 -1
1545095887819918 3971 -1
1545095887820831 4072 -1
1545095887821775 4072 -1
1545095887822798 1500 -1
1545095887822816 366 -1
1545095887822871 9 -1
1545095888222945 166 1
1545095888226259 13 -1
1545095888397736 1500 -1
1545095888397747 1500 -1
1545095888398562 8000 -1
1545095888400209 5548 -1
1545095888400224 1453 -1
1545095888400402 266 -1
1545095888800502 167 1
1545095888803727 13 -1
1545095888975683 1500 -1
1545095888975696 1500 -1
1545095888977424 8000 -1
1545095888979479 5530 -1
1545095888979496 1453 -1
1545095888979503 1500 -1
1545095888980422 3344 -1
1545095889380585 163 1
1545095889384211 13 -1
1545095889506610 1500 -1
1545095889507215 1500 -1
1545095889507785 3997 -1
1545095889508533 4072 -1
1545095889508552 2194 -1
1545095893557135 17 1
0 0 0
1545095873017499 52 -1
1545095874728000 317 1
1545095874731334 9 -1
1545095874731885 13 -1
1545095874855789 1500 -1
1545095874856436 1500 -1
1545095874856450 1500 -1
1545095874857518 2628 -1
1545095874859896 4072 -1
1545095874859984 2432 -1
0 0 0
1545095872986246 52 -1
1545095874977570 319 1
1545095874981089 9 -1
1545095874981098 13 -1
1545095875340751 1500 -1
1545095875340775 531 -1
1545095875442268 1500 -1
1545095875442857 3604 -1
1545095875443260 3040 -1
1545095875443271 2796 -1
1545095875443847 4072 -1
1545095875443855 26 -1
0 0 0
1545095873001767 52 -1
1545095876565822 319 1
1545095876568526 9 -1
1545095876568932 13 -1
1545095876727806 1500 -1
1545095876727822 1673 -1
1545095876728858 4072 -1
1545095876730737 4072 -1
1545095876731070 2132 -1
0 0 0
1545095872969175 52 -1
1545095874969523 289 1
1545095874975271 9 -1
1545095874976237 13 -1
1545095875180212 1500 -1
1545095875180225 1500 -1
1545095875181193 1500 -1
1545095875181203 2626 -1
1545095875183154 4072 -1
1545095875184618 4072 -1
1545095875185892 1177 -1
