### "'33182 26244 26587 20308 12485 33861 24903 25587 35349 25355 37514 26846 24434 35434 38456 41137 23524 37006 31644 23757 12164 28703 29798 25001'"
0 0 0
1545095903183044 52 -1
1545095905182946 277 1
1545095905186628 9 -1
1545095905186639 13 -1
1545095905283413 1500 -1
1545095905290758 8000 -1
1545095905295042 7183 -1
1545095905295056 339 -1
1545095905295060 1500 -1
1545095905295068 1500 -1
1545095905296113 3508 -1
1545095905296705 3031 -1
0 0 0
1545095903195508 52 -1
1545095905184996 278 1
1545095905187724 9 -1
1545095905190834 13 -1
1545095905303417 1500 -1
1545095905305020 8000 -1
1545095905312781 7181 -1
1545095905312795 334 -1
1545095905312801 1500 -1
1545095905312808 1500 -1
1545095905313981 3508 -1
1545095905315321 3379 -1
0 0 0
1545095903214529 52 -1
1545095904928020 307 1
1545095904933878 9 -1
1545095904934183 13 -1
1545095905035841 1500 -1
1545095905038710 8000 -1
1545095905041112 7181 -1
1545095905041122 340 -1
1545095905041354 1500 -1
1545095905043395 8000 -1
1545095905047638 6893 -1
1545095905047650 92 -1
1545095905047654 9 -1
0 0 0
1545095903202334 52 -1
1545095906773694 308 1
1545095906776682 9 -1
1545095906776803 13 -1
1545095906876253 1500 -1
1545095906878029 8000 -1
1545095906878717 7184 -1
1545095906878729 333 -1
1545095906879585 1500 -1
1545095906879595 1500 -1
1545095906879660 609 -1
0 0 0
1545095903168983 52 -1
1545095905163412 307 1
1545095905167743 9 -1
1545095905169209 13 -1
1545095905265685 1500 -1
1545095905265698 1673 -1
1545095905269400 4072 -1
1545095905270094 2853 -1
0 0 0
1545095902929718 52 -1
1545095904924674 292 1
1545095904933383 9 -1
1545095904933394 13 -1
1545095904933442 1500 -1
1545095904933996 4030 -1
1545095905336230 167 1
1545095905339268 13 -1
1545095905515578 1500 -1
1545095905517923 1500 -1
1545095905517942 202 -1
1545095905918300 164 1
1545095905921772 13 -1
1545095906015036 1500 -1
1545095906015050 1531 -1
1545095906015498 4072 -1
1545095906017080 1400 -1
1545095906417104 166 1
1545095906420609 13 -1
1545095906557497 1500 -1
1545095906559409 1512 -1
1545095906559427 3683 -1
1545095906959846 166 1
1545095906964431 13 -1
1545095907298370 525 -1
1545095907409909 1500 -1
1545095907409921 1500 -1
1545095907410688 3626 -1
1545095907411277 4072 -1
1545095907411290 1430 -1
1545095907811590 166 1
1545095907814662 13 -1
1545095907918031 1500 -1
1545095907918044 1509 -1
1545095907918557 2619 -1
1545095908320113 166 1
1545095908326333 13 -1
1545095908498177 1500 -1
1545095908498193 1500 -1
1545095908498768 3980 -1
1545095908498787 64 -1
1545095908899142 164 1
1545095908902788 13 -1
1545095909060730 1500 -1
1545095909060897 1500 -1
1545095909060904 412 -1
1545095909463874 136 1
1545095909467340 13 -1
1545095909656297 1500 -1
1545095909656308 1500 -1
1545095909656934 3955 -1
1545095909657349 2158 -1
1545095910057399 167 1
1545095910061808 13 -1
1545095910223162 1500 -1
1545095910223176 1500 -1
1545095910225252 8000 -1
1545095910227132 5546 -1
1545095910227153 1453 -1
1545095910227162 1500 -1
1545095910228122 3774 -1
1545095910229025 4072 -1
1545095910229479 4072 -1
1545095910231517 2624 -1
1545095910631550 167 1
1545095910634338 13 -1
1545095910816721 1500 -1
1545095910816741 1500 -1
1545095910817623 8000 -1
1545095910818767 5525 -1
1545095910818788 1453 -1
1545095910818797 1500 -1
1545095910819335 3771 -1
1545095910819728 1813 -1
1545095911220379 167 1
1545095911223655 13 -1
1545095911415986 1500 -1
1545095911415999 1500 -1
1545095911416872 8000 -1
1545095911418267 5549 -1
1545095911418284 1453 -1
1545095911418292 1500 -1
1545095911418684 3771 -1
1545095911420298 2497 -1
1545095911820308 138 1
1545095911824995 13 -1
1545095912048748 1500 -1
1545095912048761 1500 -1
1545095912051474 8000 -1
1545095912054036 5547 -1
1545095912054047 1453 -1
1545095912054203 1500 -1
1545095912055663 8000 -1
1545095912059355 6893 -1
1545095912059373 1082 -1
1545095912059441 73 -1
1545095912459944 166 1
1545095912462809 13 -1
1545095912583748 1500 -1
1545095912585973 8000 -1
1545095912588584 7026 -1
1545095912588601 336 -1
1545095912588608 1500 -1
1545095912588670 1500 -1
1545095912589030 3508 -1
1545095912590327 2145 -1
1545095912990483 166 1
1545095912993961 13 -1
1545095913088562 1500 -1
1545095913089133 8000 -1
1545095913090989 7048 -1
1545095913091001 338 -1
1545095913091057 1500 -1
1545095913093465 8000 -1
1545095913094084 6893 -1
1545095913094094 1500 -1
1545095913094763 818 -1
1545095913100337 1500 -1
1545095913100462 617 -1
1545095913500669 152 1
1545095913505776 13 -1
1545095913724696 1500 -1
1545095913724706 1500 -1
1545095913725868 8000 -1
1545095913728045 5524 -1
1545095913728054 1453 -1
1545095913728060 1500 -1
1545095913729425 3792 -1
1545095913741205 3735 -1
1545095914141408 167 1
1545095914145945 13 -1
1545095914242537 1500 -1
1545095914243016 8000 -1
1545095914244112 7049 -1
1545095914244126 336 -1
1545095914244135 1500 -1
1545095914244141 1500 -1
1545095914244815 3508 -1
1545095914245314 1224 -1
1545095914645870 168 1
1545095914649704 13 -1
1545095914743655 1500 -1
1545095914744963 8000 -1
1545095914746119 7024 -1
1545095914746134 335 -1
1545095914747008 1500 -1
1545095914747682 8000 -1
1545095914757256 6893 -1
1545095914757271 1500 -1
1545095914757465 818 -1
1545095914757495 40 -1
1545095915158287 9 1
1545095915158404 170 1
1545095915163450 13 -1
1545095915296047 1500 -1
1545095915297831 8000 -1
1545095915299037 7047 -1
1545095915299055 336 -1
1545095915299063 1500 -1
1545095915300276 8000 -1
1545095915301625 6893 -1
1545095915301638 1500 -1
1545095915301644 818 -1
1545095915302831 1500 -1
1545095915302844 1561 -1
1545095915702904 166 1
1545095915705731 13 -1
1545095915890534 1500 -1
1545095915890544 1500 -1
1545095915893744 8000 -1
1545095915896069 5523 -1
1545095915896080 1453 -1
1545095915896085 1500 -1
1545095915899972 8000 -1
1545095915900254 6893 -1
1545095915900263 1086 -1
1545095915901449 1500 -1
1545095915901463 2581 -1
1545095915902609 1776 -1
1545095916302806 153 1
1545095916306412 13 -1
1545095916485749 1500 -1
1545095916485761 1500 -1
1545095916486731 8000 -1
1545095916488291 5547 -1
1545095916488304 1453 -1
1545095916488750 1500 -1
1545095916490404 3791 -1
1545095916490416 414 -1
1545095916890916 167 1
1545095916893819 13 -1
1545095916994041 1500 -1
1545095916994981 8000 -1
1545095916996714 7025 -1
1545095916996730 336 -1
1545095916996735 1500 -1
1545095916998023 8000 -1
1545095916998285 6893 -1
1545095916998296 1500 -1
1545095916998303 818 -1
1545095916998636 1500 -1
1545095916998649 111 -1
1545095917399254 166 1
1545095917401921 13 -1
1545095917561088 1500 -1
1545095917561101 1500 -1
1545095917561853 8000 -1
1545095917563036 5546 -1
1545095917563051 1453 -1
1545095917563056 1500 -1
1545095917563587 3775 -1
1545095917564107 4072 -1
1545095917566207 4072 -1
1545095917566230 406 -1
1545095917966293 168 1
1545095917970304 13 -1
1545095918114075 1500 -1
1545095918114745 8000 -1
1545095918115762 7049 -1
1545095918115823 334 -1
1545095918115828 1500 -1
1545095918115833 1500 -1
1545095918116364 3508 -1
1545095918116379 549 -1
1545095918516495 126 1
1545095918519343 13 -1
1545095918622853 1500 -1
1545095918622867 1528 -1
1545095918623596 4072 -1
1545095918623787 4072 -1
1545095918625174 1133 -1
1545095919025330 153 1
1545095919028188 13 -1
1545095919425498 166 1
1545095919429175 13 -1
1545095919476775 1500 -1
1545095919476787 417 -1
1545095919602600 1500 -1
1545095919602611 368 -1
1545095919603225 1500 -1
1545095919604197 8000 -1
1545095919604666 6615 -1
1545095919605919 1500 -1
1545095919607157 1700 -1
1545095919607167 2796 -1
1545095919608362 2796 -1
1545095919609234 2796 -1
1545095919609244 391 -1
1545095919611792 1500 -1
1545095919613145 8000 -1
1545095919613980 6589 -1
1545095919615277 1218 -1
1545095919615298 1500 -1
1545095919615423 2581 -1
1545095919615500 4072 -1
1545095919615507 1522 -1
1545095920015634 154 1
1545095920018585 13 -1
1545095920132065 1500 -1
1545095920134680 8000 -1
1545095920137288 7055 -1
1545095920137301 352 -1
1545095920137306 1500 -1
1545095920137439 1500 -1
1545095920138319 3508 -1
1545095920139498 1775 -1
1545095924195246 17 1
