### "'16648 14708 15581 19185 23494 25959 27588 13230 13954 16116 16104 24056 17125 17446 15905 15630 20768 19410 16796 14818 21164 24909'"
0 0 0
1545096896989446 52 -1
1545096898989820 299 1
1545096898993386 9 -1
1545096898993612 13 -1
1545096899159534 1500 -1
1545096899159554 1500 -1
1545096899160598 1500 -1
1545096899160609 2640 -1
1545096899161499 1343 -1
0 0 0
1545096896774470 52 -1
1545096898782190 295 1
1545096898785932 9 -1
1545096898787248 13 -1
1545096898788041 1500 -1
1545096898788785 5200 -1
1545096899188798 153 1
1545096899191815 13 -1
1545096899313786 1500 -1
1545096899313798 1500 -1
1545096899314141 4049 -1
1545096899315482 4072 -1
1545096899317619 4072 -1
1545096899317634 593 -1
1545096899717865 153 1
1545096899720360 13 -1
1545096899889857 1500 -1
1545096899889969 1500 -1
1545096899892146 8000 -1
1545096899893264 5525 -1
1545096899893503 1453 -1
1545096899893511 1366 -1
1545096900293601 154 1
1545096900299217 13 -1
1545096900483331 1500 -1
1545096900483343 1500 -1
1545096900483992 8000 -1
1545096900484102 5559 -1
1545096900484110 1453 -1
1545096900484115 1500 -1
1545096900484176 3768 -1
1545096900484182 407 -1
1545096900884377 154 1
1545096900887259 13 -1
1545096901044825 1500 -1
1545096901044836 1500 -1
1545096901045889 8000 -1
1545096901046700 5548 -1
1545096901046713 1453 -1
1545096901046773 1500 -1
1545096901055492 3790 -1
1545096901055753 4072 -1
1545096901055795 407 -1
1545096901455992 125 1
1545096901459168 13 -1
1545096901673392 1500 -1
1545096901673405 1500 -1
1545096901675457 3955 -1
1545096901676448 4072 -1
1545096901677121 2346 -1
1545096902077622 154 1
1545096902081188 13 -1
1545096902222144 1500 -1
1545096902222156 1500 -1
1545096902223072 3995 -1
1545096902223982 4072 -1
1545096902224370 3050 -1
1545096902624482 154 1
1545096902627849 13 -1
1545096902850659 1500 -1
1545096902850673 1500 -1
1545096902851596 3948 -1
1545096902852333 4072 -1
1545096902853687 4072 -1
1545096902854675 1190 -1
1545096903255073 153 1
1545096903260405 13 -1
1545096903478950 1500 -1
1545096903480206 1500 -1
1545096903480757 3979 -1
1545096903484783 4072 -1
1545096903484894 4072 -1
1545096903484901 1147 -1
1545096903884988 155 1
1545096903887872 13 -1
1545096904060934 1500 -1
1545096904060947 1500 -1
1545096904063104 8000 -1
1545096904064334 5547 -1
1545096904064376 1453 -1
1545096904064384 1500 -1
1545096904065981 3788 -1
1545096904066002 949 -1
1545096904466966 154 1
1545096904471952 13 -1
1545096904521314 1500 -1
1545096904521329 1500 -1
1545096904523121 3982 -1
1545096904524734 4072 -1
1545096904525855 4072 -1
1545096904527914 1500 -1
1545096904527935 649 -1
1545096904528036 9 -1
1545096904928439 153 1
1545096904931743 13 -1
1545096905087972 1500 -1
1545096905087981 1500 -1
1545096905090467 3998 -1
1545096905090826 4072 -1
1545096905091745 4072 -1
1545096905092254 1500 -1
1545096905092263 977 -1
1545096905092269 9 -1
1545096905492838 125 1
1545096905495607 13 -1
1545096905892856 9 1
1545096905892873 128 1
1545096905895979 13 -1
1545096905903134 1500 -1
1545096905903150 379 -1
1545096905990482 1500 -1
1545096905992098 3604 -1
1545096905994250 4072 -1
1545096905994796 4072 -1
1545096905994809 928 -1
1545096906145796 1500 -1
1545096906145805 1500 -1
1545096906147450 3976 -1
1545096906149061 4072 -1
1545096906149770 4072 -1
1545096906149786 675 -1
1545096906549908 153 1
1545096906554459 13 -1
1545096906713140 1500 -1
1545096906713153 1500 -1
1545096906714152 8000 -1
1545096906714993 5525 -1
1545096906715007 1453 -1
1545096906715013 1500 -1
1545096906718980 1449 -1
1545096907119253 154 1
1545096907124246 13 -1
1545096907298002 1500 -1
1545096907298013 1500 -1
1545096907299972 8000 -1
1545096907301115 5548 -1
1545096907301363 1453 -1
1545096907301371 1500 -1
1545096907301376 91 -1
1545096907701497 154 1
1545096907706405 13 -1
1545096907888739 1500 -1
1545096907888752 1500 -1
1545096907889204 3952 -1
1545096907890340 4072 -1
1545096907894062 4072 -1
1545096907896756 1500 -1
1545096907896767 351 -1
1545096907896773 9 -1
1545096908297586 166 1
1545096908301073 13 -1
1545096908473134 1500 -1
1545096908473156 1500 -1
1545096908475420 3990 -1
1545096908476135 4072 -1
1545096908476931 3920 -1
1545096908876997 154 1
1545096908881622 13 -1
1545096909139193 1500 -1
1545096909139207 1500 -1
1545096909141443 8000 -1
1545096909145304 5548 -1
1545096909145314 1453 -1
1545096909145322 1500 -1
1545096909145686 1845 -1
1545096909546023 166 1
1545096909548765 13 -1
1545096909754244 1500 -1
1545096909754260 1500 -1
1545096909755813 8000 -1
1545096909757224 5525 -1
1545096909757237 1453 -1
1545096909845358 1500 -1
1545096909847379 3750 -1
1545096909847448 1840 -1
1545096913899777 17 1
0 0 0
1545096897032666 52 -1
1545096898777020 298 1
1545096898781500 9 -1
1545096898781510 13 -1
1545096898948951 1500 -1
1545096898948970 1500 -1
1545096898951377 1500 -1
1545096898951557 2643 -1
1545096898952979 2428 -1
0 0 0
1545096896985699 52 -1
1545096898986344 298 1
1545096898991889 9 -1
1545096898992308 13 -1
1545096899121583 1500 -1
1545096899121595 1500 -1
1545096899124349 1500 -1
1545096899124364 2642 -1
1545096899125476 4072 -1
1545096899126415 4072 -1
1545096899128468 1500 -1
1545096899128477 169 -1
1545096899128570 9 -1
0 0 0
1545096896968359 52 -1
1545096898983096 298 1
1545096898989987 9 -1
1545096898990812 13 -1
1545096899142842 1500 -1
1545096899142856 545 -1
1545096899142865 1500 -1
1545096899144550 3604 -1
1545096899145153 4072 -1
1545096899146052 3794 -1
0 0 0
1545096897007282 52 -1
1545096900738718 310 1
1545096900742462 9 -1
1545096900742647 13 -1
1545096900998639 1500 -1
1545096900998651 1500 -1
1545096900999761 8000 -1
1545096901002392 5690 -1
1545096901002403 1453 -1
1545096901002408 1500 -1
1545096901003064 3748 -1
1545096901004431 2892 -1
