### "'24739 23706 40167 27143 20195 24826 26954 13529 28536 16763 21161 14628 33530 20454 31459 13849 25484 30930 26635 28632 19957 23194 23713 31499'"
0 0 0
1545097860375699 52 -1
1545097862381175 310 1
1545097862384742 9 -1
1545097862385013 13 -1
1545097862386097 1500 -1
1545097862390942 8000 -1
1545097862393492 7072 -1
1545097862393506 1500 -1
1545097862394076 5831 -1
0 0 0
1545097860395657 52 -1
1545097863940923 312 1
1545097863944349 9 -1
1545097863944358 13 -1
1545097863945965 1500 -1
1545097863947922 8000 -1
1545097863948766 7072 -1
1545097863948782 1500 -1
1545097863948861 2320 -1
0 0 0
1545097860363042 52 -1
1545097862378043 310 1
1545097862381316 9 -1
1545097862383564 13 -1
1545097862519172 1500 -1
1545097862520855 8000 -1
1545097862522928 7183 -1
1545097862522940 337 -1
1545097862522945 1500 -1
1545097862522952 1500 -1
1545097862523581 3508 -1
1545097862524601 3932 -1
0 0 0
1545097860406431 52 -1
1545097862112317 298 1
1545097862129797 9 -1
1545097862133133 13 -1
1545097862199444 1500 -1
1545097862201256 8000 -1
1545097862207883 7181 -1
1545097862207895 356 -1
1545097862207902 1500 -1
1545097862208370 1500 -1
1545097862209235 3508 -1
1545097862210257 1509 -1
0 0 0
1545097860119599 52 -1
1545097862116940 295 1
1545097862129572 9 -1
1545097862129580 13 -1
1545097862129584 1500 -1
1545097862138719 3065 -1
1545097862539358 137 1
1545097862542211 13 -1
1545097862543839 1500 -1
1545097862545581 4845 -1
1545097862945619 151 1
1545097862948732 13 -1
1545097862951062 1500 -1
1545097862951411 6437 -1
1545097863351773 167 1
1545097863355377 13 -1
1545097863356509 1500 -1
1545097863359063 6780 -1
1545097863759137 164 1
1545097863762143 13 -1
1545097863763836 1500 -1
1545097863764388 5043 -1
1545097864164562 151 1
1545097864167778 13 -1
1545097864251532 1500 -1
1545097864251547 1623 -1
1545097864253784 4072 -1
1545097864253847 508 -1
1545097864654316 151 1
1545097864657660 13 -1
1545097864659285 1500 -1
1545097864660749 3658 -1
1545097865060768 151 1
1545097865064024 13 -1
1545097865064690 1500 -1
1545097865065755 3176 -1
1545097865465799 164 1
1545097865469751 13 -1
1545097865469760 1500 -1
1545097865470995 8000 -1
1545097865472573 6957 -1
1545097865472586 1500 -1
1545097865472891 6951 -1
1545097865872975 166 1
1545097865877217 13 -1
1545097865878255 1500 -1
1545097865879497 8000 -1
1545097865880555 6952 -1
1545097865880568 1500 -1
1545097865882277 8000 -1
1545097865882291 1079 -1
1545097866283539 166 1
1545097866286639 13 -1
1545097866288208 1500 -1
1545097866290946 8000 -1
1545097866291273 4119 -1
1545097866691354 168 1
1545097866694139 13 -1
1545097866695391 1500 -1
1545097866696971 8000 -1
1545097866697447 6951 -1
1545097866697458 1500 -1
1545097866698038 8000 -1
1545097866698762 2661 -1
1545097867098998 137 1
1545097867103212 13 -1
1545097867103644 1500 -1
1545097867104348 8000 -1
1545097867105549 6974 -1
1545097867105574 388 -1
1545097867506064 166 1
1545097867510782 13 -1
1545097867511243 1500 -1
1545097867514511 8000 -1
1545097867515203 6951 -1
1545097867516324 1500 -1
1545097867516342 3286 -1
1545097867916350 166 1
1545097867919489 13 -1
1545097868014192 1500 -1
1545097868014203 1534 -1
1545097868014659 4072 -1
1545097868014956 4072 -1
1545097868015257 3611 -1
1545097868415335 167 1
1545097868419256 13 -1
1545097868420274 1500 -1
1545097868421958 8000 -1
1545097868424941 6946 -1
1545097868424953 1500 -1
1545097868426477 8000 -1
1545097868428880 6893 -1
1545097868428927 771 -1
1545097868829554 166 1
1545097868834629 13 -1
1545097868835865 1500 -1
1545097868837139 8000 -1
1545097868838465 6950 -1
1545097868838556 1500 -1
1545097868839096 2579 -1
1545097869239167 164 1
1545097869243686 13 -1
1545097869420266 1500 -1
1545097869420280 1500 -1
1545097869422084 8000 -1
1545097869423785 5548 -1
1545097869423803 1453 -1
1545097869423812 1500 -1
1545097869425602 3766 -1
1545097869425858 4072 -1
1545097869425960 4072 -1
1545097869425995 230 -1
1545097869826364 9 1
1545097869826377 170 1
1545097869830710 13 -1
1545097869949590 1500 -1
1545097869949603 1513 -1
1545097869950124 4072 -1
1545097869950737 4072 -1
1545097869951412 2832 -1
1545097870351970 167 1
1545097870354618 13 -1
1545097870450192 1500 -1
1545097870450535 8000 -1
1545097870451396 7043 -1
1545097870451409 372 -1
1545097870451414 1500 -1
1545097870451496 1500 -1
1545097870452044 3508 -1
1545097870452236 2238 -1
1545097870852871 167 1
1545097870856847 13 -1
1545097870994111 1500 -1
1545097870995448 8000 -1
1545097870996792 7025 -1
1545097870996828 335 -1
1545097870996890 1500 -1
1545097870997167 1500 -1
1545097870997783 3508 -1
1545097870999805 4072 -1
1545097871000417 3649 -1
1545097871401241 166 1
1545097871404860 13 -1
1545097871405677 1500 -1
1545097871407628 8000 -1
1545097871412399 6965 -1
1545097871412522 1500 -1
1545097871415972 8000 -1
1545097871415996 760 -1
1545097871816344 166 1
1545097871820246 13 -1
1545097871916501 1500 -1
1545097871917335 8000 -1
1545097871920111 7023 -1
1545097871920123 335 -1
1545097871920179 1500 -1
1545097871922411 1500 -1
1545097871922838 3508 -1
1545097871923609 4072 -1
1545097871926849 1351 -1
1545097872328583 167 1
1545097872331645 13 -1
1545097872332482 1500 -1
1545097872333609 8000 -1
1545097872334192 6964 -1
1545097872334594 1500 -1
1545097872334609 2082 -1
1545097872734638 166 1
1545097872737530 13 -1
1545097872740695 1500 -1
1545097872741876 8000 -1
1545097872757140 6941 -1
1545097872757158 1500 -1
1545097872757723 5319 -1
1545097873158286 167 1
1545097873164184 13 -1
1545097873256890 1500 -1
1545097873257593 8000 -1
1545097873259716 7047 -1
1545097873259789 336 -1
1545097873259796 1500 -1
1545097873259859 1500 -1
1545097873261865 3508 -1
1545097873261875 503 -1
1545097873663362 167 1
1545097873670836 13 -1
1545097873823008 466 -1
1545097873823022 1500 -1
1545097873825113 8000 -1
1545097873825714 6893 -1
1545097873825731 1500 -1
1545097873825739 936 -1
1545097873826653 1500 -1
1545097873826671 2581 -1
1545097873827946 4072 -1
1545097873828719 4072 -1
1545097873828728 147 -1
1545097874228739 151 1
1545097874231371 13 -1
1545097874411459 1500 -1
1545097874411473 1500 -1
1545097874412017 2551 -1
1545097878476651 17 1
0 0 0
1545097860390903 52 -1
1545097862391431 310 1
1545097862396262 9 -1
1545097862396269 13 -1
1545097862396273 1500 -1
1545097862401817 8000 -1
1545097862403212 7071 -1
1545097862403588 1500 -1
1545097862406921 8000 -1
1545097862409080 6893 -1
1545097862409093 1500 -1
1545097862409932 5908 -1
