### "'15670 22711 17945 15057 19032 21765 15249 19149 26088 22631 16177 26399 12474 25920 23860 10554 14075 14357 18718 12653 13047 21539'"
0 0 0
1545100038595209 52 -1
1545100040595103 280 1
1545100040604247 9 -1
1545100040604440 13 -1
1545100040736103 1500 -1
1545100040736116 1993 -1
1545100040736959 1629 -1
1545100041136988 124 1
1545100041140347 13 -1
1545100041284945 1500 -1
1545100041284959 1500 -1
1545100041286376 8000 -1
1545100041287801 5546 -1
1545100041287817 1453 -1
1545100041287868 1213 -1
1545100041687992 154 1
1545100041691038 13 -1
1545100041894553 1500 -1
1545100041894564 1500 -1
1545100041895917 8000 -1
1545100041897895 5524 -1
1545100041897908 1453 -1
1545100041898084 1500 -1
1545100041900494 2446 -1
1545100042300656 155 1
1545100042304632 13 -1
1545100042493836 1500 -1
1545100042493848 1500 -1
1545100042494826 3996 -1
1545100042496135 4072 -1
1545100042497386 4072 -1
1545100042497691 272 -1
1545100042898274 148 1
1545100042902320 13 -1
1545100043064327 1500 -1
1545100043066021 1500 -1
1545100043066849 8000 -1
1545100043068016 5547 -1
1545100043068029 1453 -1
1545100043069122 1500 -1
1545100043069989 3800 -1
1545100043070101 2969 -1
1545100043470157 147 1
1545100043472762 13 -1
1545100043655936 1500 -1
1545100043655951 1500 -1
1545100043656860 8000 -1
1545100043659314 5526 -1
1545100043659334 1453 -1
1545100043659344 1500 -1
1545100043660069 3312 -1
1545100044061305 147 1
1545100044063979 13 -1
1545100044202426 1500 -1
1545100044202440 420 -1
1545100044202445 1500 -1
1545100044202721 3604 -1
1545100044203316 4072 -1
1545100044203384 4072 -1
1545100044204131 1180 -1
1545100044604738 148 1
1545100044609885 13 -1
1545100044803004 1500 -1
1545100044803018 1500 -1
1545100044804010 3994 -1
1545100044804410 2623 -1
1545100045205560 147 1
1545100045212518 13 -1
1545100045404004 1500 -1
1545100045404014 1500 -1
1545100045404577 8000 -1
1545100045405940 5549 -1
1545100045405957 1453 -1
1545100045406280 1500 -1
1545100045406746 3798 -1
1545100045408865 3282 -1
1545100045809015 148 1
1545100045815322 13 -1
1545100045958913 1500 -1
1545100045959797 1500 -1
1545100045960804 3992 -1
1545100045960820 2049 -1
1545100046360846 147 1
1545100046363928 13 -1
1545100046530370 1500 -1
1545100046530381 1500 -1
1545100046532195 4020 -1
1545100046533090 4072 -1
1545100046534291 1546 -1
1545100046934830 146 1
1545100046937973 13 -1
1545100047124010 1500 -1
1545100047124023 1500 -1
1545100047125823 8000 -1
1545100047126395 5545 -1
1545100047126417 1453 -1
1545100047126426 1500 -1
1545100047127779 3800 -1
1545100047131515 2801 -1
1545100047531526 148 1
1545100047534564 13 -1
1545100047695156 1500 -1
1545100047695175 1500 -1
1545100047697459 8000 -1
1545100047698304 5526 -1
1545100047698317 1453 -1
1545100047698324 1500 -1
1545100047698618 3796 -1
1545100047698631 745 -1
1545100048099777 9 1
1545100048099789 150 1
1545100048104333 13 -1
1545100048281257 1500 -1
1545100048281275 1500 -1
1545100048283565 4016 -1
1545100048284114 3701 -1
1545100048685552 147 1
1545100048688827 13 -1
1545100048884269 1500 -1
1545100048884283 1500 -1
1545100048885918 3989 -1
1545100048886391 4072 -1
1545100048888073 3152 -1
1545100049288382 148 1
1545100049290949 13 -1
1545100049491310 1500 -1
1545100049491321 1500 -1
1545100049491743 4018 -1
1545100049492344 4072 -1
1545100049492611 3431 -1
1545100049892973 148 1
1545100049900465 13 -1
1545100050115060 1500 -1
1545100050115071 1500 -1
1545100050115566 8000 -1
1545100050118364 5546 -1
1545100050118740 1453 -1
1545100050118746 899 -1
1545100050518820 118 1
1545100050524655 13 -1
1545100050716562 1500 -1
1545100050716573 1500 -1
1545100050718191 3994 -1
1545100050719233 4072 -1
1545100050719742 1728 -1
1545100051120276 147 1
1545100051125022 13 -1
1545100051294494 1500 -1
1545100051294506 1500 -1
1545100051295686 4015 -1
1545100051297519 4072 -1
1545100051298178 2123 -1
1545100051700100 146 1
1545100051703362 13 -1
1545100051907224 1500 -1
1545100051907242 1500 -1
1545100051909093 8000 -1
1545100051912508 5526 -1
1545100051912524 1453 -1
1545100051912986 1500 -1
1545100051913588 2220 -1
1545100055961021 17 1
0 0 0
1545100038827504 52 -1
1545100040596707 310 1
1545100040600334 9 -1
1545100040604126 13 -1
1545100040778331 1500 -1
1545100040778348 1500 -1
1545100040784951 1500 -1
1545100040784964 2617 -1
1545100040787553 4072 -1
1545100040789468 4072 -1
1545100040789484 708 -1
0 0 0
1545100038786682 52 -1
1545100040776501 296 1
1545100040782051 9 -1
1545100040783380 13 -1
1545100040967977 1500 -1
1545100040967991 1500 -1
1545100040971190 8000 -1
1545100040973661 5684 -1
1545100040973674 1457 -1
1545100040973682 1500 -1
1545100040975699 3388 -1
0 0 0
1545100038809118 52 -1
1545100040802532 309 1
1545100040805499 9 -1
1545100040806441 13 -1
1545100041014355 1500 -1
1545100041014459 1500 -1
1545100041017082 1500 -1
1545100041017103 2618 -1
1545100041017586 4072 -1
1545100041020446 4072 -1
1545100041020460 94 -1
0 0 0
1545100038801570 52 -1
1545100040792853 296 1
1545100040803755 9 -1
1545100040803998 13 -1
1545100041007243 1500 -1
1545100041007260 1500 -1
1545100041012292 8000 -1
1545100041014268 5681 -1
1545100041014373 1453 -1
1545100041014500 126 -1
0 0 0
1545100038815391 52 -1
1545100042434989 296 1
1545100042437957 9 -1
1545100042438551 13 -1
1545100042616811 1500 -1
1545100042617743 1500 -1
1545100042618423 8000 -1
1545100042618717 5682 -1
1545100042619241 1453 -1
1545100042619253 1330 -1
