### "'18260 16667 28883 28203 10304 15456 22175 24267 21364 16391 11656 25177 35582 19383 23757 18138 30850 31966 12630 24911 22557 37841 26749 21717 23037'"
0 0 0
1545100457765915 52 -1
1545100459773544 281 1
1545100459790168 9 -1
1545100459790184 13 -1
1545100459880394 1500 -1
1545100459880408 1674 -1
1545100459881616 4072 -1
1545100459882657 4072 -1
1545100459882775 4072 -1
1545100459883771 1500 -1
1545100459883784 85 -1
1545100459884627 9 -1
0 0 0
1545100457790155 52 -1
1545100459544066 281 1
1545100459547954 9 -1
1545100459547962 13 -1
1545100459641823 1500 -1
1545100459643913 8000 -1
1545100459644302 7183 -1
1545100459644318 338 -1
1545100459644323 1500 -1
1545100459644329 56 -1
0 0 0
1545100457759357 52 -1
1545100459750569 313 1
1545100459754959 9 -1
1545100459754967 13 -1
1545100459888794 1500 -1
1545100459889700 8000 -1
1545100459890307 7181 -1
1545100459890317 336 -1
1545100460019697 1500 -1
1545100460019708 1500 -1
1545100460020647 3508 -1
1545100460023048 4072 -1
1545100460024623 1601 -1
0 0 0
1545100457544757 52 -1
1545100459553409 289 1
1545100459558550 9 -1
1545100459559176 13 -1
1545100459690694 1500 -1
1545100459690711 1712 -1
1545100459691271 3834 -1
1545100460091364 138 1
1545100460094961 13 -1
1545100460211679 1500 -1
1545100460213743 1531 -1
1545100460213760 1774 -1
1545100460613905 166 1
1545100460616721 13 -1
1545100460733667 1500 -1
1545100460733680 1513 -1
1545100460733841 4072 -1
1545100460735469 3360 -1
1545100461135615 163 1
1545100461138332 13 -1
1545100461231793 1500 -1
1545100461231805 1537 -1
1545100461233778 4072 -1
1545100461234864 4072 -1
1545100461235913 4072 -1
1545100461235931 366 -1
1545100461636153 163 1
1545100461639426 13 -1
1545100461798609 1500 -1
1545100461798624 378 -1
1545100461799066 1500 -1
1545100461799925 8000 -1
1545100461800259 6600 -1
1545100461801020 1207 -1
1545100461801044 1500 -1
1545100461801716 2581 -1
1545100461801734 1169 -1
1545100462201740 166 1
1545100462206198 13 -1
1545100462336736 1500 -1
1545100462336919 396 -1
1545100462337858 1500 -1
1545100462338398 8000 -1
1545100462339295 6604 -1
1545100462339904 1500 -1
1545100462339917 1711 -1
1545100462340323 334 -1
1545100462740376 164 1
1545100462743322 13 -1
1545100462928063 1500 -1
1545100462928801 1500 -1
1545100462929339 3969 -1
1545100462931068 4072 -1
1545100462931577 4072 -1
1545100462931587 1428 -1
1545100462931742 9 -1
1545100463333915 166 1
1545100463338273 13 -1
1545100463507475 1500 -1
1545100463507489 394 -1
1545100463508196 1500 -1
1545100463509819 3604 -1
1545100463510818 4072 -1
1545100463510829 756 -1
1545100463911544 166 1
1545100463914396 13 -1
1545100464099408 1500 -1
1545100464099420 1500 -1
1545100464100366 8000 -1
1545100464101473 5547 -1
1545100464101489 1453 -1
1545100464101496 1500 -1
1545100464102231 3773 -1
1545100464102782 2085 -1
1545100464503225 164 1
1545100464507071 13 -1
1545100464668149 1500 -1
1545100464668162 1500 -1
1545100464670978 8000 -1
1545100464674442 5526 -1
1545100464674459 1453 -1
1545100464674467 1500 -1
1545100464675639 8000 -1
1545100464677670 6893 -1
1545100464677689 1085 -1
1545100464678580 303 -1
1545100465079050 164 1
1545100465082943 13 -1
1545100465462526 1500 -1
1545100465462618 400 -1
1545100465572943 1500 -1
1545100465573587 8000 -1
1545100465574798 6602 -1
1545100465574810 1500 -1
1545100465575226 64 -1
1545100465575236 9 -1
1545100465975532 167 1
1545100465978732 13 -1
1545100466149786 1500 -1
1545100466149797 1500 -1
1545100466152400 8000 -1
1545100466153547 5547 -1
1545100466153559 1453 -1
1545100466153565 1500 -1
1545100466155560 3774 -1
1545100466155570 664 -1
1545100466556329 166 1
1545100466559181 13 -1
1545100466683628 375 -1
1545100466684237 1500 -1
1545100466684254 1500 -1
1545100466685526 8000 -1
1545100466687872 5393 -1
1545100466687883 1219 -1
1545100466687889 319 -1
1545100467087937 166 1
1545100467090998 13 -1
1545100467250340 1500 -1
1545100467250352 1500 -1
1545100467251112 8000 -1
1545100467252554 5547 -1
1545100467252570 1453 -1
1545100467252578 1500 -1
1545100467253965 3774 -1
1545100467254521 4072 -1
1545100467255463 3685 -1
1545100467656816 9 1
1545100467656832 165 1
1545100467662512 13 -1
1545100467805978 1500 -1
1545100467805991 1500 -1
1545100467807571 8000 -1
1545100467809129 5522 -1
1545100467809141 1453 -1
1545100467809148 1500 -1
1545100467810805 3780 -1
1545100467810942 4072 -1
1545100467811810 4072 -1
1545100467811821 723 -1
1545100468213453 136 1
1545100468219237 13 -1
1545100468237995 1500 -1
1545100468238007 1538 -1
1545100468238652 4072 -1
1545100468242391 4072 -1
1545100468243725 1611 -1
1545100468644378 164 1
1545100468648481 13 -1
1545100468824089 1500 -1
1545100468824099 372 -1
1545100468824626 1500 -1
1545100468826255 8000 -1
1545100468826690 6605 -1
1545100468827135 1500 -1
1545100468828322 2986 -1
1545100468828333 2606 -1
1545100469230843 166 1
1545100469233953 13 -1
1545100469448862 1500 -1
1545100469448872 1500 -1
1545100469449614 8000 -1
1545100469450899 5556 -1
1545100469450913 1453 -1
1545100469450917 1500 -1
1545100469451454 3238 -1
1545100469851855 166 1
1545100469856418 13 -1
1545100469993872 1500 -1
1545100469995794 1500 -1
1545100469996599 8000 -1
1545100469997905 5523 -1
1545100469997919 1453 -1
1545100469997926 1500 -1
1545100470000175 8000 -1
1545100470002256 6893 -1
1545100470002267 1083 -1
1545100470003942 1500 -1
1545100470004828 1064 -1
1545100470405153 137 1
1545100470410263 13 -1
1545100470599823 1500 -1
1545100470599843 1500 -1
1545100470601876 8000 -1
1545100470603036 5549 -1
1545100470603048 1453 -1
1545100470603054 1500 -1
1545100470603499 3753 -1
1545100470604052 3677 -1
1545100471004118 167 1
1545100471008277 13 -1
1545100471217327 1500 -1
1545100471217340 1500 -1
1545100471217977 8000 -1
1545100471219178 5547 -1
1545100471219193 1453 -1
1545100471219202 1500 -1
1545100471219866 2398 -1
1545100471619972 164 1
1545100471623253 13 -1
1545100471797657 1500 -1
1545100471797672 1500 -1
1545100471800951 8000 -1
1545100471802494 5524 -1
1545100471802509 1453 -1
1545100471802515 1500 -1
1545100471803081 3718 -1
1545100475861442 17 1
0 0 0
1545100457768485 52 -1
1545100459767514 311 1
1545100459771025 9 -1
1545100459772231 13 -1
1545100459911748 1500 -1
1545100459912340 8000 -1
1545100459914352 7184 -1
1545100459914363 334 -1
1545100459914512 1500 -1
1545100459914522 1500 -1
1545100459916117 3508 -1
1545100459916853 4072 -1
1545100459919193 923 -1
0 0 0
1545100457776004 52 -1
1545100461352696 309 1
1545100461357521 9 -1
1545100461357528 13 -1
1545100461449648 1500 -1
1545100461450718 8000 -1
1545100461453554 7181 -1
1545100461453686 340 -1
1545100461453694 1500 -1
1545100461454173 1500 -1
1545100461455557 2469 -1
