### "'13358 11889 17991 16583 25359 26086 16781 12862 13384 14933 11836 13440 31324 30888 19996 30299 31071 21392 19931 14280 16876 20151 33450 31972'"
0 0 0
1545101181299603 52 -1
1545101183297882 304 1
1545101183309303 9 -1
1545101183309362 13 -1
1545101183309369 1500 -1
1545101183310864 4904 -1
1545101183712962 163 1
1545101183717273 13 -1
1545101183718311 1500 -1
1545101183718332 2402 -1
1545101184118607 164 1
1545101184121980 13 -1
1545101184123241 1500 -1
1545101184123250 1889 -1
1545101184523277 164 1
1545101184526834 13 -1
1545101184529412 1500 -1
1545101184529457 2506 -1
1545101184930056 166 1
1545101184934165 13 -1
1545101184934917 1500 -1
1545101184936288 2599 -1
1545101185337647 136 1
1545101185341126 13 -1
1545101185479847 1500 -1
1545101185479861 1578 -1
1545101185479870 455 -1
1545101185880039 136 1
1545101185884364 13 -1
1545101186046605 1500 -1
1545101186046618 1500 -1
1545101186046935 329 -1
1545101186447090 153 1
1545101186451098 13 -1
1545101186546213 1500 -1
1545101186549707 8000 -1
1545101186552731 7025 -1
1545101186552751 351 -1
1545101186552758 1500 -1
1545101186552765 1500 -1
1545101186553787 3508 -1
1545101186553925 2861 -1
1545101186953938 154 1
1545101186958138 13 -1
1545101187094527 1500 -1
1545101187094774 8000 -1
1545101187095276 7048 -1
1545101187095290 354 -1
1545101187095407 61 -1
1545101187496478 153 1
1545101187501351 13 -1
1545101187859980 483 -1
1545101187977442 1500 -1
1545101187977453 1500 -1
1545101187978487 3626 -1
1545101187979679 4072 -1
1545101187980810 1830 -1
1545101188381547 155 1
1545101188385101 13 -1
1545101188487051 1500 -1
1545101188487061 1550 -1
1545101188488446 4072 -1
1545101188488909 4072 -1
1545101188488981 2353 -1
1545101188889067 155 1
1545101188892221 13 -1
1545101189031492 1500 -1
1545101189031506 1552 -1
1545101189032976 4072 -1
1545101189036725 4072 -1
1545101189037490 3901 -1
1545101189437724 154 1
1545101189440820 13 -1
1545101189574811 1500 -1
1545101189574823 1500 -1
1545101189575253 3984 -1
1545101189576313 4072 -1
1545101189576331 922 -1
1545101189976499 154 1
1545101189981217 13 -1
1545101190083450 1500 -1
1545101190083462 1549 -1
1545101190083862 4072 -1
1545101190084744 4072 -1
1545101190085354 2407 -1
1545101190486116 155 1
1545101190490287 13 -1
1545101190590256 1500 -1
1545101190593854 8000 -1
1545101190595808 7024 -1
1545101190595824 350 -1
1545101190595830 1500 -1
1545101190595837 1500 -1
1545101190596285 3508 -1
1545101190597815 4072 -1
1545101190598524 4028 -1
1545101190999480 154 1
1545101191002833 13 -1
1545101191130079 1500 -1
1545101191131940 8000 -1
1545101191133136 7048 -1
1545101191133152 352 -1
1545101191133162 1500 -1
1545101191134973 1500 -1
1545101191135227 3508 -1
1545101191135308 4072 -1
1545101191135317 3590 -1
1545101191535714 166 1
1545101191538827 13 -1
1545101191710706 1500 -1
1545101191710719 1500 -1
1545101191711442 8000 -1
1545101191713392 5526 -1
1545101191713407 1453 -1
1545101191713416 1500 -1
1545101191713426 677 -1
1545101192113521 9 1
1545101192113535 150 1
1545101192117164 13 -1
1545101192237652 1500 -1
1545101192239498 8000 -1
1545101192244621 7050 -1
1545101192244633 361 -1
1545101192244637 1500 -1
1545101192244643 1500 -1
1545101192244886 3508 -1
1545101192245232 4072 -1
1545101192246524 2992 -1
1545101192647401 148 1
1545101192653308 13 -1
1545101192769564 1500 -1
1545101192770536 8000 -1
1545101192771095 7024 -1
1545101192771106 362 -1
1545101192771112 1500 -1
1545101192771118 1500 -1
1545101192771556 3508 -1
1545101192772691 4072 -1
1545101192774696 3763 -1
1545101193174970 120 1
1545101193181077 13 -1
1545101193315250 1500 -1
1545101193316608 8000 -1
1545101193317547 7049 -1
1545101193317560 361 -1
1545101193317565 1500 -1
1545101193317571 1500 -1
1545101193320560 1665 -1
1545101193721531 147 1
1545101193726319 13 -1
1545101193853910 1500 -1
1545101193854173 1500 -1
1545101193855418 8000 -1
1545101193856104 5524 -1
1545101193856124 1453 -1
1545101193857093 1500 -1
1545101193857591 612 -1
1545101194258662 148 1
1545101194264207 13 -1
1545101194293544 1500 -1
1545101194293558 1591 -1
1545101194294053 4072 -1
1545101194295634 4072 -1
1545101194296611 3199 -1
1545101194697131 147 1
1545101194700921 13 -1
1545101194822541 1500 -1
1545101194822554 1500 -1
1545101194823000 3995 -1
1545101194824077 4072 -1
1545101194824514 4072 -1
1545101194825579 1500 -1
1545101194825591 386 -1
1545101194825598 9 -1
1545101195225603 120 1
1545101195229426 13 -1
1545101195365521 518 -1
1545101195365534 1500 -1
1545101195366198 8000 -1
1545101195367885 6893 -1
1545101195367900 1500 -1
1545101195367909 936 -1
1545101195368310 995 -1
1545101195769159 147 1
1545101195774115 13 -1
1545101195888921 1500 -1
1545101195888932 1500 -1
1545101195890817 8000 -1
1545101195893908 5524 -1
1545101195893918 1453 -1
1545101195893924 1500 -1
1545101195895400 3800 -1
1545101195897457 4072 -1
1545101195898407 4072 -1
1545101195899328 2187 -1
1545101196299812 147 1
1545101196303430 13 -1
1545101196399668 1500 -1
1545101196401903 8000 -1
1545101196403917 7047 -1
1545101196403936 361 -1
1545101196403943 1500 -1
1545101196404002 1500 -1
1545101196404401 3508 -1
1545101196405518 4072 -1
1545101196406282 4072 -1
1545101196406295 593 -1
1545101200459509 17 1
0 0 0
1545101181541373 52 -1
1545101183537096 277 1
1545101183540663 9 -1
1545101183540673 13 -1
1545101183635163 1500 -1
1545101183635177 1689 -1
1545101183637433 4072 -1
1545101183637969 4072 -1
1545101183639647 854 -1
0 0 0
1545101181568217 52 -1
1545101183569517 318 1
1545101183575225 9 -1
1545101183575235 13 -1
1545101183716267 1500 -1
1545101183716287 1500 -1
1545101183717029 1500 -1
1545101183717044 2625 -1
1545101183718467 4072 -1
1545101183721685 4072 -1
1545101183728149 1500 -1
1545101183728163 120 -1
1545101183728242 9 -1
0 0 0
1545101181560469 52 -1
1545101183549619 306 1
1545101183552618 9 -1
1545101183553220 13 -1
1545101183674239 1500 -1
1545101183677578 8000 -1
1545101183683039 7183 -1
1545101183683054 352 -1
1545101183683302 1273 -1
0 0 0
1545101181605172 52 -1
1545101183294463 306 1
1545101183310870 9 -1
1545101183311382 13 -1
1545101183418578 1500 -1
1545101183418591 1688 -1
1545101183419956 4072 -1
1545101183422425 4072 -1
1545101183423944 2326 -1
0 0 0
1545101181576167 52 -1
1545101185140424 315 1
1545101185143337 9 -1
1545101185145032 13 -1
1545101185291814 1500 -1
1545101185291825 1500 -1
1545101185293153 8000 -1
1545101185294543 5681 -1
1545101185294553 1453 -1
1545101185295048 1500 -1
1545101185295430 3780 -1
1545101185296350 2260 -1
