### "'32415 30119 22895 15244 39461 11752 29423 17229 37316 16596 12166 19159 20368 19442 22923 30775 30219 27569 21969 11508 27157 15726 22264'"
0 0 0
1545103278275637 52 -1
1545103280265397 312 1
1545103280269732 9 -1
1545103280270914 13 -1
1545103280365733 1500 -1
1545103280366816 8000 -1
1545103280369394 7183 -1
1545103280369410 335 -1
1545103280369416 1500 -1
1545103280369886 1500 -1
1545103280372218 3194 -1
0 0 0
1545103278032781 52 -1
1545103280034841 295 1
1545103280041006 9 -1
1545103280041015 13 -1
1545103280131317 1500 -1
1545103280134573 1694 -1
1545103280134584 1478 -1
1545103280535145 168 1
1545103280541116 13 -1
1545103280631989 1500 -1
1545103280632005 1509 -1
1545103280632848 1935 -1
1545103281032910 137 1
1545103281036250 13 -1
1545103281256000 1500 -1
1545103281256013 1500 -1
1545103281257694 8000 -1
1545103281259383 5553 -1
1545103281259397 1453 -1
1545103281259404 1500 -1
1545103281260642 8000 -1
1545103281262094 6893 -1
1545103281262108 1052 -1
1545103281263391 1500 -1
1545103281263401 2581 -1
1545103281263467 134 -1
1545103281663785 164 1
1545103281666694 13 -1
1545103281798099 1500 -1
1545103281798110 1500 -1
1545103281799741 3969 -1
1545103281801204 4072 -1
1545103281801217 851 -1
1545103282201766 166 1
1545103282205381 13 -1
1545103282307498 1500 -1
1545103282309853 8000 -1
1545103282311938 7047 -1
1545103282311948 338 -1
1545103282312369 525 -1
1545103282712513 164 1
1545103282716013 13 -1
1545103282866149 1500 -1
1545103282866162 1500 -1
1545103282867100 8000 -1
1545103282868444 5526 -1
1545103282868459 1453 -1
1545103282868469 1500 -1
1545103282869531 8000 -1
1545103282869951 6893 -1
1545103282869965 1085 -1
1545103282870565 1500 -1
1545103282870577 537 -1
1545103283270724 168 1
1545103283274406 13 -1
1545103283509142 1500 -1
1545103283509155 1500 -1
1545103283509453 3979 -1
1545103283510135 4072 -1
1545103283510734 4072 -1
1545103283512360 1500 -1
1545103283512801 145 -1
1545103283512809 9 -1
1545103283913021 135 1
1545103283917483 13 -1
1545103284071717 1500 -1
1545103284071738 1500 -1
1545103284072387 3985 -1
1545103284072720 4072 -1
1545103284073493 1273 -1
1545103284473877 167 1
1545103284477836 13 -1
1545103284686428 1500 -1
1545103284686441 1500 -1
1545103284687890 8000 -1
1545103284689577 5525 -1
1545103284689597 1453 -1
1545103284689603 1340 -1
1545103285090826 164 1
1545103285094538 13 -1
1545103285256688 1500 -1
1545103285256701 1500 -1
1545103285257808 8000 -1
1545103285258559 5547 -1
1545103285258577 1453 -1
1545103285258586 1500 -1
1545103285261249 1049 -1
1545103285661383 137 1
1545103285666871 13 -1
1545103285840113 1500 -1
1545103285840130 1500 -1
1545103285841880 8000 -1
1545103285845080 5525 -1
1545103285845158 1453 -1
1545103285845169 1500 -1
1545103285845175 123 -1
1545103286245177 164 1
1545103286250130 13 -1
1545103286409256 1500 -1
1545103286409268 1500 -1
1545103286409720 8000 -1
1545103286411391 5547 -1
1545103286411487 1453 -1
1545103286411635 1500 -1
1545103286412273 3604 -1
1545103286812484 166 1
1545103286815310 13 -1
1545103286888704 1500 -1
1545103286888719 1500 -1
1545103286889582 8000 -1
1545103286891325 5514 -1
1545103286891340 1453 -1
1545103286891348 1500 -1
1545103286891854 3811 -1
1545103286893276 4072 -1
1545103286899100 3573 -1
1545103287299134 9 1
1545103287299278 166 1
1545103287303100 13 -1
1545103287488073 1500 -1
1545103287488087 1500 -1
1545103287489107 3984 -1
1545103287489757 2573 -1
1545103287890593 163 1
1545103287894891 13 -1
1545103288065145 1500 -1
1545103288065159 1500 -1
1545103288065638 8000 -1
1545103288067422 5547 -1
1545103288067440 1453 -1
1545103288067660 1500 -1
1545103288067934 3770 -1
1545103288068942 4072 -1
1545103288069582 3058 -1
1545103288470955 164 1
1545103288476378 13 -1
1545103288652590 1500 -1
1545103288652602 1500 -1
1545103288654482 8000 -1
1545103288655739 5523 -1
1545103288655757 1453 -1
1545103288766703 1500 -1
1545103288768362 3765 -1
1545103288769251 3528 -1
1545103288769262 957 -1
1545103289169307 164 1
1545103289175358 13 -1
1545103289336039 1500 -1
1545103289336054 1500 -1
1545103289337806 8000 -1
1545103289339335 5547 -1
1545103289339352 1453 -1
1545103289339359 1500 -1
1545103289339925 2650 -1
1545103289740128 166 1
1545103289743702 13 -1
1545103289939090 1500 -1
1545103289939895 1500 -1
1545103289940785 3960 -1
1545103289941693 4072 -1
1545103289941708 617 -1
1545103290342163 136 1
1545103290346093 13 -1
1545103290660865 1500 -1
1545103290660878 1500 -1
1545103290662452 8000 -1
1545103290664912 5547 -1
1545103290664927 1453 -1
1545103290665264 1500 -1
1545103290665830 3741 -1
1545103290667357 4072 -1
1545103290667368 25 -1
1545103291068509 137 1
1545103291071376 13 -1
1545103291248877 1500 -1
1545103291248891 1500 -1
1545103291249534 3981 -1
1545103291250617 4072 -1
1545103291252694 4072 -1
1545103291252707 763 -1
1545103291653550 163 1
1545103291657978 13 -1
1545103291847758 1500 -1
1545103291847775 1500 -1
1545103291849722 8000 -1
1545103291851259 5525 -1
1545103291851275 1453 -1
1545103291851282 1500 -1
1545103291852177 2945 -1
1545103295905243 17 1
0 0 0
1545103278295296 52 -1
1545103280033002 299 1
1545103280036615 9 -1
1545103280043630 13 -1
1545103280303801 1500 -1
1545103280303818 1500 -1
1545103280306077 8000 -1
1545103280306269 5688 -1
1545103280306280 1453 -1
1545103280306287 1500 -1
1545103280306349 3755 -1
1545103280306409 4072 -1
1545103280306592 2973 -1
0 0 0
1545103278287242 52 -1
1545103281870033 312 1
1545103281872704 9 -1
1545103281872924 13 -1
1545103282126555 1500 -1
1545103282126566 1500 -1
1545103282127031 8000 -1
1545103282128786 5683 -1
1545103282130203 1453 -1
1545103282130213 1500 -1
1545103282131006 3761 -1
1545103282132094 4072 -1
1545103282132105 2271 -1
0 0 0
1545103278263299 52 -1
1545103280259463 312 1
1545103280263807 9 -1
1545103280263818 13 -1
1545103280399217 1500 -1
1545103280399241 1671 -1
1545103280400830 4072 -1
1545103280401181 4072 -1
1545103280402028 4072 -1
1545103280402040 156 -1
0 0 0
1545103278282533 52 -1
1545103280280432 311 1
1545103280285529 9 -1
1545103280285546 13 -1
1545103280287376 1500 -1
1545103280290320 8000 -1
1545103280291256 7072 -1
1545103280291271 1500 -1
1545103280293767 8000 -1
1545103280297367 6540 -1
