### "'10834 24728 16594 23304 10191 17526 16037 10197 33474 16505 20607 16294 21859 19234 19371 19634 38070 14059 20596 21076'"
0 0 0
1545105356915195 52 -1
1545105360529975 297 1
1545105360533020 9 -1
1545105360533027 13 -1
1545105360670964 1500 -1
1545105360670978 1500 -1
1545105360672324 1500 -1
1545105360672334 2634 -1
1545105360673172 1250 -1
0 0 0
1545105356926858 52 -1
1545105358687003 307 1
1545105358693185 9 -1
1545105358693349 13 -1
1545105358842192 1500 -1
1545105358842212 1500 -1
1545105358843992 1500 -1
1545105358844039 2617 -1
1545105358844638 4014 -1
0 0 0
1545105356896911 52 -1
1545105358885526 308 1
1545105358888500 9 -1
1545105358889072 13 -1
1545105359038583 1500 -1
1545105359038597 1500 -1
1545105359039853 8000 -1
1545105359043566 5681 -1
1545105359043577 1453 -1
1545105359043661 1500 -1
1545105359044230 3775 -1
1545105359045552 1634 -1
0 0 0
1545105356898430 52 -1
1545105358895720 298 1
1545105358898579 9 -1
1545105358898587 13 -1
1545105359095164 1500 -1
1545105359095180 1500 -1
1545105359101105 8000 -1
1545105359101276 5682 -1
1545105359101285 1453 -1
1545105359101293 1500 -1
1545105359101818 3779 -1
1545105359101827 206 -1
0 0 0
1545105356901479 52 -1
1545105358906017 308 1
1545105358910025 9 -1
1545105358910625 13 -1
1545105359069352 1500 -1
1545105359069365 1500 -1
1545105359071752 1500 -1
1545105359071765 2617 -1
1545105359072349 4072 -1
1545105359073133 4072 -1
1545105359074644 1500 -1
1545105359074657 142 -1
1545105359074664 9 -1
0 0 0
1545105356694890 52 -1
1545105358692581 295 1
1545105358700751 9 -1
1545105358700831 13 -1
1545105358700837 1500 -1
1545105358702122 3574 -1
1545105359102688 166 1
1545105359108223 13 -1
1545105359300600 1500 -1
1545105359300615 1500 -1
1545105359301309 4022 -1
1545105359302532 3374 -1
1545105359703089 153 1
1545105359705602 13 -1
1545105359866787 1500 -1
1545105359866802 383 -1
1545105359866809 1500 -1
1545105359867952 3604 -1
1545105359868750 4072 -1
1545105359868820 4072 -1
1545105359869469 2546 -1
1545105360269489 154 1
1545105360272958 13 -1
1545105360410468 1500 -1
1545105360410479 1500 -1
1545105360410705 3995 -1
1545105360412789 4072 -1
1545105360419011 4072 -1
1545105360419230 1062 -1
1545105360819388 154 1
1545105360823398 13 -1
1545105361023422 1500 -1
1545105361023434 1500 -1
1545105361024752 3997 -1
1545105361025880 3362 -1
1545105361426066 166 1
1545105361429206 13 -1
1545105361506387 1500 -1
1545105361506405 1500 -1
1545105361509539 8000 -1
1545105361511430 5525 -1
1545105361511485 1453 -1
1545105361511498 1500 -1
1545105361512195 3775 -1
1545105361512682 4072 -1
1545105361513440 4072 -1
1545105361513859 2236 -1
1545105361914362 167 1
1545105361918259 13 -1
1545105362290223 1500 -1
1545105362290281 384 -1
1545105362385158 1500 -1
1545105362386777 3604 -1
1545105362388371 3040 -1
1545105362388383 2796 -1
1545105362389260 3854 -1
1545105362789328 153 1
1545105362793695 13 -1
1545105362932459 1500 -1
1545105362932472 382 -1
1545105362932477 1500 -1
1545105362933436 8000 -1
1545105362935284 6597 -1
1545105362935307 1500 -1
1545105362938273 1288 -1
1545105362938285 9 -1
1545105363339801 166 1
1545105363343925 13 -1
1545105363589142 475 -1
1545105363672232 1500 -1
1545105363672243 1500 -1
1545105363672722 3626 -1
1545105363673080 4072 -1
1545105363673629 4072 -1
1545105363673681 1228 -1
1545105364074347 154 1
1545105364077268 13 -1
1545105364228298 1500 -1
1545105364228309 1500 -1
1545105364229265 3995 -1
1545105364230284 1609 -1
1545105364630715 166 1
1545105364634280 13 -1
1545105364799859 1500 -1
1545105364799872 1500 -1
1545105364800374 8000 -1
1545105364801348 5522 -1
1545105364801360 1453 -1
1545105364801366 1500 -1
1545105364802246 2540 -1
1545105365202384 166 1
1545105365205057 13 -1
1545105365353228 1500 -1
1545105365353243 1500 -1
1545105365356270 8000 -1
1545105365359986 5550 -1
1545105365360420 1453 -1
1545105365360426 1415 -1
1545105365761017 166 1
1545105365764621 13 -1
1545105365944233 1500 -1
1545105365944245 1500 -1
1545105365944802 8000 -1
1545105365947318 5525 -1
1545105365947340 1453 -1
1545105365947351 1500 -1
1545105365947406 52 -1
1545105366348724 9 1
1545105366348738 166 1
1545105366354656 13 -1
1545105366690154 1500 -1
1545105366690165 1500 -1
1545105366691303 8000 -1
1545105366692219 5548 -1
1545105366692237 1453 -1
1545105366692308 1500 -1
1545105366692314 315 -1
1545105367093132 154 1
1545105367096059 13 -1
1545105367240580 1500 -1
1545105367240592 1500 -1
1545105367241958 3998 -1
1545105367242537 1763 -1
1545105367643992 166 1
1545105367646890 13 -1
1545105367810092 1500 -1
1545105367810105 1500 -1
1545105367812789 8000 -1
1545105367815033 5526 -1
1545105367815050 1453 -1
1545105367815057 1500 -1
1545105367815657 8000 -1
1545105367817971 6893 -1
1545105367818167 1072 -1
1545105367821064 1500 -1
1545105367821085 1304 -1
1545105368221148 136 1
1545105368225597 13 -1
1545105368385607 1500 -1
1545105368385726 1500 -1
1545105368386441 3982 -1
1545105368386816 4072 -1
1545105368387598 3169 -1
1545105368787619 153 1
1545105368793573 13 -1
1545105368991121 1500 -1
1545105368991135 1500 -1
1545105368992484 8000 -1
1545105368994091 5524 -1
1545105368994106 1453 -1
1545105368994166 1500 -1
1545105368994848 1277 -1
1545105369394959 154 1
1545105369399793 13 -1
1545105369538313 1500 -1
1545105369539665 8000 -1
1545105369542504 7049 -1
1545105369542517 354 -1
1545105369542577 1500 -1
1545105369542586 1500 -1
1545105369542982 1356 -1
1545105369945113 154 1
1545105369948589 13 -1
1545105370117842 1500 -1
1545105370118776 1500 -1
1545105370119786 3998 -1
1545105370119807 1622 -1
1545105374167888 17 1
