### "'28848 26290 24897 28367 20275 31306 40243 21439 28720 17897 13958 21605 29036 35434 38734 20960 30737 10177 21461 21436 16060 31436 30995 18884'"
0 0 0
1545106225218917 52 -1
1545106226962407 307 1
1545106226968412 9 -1
1545106226968424 13 -1
1545106227210275 1500 -1
1545106227210290 1500 -1
1545106227213441 8000 -1
1545106227215089 5684 -1
1545106227215099 1453 -1
1545106227215105 1500 -1
1545106227216761 3773 -1
1545106227217224 4072 -1
1545106227224383 1684 -1
0 0 0
1545106225209003 52 -1
1545106228818322 311 1
1545106228822002 9 -1
1545106228822010 13 -1
1545106229001012 1500 -1
1545106229001023 1500 -1
1545106229001770 8000 -1
1545106229003323 5683 -1
1545106229003384 1453 -1
1545106229003392 1500 -1
1545106229003853 2120 -1
0 0 0
1545106225171460 52 -1
1545106227163676 307 1
1545106227168170 9 -1
1545106227168181 13 -1
1545106227321483 1500 -1
1545106227321495 522 -1
1545106227321850 1500 -1
1545106227323498 8000 -1
1545106227325345 6614 -1
1545106227325358 1193 -1
1545106227325998 1500 -1
1545106227326288 2581 -1
1545106227326752 3206 -1
0 0 0
1545106224967850 52 -1
1545106226961579 295 1
1545106226965286 9 -1
1545106226965480 13 -1
1545106227054410 1500 -1
1545106227054424 1692 -1
1545106227055568 1277 -1
1545106227455772 167 1
1545106227459085 13 -1
1545106227644805 1500 -1
1545106227646388 8000 -1
1545106227648563 7025 -1
1545106227648575 334 -1
1545106227651702 1500 -1
1545106227651720 1500 -1
1545106227651726 575 -1
1545106228051840 166 1
1545106228055041 13 -1
1545106228208378 1500 -1
1545106228208392 1500 -1
1545106228209986 8000 -1
1545106228211135 5547 -1
1545106228211151 1453 -1
1545106228211159 1500 -1
1545106228212802 3775 -1
1545106228213568 4072 -1
1545106228213996 4072 -1
1545106228214007 68 -1
1545106228614013 166 1
1545106228617340 13 -1
1545106228829085 1500 -1
1545106228829229 1500 -1
1545106228830437 8000 -1
1545106228830854 5526 -1
1545106228833205 1453 -1
1545106228833227 1500 -1
1545106228840903 8000 -1
1545106228841750 6893 -1
1545106228841759 1083 -1
1545106228841765 1500 -1
1545106228842464 2581 -1
1545106228842491 885 -1
1545106229242579 154 1
1545106229246666 13 -1
1545106229403273 1500 -1
1545106229403565 1500 -1
1545106229405302 8000 -1
1545106229405703 5547 -1
1545106229405712 1453 -1
1545106229405718 1500 -1
1545106229407417 3779 -1
1545106229410491 4072 -1
1545106229410782 1550 -1
1545106229811163 154 1
1545106229815083 13 -1
1545106229955029 1500 -1
1545106229955040 1500 -1
1545106229956694 8000 -1
1545106229958247 5525 -1
1545106229958258 1453 -1
1545106229958306 78 -1
1545106230358268 154 1
1545106230361867 13 -1
1545106230395876 1500 -1
1545106230395886 1549 -1
1545106230396164 4072 -1
1545106230396832 4072 -1
1545106230398308 2928 -1
1545106230798537 164 1
1545106230803658 13 -1
1545106230937940 1500 -1
1545106230937951 1500 -1
1545106230940074 8000 -1
1545106230940960 5525 -1
1545106230940972 1453 -1
1545106230940980 1500 -1
1545106230942091 2286 -1
1545106231344449 152 1
1545106231348645 13 -1
1545106231501804 1500 -1
1545106231501817 1500 -1
1545106231503308 8000 -1
1545106231505845 5550 -1
1545106231505857 1453 -1
1545106231505865 1500 -1
1545106231508234 3794 -1
1545106231508863 4072 -1
1545106231511136 1851 -1
1545106231911744 135 1
1545106231916034 13 -1
1545106232261359 1500 -1
1545106232261371 1500 -1
1545106232262261 8000 -1
1545106232263265 5554 -1
1545106232263278 1453 -1
1545106232263335 1500 -1
1545106232263680 8000 -1
1545106232264857 6893 -1
1545106232264867 1231 -1
1545106232665772 166 1
1545106232669833 13 -1
1545106232854112 1500 -1
1545106232854183 1500 -1
1545106232855949 8000 -1
1545106232857496 5523 -1
1545106232858384 1453 -1
1545106232858396 1500 -1
1545106232862701 8000 -1
1545106232864156 6893 -1
1545106232864167 1073 -1
1545106232864173 1500 -1
1545106232865228 1967 -1
1545106233265517 166 1
1545106233271354 13 -1
1545106233472505 1500 -1
1545106233472517 1500 -1
1545106233473902 8000 -1
1545106233475126 5547 -1
1545106233475141 1453 -1
1545106233475148 1500 -1
1545106233476132 1641 -1
1545106233876290 166 1
1545106233881832 13 -1
1545106234054434 1500 -1
1545106234054448 399 -1
1545106234054456 1500 -1
1545106234054973 8000 -1
1545106234056288 6603 -1
1545106234151999 1500 -1
1545106234154186 2988 -1
1545106234154195 2918 -1
1545106234154755 4072 -1
1545106234155618 1440 -1
1545106234555753 9 1
1545106234555814 167 1
1545106234559884 13 -1
1545106234938836 1500 -1
1545106234938846 376 -1
1545106234938852 1500 -1
1545106234940890 3604 -1
1545106234941735 3040 -1
1545106234941748 305 -1
1545106235341854 154 1
1545106235345530 13 -1
1545106235558794 1500 -1
1545106235558806 1500 -1
1545106235559165 8000 -1
1545106235560450 5545 -1
1545106235560467 1453 -1
1545106235560475 1500 -1
1545106235561051 2142 -1
1545106235962472 135 1
1545106235965814 13 -1
1545106236137417 1500 -1
1545106236137429 1500 -1
1545106236138584 8000 -1
1545106236140695 5549 -1
1545106236140708 1453 -1
1545106236140713 1500 -1
1545106236141424 2117 -1
1545106236541638 125 1
1545106236545899 13 -1
1545106236689685 1500 -1
1545106236689698 380 -1
1545106236691671 1500 -1
1545106236693439 3604 -1
1545106236694502 4072 -1
1545106236694830 4072 -1
1545106236694840 1083 -1
1545106237096075 164 1
1545106237099431 13 -1
1545106237282831 1500 -1
1545106237282844 386 -1
1545106237282852 1500 -1
1545106237283972 8000 -1
1545106237284959 6614 -1
1545106237284977 1500 -1
1545106237286631 2977 -1
1545106237287326 4072 -1
1545106237287755 3040 -1
1545106237287767 2028 -1
1545106237689202 164 1
1545106237693543 13 -1
1545106237858605 1500 -1
1545106237860048 1500 -1
1545106237861670 8000 -1
1545106237862084 5525 -1
1545106237862097 1453 -1
1545106237867744 1500 -1
1545106237868230 3765 -1
1545106237869402 4072 -1
1545106237869415 3839 -1
1545106238269450 153 1
1545106238275512 13 -1
1545106238398046 1500 -1
1545106238398063 1500 -1
1545106238399597 8000 -1
1545106238401599 5547 -1
1545106238401613 1453 -1
1545106238401781 1065 -1
1545106242452497 17 1
0 0 0
1545106225175763 52 -1
1545106227179610 309 1
1545106227183319 9 -1
1545106227183454 13 -1
1545106227475591 1500 -1
1545106227475792 1500 -1
1545106227478986 8000 -1
1545106227483580 5684 -1
1545106227483686 1453 -1
1545106227483695 1500 -1
1545106227483908 3773 -1
1545106227483978 4072 -1
1545106227484043 1203 -1
0 0 0
1545106225187825 52 -1
1545106227187365 307 1
1545106227194409 9 -1
1545106227194419 13 -1
1545106227361379 1500 -1
1545106227361391 1500 -1
1545106227363419 8000 -1
1545106227364112 5683 -1
1545106227364125 1453 -1
1545106227364132 1500 -1
1545106227365099 3777 -1
1545106227366229 1801 -1
