### "'12672 25610 17810 39752 13885 12639 11465 25685 16446 15152 17203 24049 16872 24373 28070 21562 32436 29195 23717 30126 24439 25025 17825 23690'"
0 0 0
1545107394995961 52 -1
1545107396992238 294 1
1545107396995784 9 -1
1545107396995791 13 -1
1545107396996454 1500 -1
1545107396997165 4282 -1
1545107397397598 164 1
1545107397400607 13 -1
1545107397521205 1500 -1
1545107397521218 1500 -1
1545107397521549 4033 -1
1545107397523009 4072 -1
1545107397524348 2986 -1
1545107397925052 164 1
1545107397928403 13 -1
1545107398109902 1500 -1
1545107398109921 1500 -1
1545107398112123 3994 -1
1545107398113042 4072 -1
1545107398113827 1738 -1
1545107398513974 166 1
1545107398517066 13 -1
1545107398545360 1500 -1
1545107398545381 1514 -1
1545107398546255 4072 -1
1545107398547999 4072 -1
1545107398548013 448 -1
1545107398948023 164 1
1545107398950880 13 -1
1545107399122698 1500 -1
1545107399122740 1500 -1
1545107399126288 3995 -1
1545107399127330 4072 -1
1545107399128270 4072 -1
1545107399129172 1480 -1
1545107399129186 9 -1
1545107399529930 167 1
1545107399533725 13 -1
1545107399681510 1500 -1
1545107399681521 1500 -1
1545107399682029 3969 -1
1545107399682784 4072 -1
1545107399683654 4072 -1
1545107399683672 179 -1
1545107400084594 136 1
1545107400089923 13 -1
1545107400236129 1500 -1
1545107400236144 1500 -1
1545107400236901 3991 -1
1545107400237734 4072 -1
1545107400237982 4072 -1
1545107400238969 1500 -1
1545107400238980 741 -1
1545107400238987 9 -1
1545107400639010 166 1
1545107400644250 13 -1
1545107400865697 1500 -1
1545107400865709 358 -1
1545107400865716 1500 -1
1545107400867883 8000 -1
1545107400868992 6625 -1
1545107400869006 1182 -1
1545107400870989 1500 -1
1545107400871000 2581 -1
1545107400871062 976 -1
1545107401271624 164 1
1545107401275038 13 -1
1545107401439334 1500 -1
1545107401439347 378 -1
1545107401548352 1500 -1
1545107401555016 3604 -1
1545107401567932 4072 -1
1545107401571790 4072 -1
1545107401571817 1920 -1
1545107401972028 167 1
1545107401976034 13 -1
1545107402129070 1500 -1
1545107402129083 1500 -1
1545107402129812 8000 -1
1545107402131485 5547 -1
1545107402131504 1453 -1
1545107402131511 1500 -1
1545107402132380 3773 -1
1545107402132957 1281 -1
1545107402532978 164 1
1545107402535708 13 -1
1545107402684728 1500 -1
1545107402684742 1500 -1
1545107402686900 8000 -1
1545107402687700 5524 -1
1545107402687711 1453 -1
1545107402687819 1500 -1
1545107402689020 3775 -1
1545107402690362 4072 -1
1545107402690372 904 -1
1545107403090379 164 1
1545107403094076 13 -1
1545107403237741 1500 -1
1545107403237756 1500 -1
1545107403238504 8000 -1
1545107403239967 5548 -1
1545107403239983 1453 -1
1545107403239989 1500 -1
1545107403241066 2243 -1
1545107403641161 166 1
1545107403646633 13 -1
1545107403798581 1500 -1
1545107403798594 1500 -1
1545107403799728 8000 -1
1545107403800534 5524 -1
1545107403800548 1453 -1
1545107403800553 1500 -1
1545107403801356 3771 -1
1545107403803418 4072 -1
1545107403804087 4072 -1
1545107403805236 1202 -1
1545107404206745 9 1
1545107404206761 167 1
1545107404211901 13 -1
1545107404345557 1500 -1
1545107404345571 1500 -1
1545107404347494 8000 -1
1545107404350754 5547 -1
1545107404350765 1453 -1
1545107404350927 1500 -1
1545107404352818 3772 -1
1545107404355061 4072 -1
1545107404356203 2032 -1
1545107404756213 164 1
1545107404760923 13 -1
1545107404902773 1500 -1
1545107404902784 1500 -1
1545107404904811 8000 -1
1545107404906163 5525 -1
1545107404906180 1453 -1
1545107404906189 1500 -1
1545107404907157 3774 -1
1545107404907176 624 -1
1545107405307265 164 1
1545107405312034 13 -1
1545107405492354 1500 -1
1545107405492365 1500 -1
1545107405494007 8000 -1
1545107405495297 5547 -1
1545107405495312 1453 -1
1545107405495317 1500 -1
1545107405496751 3775 -1
1545107405497089 4072 -1
1545107405497596 2960 -1
1545107405897754 166 1
1545107405900307 13 -1
1545107406094821 1500 -1
1545107406094834 1500 -1
1545107406098839 8000 -1
1545107406100078 5547 -1
1545107406100092 1453 -1
1545107406101529 1500 -1
1545107406101951 3773 -1
1545107406102898 1347 -1
1545107406502957 164 1
1545107406507380 13 -1
1545107406681278 1500 -1
1545107406681290 1500 -1
1545107406682308 8000 -1
1545107406683598 5526 -1
1545107406683614 1453 -1
1545107406683621 1500 -1
1545107406684081 3764 -1
1545107406687820 1942 -1
1545107407087875 136 1
1545107407092243 13 -1
1545107407257938 1500 -1
1545107407257949 1500 -1
1545107407260179 3983 -1
1545107407261023 4072 -1
1545107407261601 4072 -1
1545107407262117 1500 -1
1545107407262128 1370 -1
1545107407262134 9 -1
1545107407662157 164 1
1545107407666092 13 -1
1545107407876703 1500 -1
1545107407876718 1500 -1
1545107407878673 8000 -1
1545107407881342 5523 -1
1545107407881355 1453 -1
1545107407881361 1500 -1
1545107407882253 3767 -1
1545107407882265 604 -1
1545107411930519 17 1
0 0 0
1545107395199726 52 -1
1545107397184163 307 1
1545107397188292 9 -1
1545107397189546 13 -1
1545107397359233 1500 -1
1545107397359248 1500 -1
1545107397360896 1500 -1
1545107397360910 2626 -1
1545107397363700 4072 -1
1545107397365058 4072 -1
1545107397366288 1500 -1
1545107397366298 1347 -1
1545107397366436 9 -1
0 0 0
1545107395203462 52 -1
1545107397192816 309 1
1545107397197427 9 -1
1545107397197435 13 -1
1545107397337213 1500 -1
1545107397338207 8000 -1
1545107397340219 7183 -1
1545107397340232 339 -1
1545107397341177 1500 -1
1545107397342893 1500 -1
1545107397344819 3508 -1
1545107397348588 2397 -1
0 0 0
1545107395207739 52 -1
1545107396992750 307 1
1545107396997159 9 -1
1545107396997292 13 -1
1545107397016042 1500 -1
1545107397016053 1677 -1
1545107397016474 4072 -1
1545107397017373 4072 -1
1545107397018789 1651 -1
0 0 0
1545107395203084 52 -1
1545107398857084 310 1
1545107398859914 9 -1
1545107398861672 13 -1
1545107399012028 1500 -1
1545107399012602 1500 -1
1545107399014625 8000 -1
1545107399016004 5682 -1
1545107399016135 1453 -1
1545107399017130 1500 -1
1545107399017785 3774 -1
1545107399017798 2592 -1
0 0 0
1545107395185354 52 -1
1545107397180114 309 1
1545107397182256 9 -1
1545107397184688 13 -1
1545107397462866 626 -1
1545107397554545 1500 -1
1545107397555970 8000 -1
1545107397559645 6893 -1
1545107397559658 1500 -1
1545107397560271 8000 -1
1545107397561400 6893 -1
1545107397645449 1500 -1
1545107397646298 1500 -1
1545107397646308 3090 -1
1545107397646593 575 -1
