### "'21109 36597 25939 28730 10492 32871 29957 22161 28408 26286 25118 21610 25752 20905 20888 24888 26760 28582 22188 19659 29940 39498 51195 24890'"
0 0 0
1545108288653137 52 -1
1545108290672529 299 1
1545108290676254 9 -1
1545108290676263 13 -1
1545108290677798 1500 -1
1545108290678910 7927 -1
1545108291079368 138 1
1545108291084778 13 -1
1545108291282259 1500 -1
1545108291282274 1500 -1
1545108291285058 2052 -1
1545108291685077 164 1
1545108291688411 13 -1
1545108291830821 1500 -1
1545108291830837 1511 -1
1545108291833581 4072 -1
1545108291833641 86 -1
1545108292233971 167 1
1545108292237291 13 -1
1545108292404477 1500 -1
1545108292404488 1534 -1
1545108292406567 3709 -1
1545108292806598 167 1
1545108292811936 13 -1
1545108292973725 1500 -1
1545108292973742 1500 -1
1545108292974198 3955 -1
1545108292974938 3056 -1
1545108293374983 167 1
1545108293379344 13 -1
1545108293570008 1500 -1
1545108293570019 1500 -1
1545108293570315 2890 -1
1545108293970711 167 1
1545108293976677 13 -1
1545108294192474 1500 -1
1545108294192488 1500 -1
1545108294194532 3978 -1
1545108294196197 1263 -1
1545108294596421 167 1
1545108294605101 13 -1
1545108294813104 1500 -1
1545108294813117 1500 -1
1545108294814266 3954 -1
1545108294814698 3678 -1
1545108295214870 164 1
1545108295218956 13 -1
1545108295398856 1500 -1
1545108295398871 1500 -1
1545108295400455 8000 -1
1545108295402139 5548 -1
1545108295402154 1453 -1
1545108295402161 1500 -1
1545108295402807 3766 -1
1545108295404135 4072 -1
1545108295406880 4072 -1
1545108295408998 1642 -1
1545108295809174 166 1
1545108295813633 13 -1
1545108295951011 1500 -1
1545108295951025 1500 -1
1545108295952321 8000 -1
1545108295953330 5525 -1
1545108295954182 1453 -1
1545108295954203 1500 -1
1545108295955101 3776 -1
1545108295956355 4072 -1
1545108295956856 2790 -1
1545108296356907 163 1
1545108296361103 13 -1
1545108296574150 1500 -1
1545108296574161 1500 -1
1545108296574765 8000 -1
1545108296576217 5547 -1
1545108296576232 1453 -1
1545108296576238 1500 -1
1545108296577595 2842 -1
1545108296978140 164 1
1545108296981554 13 -1
1545108297369027 1500 -1
1545108297369042 388 -1
1545108297471858 1500 -1
1545108297472288 8000 -1
1545108297472828 6613 -1
1545108297473372 1500 -1
1545108297473381 1458 -1
1545108297474251 1500 -1
1545108297474347 2581 -1
1545108297474952 3559 -1
1545108297875472 166 1
1545108297878758 13 -1
1545108298065934 1500 -1
1545108298065947 1500 -1
1545108298066672 8000 -1
1545108298068637 5548 -1
1545108298068654 1453 -1
1545108298068662 1500 -1
1545108298069235 3765 -1
1545108298069595 3202 -1
1545108298470356 163 1
1545108298474495 13 -1
1545108298659777 1500 -1
1545108298659832 1500 -1
1545108298663641 8000 -1
1545108298665225 5526 -1
1545108298665243 1453 -1
1545108298665249 1500 -1
1545108298665979 3775 -1
1545108298669619 2024 -1
1545108299069635 163 1
1545108299072901 13 -1
1545108299237340 1500 -1
1545108299237352 1500 -1
1545108299238558 8000 -1
1545108299240905 5548 -1
1545108299240918 1453 -1
1545108299240924 1500 -1
1545108299241986 2291 -1
1545108299642667 135 1
1545108299645753 13 -1
1545108299817911 1500 -1
1545108299817923 373 -1
1545108299951010 1500 -1
1545108299952615 8000 -1
1545108299953809 6604 -1
1545108299954507 1203 -1
1545108299954519 1500 -1
1545108299956112 2581 -1
1545108299956126 2658 -1
1545108300356369 164 1
1545108300359696 13 -1
1545108300509663 1500 -1
1545108300509677 1500 -1
1545108300510534 8000 -1
1545108300512617 5548 -1
1545108300512697 1453 -1
1545108300512705 1500 -1
1545108300513173 1586 -1
1545108300913191 9 1
1545108300913207 167 1
1545108300916163 13 -1
1545108301104967 1500 -1
1545108301104980 399 -1
1545108301104988 1500 -1
1545108301107381 8000 -1
1545108301109324 6603 -1
1545108301109336 1500 -1
1545108301109831 1569 -1
1545108301109876 9 -1
1545108301510317 164 1
1545108301513642 13 -1
1545108301672487 1500 -1
1545108301672499 1500 -1
1545108301673327 8000 -1
1545108301674338 5525 -1
1545108301674349 1453 -1
1545108301674355 1500 -1
1545108301674699 3765 -1
1545108301675213 1804 -1
1545108302075238 166 1
1545108302079238 13 -1
1545108302264819 1500 -1
1545108302264831 1500 -1
1545108302265512 8000 -1
1545108302267568 5547 -1
1545108302267582 1453 -1
1545108302267589 1500 -1
1545108302268263 3764 -1
1545108302268926 3677 -1
1545108302669831 153 1
1545108302672737 13 -1
1545108302864802 1500 -1
1545108302867455 1500 -1
1545108302869881 8000 -1
1545108302872402 5523 -1
1545108302872412 1453 -1
1545108302873427 1500 -1
1545108302874394 3778 -1
1545108302875140 4072 -1
1545108302875149 1413 -1
1545108303275352 166 1
1545108303281181 13 -1
1545108303465094 1500 -1
1545108303465107 1500 -1
1545108303466662 8000 -1
1545108303468105 5547 -1
1545108303468119 1453 -1
1545108303468125 1500 -1
1545108303469218 2869 -1
1545108303869249 154 1
1545108303872623 13 -1
1545108304059147 1500 -1
1545108304059157 1500 -1
1545108304059593 8000 -1
1545108304060538 5546 -1
1545108304060560 1453 -1
1545108304060731 1500 -1
1545108304060739 340 -1
1545108304460909 166 1
1545108304464165 13 -1
1545108304663053 1500 -1
1545108304663073 375 -1
1545108304663892 1500 -1
1545108304664196 8000 -1
1545108304666024 6604 -1
1545108304666043 1203 -1
1545108304668590 1500 -1
1545108304668610 2581 -1
1545108304669744 4072 -1
1545108304670392 2774 -1
1545108305070463 166 1
1545108305073566 13 -1
1545108305260579 1500 -1
1545108305260590 1500 -1
1545108305260902 8000 -1
1545108305262170 5549 -1
1545108305262185 1453 -1
1545108305262307 1500 -1
1545108305263079 8000 -1
1545108305264500 6893 -1
1545108305354767 1500 -1
1545108305355298 3646 -1
1545108305355310 149 -1
1545108305755410 167 1
1545108305758572 13 -1
1545108305955473 1500 -1
1545108305955483 1500 -1
1545108305956044 8000 -1
1545108305957203 5527 -1
1545108305957287 1453 -1
1545108305957396 1500 -1
1545108305958013 8000 -1
1545108305958482 6893 -1
1545108305958491 1500 -1
1545108305959443 8000 -1
1545108305960052 6893 -1
1545108305960062 608 -1
1545108306360177 135 1
1545108306363561 13 -1
1545108306524761 1500 -1
1545108306524786 1500 -1
1545108306526131 8000 -1
1545108306528608 5554 -1
1545108306528624 1453 -1
1545108306528743 1500 -1
1545108306529413 3766 -1
1545108306530803 1805 -1
1545108310583669 17 1
0 0 0
1545108288901236 52 -1
1545108290654302 302 1
1545108290673522 9 -1
1545108290673874 13 -1
1545108290819446 1500 -1
1545108290819460 1500 -1
1545108290820367 8000 -1
1545108290822272 5682 -1
1545108290822285 1453 -1
1545108290822293 1500 -1
1545108290822767 1790 -1
0 0 0
1545108288896838 52 -1
1545108292456311 274 1
1545108292457908 9 -1
1545108292460526 13 -1
1545108292672635 1500 -1
1545108292672648 1500 -1
1545108292675337 8000 -1
1545108292676548 5681 -1
1545108292676559 1453 -1
1545108292676565 1500 -1
1545108292677542 3791 -1
1545108292678235 4072 -1
1545108292679458 1548 -1
0 0 0
1545108288867403 52 -1
1545108290866736 313 1
1545108290870232 9 -1
1545108290871403 13 -1
1545108291063203 1500 -1
1545108291063213 1500 -1
1545108291065953 8000 -1
1545108291066968 5683 -1
1545108291067056 1453 -1
1545108291067065 1500 -1
1545108291088508 3775 -1
1545108291089146 2845 -1
0 0 0
1545108288866045 52 -1
1545108290860434 315 1
1545108290865200 9 -1
1545108290868380 13 -1
1545108291053618 1500 -1
1545108291053633 1500 -1
1545108291055243 8000 -1
1545108291057917 5684 -1
1545108291057937 1453 -1
1545108291058021 1500 -1
1545108291059791 8000 -1
1545108291062484 6893 -1
1545108291062495 1083 -1
1545108291063471 1320 -1
0 0 0
1545108288887523 52 -1
1545108290895511 284 1
1545108290899859 9 -1
1545108290899944 13 -1
1545108291084699 1500 -1
1545108291085121 1500 -1
1545108291087286 1500 -1
1545108291087447 2627 -1
