### "'21119 13091 10901 11807 19692 19536 37309 17137 24320 19035 16681 19887 11483 20462 18256 22882 18998 33232 31030 34475 11329 13069 26399'"
0 0 0
1545108509743407 52 -1
1545108511738121 299 1
1545108511743514 9 -1
1545108511743522 13 -1
1545108511847829 1500 -1
1545108511847841 1687 -1
1545108511860036 4072 -1
1545108511861599 1708 -1
0 0 0
1545108509519354 52 -1
1545108511517522 297 1
1545108511525103 9 -1
1545108511525264 13 -1
1545108511525450 1500 -1
1545108511525758 3515 -1
1545108511925870 168 1
1545108511929524 13 -1
1545108512022232 1500 -1
1545108512023428 1574 -1
1545108512024288 4072 -1
1545108512024304 1561 -1
1545108512424940 168 1
1545108512428377 13 -1
1545108512530902 1500 -1
1545108512530917 1509 -1
1545108512531690 4072 -1
1545108512533512 4072 -1
1545108512533528 795 -1
1545108512933648 166 1
1545108512936505 13 -1
1545108513026796 493 -1
1545108513028296 1500 -1
1545108513030054 8000 -1
1545108513030980 6893 -1
1545108513030990 1500 -1
1545108513030998 936 -1
1545108513031004 561 -1
1545108513431040 168 1
1545108513434704 13 -1
1545108513721149 465 -1
1545108513812592 1500 -1
1545108513814233 8000 -1
1545108513814875 6893 -1
1545108513814888 1500 -1
1545108513816445 8000 -1
1545108513816547 6893 -1
1545108513853721 1500 -1
1545108513853733 1500 -1
1545108513855678 1225 -1
1545108514256239 137 1
1545108514259334 13 -1
1545108514291017 1500 -1
1545108514294169 8000 -1
1545108514296741 7047 -1
1545108514296754 338 -1
1545108514296822 433 -1
1545108514696846 164 1
1545108514699687 13 -1
1545108514906207 1500 -1
1545108514907563 8000 -1
1545108514907900 7027 -1
1545108514907909 337 -1
1545108514907915 1500 -1
1545108514907920 1500 -1
1545108514907979 3508 -1
1545108514910412 1109 -1
1545108515311268 154 1
1545108515314281 13 -1
1545108515409402 1500 -1
1545108515410735 8000 -1
1545108515412108 7046 -1
1545108515412124 352 -1
1545108515412133 1500 -1
1545108515412138 817 -1
1545108515812786 154 1
1545108515817460 13 -1
1545108515960395 1500 -1
1545108515960408 386 -1
1545108515960415 1500 -1
1545108515962146 2450 -1
1545108515963683 4072 -1
1545108515965336 4072 -1
1545108515966830 2850 -1
1545108516366890 155 1
1545108516371242 13 -1
1545108516388843 1500 -1
1545108516389786 8000 -1
1545108516391459 7048 -1
1545108516391476 351 -1
1545108516391482 1500 -1
1545108516393070 1500 -1
1545108516393084 170 -1
1545108516793281 164 1
1545108516797205 13 -1
1545108516896606 1500 -1
1545108516896619 1511 -1
1545108516897470 4072 -1
1545108516902448 4072 -1
1545108516902469 468 -1
1545108517302659 167 1
1545108517309445 13 -1
1545108517442283 1500 -1
1545108517443325 8000 -1
1545108517444211 7048 -1
1545108517444225 335 -1
1545108517444231 1500 -1
1545108517444239 1500 -1
1545108517444882 761 -1
1545108517845511 137 1
1545108517850726 13 -1
1545108517968956 1500 -1
1545108517971425 8000 -1
1545108517972713 7026 -1
1545108517972730 335 -1
1545108517972791 1500 -1
1545108517972798 55 -1
1545108518372861 166 1
1545108518378090 13 -1
1545108518494070 1500 -1
1545108518494734 8000 -1
1545108518497260 7046 -1
1545108518497281 337 -1
1545108518499414 1500 -1
1545108518499421 1500 -1
1545108518499688 3179 -1
1545108518899772 9 1
1545108518899789 166 1
1545108518903196 13 -1
1545108519034414 1500 -1
1545108519034433 1500 -1
1545108519035612 8000 -1
1545108519038707 5548 -1
1545108519038719 1453 -1
1545108519038787 1179 -1
1545108519438888 138 1
1545108519443789 13 -1
1545108519536509 1500 -1
1545108519537991 8000 -1
1545108519539192 7024 -1
1545108519539207 334 -1
1545108519539214 1500 -1
1545108519541213 8000 -1
1545108519543583 6893 -1
1545108519543593 148 -1
1545108519544584 9 -1
1545108519945374 164 1
1545108519950965 13 -1
1545108520042430 1500 -1
1545108520044118 8000 -1
1545108520045856 7036 -1
1545108520045871 376 -1
1545108520045878 1500 -1
1545108520045936 1500 -1
1545108520046713 3508 -1
1545108520047730 4072 -1
1545108520048363 3708 -1
1545108520449305 164 1
1545108520456234 13 -1
1545108520595589 1500 -1
1545108520597003 8000 -1
1545108520598090 7023 -1
1545108520598104 338 -1
1545108520598273 1500 -1
1545108520599386 8000 -1
1545108520600704 6893 -1
1545108520600718 1387 -1
1545108520600724 9 -1
1545108521000846 164 1
1545108521003657 13 -1
1545108521094156 1500 -1
1545108521094166 1540 -1
1545108521094720 4072 -1
1545108521095688 4072 -1
1545108521095707 309 -1
1545108521496495 164 1
1545108521500645 13 -1
1545108521606245 1500 -1
1545108521606260 1516 -1
1545108521606496 4072 -1
1545108521607977 4072 -1
1545108521608544 2049 -1
1545108522009087 164 1
1545108522012763 13 -1
1545108522132700 1500 -1
1545108522132714 1540 -1
1545108522133926 3732 -1
1545108522534018 167 1
1545108522538519 13 -1
1545108522711129 1500 -1
1545108522711145 1500 -1
1545108522711989 8000 -1
1545108522714283 5523 -1
1545108522714298 1453 -1
1545108522714304 1500 -1
1545108522714791 3772 -1
1545108522715150 3308 -1
1545108526771981 17 1
0 0 0
1545108509768157 52 -1
1545108511768277 299 1
1545108511782911 9 -1
1545108511782922 13 -1
1545108511870689 1500 -1
1545108511870856 1688 -1
1545108511871594 4072 -1
1545108511871914 4072 -1
1545108511873766 2058 -1
0 0 0
1545108509762215 52 -1
1545108511766718 299 1
1545108511769882 9 -1
1545108511770044 13 -1
1545108511904727 1500 -1
1545108511904738 1687 -1
1545108511906428 4072 -1
1545108511906800 3942 -1
0 0 0
1545108509778772 52 -1
1545108511515528 310 1
1545108511518501 9 -1
1545108511518718 13 -1
1545108511616569 1500 -1
1545108511619837 8000 -1
1545108511621938 7186 -1
1545108511621952 339 -1
1545108511621959 1500 -1
1545108511622037 1500 -1
1545108511622738 1414 -1
0 0 0
1545108509775084 52 -1
1545108513360398 312 1
1545108513363565 9 -1
1545108513363941 13 -1
1545108513457568 1500 -1
1545108513458170 8000 -1
1545108513460339 7181 -1
1545108513460985 336 -1
1545108513460996 1500 -1
1545108513461180 1334 -1
