### "'10132 16478 12279 21665 21383 13629 16543 10181 13937 11665 14213 13226 16918 17672 20106 23961 15470 23012 15690 12229 17085'"
0 0 0
1545109724321823 52 -1
1545109726320001 300 1
1545109726326606 9 -1
1545109726326774 13 -1
1545109726326779 1500 -1
1545109726339867 2757 -1
1545109726740051 136 1
1545109726744220 13 -1
1545109726927695 1500 -1
1545109726927707 1500 -1
1545109726929901 8000 -1
1545109726930771 5568 -1
1545109726930781 1453 -1
1545109726930786 1500 -1
1545109726936660 2064 -1
1545109727336679 164 1
1545109727339584 13 -1
1545109727520885 1500 -1
1545109727520899 1500 -1
1545109727522039 3993 -1
1545109727522144 4072 -1
1545109727522215 2728 -1
1545109727922463 166 1
1545109727925622 13 -1
1545109728103783 1500 -1
1545109728103799 399 -1
1545109728106644 1500 -1
1545109728107603 3604 -1
1545109728108884 4072 -1
1545109728110074 4072 -1
1545109728110087 1569 -1
1545109728510577 166 1
1545109728513557 13 -1
1545109728689377 1500 -1
1545109728689391 1500 -1
1545109728692261 3966 -1
1545109728693817 3019 -1
1545109729093832 166 1
1545109729097219 13 -1
1545109729234473 1500 -1
1545109729234487 1536 -1
1545109729235259 4072 -1
1545109729236678 4072 -1
1545109729237833 2921 -1
1545109729638788 164 1
1545109729643025 13 -1
1545109729737995 1500 -1
1545109729738009 1516 -1
1545109729738453 4072 -1
1545109729739975 4072 -1
1545109729739993 645 -1
1545109730140280 163 1
1545109730143503 13 -1
1545109730278848 1500 -1
1545109730278862 1539 -1
1545109730279787 4072 -1
1545109730280132 4072 -1
1545109730280524 3193 -1
1545109730680721 164 1
1545109730684815 13 -1
1545109730783103 1500 -1
1545109730783117 1515 -1
1545109730783655 4072 -1
1545109730785428 4072 -1
1545109730786147 2208 -1
1545109731186291 164 1
1545109731190264 13 -1
1545109731283271 1500 -1
1545109731283442 1539 -1
1545109731284712 4072 -1
1545109731284728 1484 -1
1545109731684749 154 1
1545109731690017 13 -1
1545109731829232 1500 -1
1545109731829246 1530 -1
1545109731831171 4072 -1
1545109731831191 607 -1
1545109732232868 164 1
1545109732237568 13 -1
1545109732532742 490 -1
1545109732632452 1500 -1
1545109732634243 8000 -1
1545109732635127 6893 -1
1545109732635136 214 -1
1545109732635881 9 -1
1545109733036213 164 1
1545109733040326 13 -1
1545109733176091 1500 -1
1545109733178229 8000 -1
1545109733181016 7049 -1
1545109733181028 338 -1
1545109733181207 968 -1
1545109733581359 9 1
1545109733581378 167 1
1545109733584230 13 -1
1545109733683422 1500 -1
1545109733684570 8000 -1
1545109733687403 7025 -1
1545109733687418 340 -1
1545109733687482 1500 -1
1545109733687490 1500 -1
1545109733687495 400 -1
1545109734088130 164 1
1545109734091253 13 -1
1545109734227974 1500 -1
1545109734230194 8000 -1
1545109734231315 7048 -1
1545109734231329 339 -1
1545109734231385 1500 -1
1545109734231840 1500 -1
1545109734232740 3508 -1
1545109734232759 748 -1
1545109734632795 164 1
1545109734636676 13 -1
1545109734773124 1500 -1
1545109734773134 1514 -1
1545109734773656 4072 -1
1545109734774002 4072 -1
1545109734774660 4072 -1
1545109734774674 380 -1
1545109735175241 164 1
1545109735178234 13 -1
1545109735278007 1500 -1
1545109735280257 8000 -1
1545109735282151 7048 -1
1545109735282171 337 -1
1545109735282179 1500 -1
1545109735282245 1500 -1
1545109735282739 3309 -1
1545109735683937 164 1
1545109735686890 13 -1
1545109735825790 1500 -1
1545109735825803 1514 -1
1545109735826404 4072 -1
1545109735826732 4072 -1
1545109735826921 4072 -1
1545109735826933 600 -1
1545109736227829 166 1
1545109736234117 13 -1
1545109736327189 1500 -1
1545109736327203 1536 -1
1545109736327349 4072 -1
1545109736328048 4072 -1
1545109736328417 1213 -1
1545109736728435 166 1
1545109736731417 13 -1
1545109736824608 1500 -1
1545109736826367 8000 -1
1545109736827679 7025 -1
1545109736827701 337 -1
1545109736828080 382 -1
1545109740878732 17 1
0 0 0
1545109724544812 52 -1
1545109726318037 314 1
1545109726321771 9 -1
1545109726321781 13 -1
1545109726477959 1500 -1
1545109726478053 1500 -1
1545109726480473 1500 -1
1545109726480489 2626 -1
1545109726481783 3304 -1
0 0 0
1545109724525566 52 -1
1545109726522202 314 1
1545109726526230 9 -1
1545109726526239 13 -1
1545109726716102 1500 -1
1545109726716113 1500 -1
1545109726716959 8000 -1
1545109726718889 5683 -1
1545109726719691 1453 -1
1545109726719706 1500 -1
1545109726721943 2346 -1
0 0 0
1545109724534326 52 -1
1545109726538111 312 1
1545109726541298 9 -1
1545109726542134 13 -1
1545109726575324 1500 -1
1545109726575338 1675 -1
1545109726576030 4072 -1
1545109726577091 4072 -1
1545109726579541 4072 -1
1545109726580765 1396 -1
1545109726581068 9 -1
0 0 0
1545109724512906 52 -1
1545109726511865 312 1
1545109726514619 9 -1
1545109726515567 13 -1
1545109726665394 1500 -1
1545109726665410 1500 -1
1545109726665416 1500 -1
1545109726669584 2626 -1
1545109726670868 4072 -1
1545109726670883 1379 -1
0 0 0
1545109724539090 52 -1
1545109728146975 311 1
1545109728150366 9 -1
1545109728151438 13 -1
1545109728323121 1500 -1
1545109728323132 1500 -1
1545109728323605 1500 -1
1545109728323620 2627 -1
1545109728325019 3354 -1
