### "'23878 22803 10925 30459 11913 13628 12428 24617 30294 33470 13377 36310 29466 19936 29682 21768 19148 25950 23178 24185 15146 13671 21380'"
0 0 0
1545113767031859 52 -1
1545113768753241 314 1
1545113768756357 9 -1
1545113768758244 13 -1
1545113768933022 1500 -1
1545113768933038 1500 -1
1545113768934211 8000 -1
1545113768937518 5681 -1
1545113768937537 1453 -1
1545113768937545 1500 -1
1545113768940075 3777 -1
1545113768940092 782 -1
0 0 0
1545113766999565 52 -1
1545113768998117 304 1
1545113769001727 9 -1
1545113769002241 13 -1
1545113769021627 1500 -1
1545113769025282 8000 -1
1545113769025423 7183 -1
1545113769025567 353 -1
1545113769025576 1500 -1
1545113769025584 1500 -1
1545113769026635 3084 -1
0 0 0
1545113767020589 52 -1
1545113769025911 315 1
1545113769028537 9 -1
1545113769030946 13 -1
1545113769169212 1500 -1
1545113769170477 8000 -1
1545113769171985 7182 -1
1545113769171995 335 -1
1545113769172124 1500 -1
1545113769172131 1500 -1
1545113769180963 3508 -1
1545113769181708 4072 -1
1545113769182839 3178 -1
0 0 0
1545113767016785 52 -1
1545113769018318 305 1
1545113769025435 9 -1
1545113769025470 13 -1
1545113769118251 1500 -1
1545113769118268 1687 -1
1545113769118829 4072 -1
1545113769118996 3963 -1
0 0 0
1545113767026536 52 -1
1545113770599585 315 1
1545113770602518 9 -1
1545113770603761 13 -1
1545113770720842 1500 -1
1545113770721851 8000 -1
1545113770726080 7182 -1
1545113770726093 335 -1
1545113770726100 1500 -1
1545113770726188 1500 -1
1545113770726365 3508 -1
1545113770727058 1408 -1
0 0 0
1545113766751632 52 -1
1545113768765041 302 1
1545113768768089 9 -1
1545113768768099 13 -1
1545113768769356 1500 -1
1545113768771297 4740 -1
1545113769171784 153 1
1545113769180472 13 -1
1545113769315256 1500 -1
1545113769315270 1594 -1
1545113769315533 4072 -1
1545113769316122 4072 -1
1545113769316137 880 -1
1545113769716811 164 1
1545113769720738 13 -1
1545113769817500 1500 -1
1545113769817512 1517 -1
1545113769819477 4072 -1
1545113769821262 4072 -1
1545113769821711 2608 -1
1545113770222060 167 1
1545113770225090 13 -1
1545113770322716 1500 -1
1545113770324751 1536 -1
1545113770325196 4072 -1
1545113770326697 4072 -1
1545113770326709 1411 -1
1545113770726738 138 1
1545113770730240 13 -1
1545113770829447 1500 -1
1545113770832437 8000 -1
1545113770836576 7025 -1
1545113770836588 335 -1
1545113770836594 1500 -1
1545113770836600 1500 -1
1545113770837029 3508 -1
1545113770838098 4072 -1
1545113770839149 3013 -1
1545113771239180 164 1
1545113771242665 13 -1
1545113771346081 1500 -1
1545113771347337 8000 -1
1545113771347696 7049 -1
1545113771347709 337 -1
1545113771347715 1500 -1
1545113771347809 8000 -1
1545113771347990 6893 -1
1545113771348001 383 -1
1545113771348096 9 -1
1545113771748184 159 1
1545113771752018 13 -1
1545113771858945 1500 -1
1545113771858958 1526 -1
1545113771859217 3785 -1
1545113772261157 135 1
1545113772265522 13 -1
1545113772403878 495 -1
1545113772405010 1500 -1
1545113772405023 3850 -1
1545113772406784 4072 -1
1545113772407265 3632 -1
1545113772807564 166 1
1545113772810962 13 -1
1545113772852145 1500 -1
1545113772853922 8000 -1
1545113772855784 7025 -1
1545113772855798 336 -1
1545113772856042 1500 -1
1545113772856434 8000 -1
1545113772869121 6893 -1
1545113772869141 1500 -1
1545113772869151 818 -1
1545113772869214 915 -1
1545113773269978 126 1
1545113773272700 13 -1
1545113773396851 1500 -1
1545113773397212 8000 -1
1545113773398981 7048 -1
1545113773398994 353 -1
1545113773399677 1500 -1
1545113773399968 1500 -1
1545113773401500 3508 -1
1545113773401764 4072 -1
1545113773403517 2167 -1
1545113773803528 166 1
1545113773807291 13 -1
1545113773922753 1500 -1
1545113773923039 8000 -1
1545113773925301 7024 -1
1545113773925315 337 -1
1545113773925561 1500 -1
1545113773925568 1500 -1
1545113773925573 233 -1
1545113774326236 164 1
1545113774331432 13 -1
1545113774426281 1500 -1
1545113774427499 8000 -1
1545113774428523 7047 -1
1545113774428540 338 -1
1545113774428547 1500 -1
1545113774429102 1500 -1
1545113774429620 3508 -1
1545113774431306 4072 -1
1545113774431436 2398 -1
1545113774831848 166 1
1545113774837892 13 -1
1545113774934015 1500 -1
1545113774935766 8000 -1
1545113774937882 7025 -1
1545113774937900 337 -1
1545113774937910 1500 -1
1545113774937994 1500 -1
1545113774939260 2065 -1
1545113775339334 9 1
1545113775339349 129 1
1545113775343295 13 -1
1545113775441423 1500 -1
1545113775442092 8000 -1
1545113775442813 7048 -1
1545113775442826 353 -1
1545113775442832 1500 -1
1545113775442838 929 -1
1545113775842997 164 1
1545113775846976 13 -1
1545113776244189 164 1
1545113776250065 13 -1
1545113776265069 494 -1
1545113776402490 1500 -1
1545113776405386 8000 -1
1545113776406106 6893 -1
1545113776406122 1500 -1
1545113776406129 936 -1
1545113776407287 1500 -1
1545113776407306 2581 -1
1545113776407849 2737 -1
1545113776435600 1500 -1
1545113776435611 1500 -1
1545113776437048 8000 -1
1545113776439590 5525 -1
1545113776439610 1453 -1
1545113776439622 1500 -1
1545113776440630 3767 -1
1545113776440650 92 -1
1545113776841839 166 1
1545113776845237 13 -1
1545113776993867 1500 -1
1545113776995534 8000 -1
1545113776996336 7025 -1
1545113776996348 338 -1
1545113776996357 1500 -1
1545113776997425 1500 -1
1545113776998158 3508 -1
1545113776998168 973 -1
1545113777398686 134 1
1545113777403279 13 -1
1545113777524975 1500 -1
1545113777524985 1541 -1
1545113777525503 4072 -1
1545113777526460 4072 -1
1545113777527268 4072 -1
1545113777527283 52 -1
1545113777927385 166 1
1545113777930773 13 -1
1545113778020921 1500 -1
1545113778020933 1535 -1
1545113778021956 4072 -1
1545113778024306 4072 -1
1545113778024635 2655 -1
1545113778424695 153 1
1545113778427710 13 -1
1545113778527468 1500 -1
1545113778528887 8000 -1
1545113778530328 7024 -1
1545113778530344 353 -1
1545113778530607 1500 -1
1545113778530617 1500 -1
1545113778531783 1661 -1
1545113782585337 17 1
