### "'14163 19255 21471 32828 25389 38647 18074 28249 15536 20827 15148 19307 14377 13285 12964 13589 18691 32851 20861 22295 32372 19794 26855 14358'"
0 0 0
1545114393795611 52 -1
1545114395797337 297 1
1545114395809935 9 -1
1545114395810256 13 -1
1545114395998883 1500 -1
1545114395998897 1500 -1
1545114396001008 8000 -1
1545114396005413 5683 -1
1545114396005427 1453 -1
1545114396005435 1500 -1
1545114396007167 3793 -1
1545114396008990 4072 -1
1545114396009502 4072 -1
1545114396010166 1572 -1
0 0 0
1545114393813827 52 -1
1545114395817952 309 1
1545114395822604 9 -1
1545114395823953 13 -1
1545114395978487 1500 -1
1545114395978498 1500 -1
1545114395980774 8000 -1
1545114395982647 5683 -1
1545114395982657 1453 -1
1545114395982665 1436 -1
0 0 0
1545114393837810 52 -1
1545114397433898 309 1
1545114397437284 9 -1
1545114397437290 13 -1
1545114397560632 1500 -1
1545114397560649 1500 -1
1545114397562141 8000 -1
1545114397564319 5681 -1
1545114397564329 1453 -1
1545114397564633 1500 -1
1545114397565918 3776 -1
1545114397566522 4072 -1
1545114397567150 1082 -1
0 0 0
1545114393858889 52 -1
1545114395602061 309 1
1545114395605721 9 -1
1545114395607439 13 -1
1545114395779769 1500 -1
1545114395779784 1500 -1
1545114395781610 1500 -1
1545114395781626 2628 -1
1545114395785253 4072 -1
1545114395791392 3262 -1
0 0 0
1545114393803780 52 -1
1545114395810844 298 1
1545114395814010 9 -1
1545114395814718 13 -1
1545114395994695 1500 -1
1545114395994707 546 -1
1545114396125772 1500 -1
1545114396126344 8000 -1
1545114396128363 6589 -1
1545114396128374 1218 -1
1545114396128380 1500 -1
1545114396128813 943 -1
0 0 0
1545114393608744 52 -1
1545114395610405 283 1
1545114395616696 9 -1
1545114395616710 13 -1
1545114395618340 1500 -1
1545114395624455 6371 -1
1545114396024474 163 1
1545114396028405 13 -1
1545114396094802 1500 -1
1545114396094813 1500 -1
1545114396095718 8000 -1
1545114396098406 5589 -1
1545114396098677 1457 -1
1545114396098683 1500 -1
1545114396101803 3772 -1
1545114396102434 2294 -1
1545114396502925 136 1
1545114396506318 13 -1
1545114396676766 1500 -1
1545114396676777 1500 -1
1545114396678511 8000 -1
1545114396680638 5525 -1
1545114396680650 1453 -1
1545114396811860 1500 -1
1545114396813241 8000 -1
1545114396814572 6893 -1
1545114396814583 541 -1
1545114396814591 1500 -1
1545114396822861 2412 -1
1545114397223049 164 1
1545114397226011 13 -1
1545114397363749 1500 -1
1545114397363767 399 -1
1545114397363775 1500 -1
1545114397364396 8000 -1
1545114397364873 6600 -1
1545114397364883 246 -1
1545114397765256 164 1
1545114397768607 13 -1
1545114397882120 1500 -1
1545114397882131 1500 -1
1545114397883155 3970 -1
1545114397883573 4072 -1
1545114397884538 4072 -1
1545114397884596 564 -1
1545114398285061 166 1
1545114398287756 13 -1
1545114398445908 1500 -1
1545114398445919 1500 -1
1545114398448526 8000 -1
1545114398450300 5547 -1
1545114398450517 1453 -1
1545114398450533 1500 -1
1545114398451937 1508 -1
1545114398852148 164 1
1545114398855902 13 -1
1545114399007484 1500 -1
1545114399007499 1500 -1
1545114399008578 3984 -1
1545114399009255 4072 -1
1545114399011880 4072 -1
1545114399011894 185 -1
1545114399411953 164 1
1545114399415771 13 -1
1545114399600229 1500 -1
1545114399600248 1500 -1
1545114399604042 8000 -1
1545114399604908 5524 -1
1545114399604925 1453 -1
1545114399605435 1488 -1
1545114400005741 163 1
1545114400009782 13 -1
1545114400104961 1500 -1
1545114400104973 1536 -1
1545114400105171 4072 -1
1545114400106017 4072 -1
1545114400106872 3360 -1
1545114400506905 154 1
1545114400510071 13 -1
1545114400661257 1500 -1
1545114400661270 1500 -1
1545114400663252 3981 -1
1545114400663776 4072 -1
1545114400664449 2372 -1
1545114401064650 164 1
1545114401069097 13 -1
1545114401255554 1500 -1
1545114401255566 1500 -1
1545114401256009 3983 -1
1545114401256640 4072 -1
1545114401257246 2074 -1
1545114401657721 164 1
1545114401661475 13 -1
1545114401809008 1500 -1
1545114401809021 1500 -1
1545114401809548 3958 -1
1545114401810935 4072 -1
1545114401811789 2699 -1
1545114402213001 162 1
1545114402217084 13 -1
1545114402371601 1500 -1
1545114402371616 1500 -1
1545114402372243 8000 -1
1545114402373292 5548 -1
1545114402373314 1453 -1
1545114402373322 872 -1
1545114402773926 9 1
1545114402773941 169 1
1545114402777734 13 -1
1545114402985393 1500 -1
1545114402985407 1500 -1
1545114402985928 8000 -1
1545114402987364 5525 -1
1545114402987381 1453 -1
1545114402987505 1500 -1
1545114402988388 3765 -1
1545114402989045 4072 -1
1545114402989732 4072 -1
1545114402990219 1623 -1
1545114403390237 154 1
1545114403395353 13 -1
1545114403518468 1500 -1
1545114403519098 1500 -1
1545114403520552 8000 -1
1545114403521271 5548 -1
1545114403521288 1453 -1
1545114403523238 1500 -1
1545114403523253 1542 -1
1545114403924522 166 1
1545114403929612 13 -1
1545114404320642 1500 -1
1545114404320652 386 -1
1545114404431911 1500 -1
1545114404433009 8000 -1
1545114404434264 6615 -1
1545114404434278 1500 -1
1545114404434466 1456 -1
1545114404434680 1500 -1
1545114404434690 29 -1
1545114404835200 166 1
1545114404838328 13 -1
1545114405015970 1500 -1
1545114405015982 1500 -1
1545114405016313 8000 -1
1545114405017987 5548 -1
1545114405018003 1453 -1
1545114405018011 1500 -1
1545114405019596 3762 -1
1545114405021107 4072 -1
1545114405022498 4072 -1
1545114405024109 1147 -1
1545114405424310 137 1
1545114405426973 13 -1
1545114405615047 1500 -1
1545114405615059 1500 -1
1545114405615400 8000 -1
1545114405615874 5522 -1
1545114405617227 1453 -1
1545114405618314 1500 -1
1545114405618322 475 -1
1545114406019838 152 1
1545114406022585 13 -1
1545114406209460 1500 -1
1545114406209851 1500 -1
1545114406210454 8000 -1
1545114406212042 5547 -1
1545114406212058 1453 -1
1545114406212593 1500 -1
1545114406213934 3782 -1
1545114406213944 3754 -1
1545114406615281 166 1
1545114406618192 13 -1
1545114406796784 1500 -1
1545114406796801 1500 -1
1545114406797127 3962 -1
1545114406798890 4072 -1
1545114406802882 3466 -1
1545114410857521 17 1
