### "'15666 35834 23004 35223 23902 11243 36416 20333 22158 21918 41890 30667 22547 14908 13491 21885 23975 25087 23660 21499 22536 27269 16237'"
0 0 0
1545114954492716 52 -1
1545114956477254 297 1
1545114956481616 9 -1
1545114956481624 13 -1
1545114956482979 1500 -1
1545114956484376 8000 -1
1545114956489488 7072 -1
1545114956489501 1500 -1
1545114956491174 8000 -1
1545114956494214 6893 -1
1545114956494227 1500 -1
1545114956494237 1575 -1
0 0 0
1545114954525496 52 -1
1545114958061019 308 1
1545114958063714 9 -1
1545114958064554 13 -1
1545114958202452 1500 -1
1545114958205110 8000 -1
1545114958207040 7182 -1
1545114958207050 339 -1
1545114958207056 1500 -1
1545114958207063 1500 -1
1545114958208667 3508 -1
1545114958208678 689 -1
0 0 0
1545114954239866 52 -1
1545114956239819 283 1
1545114956243088 9 -1
1545114956245647 13 -1
1545114956245662 1500 -1
1545114956251412 3571 -1
1545114956651853 167 1
1545114956654997 13 -1
1545114956767838 1500 -1
1545114956767848 1573 -1
1545114956769668 3525 -1
1545114957170723 167 1
1545114957174161 13 -1
1545114957264984 1500 -1
1545114957264996 1536 -1
1545114957266679 4072 -1
1545114957266694 650 -1
1545114957667061 167 1
1545114957670387 13 -1
1545114957789677 1500 -1
1545114957790120 1511 -1
1545114957791981 4072 -1
1545114957791995 627 -1
1545114958192411 166 1
1545114958196481 13 -1
1545114958281287 1500 -1
1545114958281764 1537 -1
1545114958281777 3507 -1
1545114958682570 167 1
1545114958685815 13 -1
1545114958786088 1500 -1
1545114958786105 1513 -1
1545114958786499 4072 -1
1545114958786617 553 -1
1545114959187094 166 1
1545114959191046 13 -1
1545114959297076 1500 -1
1545114959297088 1534 -1
1545114959300336 4072 -1
1545114959300350 672 -1
1545114959701539 126 1
1545114959706358 13 -1
1545114959808356 1500 -1
1545114959808719 1531 -1
1545114959809262 4072 -1
1545114959810496 4072 -1
1545114959810512 210 -1
1545114960210624 163 1
1545114960214140 13 -1
1545114960334757 495 -1
1545114960334770 1500 -1
1545114960336491 8000 -1
1545114960337971 6893 -1
1545114960337989 1500 -1
1545114960338704 8000 -1
1545114960339724 6893 -1
1545114960339733 1500 -1
1545114960339784 1500 -1
1545114960341127 326 -1
1545114960744706 166 1
1545114960749973 13 -1
1545114960841827 1500 -1
1545114960843542 8000 -1
1545114960846713 7025 -1
1545114960846725 336 -1
1545114960846782 1500 -1
1545114960846788 1500 -1
1545114960847745 631 -1
1545114961247851 164 1
1545114961253249 13 -1
1545114961283323 1500 -1
1545114961284448 8000 -1
1545114961287766 7039 -1
1545114961287781 379 -1
1545114961287791 1500 -1
1545114961288592 1500 -1
1545114961289358 2413 -1
1545114961689460 167 1
1545114961692917 13 -1
1545114961816418 1500 -1
1545114961817226 8000 -1
1545114961817535 7024 -1
1545114961817572 335 -1
1545114961817580 1500 -1
1545114961817616 1500 -1
1545114961820988 2217 -1
1545114962221084 164 1
1545114962226735 13 -1
1545114962318537 1500 -1
1545114962319161 1542 -1
1545114962319441 4072 -1
1545114962319565 770 -1
1545114962719636 167 1
1545114962724010 13 -1
1545114962861090 1500 -1
1545114962861778 8000 -1
1545114962864309 7025 -1
1545114962864321 334 -1
1545114962865144 1500 -1
1545114962865672 8000 -1
1545114962871102 6893 -1
1545114962871125 1500 -1
1545114962871131 818 -1
1545114962872238 1500 -1
1545114962872253 2581 -1
1545114962873304 2416 -1
1545114963274727 167 1
1545114963279331 13 -1
1545114963309306 1500 -1
1545114963310517 8000 -1
1545114963312716 7049 -1
1545114963312733 336 -1
1545114963312738 1500 -1
1545114963312745 1500 -1
1545114963314117 3508 -1
1545114963315481 4072 -1
1545114963316456 3385 -1
1545114963717522 166 1
1545114963720396 13 -1
1545114963826156 1500 -1
1545114963827375 8000 -1
1545114963829572 7025 -1
1545114963829587 336 -1
1545114963829736 1500 -1
1545114963829770 1500 -1
1545114963830410 2845 -1
1545114964230742 135 1
1545114964233928 13 -1
1545114964371976 1500 -1
1545114964371991 1537 -1
1545114964372949 4072 -1
1545114964374816 4072 -1
1545114964376068 3892 -1
1545114964776569 9 1
1545114964776584 128 1
1545114964780243 13 -1
1545114964986144 1500 -1
1545114964986158 1500 -1
1545114964987471 3970 -1
1545114964988202 4072 -1
1545114964988666 2588 -1
1545114965389244 163 1
1545114965391973 13 -1
1545114965547427 1500 -1
1545114965547441 1500 -1
1545114965548277 8000 -1
1545114965549192 5548 -1
1545114965549221 1453 -1
1545114965549229 1500 -1
1545114965550039 2566 -1
1545114965950115 162 1
1545114965954061 13 -1
1545114966125072 1500 -1
1545114966125086 1500 -1
1545114966125633 8000 -1
1545114966126649 5548 -1
1545114966126669 1453 -1
1545114966126678 1500 -1
1545114966127415 3776 -1
1545114966127428 880 -1
1545114966527604 166 1
1545114966531057 13 -1
1545114966674607 1500 -1
1545114966674619 1500 -1
1545114966675359 8000 -1
1545114966675691 5525 -1
1545114966675709 1453 -1
1545114966675717 1500 -1
1545114966677211 3773 -1
1545114966677918 1995 -1
1545114967078741 166 1
1545114967082905 13 -1
1545114967234545 1500 -1
1545114967234555 1500 -1
1545114967235565 8000 -1
1545114967237247 5548 -1
1545114967237823 1453 -1
1545114967237833 1500 -1
1545114967239148 3774 -1
1545114967239158 567 -1
1545114967639172 162 1
1545114967643905 13 -1
1545114967661854 1500 -1
1545114967662608 8000 -1
1545114967663892 7024 -1
1545114967663906 338 -1
1545114967663911 1500 -1
1545114967663916 1500 -1
1545114967664863 1795 -1
1545114968065368 166 1
1545114968070748 13 -1
1545114968186025 1500 -1
1545114968186771 8000 -1
1545114968188252 7048 -1
1545114968188269 337 -1
1545114968188276 1500 -1
1545114968188284 1500 -1
1545114968189166 2833 -1
1545114968590148 167 1
1545114968594853 13 -1
1545114968688553 1500 -1
1545114968689690 8000 -1
1545114968691192 7027 -1
1545114968691208 335 -1
1545114968691213 1500 -1
1545114968691274 1500 -1
1545114968691782 3508 -1
1545114968692158 4060 -1
1545114969092542 166 1
1545114969095198 13 -1
1545114969249040 1500 -1
1545114969249056 1500 -1
1545114969249830 3991 -1
1545114969250743 4072 -1
1545114969254727 4072 -1
1545114969255834 1267 -1
1545114973305967 17 1
0 0 0
1545114954493923 52 -1
1545114956491638 310 1
1545114956494518 9 -1
1545114956500921 13 -1
1545114956895329 9 1
1545114956901877 634 -1
1545114957037379 1500 -1
1545114957037734 8000 -1
1545114957040764 6893 -1
1545114957040780 1500 -1
1545114957042226 8000 -1
1545114957045402 6893 -1
1545114957045410 132 -1
1545114957045475 1500 -1
1545114957045480 476 -1
0 0 0
1545114954518259 52 -1
1545114956507725 308 1
1545114956510836 9 -1
1545114956510905 13 -1
1545114956627540 1500 -1
1545114956628741 8000 -1
1545114956631214 7183 -1
1545114956631233 337 -1
1545114956631240 1500 -1
1545114956631306 1500 -1
1545114956633875 3301 -1
0 0 0
1545114954528248 52 -1
1545114956242770 307 1
1545114956247980 9 -1
1545114956247996 13 -1
1545114956363084 1500 -1
1545114956363096 1677 -1
1545114956366075 4072 -1
1545114956366693 4072 -1
1545114956368641 4072 -1
1545114956368655 571 -1
