### "'14460 21639 24854 22547 22396 26723 19230 19546 19761 29521 21139 20648 24851 33055 20817 36985 22288 25277 28352 30868 11500 18049 11563'"
0 0 0
1545116245512357 52 -1
1545116247509186 267 1
1545116247512384 9 -1
1545116247515655 13 -1
1545116247515667 1500 -1
1545116247519868 3921 -1
1545116247919975 151 1
1545116247923318 13 -1
1545116247923986 1500 -1
1545116247924631 4070 -1
1545116248324995 152 1
1545116248328682 13 -1
1545116248328689 1500 -1
1545116248329068 3748 -1
1545116248729220 150 1
1545116248732509 13 -1
1545116248734186 1500 -1
1545116248735792 3714 -1
1545116249136300 136 1
1545116249139546 13 -1
1545116249140961 1500 -1
1545116249142015 8000 -1
1545116249143204 6978 -1
1545116249143225 1500 -1
1545116249144298 4672 -1
1545116249544709 166 1
1545116249548656 13 -1
1545116249550427 1500 -1
1545116249552120 8000 -1
1545116249553370 6951 -1
1545116249553383 1500 -1
1545116249557662 8000 -1
1545116249557676 848 -1
1545116249957707 137 1
1545116249962045 13 -1
1545116249963651 1500 -1
1545116249966098 8000 -1
1545116249966968 6946 -1
1545116249966986 1500 -1
1545116249966992 1355 -1
1545116250368699 166 1
1545116250372455 13 -1
1545116250373806 1500 -1
1545116250374540 8000 -1
1545116250375605 6975 -1
1545116250375865 1500 -1
1545116250375997 1671 -1
1545116250776019 164 1
1545116250778813 13 -1
1545116250781961 1500 -1
1545116250782268 8000 -1
1545116250783094 6951 -1
1545116250783332 1500 -1
1545116250783340 1886 -1
1545116251183837 163 1
1545116251192457 13 -1
1545116251194208 1500 -1
1545116251194960 8000 -1
1545116251196162 6974 -1
1545116251196178 1500 -1
1545116251196729 8000 -1
1545116251197851 3646 -1
1545116251599103 136 1
1545116251602962 13 -1
1545116251602970 1500 -1
1545116251605402 8000 -1
1545116251608688 6941 -1
1545116251608702 1500 -1
1545116251611049 3264 -1
1545116252011118 164 1
1545116252014267 13 -1
1545116252014944 1500 -1
1545116252016112 8000 -1
1545116252016681 6975 -1
1545116252017178 1500 -1
1545116252017187 2773 -1
1545116252418105 164 1
1545116252421611 13 -1
1545116252422647 1500 -1
1545116252424212 8000 -1
1545116252425581 6941 -1
1545116252425593 1500 -1
1545116252426185 6976 -1
1545116252826460 164 1
1545116252829172 13 -1
1545116252830996 1500 -1
1545116252833118 8000 -1
1545116252834060 6951 -1
1545116252834074 1500 -1
1545116252835009 8000 -1
1545116252841998 6893 -1
1545116252842013 296 -1
1545116253243705 166 1
1545116253247372 13 -1
1545116253249173 1500 -1
1545116253250402 8000 -1
1545116253251991 6964 -1
1545116253252006 1500 -1
1545116253253822 2942 -1
1545116253653969 9 1
1545116253653982 169 1
1545116253658164 13 -1
1545116253658613 1500 -1
1545116253661013 8000 -1
1545116253662158 6951 -1
1545116253662171 1500 -1
1545116253665109 8000 -1
1545116253666361 6893 -1
1545116253666635 1500 -1
1545116253669220 2726 -1
1545116254069265 136 1
1545116254073216 13 -1
1545116254074807 1500 -1
1545116254075872 8000 -1
1545116254077443 6964 -1
1545116254077459 1500 -1
1545116254077881 4413 -1
1545116254478786 163 1
1545116254481947 13 -1
1545116254482714 1500 -1
1545116254485381 8000 -1
1545116254487339 6951 -1
1545116254487358 1500 -1
1545116254489082 7402 -1
1545116254889584 164 1
1545116254894069 13 -1
1545116254896179 1500 -1
1545116254896401 8000 -1
1545116254897406 6941 -1
1545116254897519 1500 -1
1545116254899188 8000 -1
1545116254899216 2477 -1
1545116255300071 164 1
1545116255302689 13 -1
1545116255304372 1500 -1
1545116255305547 8000 -1
1545116255307097 6973 -1
1545116255309006 1500 -1
1545116255309387 8000 -1
1545116255309680 4993 -1
1545116255710914 167 1
1545116255713903 13 -1
1545116255714901 1500 -1
1545116255715615 8000 -1
1545116255715632 2067 -1
1545116256116094 166 1
1545116256119848 13 -1
1545116256120970 1500 -1
1545116256121578 8000 -1
1545116256122595 6973 -1
1545116256122611 1500 -1
1545116256122624 174 -1
1545116256522769 137 1
1545116256527720 13 -1
1545116256527729 1500 -1
1545116256529545 8000 -1
1545116256529560 2131 -1
1545116260582189 17 1
0 0 0
1545116245751245 52 -1
1545116249318536 308 1
1545116249321489 9 -1
1545116249322246 13 -1
1545116249322870 1500 -1
1545116249324261 8000 -1
1545116249324903 7043 -1
1545116249324915 1500 -1
1545116249324980 4521 -1
0 0 0
1545116245718384 52 -1
1545116247713342 308 1
1545116247716593 9 -1
1545116247718125 13 -1
1545116247718134 1500 -1
1545116247722818 8000 -1
1545116247727102 5119 -1
0 0 0
1545116245721154 52 -1
1545116247745266 308 1
1545116247749632 9 -1
1545116247749641 13 -1
1545116247750092 1500 -1
1545116247753309 8000 -1
1545116247758036 7043 -1
1545116247758049 1500 -1
1545116247760372 6979 -1
0 0 0
1545116245738455 52 -1
1545116247732106 307 1
1545116247734808 9 -1
1545116247736387 13 -1
1545116247736606 1500 -1
1545116247736708 8000 -1
1545116247737299 7073 -1
1545116247737729 1500 -1
1545116247737768 3764 -1
0 0 0
1545116245759807 52 -1
1545116247506806 307 1
1545116247511063 9 -1
1545116247511071 13 -1
1545116247512068 1500 -1
1545116247514315 6262 -1
