### "'18196 10674 17826 15535 12913 10655 14447 22540 17919 29221 18114 33166 24309 25344 30795 17312 19947 29022 15184 21415 10407 18946 15032 12824'"
0 0 0
1545117710926380 52 -1
1545117712933492 296 1
1545117712948144 9 -1
1545117712948152 13 -1
1545117712948294 1500 -1
1545117712949222 3145 -1
1545117713349441 152 1
1545117713353283 13 -1
1545117713450259 1500 -1
1545117713450274 1599 -1
1545117713451509 4040 -1
1545117713851762 164 1
1545117713855074 13 -1
1545117713945271 1500 -1
1545117713945283 1515 -1
1545117713947661 3663 -1
1545117714347910 167 1
1545117714350553 13 -1
1545117714467260 1500 -1
1545117714467276 1531 -1
1545117714467672 4072 -1
1545117714467848 961 -1
1545117714868140 168 1
1545117714871091 13 -1
1545117714987421 1500 -1
1545117714989222 1509 -1
1545117714989457 3771 -1
1545117715390373 167 1
1545117715394404 13 -1
1545117715527077 1500 -1
1545117715527097 1537 -1
1545117715528581 4072 -1
1545117715528683 3712 -1
1545117715928711 167 1
1545117715933212 13 -1
1545117716030436 1500 -1
1545117716030449 1538 -1
1545117716030640 4072 -1
1545117716031168 4072 -1
1545117716032063 3431 -1
1545117716432790 137 1
1545117716435656 13 -1
1545117716526190 497 -1
1545117716526376 1500 -1
1545117716528559 8000 -1
1545117716529505 6893 -1
1545117716529517 1160 -1
1545117716529524 1500 -1
1545117716530251 2581 -1
1545117716530261 566 -1
1545117716930383 166 1
1545117716934249 13 -1
1545117717092091 1500 -1
1545117717092555 1500 -1
1545117717093236 8000 -1
1545117717093936 5548 -1
1545117717094251 1453 -1
1545117717094321 100 -1
1545117717495203 167 1
1545117717498032 13 -1
1545117717619588 1500 -1
1545117717620863 8000 -1
1545117717621968 7025 -1
1545117717621985 335 -1
1545117717621992 1500 -1
1545117717622057 1500 -1
1545117717622884 3508 -1
1545117717623816 4072 -1
1545117717624992 1940 -1
1545117718025090 166 1
1545117718029488 13 -1
1545117718130513 1500 -1
1545117718130526 1500 -1
1545117718132643 8000 -1
1545117718133615 5547 -1
1545117718133629 1453 -1
1545117718133661 295 -1
1545117718534086 137 1
1545117718536993 13 -1
1545117718644989 1500 -1
1545117718645809 8000 -1
1545117718646591 7023 -1
1545117718646800 338 -1
1545117718646810 1500 -1
1545117718647369 8000 -1
1545117718648014 6893 -1
1545117718649180 78 -1
1545117718649185 9 -1
1545117719049582 164 1
1545117719052594 13 -1
1545117719154976 1500 -1
1545117719155616 8000 -1
1545117719156876 7048 -1
1545117719157020 337 -1
1545117719157026 1500 -1
1545117719157030 1500 -1
1545117719157656 3508 -1
1545117719158060 1098 -1
1545117719558160 152 1
1545117719563285 13 -1
1545117719730461 1500 -1
1545117719730474 1500 -1
1545117719731750 8000 -1
1545117719732944 5531 -1
1545117719732957 1453 -1
1545117719732962 1500 -1
1545117719735105 3791 -1
1545117719736994 2234 -1
1545117720138224 167 1
1545117720141285 13 -1
1545117720261080 1500 -1
1545117720263248 8000 -1
1545117720266153 7048 -1
1545117720266166 332 -1
1545117720266226 1500 -1
1545117720266234 1500 -1
1545117720267273 3508 -1
1545117720267924 4072 -1
1545117720268765 3517 -1
1545117720668791 164 1
1545117720671465 13 -1
1545117720809929 1500 -1
1545117720812061 8000 -1
1545117720812849 7012 -1
1545117720812862 377 -1
1545117720812867 569 -1
1545117721212944 9 1
1545117721212956 169 1
1545117721216641 13 -1
1545117721355457 1500 -1
1545117721355469 1500 -1
1545117721355995 8000 -1
1545117721356656 5548 -1
1545117721357177 1453 -1
1545117721357199 1500 -1
1545117721357725 628 -1
1545117721757783 154 1
1545117721765307 13 -1
1545117721883044 1500 -1
1545117721884708 8000 -1
1545117721885979 7024 -1
1545117721885998 356 -1
1545117721886005 1500 -1
1545117721886691 1500 -1
1545117721887391 3508 -1
1545117721888361 4072 -1
1545117721888376 1720 -1
1545117722288634 166 1
1545117722292767 13 -1
1545117722393316 1500 -1
1545117722393329 1535 -1
1545117722393739 4072 -1
1545117722394177 4072 -1
1545117722395017 4072 -1
1545117722395033 96 -1
1545117722795098 153 1
1545117722798933 13 -1
1545117722936077 1500 -1
1545117722937415 8000 -1
1545117722939055 7026 -1
1545117722939070 351 -1
1545117722939076 1500 -1
1545117722939084 1500 -1
1545117722942451 1698 -1
1545117723342709 167 1
1545117723346436 13 -1
1545117723742722 154 1
1545117723746446 13 -1
1545117723758252 1500 -1
1545117723758268 1536 -1
1545117723758677 4072 -1
1545117723759781 3462 -1
1545117723866462 1500 -1
1545117723866472 1527 -1
1545117723867554 1059 -1
1545117724267581 154 1
1545117724271172 13 -1
1545117724373287 1500 -1
1545117724374844 8000 -1
1545117724378216 7048 -1
1545117724378231 352 -1
1545117724378237 1500 -1
1545117724378847 728 -1
1545117724779813 167 1
1545117724784885 13 -1
1545117724879535 1500 -1
1545117724880719 1511 -1
1545117724881293 4072 -1
1545117724881400 4072 -1
1545117724881743 4016 -1
1545117725282704 166 1
1545117725286340 13 -1
1545117725380046 1500 -1
1545117725380060 1538 -1
1545117725380481 4072 -1
1545117725380552 4072 -1
1545117725380600 1808 -1
1545117729435773 17 1
0 0 0
1545117711179507 52 -1
1545117713186797 311 1
1545117713190521 9 -1
1545117713190535 13 -1
1545117713283310 1500 -1
1545117713292315 8000 -1
1545117713294572 7182 -1
1545117713294582 336 -1
1545117713294802 1124 -1
0 0 0
1545117711173578 52 -1
1545117713173236 311 1
1545117713175770 9 -1
1545117713176434 13 -1
1545117713256756 1500 -1
1545117713256774 1672 -1
1545117713260650 4072 -1
1545117713261719 3728 -1
0 0 0
1545117711188360 52 -1
1545117712931039 282 1
1545117712936182 9 -1
1545117712936195 13 -1
1545117713068487 1500 -1
1545117713068817 8000 -1
1545117713072880 7182 -1
1545117713072894 335 -1
1545117713073610 1495 -1
0 0 0
1545117711185401 52 -1
1545117714765395 311 1
1545117714769080 9 -1
1545117714769088 13 -1
1545117714889106 1500 -1
1545117714889124 1681 -1
1545117714891026 4072 -1
1545117714891606 4072 -1
1545117714892477 1857 -1
0 0 0
1545117711167402 52 -1
1545117713159784 311 1
1545117713162812 9 -1
1545117713164956 13 -1
1545117713296535 1500 -1
1545117713296598 1670 -1
1545117713301620 4072 -1
1545117713302952 4072 -1
1545117713308864 4072 -1
1545117713308878 448 -1
