### "'36728 34940 13272 36528 35022 35725 36626 16388 15982 29557 28157 18945 20406 25497 21854 23330 25733 23764 27939 24319 40237 10800 34957 19781'"
0 0 0
1545117762415015 52 -1
1545117764424260 297 1
1545117764427819 9 -1
1545117764431823 13 -1
1545117764431834 1500 -1
1545117764433601 3037 -1
1545117764833661 164 1
1545117764840642 13 -1
1545117764977590 1500 -1
1545117764980071 8000 -1
1545117764981143 7066 -1
1545117764981154 339 -1
1545117764981284 1500 -1
1545117764982155 8000 -1
1545117764983877 6893 -1
1545117764984500 1500 -1
1545117764984508 433 -1
1545117764984514 9 -1
1545117765384515 164 1
1545117765388346 13 -1
1545117765389200 1500 -1
1545117765392101 8000 -1
1545117765393460 6978 -1
1545117765393476 1500 -1
1545117765405482 8000 -1
1545117765406940 6893 -1
1545117765406955 1500 -1
1545117765407322 1466 -1
1545117765807538 167 1
1545117765810623 13 -1
1545117765812390 1500 -1
1545117765813477 8000 -1
1545117765815892 6951 -1
1545117765815910 1500 -1
1545117765817149 8000 -1
1545117765818475 6893 -1
1545117765818490 1500 -1
1545117765819433 2367 -1
1545117766219868 166 1
1545117766223448 13 -1
1545117766224159 1500 -1
1545117766225836 8000 -1
1545117766226595 6964 -1
1545117766226612 13 -1
1545117766626651 166 1
1545117766629980 13 -1
1545117766632998 1500 -1
1545117766635426 8000 -1
1545117766637262 6946 -1
1545117766637274 1500 -1
1545117766638677 8000 -1
1545117766639372 3682 -1
1545117767039875 138 1
1545117767042501 13 -1
1545117767044050 1500 -1
1545117767044476 8000 -1
1545117767045348 6964 -1
1545117767045364 1500 -1
1545117767046666 8000 -1
1545117767046681 2282 -1
1545117767447048 166 1
1545117767450042 13 -1
1545117767451205 1500 -1
1545117767451491 8000 -1
1545117767452947 6941 -1
1545117767453576 1500 -1
1545117767453587 1070 -1
1545117767853773 167 1
1545117767856862 13 -1
1545117767950495 1500 -1
1545117767952109 8000 -1
1545117767954795 7025 -1
1545117767954808 335 -1
1545117767955432 1500 -1
1545117767955439 1500 -1
1545117767956623 705 -1
1545117768356736 166 1
1545117768359728 13 -1
1545117768361208 1500 -1
1545117768362535 8000 -1
1545117768364131 6964 -1
1545117768364147 1500 -1
1545117768365049 7622 -1
1545117768765108 166 1
1545117768768029 13 -1
1545117768908054 1500 -1
1545117768908798 8000 -1
1545117768912268 7017 -1
1545117768912285 377 -1
1545117768916146 1500 -1
1545117768916166 1500 -1
1545117768917022 2111 -1
1545117769317247 164 1
1545117769320593 13 -1
1545117769321252 1500 -1
1545117769324151 8000 -1
1545117769330594 6964 -1
1545117769330608 1500 -1
1545117769331230 5455 -1
1545117769731272 167 1
1545117769734678 13 -1
1545117769765982 1500 -1
1545117769766889 8000 -1
1545117769770808 7024 -1
1545117769770824 337 -1
1545117769770831 1500 -1
1545117769770836 1500 -1
1545117769771818 3508 -1
1545117769773225 2522 -1
1545117770173417 9 1
1545117770173555 169 1
1545117770176949 13 -1
1545117770177764 1500 -1
1545117770178550 8000 -1
1545117770178673 6964 -1
1545117770178682 1500 -1
1545117770178976 5889 -1
1545117770579124 164 1
1545117770581772 13 -1
1545117770583408 1500 -1
1545117770583901 8000 -1
1545117770585099 6941 -1
1545117770585115 1500 -1
1545117770586148 8000 -1
1545117770586157 2064 -1
1545117770986393 164 1
1545117770988962 13 -1
1545117770990061 1500 -1
1545117770990336 8000 -1
1545117770991506 6952 -1
1545117770992032 1500 -1
1545117770992453 6444 -1
1545117771392471 164 1
1545117771395555 13 -1
1545117771396820 1500 -1
1545117771397765 8000 -1
1545117771399644 6964 -1
1545117771399664 1500 -1
1545117771400580 8000 -1
1545117771403824 6893 -1
1545117771403839 1500 -1
1545117771404650 5978 -1
1545117771804676 166 1
1545117771808452 13 -1
1545117771904058 1500 -1
1545117771904071 1515 -1
1545117771905941 4072 -1
1545117771907524 3853 -1
1545117772307661 164 1
1545117772310657 13 -1
1545117772444234 1500 -1
1545117772444944 8000 -1
1545117772447134 7034 -1
1545117772447148 378 -1
1545117772447155 1500 -1
1545117772448337 8000 -1
1545117772449551 6893 -1
1545117772449561 1500 -1
1545117772449783 329 -1
1545117772449789 9 -1
1545117772850112 166 1
1545117772853275 13 -1
1545117772853795 1500 -1
1545117772854206 8000 -1
1545117772855652 6942 -1
1545117772855666 1500 -1
1545117772855673 1906 -1
1545117776909202 17 1
0 0 0
1545117762613812 52 -1
1545117764611995 310 1
1545117764615411 9 -1
1545117764615850 13 -1
1545117764732367 1500 -1
1545117764732382 1675 -1
1545117764735251 4072 -1
1545117764736430 4072 -1
1545117764736899 2251 -1
0 0 0
1545117762646468 52 -1
1545117764412475 310 1
1545117764417205 9 -1
1545117764417425 13 -1
1545117764424309 1500 -1
1545117764427079 8000 -1
1545117764434371 7071 -1
1545117764434389 1500 -1
1545117764437396 8000 -1
1545117764443293 6893 -1
1545117764443558 1500 -1
1545117764447215 2469 -1
0 0 0
1545117762617384 52 -1
1545117764622585 313 1
1545117764625738 9 -1
1545117764625746 13 -1
1545117764781961 1500 -1
1545117764781974 529 -1
1545117764781980 1500 -1
1545117764789144 8000 -1
1545117764791559 6606 -1
1545117764791627 1500 -1
1545117764792354 8000 -1
1545117764792602 6893 -1
1545117764792612 1500 -1
1545117764793575 825 -1
0 0 0
1545117762642652 52 -1
1545117766259363 312 1
1545117766263252 9 -1
1545117766263259 13 -1
1545117766367585 1500 -1
1545117766367604 1672 -1
1545117766369706 4072 -1
1545117766371613 4072 -1
1545117766372870 4072 -1
1545117766374338 892 -1
0 0 0
1545117762613537 52 -1
1545117764602265 314 1
1545117764606672 9 -1
1545117764607758 13 -1
1545117764639301 1500 -1
1545117764641109 8000 -1
1545117764647878 7183 -1
1545117764647892 338 -1
1545117764647899 1500 -1
1545117764654129 8000 -1
1545117764655804 6893 -1
1545117764656136 1500 -1
1545117764656144 352 -1
1545117764656734 9 -1
