### "'22443 28127 37092 21031 26600 25897 19930 39368 30340 21776 23278 22045 14991 21666 24368 23701 23058 22055 17660 23957 26412 17015 33921'"
0 0 0
1545117916899949 52 -1
1545117918898472 312 1
1545117918908021 9 -1
1545117918908034 13 -1
1545117918909819 1500 -1
1545117918911064 8000 -1
1545117918913568 7072 -1
1545117918913651 1500 -1
1545117918914697 8000 -1
1545117918917607 6893 -1
1545117918917619 1500 -1
1545117918918089 2833 -1
0 0 0
1545117916921345 52 -1
1545117918647747 282 1
1545117918654661 9 -1
1545117918654670 13 -1
1545117918654677 1500 -1
1545117918660517 8000 -1
1545117918662614 7071 -1
1545117918662628 1500 -1
1545117918664903 4568 -1
0 0 0
1545117916880859 52 -1
1545117918880415 312 1
1545117918884600 9 -1
1545117918885405 13 -1
1545117918885413 1500 -1
1545117918886988 8000 -1
1545117918888721 7072 -1
1545117918888732 1500 -1
1545117918889324 8000 -1
1545117918889862 2252 -1
0 0 0
1545117916918232 52 -1
1545117918925530 283 1
1545117918929510 9 -1
1545117918929520 13 -1
1545117918930408 1500 -1
1545117918932285 8000 -1
1545117918933091 7072 -1
1545117918933102 1500 -1
1545117918933723 3156 -1
0 0 0
1545117916914854 52 -1
1545117920498558 271 1
1545117920503387 9 -1
1545117920503396 13 -1
1545117920504173 1500 -1
1545117920506886 8000 -1
1545117920507901 7072 -1
1545117920507915 1500 -1
1545117920509269 8000 -1
1545117920511585 6893 -1
1545117920511595 1500 -1
1545117920512247 5109 -1
0 0 0
1545117916648941 52 -1
1545117918653917 297 1
1545117918656840 9 -1
1545117918656850 13 -1
1545117918661729 1500 -1
1545117918667848 7506 -1
1545117919068174 168 1
1545117919071543 13 -1
1545117919072358 1500 -1
1545117919073930 7613 -1
1545117919474348 167 1
1545117919477476 13 -1
1545117919479717 1500 -1
1545117919480598 8000 -1
1545117919481804 6945 -1
1545117919481818 1500 -1
1545117919483560 8000 -1
1545117919483578 725 -1
1545117919883950 166 1
1545117919887252 13 -1
1545117919888589 1500 -1
1545117919889972 8000 -1
1545117919892096 6955 -1
1545117919892113 1500 -1
1545117919894111 8000 -1
1545117919894123 22 -1
1545117920294750 154 1
1545117920297778 13 -1
1545117920299280 1500 -1
1545117920299709 8000 -1
1545117920304791 6980 -1
1545117920304854 1500 -1
1545117920304861 2055 -1
1545117920704932 164 1
1545117920709133 13 -1
1545117920710473 1500 -1
1545117920711174 8000 -1
1545117920712564 6952 -1
1545117920712589 1500 -1
1545117920713348 8000 -1
1545117920714258 4465 -1
1545117921114285 166 1
1545117921118383 13 -1
1545117921118996 1500 -1
1545117921121356 8000 -1
1545117921122272 6973 -1
1545117921122284 1500 -1
1545117921122530 3901 -1
1545117921522765 167 1
1545117921525919 13 -1
1545117921526469 1500 -1
1545117921527681 8000 -1
1545117921528365 6952 -1
1545117921528383 1500 -1
1545117921528848 5403 -1
1545117921928912 168 1
1545117921935994 13 -1
1545117921936219 1500 -1
1545117921938265 8000 -1
1545117921939642 6950 -1
1545117921939657 1500 -1
1545117921940162 4170 -1
1545117922340383 166 1
1545117922343966 13 -1
1545117922346135 1500 -1
1545117922348172 8000 -1
1545117922349782 5580 -1
1545117922750537 153 1
1545117922754454 13 -1
1545117922755232 1500 -1
1545117922756502 8000 -1
1545117922757723 6957 -1
1545117922757737 1500 -1
1545117922757951 3791 -1
1545117923157978 155 1
1545117923161160 13 -1
1545117923162759 1500 -1
1545117923163206 8000 -1
1545117923164615 6974 -1
1545117923164629 1500 -1
1545117923165959 6493 -1
1545117923566161 155 1
1545117923571099 13 -1
1545117923572149 1500 -1
1545117923572768 3745 -1
1545117923973139 9 1
1545117923973154 167 1
1545117923978665 13 -1
1545117923980420 1500 -1
1545117923980744 8000 -1
1545117923982163 6950 -1
1545117923982179 1500 -1
1545117923983440 5826 -1
1545117924383697 164 1
1545117924388029 13 -1
1545117924389638 1500 -1
1545117924391099 8000 -1
1545117924391767 6973 -1
1545117924391780 1500 -1
1545117924392277 5183 -1
1545117924792351 155 1
1545117924795995 13 -1
1545117924797757 1500 -1
1545117924798039 8000 -1
1545117924798528 6951 -1
1545117924799142 1500 -1
1545117924799537 4180 -1
1545117925199594 164 1
1545117925203903 13 -1
1545117925339472 1500 -1
1545117925340248 8000 -1
1545117925341903 7084 -1
1545117925341915 343 -1
1545117925342210 951 -1
1545117925742959 164 1
1545117925746524 13 -1
1545117925851490 1500 -1
1545117925851992 8000 -1
1545117925855800 7024 -1
1545117925855815 340 -1
1545117925855820 1500 -1
1545117925855828 1500 -1
1545117925858649 3508 -1
1545117925858662 743 -1
1545117926260451 137 1
1545117926266328 13 -1
1545117926266334 1500 -1
1545117926270488 8000 -1
1545117926272224 6974 -1
1545117926272241 1500 -1
1545117926273348 8000 -1
1545117926273363 537 -1
1545117926673465 126 1
1545117926676772 13 -1
1545117926813968 1500 -1
1545117926814789 8000 -1
1545117926816483 7026 -1
1545117926816497 354 -1
1545117926816559 295 -1
1545117927216664 166 1
1545117927220953 13 -1
1545117927222056 1500 -1
1545117927223702 8000 -1
1545117927226814 6969 -1
1545117927226830 1500 -1
1545117927227704 8000 -1
1545117927229103 6893 -1
1545117927229126 1162 -1
1545117931284061 17 1
