### "'10071 10071 10071 27797 26830 20043 18741 15634 18696 14843 14960 19334 23407 10042 13601 22881 14023 14342 15198 13333 32909 21725 18167 17886 20770 17460'"
0 0 0
1545118096521540 52 -1
1545118098518714 312 1
1545118098522862 9 -1
1545118098523847 13 -1
1545118098524119 1500 -1
1545118098526617 6280 -1
0 0 0
1545118096280744 52 -1
1545118098277606 298 1
1545118098295131 9 -1
1545118098295137 13 -1
1545118098295141 1500 -1
1545118098295149 1515 -1
1545118098695306 138 1
1545118098698612 13 -1
1545118098799294 1500 -1
1545118098799309 1556 -1
1545118098800076 4065 -1
1545118099200303 164 1
1545118099203038 13 -1
1545118099339917 1500 -1
1545118099340638 1534 -1
1545118099341206 4072 -1
1545118099341221 3128 -1
1545118099741355 167 1
1545118099744794 13 -1
1545118099834417 1500 -1
1545118099834428 1514 -1
1545118099835260 4072 -1
1545118099836048 3125 -1
1545118100236390 163 1
1545118100240262 13 -1
1545118100352280 1500 -1
1545118100352299 1539 -1
1545118100352535 4072 -1
1545118100354029 3122 -1
1545118100754255 169 1
1545118100758276 13 -1
1545118100759167 1500 -1
1545118100762491 8000 -1
1545118100764672 6955 -1
1545118100764688 1500 -1
1545118100765726 8000 -1
1545118100765759 1922 -1
1545118101165922 166 1
1545118101169573 13 -1
1545118101170748 1500 -1
1545118101172643 8000 -1
1545118101173679 6979 -1
1545118101173694 1500 -1
1545118101175703 8000 -1
1545118101175716 955 -1
1545118101576292 167 1
1545118101578836 13 -1
1545118101580104 1500 -1
1545118101580452 8000 -1
1545118101582703 6951 -1
1545118101582722 1500 -1
1545118101583869 2168 -1
1545118101984845 168 1
1545118101987640 13 -1
1545118101989627 1500 -1
1545118101994247 8000 -1
1545118101995356 6941 -1
1545118101995369 1500 -1
1545118101995377 866 -1
1545118102395403 166 1
1545118102398382 13 -1
1545118102399602 1500 -1
1545118102401133 8000 -1
1545118102402740 6214 -1
1545118102803298 167 1
1545118102806164 13 -1
1545118102806902 1500 -1
1545118102807182 8000 -1
1545118102809774 6951 -1
1545118102809794 1500 -1
1545118102809802 821 -1
1545118103210408 167 1
1545118103213295 13 -1
1545118103214602 1500 -1
1545118103215165 8000 -1
1545118103215652 5423 -1
1545118103615703 166 1
1545118103618767 13 -1
1545118103619897 1500 -1
1545118103620216 8000 -1
1545118103621816 5517 -1
1545118104021897 9 1
1545118104021909 171 1
1545118104025039 13 -1
1545118104025964 1500 -1
1545118104026488 8000 -1
1545118104027685 6964 -1
1545118104028293 1500 -1
1545118104028303 1459 -1
1545118104429073 167 1
1545118104431857 13 -1
1545118104434188 1500 -1
1545118104435827 8000 -1
1545118104438558 6946 -1
1545118104438574 1500 -1
1545118104440229 5532 -1
1545118104840914 168 1
1545118104843626 13 -1
1545118104846581 1500 -1
1545118104847670 8000 -1
1545118104848364 610 -1
1545118105248927 167 1
1545118105252275 13 -1
1545118105253777 1500 -1
1545118105254617 8000 -1
1545118105256022 4190 -1
1545118105656329 167 1
1545118105660074 13 -1
1545118105660082 1500 -1
1545118105662126 8000 -1
1545118105665659 6941 -1
1545118105665673 1500 -1
1545118105667702 5006 -1
1545118106067726 166 1
1545118106071854 13 -1
1545118106072545 1500 -1
1545118106073961 8000 -1
1545118106074532 4603 -1
1545118106475330 167 1
1545118106479915 13 -1
1545118106482152 1500 -1
1545118106483630 8000 -1
1545118106485484 4908 -1
1545118107084365 167 1
1545118107087843 13 -1
1545118107088876 1500 -1
1545118107089867 8000 -1
1545118107090131 5783 -1
1545118107490215 126 1
1545118107493734 13 -1
1545118107524618 1500 -1
1545118107524628 1530 -1
1545118107524633 939 -1
1545118107924683 163 1
1545118107928617 13 -1
1545118107929658 1500 -1
1545118107929667 2510 -1
1545118108329840 153 1
1545118108332781 13 -1
1545118108333738 1500 -1
1545118108333747 2200 -1
1545118108733991 153 1
1545118108736766 13 -1
1545118108737927 1500 -1
1545118108737996 2169 -1
1545118109138216 166 1
1545118109141549 13 -1
1545118109143153 1500 -1
1545118109144940 8000 -1
1545118109145279 3919 -1
1545118109545360 166 1
1545118109548568 13 -1
1545118109549655 1500 -1
1545118109550352 8000 -1
1545118109551147 6941 -1
1545118109551164 1500 -1
1545118109552347 8000 -1
1545118109554413 6893 -1
1545118109554428 150 -1
1545118109954718 167 1
1545118109957468 13 -1
1545118109958453 1500 -1
1545118109959578 8000 -1
1545118109960797 6942 -1
1545118109960812 1500 -1
1545118109961563 3850 -1
1545118110361911 167 1
1545118110365245 13 -1
1545118110366134 1500 -1
1545118110367267 8000 -1
1545118110367898 6965 -1
1545118110367917 1500 -1
1545118110368114 292 -1
1545118110768375 167 1
1545118110771335 13 -1
1545118110772687 1500 -1
1545118110773282 8000 -1
1545118110774730 6952 -1
1545118110775262 1500 -1
1545118110775276 11 -1
1545118111175309 136 1
1545118111178800 13 -1
1545118111179443 1500 -1
1545118111181548 8000 -1
1545118111183258 6973 -1
1545118111183456 1500 -1
1545118111184631 2895 -1
1545118111584718 166 1
1545118111588082 13 -1
1545118111588765 1500 -1
1545118111589935 8000 -1
1545118111590577 6941 -1
1545118111590586 1085 -1
1545118113557258 17 1
0 0 0
1545118096571147 52 -1
1545118100130138 313 1
1545118100133184 9 -1
1545118100134095 13 -1
1545118100134449 1500 -1
1545118100134760 5625 -1
0 0 0
1545118096589246 52 -1
1545118098278727 299 1
1545118098293939 9 -1
1545118098293957 13 -1
1545118098295010 1500 -1
1545118098296434 4668 -1
0 0 0
1545118096565911 52 -1
1545118098560211 310 1
1545118098562649 9 -1
1545118098563428 13 -1
1545118098564195 1500 -1
1545118098564995 8000 -1
1545118098565127 6 -1
0 0 0
1545118096558360 52 -1
1545118098543448 313 1
1545118098547040 9 -1
1545118098547059 13 -1
1545118098549213 1500 -1
1545118098552350 7791 -1
