### "'22256 21023 25020 32107 27865 11450 23493 24602 28869 19820 29036 35276 29237 27293 35512 23732 26803 28882 37736 33037 25948 31252 30377 22671 27361'"
0 0 0
1545118891304003 52 -1
1545118894862278 307 1
1545118894866098 9 -1
1545118894866108 13 -1
1545118894868594 1500 -1
1545118894870139 8000 -1
1545118894871730 7043 -1
1545118894871743 1500 -1
1545118894873779 8000 -1
1545118894873793 1990 -1
0 0 0
1545118891328959 52 -1
1545118893057216 279 1
1545118893061595 9 -1
1545118893063659 13 -1
1545118893063671 1500 -1
1545118893065762 8000 -1
1545118893073025 7073 -1
1545118893073049 1500 -1
1545118893074651 4381 -1
0 0 0
1545118891289479 52 -1
1545118893289892 309 1
1545118893292683 9 -1
1545118893294459 13 -1
1545118893294784 1500 -1
1545118893297735 8000 -1
1545118893298826 7073 -1
1545118893298845 1500 -1
1545118893299447 3148 -1
0 0 0
1545118891300259 52 -1
1545118893304145 306 1
1545118893311004 9 -1
1545118893311014 13 -1
1545118893313400 1500 -1
1545118893316702 8000 -1
1545118893319437 7073 -1
1545118893319455 1500 -1
1545118893320938 7145 -1
0 0 0
1545118891055723 52 -1
1545118893057518 286 1
1545118893071393 9 -1
1545118893071402 13 -1
1545118893071409 1500 -1
1545118893074054 6384 -1
1545118893474264 167 1
1545118893477383 13 -1
1545118893477934 1500 -1
1545118893478427 5527 -1
1545118893878742 166 1
1545118893881372 13 -1
1545118893881907 1500 -1
1545118893882479 5611 -1
1545118894282902 167 1
1545118894285770 13 -1
1545118894287441 1500 -1
1545118894290360 8000 -1
1545118894290372 139 -1
1545118894690832 167 1
1545118894694019 13 -1
1545118894694328 1500 -1
1545118894694569 3365 -1
1545118895094589 166 1
1545118895100466 13 -1
1545118895100483 1500 -1
1545118895101005 5795 -1
1545118895501926 166 1
1545118895506155 13 -1
1545118895584866 1500 -1
1545118895584881 1583 -1
1545118895586110 4072 -1
1545118895586847 4072 -1
1545118895586863 396 -1
1545118895987149 137 1
1545118895990463 13 -1
1545118895990820 1500 -1
1545118895992856 7610 -1
1545118896394151 167 1
1545118896397520 13 -1
1545118896399909 1500 -1
1545118896400626 6264 -1
1545118896801071 167 1
1545118896804153 13 -1
1545118896805924 1500 -1
1545118896812167 8000 -1
1545118896813637 6952 -1
1545118896813652 1500 -1
1545118896814304 5618 -1
1545118897214326 164 1
1545118897218866 13 -1
1545118897222124 1500 -1
1545118897222713 8000 -1
1545118897223499 6973 -1
1545118897223515 1500 -1
1545118897225237 6727 -1
1545118897625272 166 1
1545118897630626 13 -1
1545118897631512 1500 -1
1545118897632561 8000 -1
1545118897634759 6953 -1
1545118897634771 1500 -1
1545118897636522 8000 -1
1545118897636747 2994 -1
1545118898037167 154 1
1545118898043147 13 -1
1545118898043153 1500 -1
1545118898044476 8000 -1
1545118898044915 6965 -1
1545118898044929 1500 -1
1545118898044935 1945 -1
1545118898445046 136 1
1545118898452574 13 -1
1545118898551343 1500 -1
1545118898551952 8000 -1
1545118898552423 7024 -1
1545118898552436 337 -1
1545118898552441 1500 -1
1545118898552635 1500 -1
1545118898553958 3508 -1
1545118898554389 4072 -1
1545118898556062 1753 -1
1545118898958292 154 1
1545118898962076 13 -1
1545118899095736 1500 -1
1545118899097219 8000 -1
1545118899100020 7048 -1
1545118899100037 354 -1
1545118899100042 1500 -1
1545118899102040 8000 -1
1545118899102779 6893 -1
1545118899102789 1500 -1
1545118899103448 672 -1
1545118899103454 9 -1
1545118899506020 167 1
1545118899511727 13 -1
1545118899513773 1500 -1
1545118899514975 8000 -1
1545118899515612 6951 -1
1545118899515645 1500 -1
1545118899516798 8000 -1
1545118899517829 3362 -1
1545118899917909 166 1
1545118899921058 13 -1
1545118900014393 1500 -1
1545118900015730 8000 -1
1545118900017233 7037 -1
1545118900017246 376 -1
1545118900017309 1500 -1
1545118900017315 1500 -1
1545118900017778 3508 -1
1545118900018694 4043 -1
1545118900419272 154 1
1545118900422010 13 -1
1545118900422968 1500 -1
1545118900423317 8000 -1
1545118900424478 6951 -1
1545118900424493 1500 -1
1545118900425629 8000 -1
1545118900426080 6893 -1
1545118900426089 1500 -1
1545118900426095 1253 -1
1545118900826163 9 1
1545118900826213 140 1
1545118900831097 13 -1
1545118900966222 1500 -1
1545118900966808 8000 -1
1545118900967917 7023 -1
1545118900967939 335 -1
1545118900967946 1500 -1
1545118900967953 1500 -1
1545118900969057 3508 -1
1545118900969072 523 -1
1545118901369488 166 1
1545118901373685 13 -1
1545118901649133 523 -1
1545118901741759 1500 -1
1545118901743351 8000 -1
1545118901744704 6893 -1
1545118901744716 1500 -1
1545118901744723 936 -1
1545118901746474 1500 -1
1545118901746486 2581 -1
1545118901746880 3549 -1
1545118902146928 154 1
1545118902150607 13 -1
1545118902290575 1500 -1
1545118902290587 1500 -1
1545118902292017 8000 -1
1545118902293646 5549 -1
1545118902293665 1453 -1
1545118902293673 1500 -1
1545118902293828 3791 -1
1545118902295254 4072 -1
1545118902295987 1700 -1
1545118902696429 136 1
1545118902701324 13 -1
1545118902797900 1500 -1
1545118902798989 8000 -1
1545118902799962 7014 -1
1545118902799986 377 -1
1545118902799999 1500 -1
1545118902801176 8000 -1
1545118902802021 6893 -1
1545118902802035 1500 -1
1545118902802041 818 -1
1545118902804213 1500 -1
1545118902804224 800 -1
1545118903204330 166 1
1545118903207257 13 -1
1545118903208002 1500 -1
1545118903208385 8000 -1
1545118903208856 6964 -1
1545118903209469 1500 -1
1545118903211699 8000 -1
1545118903212353 6893 -1
1545118903212362 278 -1
1545118903612914 167 1
1545118903616198 13 -1
1545118903751707 1500 -1
1545118903752426 8000 -1
1545118903753112 7023 -1
1545118903753128 338 -1
1545118903753135 1500 -1
1545118903753142 1500 -1
1545118903753913 3508 -1
1545118903754304 2736 -1
1545118904154319 153 1
1545118904157085 13 -1
1545118904293255 508 -1
1545118904293268 1500 -1
1545118904293866 8000 -1
1545118904294959 6893 -1
1545118904294975 1500 -1
1545118904294981 936 -1
1545118904296739 1500 -1
1545118904296751 2581 -1
1545118904299334 4072 -1
1545118904301533 3952 -1
1545118904701556 153 1
1545118904705906 13 -1
1545118904707510 1500 -1
1545118904709335 8000 -1
1545118904710979 6958 -1
1545118904710993 1500 -1
1545118904712361 8000 -1
1545118904712833 4502 -1
1545118905113432 164 1
1545118905118612 13 -1
1545118905233505 1500 -1
1545118905234694 8000 -1
1545118905235741 7036 -1
1545118905235759 379 -1
1545118905235767 1500 -1
1545118905235776 1500 -1
1545118905236872 2926 -1
1545118905639466 167 1
1545118905645426 13 -1
1545118905736358 1500 -1
1545118905736784 8000 -1
1545118905738313 7015 -1
1545118905738327 353 -1
1545118905738331 1500 -1
1545118905738421 1500 -1
1545118905738866 3508 -1
1545118905739505 4072 -1
1545118905739515 62 -1
1545118909795594 17 1
0 0 0
1545118891277826 52 -1
1545118893280163 297 1
1545118893284433 9 -1
1545118893284442 13 -1
1545118893424842 1500 -1
1545118893425143 8000 -1
1545118893430480 7184 -1
1545118893430490 354 -1
1545118893430497 1500 -1
1545118893430504 1500 -1
1545118893435476 3508 -1
1545118893438180 4072 -1
1545118893441057 4072 -1
1545118893441071 735 -1
