### "'16557 29087 23220 22897 16854 18417 21024 21199 19886 23083 24003 16629 18433 18524 17894 17961 16346 15654 27542 20507 20171 15182'"
0 0 0
1545063665818823 52 -1
1545063667817260 295 1
1545063667823108 9 -1
1545063667823115 13 -1
1545063667823121 1500 -1
1545063667825001 8000 -1
1545063667825014 3 -1
1545063668225462 166 1
1545063668228344 13 -1
1545063668348241 1500 -1
1545063668348259 1572 -1
1545063668351483 4072 -1
1545063668351796 1074 -1
1545063668752231 136 1
1545063668755086 13 -1
1545063668755837 1500 -1
1545063668755958 1496 -1
1545063669156023 154 1
1545063669159426 13 -1
1545063669161214 1500 -1
1545063669163390 5628 -1
1545063669563624 167 1
1545063669566441 13 -1
1545063669567492 1500 -1
1545063669569226 8000 -1
1545063669570940 6952 -1
1545063669570957 479 -1
1545063669971280 166 1
1545063669974063 13 -1
1545063670079571 1500 -1
1545063670081362 8000 -1
1545063670083630 7046 -1
1545063670083646 337 -1
1545063670083712 1500 -1
1545063670083720 1500 -1
1545063670084491 1321 -1
1545063670484813 166 1
1545063670488554 13 -1
1545063670490912 1500 -1
1545063670493294 8000 -1
1545063670495855 6941 -1
1545063670495872 1500 -1
1545063670497276 3324 -1
1545063670897301 168 1
1545063670901792 13 -1
1545063670902702 1500 -1
1545063670903531 8000 -1
1545063670904172 6952 -1
1545063670904187 1500 -1
1545063670904192 2011 -1
1545063671304569 167 1
1545063671307579 13 -1
1545063671309665 1500 -1
1545063671310705 8000 -1
1545063671311180 6974 -1
1545063671311195 1500 -1
1545063671311503 5208 -1
1545063671711692 126 1
1545063671714504 13 -1
1545063671891656 1500 -1
1545063671891668 1500 -1
1545063671892148 8000 -1
1545063671893107 5524 -1
1545063671893182 1453 -1
1545063671893188 1500 -1
1545063671894318 3781 -1
1545063671894330 903 -1
1545063672294445 138 1
1545063672297326 13 -1
1545063672298058 1500 -1
1545063672299480 8000 -1
1545063672299617 6974 -1
1545063672299624 254 -1
1545063672700022 153 1
1545063672704496 13 -1
1545063672796395 1500 -1
1545063672796951 8000 -1
1545063672797045 7025 -1
1545063672797052 353 -1
1545063672797056 1500 -1
1545063672797061 214 -1
1545063673197343 153 1
1545063673199911 13 -1
1545063673294153 1500 -1
1545063673296128 8000 -1
1545063673297111 7046 -1
1545063673297125 354 -1
1545063673297292 1500 -1
1545063673297598 304 -1
1545063673698644 155 1
1545063673701533 13 -1
1545063673800859 1500 -1
1545063673802167 1528 -1
1545063673802444 4072 -1
1545063673802659 47 -1
1545063674203083 9 1
1545063674203096 140 1
1545063674206843 13 -1
1545063674208612 1500 -1
1545063674212376 8000 -1
1545063674213182 6974 -1
1545063674213194 1500 -1
1545063674213202 19 -1
1545063674614066 153 1
1545063674619369 13 -1
1545063674619745 1500 -1
1545063674621783 8000 -1
1545063674622216 6941 -1
1545063674622317 1500 -1
1545063674622323 86 -1
1545063675022748 126 1
1545063675025720 13 -1
1545063675165546 1500 -1
1545063675165570 1549 -1
1545063675166609 4072 -1
1545063675168273 4072 -1
1545063675168894 4072 -1
1545063675171326 1244 -1
1545063675571505 127 1
1545063675574132 13 -1
1545063675576881 1500 -1
1545063675577567 8000 -1
1545063675577936 6211 -1
1545063675978162 154 1
1545063675982933 13 -1
1545063676074491 1500 -1
1545063676074964 8000 -1
1545063676075991 7049 -1
1545063676076003 353 -1
1545063676076008 2436 -1
1545063676076516 4072 -1
1545063676077008 4072 -1
1545063676077019 243 -1
1545063676477811 164 1
1545063676485419 13 -1
1545063676485426 1500 -1
1545063676485767 8000 -1
1545063676486355 6941 -1
1545063676486377 1500 -1
1545063676486937 2632 -1
1545063676886973 153 1
1545063676892977 13 -1
1545063676893861 1500 -1
1545063676895441 8000 -1
1545063676895982 6952 -1
1545063676895995 1500 -1
1545063676896004 2296 -1
1545063677296520 166 1
1545063677301072 13 -1
1545063677504264 1500 -1
1545063677504292 1500 -1
1545063677504949 3989 -1
1545063677506071 4072 -1
1545063677508527 4072 -1
1545063677508541 212 -1
1545063681559209 17 1
0 0 0
1545063666056071 52 -1
1545063667813201 298 1
1545063667818520 9 -1
1545063667818533 13 -1
1545063667818619 1500 -1
1545063667818830 8000 -1
1545063667822971 7043 -1
1545063667822988 182 -1
0 0 0
1545063666057014 52 -1
1545063669632934 310 1
1545063669636899 9 -1
1545063669637027 13 -1
1545063669732681 1500 -1
1545063669734754 8000 -1
1545063669736657 7183 -1
1545063669736669 338 -1
1545063669736787 1500 -1
1545063669736860 213 -1
0 0 0
1545063666036173 52 -1
1545063668045231 282 1
1545063668051841 9 -1
1545063668051854 13 -1
1545063668051860 1500 -1
1545063668053042 8000 -1
1545063668056036 7071 -1
1545063668056050 1500 -1
1545063668057763 5345 -1
0 0 0
1545063666023516 52 -1
1545063668018054 298 1
1545063668021454 9 -1
1545063668021896 13 -1
1545063668022423 1500 -1
1545063668024099 8000 -1
1545063668024617 7071 -1
1545063668026050 1500 -1
1545063668026436 8000 -1
1545063668026492 3212 -1
0 0 0
1545063666029305 52 -1
1545063668027470 297 1
1545063668031640 9 -1
1545063668031653 13 -1
1545063668163826 1500 -1
1545063668166374 8000 -1
1545063668169863 7183 -1
1545063668169876 355 -1
1545063668169884 1500 -1
1545063668169892 1500 -1
1545063668170406 3176 -1
