### "'15211 21321 16906 14937 18679 15315 13696 13199 21297 17454 20436 12360 25334 12382 17348 13698 18403 20159 12831 20796 12668 26458'"
0 0 0
1545119339928792 52 -1
1545119343529707 297 1
1545119343532372 9 -1
1545119343534190 13 -1
1545119343534200 1500 -1
1545119343534657 6198 -1
0 0 0
1545119339932519 52 -1
1545119341673571 297 1
1545119341677037 9 -1
1545119341677047 13 -1
1545119341679884 1500 -1
1545119341683056 8000 -1
1545119341683248 5900 -1
0 0 0
1545119339671565 52 -1
1545119341678190 295 1
1545119341681043 9 -1
1545119341684420 13 -1
1545119341684489 1500 -1
1545119341685494 5115 -1
1545119342086070 166 1
1545119342089281 13 -1
1545119342090825 1500 -1
1545119342091787 5163 -1
1545119342491830 168 1
1545119342495434 13 -1
1545119342495934 1500 -1
1545119342497539 4998 -1
1545119342897564 167 1
1545119342900560 13 -1
1545119342902026 1500 -1
1545119342903406 4038 -1
1545119343303646 167 1
1545119343307029 13 -1
1545119343308061 1500 -1
1545119343308350 3422 -1
1545119343709200 167 1
1545119343712373 13 -1
1545119343713307 1500 -1
1545119343714626 4557 -1
1545119344114647 166 1
1545119344118147 13 -1
1545119344120425 1500 -1
1545119344120924 3453 -1
1545119344521173 153 1
1545119344524196 13 -1
1545119344525504 1500 -1
1545119344548287 8000 -1
1545119344554198 6952 -1
1545119344554218 1500 -1
1545119344554225 804 -1
1545119344954540 154 1
1545119344958919 13 -1
1545119344960330 1500 -1
1545119344960677 8000 -1
1545119344960996 5881 -1
1545119345361571 156 1
1545119345364995 13 -1
1545119345366872 1500 -1
1545119345367747 8000 -1
1545119345367912 4290 -1
1545119345768139 153 1
1545119345773218 13 -1
1545119345773226 1500 -1
1545119345774456 8000 -1
1545119345774614 3766 -1
1545119346175794 153 1
1545119346181768 13 -1
1545119346181777 1500 -1
1545119346182406 8000 -1
1545119346184349 6973 -1
1545119346184366 1500 -1
1545119346184996 3422 -1
1545119346585027 153 1
1545119346588603 13 -1
1545119346589749 1500 -1
1545119346590514 6548 -1
1545119346990966 153 1
1545119346995392 13 -1
1545119346995401 1500 -1
1545119346996408 8000 -1
1545119346997782 6952 -1
1545119346997799 1079 -1
1545119347397975 155 1
1545119347401063 13 -1
1545119347403626 1500 -1
1545119347406427 8000 -1
1545119347408039 6973 -1
1545119347408053 1500 -1
1545119347408224 2561 -1
1545119347808260 153 1
1545119347813073 13 -1
1545119347813080 1500 -1
1545119347814472 8000 -1
1545119347815018 2928 -1
1545119348215555 153 1
1545119348222440 13 -1
1545119348222449 1500 -1
1545119348223897 8000 -1
1545119348226150 6978 -1
1545119348226215 1500 -1
1545119348227516 7459 -1
1545119348627610 9 1
1545119348627628 158 1
1545119348633723 13 -1
1545119348633732 1500 -1
1545119348634697 8000 -1
1545119348635246 2939 -1
1545119349035519 154 1
1545119349038634 13 -1
1545119349039768 1500 -1
1545119349042115 8000 -1
1545119349043851 6964 -1
1545119349043978 973 -1
1545119349444212 153 1
1545119349447338 13 -1
1545119349448191 1500 -1
1545119349449742 8000 -1
1545119349450667 4266 -1
1545119349851627 153 1
1545119349856378 13 -1
1545119349857210 1500 -1
1545119349857712 8000 -1
1545119349859215 6950 -1
1545119349859267 1500 -1
1545119349859274 528 -1
1545119350259441 153 1
1545119350262929 13 -1
1545119350265654 1500 -1
1545119350266194 8000 -1
1545119350268122 6974 -1
1545119350268140 1500 -1
1545119350268348 2284 -1
1545119350668696 154 1
1545119350671386 13 -1
1545119350673018 1500 -1
1545119350673666 8000 -1
1545119350674564 3403 -1
1545119351075771 154 1
1545119351078654 13 -1
1545119351079858 1500 -1
1545119351081362 8000 -1
1545119351082780 6975 -1
1545119351082850 1500 -1
1545119351083187 2921 -1
1545119351483781 126 1
1545119351489956 13 -1
1545119351489967 1500 -1
1545119351490821 8000 -1
1545119351491272 3235 -1
1545119351893436 166 1
1545119351896326 13 -1
1545119351897652 1500 -1
1545119351899260 8000 -1
1545119351900025 6950 -1
1545119351900038 1500 -1
1545119351901455 8000 -1
1545119351901468 583 -1
1545119355961956 17 1
0 0 0
1545119339911855 52 -1
1545119341917722 297 1
1545119341920942 9 -1
1545119341921583 13 -1
1545119341921593 1500 -1
1545119341922911 8000 -1
1545119341923493 7071 -1
1545119341923525 531 -1
0 0 0
1545119339927071 52 -1
1545119341919820 296 1
1545119341924795 9 -1
1545119341924805 13 -1
1545119341924809 1500 -1
1545119341926198 8000 -1
1545119341926950 5624 -1
0 0 0
1545119339894797 52 -1
1545119341895000 297 1
1545119341897817 9 -1
1545119341898354 13 -1
1545119341900116 1500 -1
1545119341901876 8000 -1
1545119341903346 7072 -1
1545119341903359 1500 -1
1545119341903876 3446 -1
