### "'19226 18277 31385 20837 10978 23662 21177 24777 17554 15818 20814 22739 44887 18413 30822 17272 26347 25204 25212 22200 26679 30022 20700 16964 25081'"
0 0 0
1545119522109907 52 -1
1545119524105599 298 1
1545119524109710 9 -1
1545119524110019 13 -1
1545119524228292 1500 -1
1545119524230574 8000 -1
1545119524231593 7183 -1
1545119524231603 355 -1
1545119524231607 1500 -1
1545119524231613 1500 -1
1545119524232092 1116 -1
0 0 0
1545119521856414 52 -1
1545119523847791 294 1
1545119523859356 9 -1
1545119523859367 13 -1
1545119523859459 1500 -1
1545119523860387 5310 -1
1545119524263024 137 1
1545119524266185 13 -1
1545119524267014 1500 -1
1545119524267211 4505 -1
1545119524667891 166 1
1545119524670649 13 -1
1545119524672382 1500 -1
1545119524675799 8000 -1
1545119524675811 1546 -1
1545119525076415 164 1
1545119525080020 13 -1
1545119525081053 1500 -1
1545119525081599 2611 -1
1545119525481763 164 1
1545119525484685 13 -1
1545119525485598 1500 -1
1545119525486030 5913 -1
1545119525886336 167 1
1545119525889617 13 -1
1545119525890299 1500 -1
1545119525890764 4349 -1
1545119526290782 164 1
1545119526295919 13 -1
1545119526395028 535 -1
1545119526395039 1500 -1
1545119526396231 2574 -1
1545119526396242 2796 -1
1545119526396908 1592 -1
1545119526797390 166 1
1545119526801704 13 -1
1545119526948161 1500 -1
1545119526948538 1509 -1
1545119526950257 4072 -1
1545119526950276 213 -1
1545119527350509 166 1
1545119527353797 13 -1
1545119527647595 1500 -1
1545119527647608 1535 -1
1545119527649101 1959 -1
1545119528049221 154 1
1545119528053924 13 -1
1545119528192959 1500 -1
1545119528193608 8000 -1
1545119528196046 7037 -1
1545119528196213 392 -1
1545119528197643 1500 -1
1545119528197657 1500 -1
1545119528198734 1419 -1
1545119528599499 154 1
1545119528603497 13 -1
1545119528695600 1500 -1
1545119528696722 8000 -1
1545119528698756 7011 -1
1545119528698769 394 -1
1545119528698917 1500 -1
1545119528698926 1500 -1
1545119528699577 3508 -1
1545119528700554 1509 -1
1545119529101243 153 1
1545119529104565 13 -1
1545119529299303 1500 -1
1545119529302647 8000 -1
1545119529305572 7047 -1
1545119529305590 355 -1
1545119529305656 833 -1
1545119529706466 164 1
1545119529710645 13 -1
1545119530015049 492 -1
1545119530115197 1500 -1
1545119530115209 1500 -1
1545119530118242 3626 -1
1545119530119553 4072 -1
1545119530120051 4072 -1
1545119530120060 728 -1
1545119530520071 167 1
1545119530524458 13 -1
1545119530618369 1500 -1
1545119530618845 8000 -1
1545119530619900 7013 -1
1545119530619913 372 -1
1545119530620040 1500 -1
1545119530623767 1500 -1
1545119530623784 1076 -1
1545119531024351 167 1
1545119531028256 13 -1
1545119531332053 470 -1
1545119531430034 1500 -1
1545119531431311 8000 -1
1545119531433401 6893 -1
1545119531433410 1500 -1
1545119531433515 1500 -1
1545119531434258 3062 -1
1545119531834339 137 1
1545119531838350 13 -1
1545119531976595 1500 -1
1545119531977444 8000 -1
1545119531979036 7026 -1
1545119531979051 314 -1
1545119531979058 1500 -1
1545119531979917 8000 -1
1545119531981156 6893 -1
1545119531981170 1500 -1
1545119531981176 818 -1
1545119531982651 1500 -1
1545119531982662 2581 -1
1545119531983345 4072 -1
1545119531984442 1361 -1
1545119532384467 167 1
1545119532387930 13 -1
1545119532522975 1500 -1
1545119532528073 8000 -1
1545119532529993 7047 -1
1545119532530003 309 -1
1545119532530009 1500 -1
1545119532530014 238 -1
1545119532930192 167 1
1545119532933295 13 -1
1545119532964518 1500 -1
1545119532966355 8000 -1
1545119532968705 7027 -1
1545119532968732 311 -1
1545119532968742 1500 -1
1545119532968748 1500 -1
1545119532971383 3508 -1
1545119532971937 4072 -1
1545119532972389 3565 -1
1545119533373104 9 1
1545119533373117 141 1
1545119533379364 13 -1
1545119533470889 1500 -1
1545119533471423 8000 -1
1545119533476114 7048 -1
1545119533476128 312 -1
1545119533476134 594 -1
1545119533876652 153 1
1545119533880795 13 -1
1545119533979040 1500 -1
1545119533980074 8000 -1
1545119533981686 7029 -1
1545119533981702 329 -1
1545119533981707 1500 -1
1545119533981713 1500 -1
1545119533982635 3508 -1
1545119533983945 3144 -1
1545119534384180 164 1
1545119534388479 13 -1
1545119534494613 1500 -1
1545119534495611 8000 -1
1545119534498134 7049 -1
1545119534498148 313 -1
1545119534498153 1500 -1
1545119534498159 1500 -1
1545119534498811 3508 -1
1545119534499781 2017 -1
1545119534900272 125 1
1545119534904778 13 -1
1545119535000216 462 -1
1545119535000230 1500 -1
1545119535002359 8000 -1
1545119535005017 6893 -1
1545119535005029 1160 -1
1545119535005036 1500 -1
1545119535005863 2581 -1
1545119535006459 3285 -1
1545119535407253 154 1
1545119535409894 13 -1
1545119535530903 1500 -1
1545119535531328 8000 -1
1545119535532438 7047 -1
1545119535532453 351 -1
1545119535532457 1500 -1
1545119535532463 1500 -1
1545119535532907 2483 -1
1545119535933096 166 1
1545119535937459 13 -1
1545119536029764 1500 -1
1545119536030416 8000 -1
1545119536031660 7035 -1
1545119536031672 373 -1
1545119536031678 1500 -1
1545119536031684 1500 -1
1545119536032618 3508 -1
1545119536034044 3432 -1
1545119536435879 154 1
1545119536440691 13 -1
1545119536442866 1500 -1
1545119536444384 8000 -1
1545119536446403 6942 -1
1545119536446416 1500 -1
1545119536447138 8000 -1
1545119536447374 4147 -1
1545119536847395 155 1
1545119536851566 13 -1
1545119536940774 1500 -1
1545119536941230 8000 -1
1545119536943511 7012 -1
1545119536943529 366 -1
1545119536943535 1500 -1
1545119536943541 1500 -1
1545119536944062 968 -1
1545119537344182 166 1
1545119537347592 13 -1
1545119537444439 493 -1
1545119537444453 1500 -1
1545119537445892 8000 -1
1545119537447417 6893 -1
1545119537447432 260 -1
1545119537447507 9 -1
1545119537847896 153 1
1545119537851046 13 -1
1545119537947753 1500 -1
1545119537948006 8000 -1
1545119537949525 7026 -1
1545119537949542 335 -1
1545119537949673 1500 -1
1545119537950392 1500 -1
1545119537952180 3508 -1
1545119537952197 1872 -1
1545119542006932 17 1
0 0 0
1545119522141901 52 -1
1545119525690163 311 1
1545119525693711 9 -1
1545119525693784 13 -1
1545119525810799 1500 -1
1545119525812657 8000 -1
1545119525814411 7183 -1
1545119525814423 338 -1
1545119525925758 1500 -1
1545119525925770 1500 -1
1545119525926379 2720 -1
1545119525926390 1238 -1
0 0 0
1545119522112764 52 -1
1545119524112431 269 1
1545119524115170 9 -1
1545119524115179 13 -1
1545119524134549 1500 -1
1545119524137955 8000 -1
1545119524139141 7181 -1
1545119524139154 356 -1
1545119524141106 1500 -1
1545119524141117 55 -1
0 0 0
1545119522144774 52 -1
1545119523846916 308 1
1545119523851702 9 -1
1545119523851714 13 -1
1545119523967816 1500 -1
1545119523969826 8000 -1
1545119523970925 7181 -1
1545119523970936 339 -1
1545119523971003 1500 -1
1545119523971012 1021 -1
0 0 0
1545119522132924 52 -1
1545119524136436 281 1
1545119524142198 9 -1
1545119524142203 13 -1
1545119524172753 1500 -1
1545119524175295 8000 -1
1545119524176376 7154 -1
1545119524176387 376 -1
1545119524176394 1500 -1
1545119524176399 1500 -1
1545119524177825 3508 -1
1545119524178780 4072 -1
1545119524180030 4063 -1
