### "'26116 15889 42761 16730 12413 17431 23220 17237 27898 27024 19998 14274 18018 32818 26534 17372 22556 17836 14065 31818 16754 17575 21275 12167'"
0 0 0
1545119551574624 52 -1
1545119553578798 309 1
1545119553581856 9 -1
1545119553581865 13 -1
1545119553904908 1500 -1
1545119553904920 523 -1
1545119553993509 1500 -1
1545119553993981 3604 -1
1545119553999435 3040 -1
1545119553999447 2796 -1
1545119554000586 4072 -1
1545119554000597 3 -1
0 0 0
1545119551358584 52 -1
1545119553353632 296 1
1545119553359843 9 -1
1545119553359849 13 -1
1545119553361050 1500 -1
1545119553361103 3498 -1
1545119553761567 155 1
1545119553765040 13 -1
1545119553954711 1500 -1
1545119553954726 1500 -1
1545119553955463 4016 -1
1545119553955895 4072 -1
1545119553957606 1507 -1
1545119554358318 164 1
1545119554361688 13 -1
1545119554549210 1500 -1
1545119554553805 1500 -1
1545119554558406 3982 -1
1545119554559519 4072 -1
1545119554563418 4072 -1
1545119554563434 1500 -1
1545119554563499 977 -1
1545119554563506 9 -1
1545119554963547 153 1
1545119554966707 13 -1
1545119555138627 1500 -1
1545119555138640 1500 -1
1545119555140185 8000 -1
1545119555141178 5548 -1
1545119555141189 1453 -1
1545119555141607 1500 -1
1545119555142899 3790 -1
1545119555142910 111 -1
1545119555543097 166 1
1545119555547257 13 -1
1545119555759992 1500 -1
1545119555760008 1500 -1
1545119555764541 8000 -1
1545119555768013 5524 -1
1545119555768024 1453 -1
1545119555872289 1500 -1
1545119555872818 3763 -1
1545119555872906 4072 -1
1545119555872914 744 -1
1545119556274529 167 1
1545119556279752 13 -1
1545119556496310 1500 -1
1545119556496325 1500 -1
1545119556497417 8000 -1
1545119556499422 5547 -1
1545119556499434 1453 -1
1545119556499441 1500 -1
1545119556500274 3762 -1
1545119556501743 3943 -1
1545119556902524 154 1
1545119556906961 13 -1
1545119557060163 1500 -1
1545119557060174 1500 -1
1545119557061054 8000 -1
1545119557061628 5547 -1
1545119557061641 1453 -1
1545119557061693 1500 -1
1545119557061716 679 -1
1545119557461941 136 1
1545119557466100 13 -1
1545119557647441 1500 -1
1545119557649140 1500 -1
1545119557649456 3955 -1
1545119557649856 4072 -1
1545119557649969 3386 -1
1545119558050138 166 1
1545119558053991 13 -1
1545119558233235 1500 -1
1545119558233247 1500 -1
1545119558233464 8000 -1
1545119558233549 5548 -1
1545119558233556 1453 -1
1545119558233560 199 -1
1545119558634125 154 1
1545119558637504 13 -1
1545119558809338 1500 -1
1545119558809349 1500 -1
1545119558810545 8000 -1
1545119558811753 5526 -1
1545119558811767 1453 -1
1545119558811832 1500 -1
1545119558812112 3778 -1
1545119558812653 4072 -1
1545119558813026 4072 -1
1545119558816513 1577 -1
1545119559216652 154 1
1545119559222584 13 -1
1545119559372668 1500 -1
1545119559372685 1500 -1
1545119559375092 8000 -1
1545119559376431 5548 -1
1545119559376446 1453 -1
1545119559376451 1500 -1
1545119559376808 3780 -1
1545119559377452 3435 -1
1545119559778186 164 1
1545119559781047 13 -1
1545119559950421 1500 -1
1545119559950435 1500 -1
1545119559952003 3962 -1
1545119559952464 4072 -1
1545119559953616 4072 -1
1545119559960115 1500 -1
1545119559960134 917 -1
1545119559960143 9 -1
1545119560361005 153 1
1545119560366289 13 -1
1545119560536069 1500 -1
1545119560536088 1500 -1
1545119560536914 8000 -1
1545119560538076 5549 -1
1545119560538094 1453 -1
1545119560538101 1500 -1
1545119560538550 3237 -1
1545119560938971 9 1
1545119560938982 167 1
1545119560944747 13 -1
1545119561119157 1500 -1
1545119561119168 1500 -1
1545119561120020 8000 -1
1545119561122435 5548 -1
1545119561122453 1453 -1
1545119561122464 17 -1
1545119561523590 166 1
1545119561526307 13 -1
1545119561701390 1500 -1
1545119561701402 1500 -1
1545119561702405 3956 -1
1545119561704975 4072 -1
1545119561706179 3177 -1
1545119562107580 126 1
1545119562112739 13 -1
1545119562268276 1500 -1
1545119562268287 398 -1
1545119562268292 1500 -1
1545119562269924 8000 -1
1545119562270914 6601 -1
1545119562270926 1500 -1
1545119562271154 2990 -1
1545119562271624 4072 -1
1545119562272960 3040 -1
1545119562272973 2397 -1
1545119562672981 153 1
1545119562677133 13 -1
1545119562827856 1500 -1
1545119562827870 1500 -1
1545119562828579 3972 -1
1545119562829564 4072 -1
1545119562830126 4072 -1
1545119562830748 1500 -1
1545119562830760 285 -1
1545119562830871 9 -1
1545119563231515 153 1
1545119563234738 13 -1
1545119563408892 402 -1
1545119563408902 1500 -1
1545119563408906 1500 -1
1545119563410148 2328 -1
1545119563410813 4072 -1
1545119563411184 4072 -1
1545119563411467 2921 -1
1545119563411482 961 -1
1545119563411488 9 -1
1545119563812274 155 1
1545119563816623 13 -1
1545119564013554 1500 -1
1545119564013572 1500 -1
1545119564014522 8000 -1
1545119564014898 5547 -1
1545119564014910 1453 -1
1545119564014916 1500 -1
1545119564015272 1956 -1
1545119564415330 166 1
1545119564418004 13 -1
1545119564557372 1500 -1
1545119564557389 1500 -1
1545119564557760 3957 -1
1545119564558900 4072 -1
1545119564559364 1277 -1
1545119568607646 17 1
0 0 0
1545119551563971 52 -1
1545119553560081 311 1
1545119553563420 9 -1
1545119553563427 13 -1
1545119553817649 1500 -1
1545119553817660 1500 -1
1545119553818405 8000 -1
1545119553825235 5683 -1
1545119553825422 1453 -1
1545119553825433 1500 -1
1545119553827761 8000 -1
1545119553830506 6893 -1
1545119553830520 1083 -1
1545119553832160 1500 -1
1545119553832171 2581 -1
1545119553833146 3403 -1
0 0 0
1545119551575228 52 -1
1545119553590552 280 1
1545119553593448 9 -1
1545119553593455 13 -1
1545119553615072 1500 -1
1545119553615441 1674 -1
1545119553617091 4072 -1
1545119553621831 4072 -1
1545119553623704 4072 -1
1545119553623718 798 -1
0 0 0
1545119551595818 52 -1
1545119555205216 299 1
1545119555208329 9 -1
1545119555209626 13 -1
1545119555343020 1500 -1
1545119555343036 1500 -1
1545119555343924 1500 -1
1545119555343934 2632 -1
1545119555345656 4072 -1
1545119555346417 4072 -1
1545119555347712 1500 -1
1545119555347723 768 -1
1545119555347796 9 -1
0 0 0
1545119551598410 52 -1
1545119553355938 311 1
1545119553359505 9 -1
1545119553359513 13 -1
1545119553460474 1500 -1
1545119553460487 1500 -1
1545119553460832 8000 -1
1545119553463321 5682 -1
1545119553463333 1453 -1
1545119553463339 1500 -1
1545119553463783 3775 -1
1545119553464397 3022 -1
