### "'23033 26237 35336 29667 14061 19316 10612 14521 12829 25674 30460 29608 28489 23186 32064 29829 22059 24766 19903 20874 27998 18251 30364 16057 27623'"
0 0 0
1545121279437255 52 -1
1545121281457701 270 1
1545121281461233 9 -1
1545121281461242 13 -1
1545121281570211 1500 -1
1545121281572407 8000 -1
1545121281584725 7182 -1
1545121281584737 352 -1
1545121281584745 1500 -1
1545121281587313 8000 -1
1545121281589067 6893 -1
1545121281589082 1500 -1
1545121281589088 734 -1
1545121281589220 9 -1
0 0 0
1545121279423451 52 -1
1545121281422074 298 1
1545121281426660 9 -1
1545121281426669 13 -1
1545121281521302 1500 -1
1545121281522833 8000 -1
1545121281530833 7183 -1
1545121281530846 355 -1
1545121281530851 1500 -1
1545121281531161 1500 -1
1545121281532662 3508 -1
1545121281533335 3008 -1
0 0 0
1545121279447385 52 -1
1545121283026139 297 1
1545121283030045 9 -1
1545121283030466 13 -1
1545121283123323 1500 -1
1545121283123336 1690 -1
1545121283123892 4072 -1
1545121283125014 4072 -1
1545121283125626 3026 -1
0 0 0
1545121279466366 52 -1
1545121281188068 307 1
1545121281191368 9 -1
1545121281194412 13 -1
1545121281289304 1500 -1
1545121281290250 8000 -1
1545121281293382 7181 -1
1545121281293529 339 -1
1545121281293792 1500 -1
1545121281293802 1500 -1
1545121281296607 3328 -1
0 0 0
1545121279193831 52 -1
1545121281203515 295 1
1545121281207604 9 -1
1545121281207935 13 -1
1545121281208942 1500 -1
1545121281209541 5054 -1
1545121281610217 167 1
1545121281613888 13 -1
1545121281752307 1500 -1
1545121281753131 1552 -1
1545121281757037 3755 -1
1545121282157349 168 1
1545121282160197 13 -1
1545121282253867 1500 -1
1545121282254933 1534 -1
1545121282256291 4072 -1
1545121282256366 1277 -1
1545121282657104 166 1
1545121282659812 13 -1
1545121282760189 1500 -1
1545121282760204 1509 -1
1545121282761266 4072 -1
1545121282763407 2392 -1
1545121283163903 166 1
1545121283167120 13 -1
1545121283284835 1500 -1
1545121283284851 1531 -1
1545121283285351 4072 -1
1545121283285361 833 -1
1545121283685487 166 1
1545121283688924 13 -1
1545121283779736 1500 -1
1545121283779747 1511 -1
1545121283780510 4043 -1
1545121284181631 167 1
1545121284185061 13 -1
1545121284278810 1500 -1
1545121284278824 1536 -1
1545121284279975 4072 -1
1545121284280847 1807 -1
1545121284680910 166 1
1545121284684498 13 -1
1545121284788360 1500 -1
1545121284788377 1510 -1
1545121284789278 3347 -1
1545121285189339 167 1
1545121285192348 13 -1
1545121285590052 166 1
1545121285593278 13 -1
1545121285594907 1500 -1
1545121285596889 8000 -1
1545121285597589 6979 -1
1545121285598367 1500 -1
1545121285598376 1441 -1
1545121285602040 1500 -1
1545121285602056 1500 -1
1545121285603195 4065 -1
1545121285603501 3694 -1
1545121286004698 154 1
1545121286008481 13 -1
1545121286405701 154 1
1545121286407905 510 -1
1545121286409345 13 -1
1545121286441051 1500 -1
1545121286441062 1556 -1
1545121286442160 4072 -1
1545121286443039 4072 -1
1545121286444240 1757 -1
1545121286540884 1500 -1
1545121286541721 1500 -1
1545121286541732 3626 -1
1545121286542714 4072 -1
1545121286542999 3487 -1
1545121286943912 164 1
1545121286948636 13 -1
1545121287048317 1500 -1
1545121287049304 8000 -1
1545121287055159 7049 -1
1545121287055171 338 -1
1545121287055176 1500 -1
1545121287056813 1500 -1
1545121287057598 3508 -1
1545121287057608 2462 -1
1545121287457651 166 1
1545121287461845 13 -1
1545121287597706 470 -1
1545121287598574 1500 -1
1545121287599349 8000 -1
1545121287600385 6893 -1
1545121287600395 1500 -1
1545121287601714 2944 -1
1545121287603739 4072 -1
1545121287604360 4072 -1
1545121287604369 1168 -1
1545121288004657 166 1
1545121288008206 13 -1
1545121288122332 1500 -1
1545121288123733 8000 -1
1545121288126191 7048 -1
1545121288126209 337 -1
1545121288126215 1500 -1
1545121288126220 1500 -1
1545121288127420 3508 -1
1545121288127793 4072 -1
1545121288128222 2325 -1
1545121288528243 154 1
1545121288532408 13 -1
1545121288663495 1500 -1
1545121288663512 1500 -1
1545121288664705 8000 -1
1545121288665388 5525 -1
1545121288665399 1453 -1
1545121288665405 1500 -1
1545121288666809 3788 -1
1545121288668985 4072 -1
1545121288669977 1310 -1
1545121289070075 167 1
1545121289072729 13 -1
1545121289168121 1500 -1
1545121289170890 8000 -1
1545121289171737 7049 -1
1545121289171758 336 -1
1545121289171765 1500 -1
1545121289171793 1500 -1
1545121289172292 3484 -1
1545121289572630 166 1
1545121289576028 13 -1
1545121289676943 1500 -1
1545121289678436 8000 -1
1545121289679970 7027 -1
1545121289679988 336 -1
1545121289679995 1500 -1
1545121289680003 1500 -1
1545121289680925 3508 -1
1545121289681510 4072 -1
1545121289683053 4072 -1
1545121289683063 710 -1
1545121290083200 9 1
1545121290083222 169 1
1545121290086526 13 -1
1545121290186753 1500 -1
1545121290187447 8000 -1
1545121290189220 7047 -1
1545121290189232 338 -1
1545121290189238 1500 -1
1545121290189782 1500 -1
1545121290190417 3508 -1
1545121290194249 4072 -1
1545121290194266 2545 -1
1545121290594349 155 1
1545121290598622 13 -1
1545121290700471 1500 -1
1545121290701033 8000 -1
1545121290702328 7024 -1
1545121290702340 352 -1
1545121290702346 1500 -1
1545121290703812 1500 -1
1545121290703830 2341 -1
1545121291103965 126 1
1545121291107986 13 -1
1545121291109554 1500 -1
1545121291113077 8000 -1
1545121291114573 6974 -1
1545121291114583 1500 -1
1545121291118273 6891 -1
1545121291518526 155 1
1545121291522453 13 -1
1545121291619925 1500 -1
1545121291620868 8000 -1
1545121291621011 7027 -1
1545121291621019 351 -1
1545121291621024 1500 -1
1545121291621030 1500 -1
1545121291621035 186 -1
1545121292021155 127 1
1545121292024652 13 -1
1545121292162203 1500 -1
1545121292165216 8000 -1
1545121292166393 7047 -1
1545121292166403 354 -1
1545121292166409 1500 -1
1545121292166514 1500 -1
1545121292167165 1154 -1
1545121292567287 155 1
1545121292570329 13 -1
1545121292678996 1500 -1
1545121292681291 8000 -1
1545121292683068 7014 -1
1545121292683083 389 -1
1545121292683089 1500 -1
1545121292683186 1500 -1
1545121292683622 3508 -1
1545121292685200 4072 -1
1545121292685332 663 -1
1545121293086376 164 1
1545121293091422 13 -1
1545121293366576 493 -1
1545121293458892 1500 -1
1545121293460514 8000 -1
1545121293462473 6893 -1
1545121293462577 1500 -1
1545121293462587 46 -1
1545121293462797 9 -1
1545121293863088 125 1
1545121293866122 13 -1
1545121293956340 1500 -1
1545121293957790 8000 -1
1545121293961520 7025 -1
1545121293961539 351 -1
1545121293961546 1500 -1
1545121293961553 1500 -1
1545121293961903 3508 -1
1545121293962712 4072 -1
1545121293963008 3067 -1
1545121294363402 166 1
1545121294367313 13 -1
1545121294466279 494 -1
1545121294466759 1500 -1
1545121294466770 1500 -1
1545121294467701 3626 -1
1545121294468419 4072 -1
1545121294468901 4072 -1
1545121294468911 968 -1
1545121294869118 164 1
1545121294872413 13 -1
1545121295007966 1500 -1
1545121295008624 8000 -1
1545121295009491 7051 -1
1545121295009512 338 -1
1545121295140424 1500 -1
1545121295140443 1500 -1
1545121295141894 3508 -1
1545121295142709 3528 -1
1545121295142720 883 -1
1545121299193946 17 1
0 0 0
1545121279430223 52 -1
1545121281447500 311 1
1545121281452441 9 -1
1545121281452451 13 -1
1545121281572627 1500 -1
1545121281573445 8000 -1
1545121281573540 7184 -1
1545121281573547 335 -1
1545121281573552 1500 -1
1545121281573558 1500 -1
1545121281573617 3508 -1
1545121281573672 4072 -1
1545121281573728 2386 -1
