### "'17390 22406 16731 13833 19968 19411 27249 18415 27172 28468 22993 13219 17566 21399 20552 16381 15224 19023 28388 18182 17135 31354 14188'"
0 0 0
1545122267690866 52 -1
1545122269700820 300 1
1545122269704955 9 -1
1545122269705050 13 -1
1545122269705144 1500 -1
1545122269705334 8000 -1
1545122269707622 4521 -1
0 0 0
1545122267668834 52 -1
1545122269669265 299 1
1545122269672558 9 -1
1545122269674207 13 -1
1545122269674217 1500 -1
1545122269677006 8000 -1
1545122269677811 7073 -1
1545122269677822 1500 -1
1545122269678723 4531 -1
0 0 0
1545122267410575 52 -1
1545122269414370 297 1
1545122269420307 9 -1
1545122269420900 13 -1
1545122269420975 1500 -1
1545122269421450 6830 -1
1545122269821679 164 1
1545122269825555 13 -1
1545122269826475 1500 -1
1545122269834092 4894 -1
1545122270234423 166 1
1545122270237435 13 -1
1545122270238309 1500 -1
1545122270240605 6346 -1
1545122270640729 166 1
1545122270643630 13 -1
1545122270644606 1500 -1
1545122270645336 4758 -1
1545122271045401 164 1
1545122271048378 13 -1
1545122271049674 1500 -1
1545122271050413 6011 -1
1545122271450455 164 1
1545122271453568 13 -1
1545122271454226 1500 -1
1545122271455827 3342 -1
1545122271855851 153 1
1545122271858919 13 -1
1545122271860391 1500 -1
1545122271861882 8000 -1
1545122271864101 6957 -1
1545122271864114 1500 -1
1545122271864121 1536 -1
1545122272264404 154 1
1545122272268939 13 -1
1545122272269923 1500 -1
1545122272271039 8000 -1
1545122272272871 6975 -1
1545122272272890 1500 -1
1545122272273561 8000 -1
1545122272273576 1374 -1
1545122272674017 154 1
1545122272677774 13 -1
1545122272678898 1500 -1
1545122272680660 6252 -1
1545122273080843 153 1
1545122273086215 13 -1
1545122273086391 1500 -1
1545122273087650 8000 -1
1545122273089111 6974 -1
1545122273089125 1500 -1
1545122273089132 540 -1
1545122273489145 153 1
1545122273492808 13 -1
1545122273493601 1500 -1
1545122273494970 8000 -1
1545122273495803 6952 -1
1545122273496796 1500 -1
1545122273497744 8000 -1
1545122273497755 1297 -1
1545122273897905 154 1
1545122273901926 13 -1
1545122273902631 1500 -1
1545122273904095 8000 -1
1545122273904370 6941 -1
1545122273904381 1500 -1
1545122273904603 8000 -1
1545122273905442 2593 -1
1545122274305684 154 1
1545122274308702 13 -1
1545122274312204 1500 -1
1545122274316973 8000 -1
1545122274319964 6974 -1
1545122274319985 1500 -1
1545122274320921 5118 -1
1545122274721011 154 1
1545122274724506 13 -1
1545122274725700 1500 -1
1545122274726515 8000 -1
1545122274727054 3786 -1
1545122275127119 153 1
1545122275130101 13 -1
1545122275131160 1500 -1
1545122275133648 8000 -1
1545122275135176 6964 -1
1545122275135191 1191 -1
1545122275535224 125 1
1545122275542125 13 -1
1545122275542132 1500 -1
1545122275542476 8000 -1
1545122275543554 6952 -1
1545122275543571 1500 -1
1545122275544609 3524 -1
1545122275944692 9 1
1545122275944711 158 1
1545122275947794 13 -1
1545122275948659 1500 -1
1545122275952393 8000 -1
1545122275953737 6949 -1
1545122275953761 1500 -1
1545122275955466 2677 -1
1545122276355712 154 1
1545122276359498 13 -1
1545122276359508 1500 -1
1545122276360461 8000 -1
1545122276364196 6971 -1
1545122276765214 154 1
1545122276769093 13 -1
1545122276770164 1500 -1
1545122276771744 8000 -1
1545122276772579 5781 -1
1545122277172772 153 1
1545122277176045 13 -1
1545122277176768 1500 -1
1545122277177693 8000 -1
1545122277179008 6974 -1
1545122277179028 1500 -1
1545122277179037 1148 -1
1545122277579293 126 1
1545122277583726 13 -1
1545122277586324 1500 -1
1545122277588826 8000 -1
1545122277590615 6941 -1
1545122277590630 1500 -1
1545122277593284 8000 -1
1545122277593304 2513 -1
1545122277994627 166 1
1545122277997725 13 -1
1545122278094354 1500 -1
1545122278095933 8000 -1
1545122278103540 7085 -1
1545122278103563 337 -1
1545122278103569 1479 -1
1545122278503574 153 1
1545122278508849 13 -1
1545122278509626 1500 -1
1545122278510422 8000 -1
1545122278511028 6941 -1
1545122278511047 760 -1
1545122278911159 154 1
1545122278914637 13 -1
1545122278916639 1500 -1
1545122278917360 8000 -1
1545122278918140 6952 -1
1545122278918398 1500 -1
1545122278919286 8000 -1
1545122278921145 5479 -1
1545122279322040 154 1
1545122279326950 13 -1
1545122279328376 1500 -1
1545122279328923 8000 -1
1545122279329492 4777 -1
1545122283390411 17 1
0 0 0
1545122267697178 52 -1
1545122271240899 300 1
1545122271244859 9 -1
1545122271244869 13 -1
1545122271246275 1500 -1
1545122271246401 8000 -1
1545122271246545 7072 -1
1545122271247226 1500 -1
1545122271247239 2093 -1
0 0 0
1545122267723700 52 -1
1545122269409054 299 1
1545122269417955 9 -1
1545122269417966 13 -1
1545122269417971 1500 -1
1545122269420434 8000 -1
1545122269422557 7072 -1
1545122269422570 1015 -1
0 0 0
1545122267683680 52 -1
1545122269689466 272 1
1545122269699345 9 -1
1545122269699357 13 -1
1545122269700068 1500 -1
1545122269702127 8000 -1
1545122269703073 7071 -1
1545122269703090 356 -1
