### "'22404 21013 15547 13718 20119 19014 11605 14100 20450 16078 25543 21563 16143 19554 22865 14393 20873 28907 21118 13319 20569 15340 20489'"
0 0 0
1545122961862660 52 -1
1545122965435266 314 1
1545122965440532 9 -1
1545122965440541 13 -1
1545122965554767 1500 -1
1545122965556176 8000 -1
1545122965558698 7191 -1
1545122965558712 317 -1
1545122965559412 1500 -1
1545122965559423 1500 -1
1545122965559430 436 -1
0 0 0
1545122961867575 52 -1
1545122963626062 303 1
1545122963629540 9 -1
1545122963629549 13 -1
1545122963630295 1500 -1
1545122963631563 8000 -1
1545122963632024 7078 -1
1545122963632427 1500 -1
1545122963633069 4529 -1
0 0 0
1545122961627438 52 -1
1545122963630904 302 1
1545122963637094 9 -1
1545122963637105 13 -1
1545122963637111 1500 -1
1545122963637739 4519 -1
1545122964037840 166 1
1545122964041832 13 -1
1545122964134319 1500 -1
1545122964134334 1581 -1
1545122964134435 4072 -1
1545122964134443 831 -1
1545122964534703 166 1
1545122964537827 13 -1
1545122964653895 1500 -1
1545122964654794 1540 -1
1545122964654833 562 -1
1545122965055164 166 1
1545122965059503 13 -1
1545122965155911 1500 -1
1545122965155923 1536 -1
1545122965157988 2997 -1
1545122965558494 166 1
1545122965562745 13 -1
1545122965562758 1500 -1
1545122965563950 3465 -1
1545122965964352 137 1
1545122965968037 13 -1
1545122965969983 1500 -1
1545122965971786 4381 -1
1545122966371952 158 1
1545122966376886 13 -1
1545122966377946 1500 -1
1545122966378975 8000 -1
1545122966379598 6978 -1
1545122966379615 1500 -1
1545122966379624 1139 -1
1545122966780404 154 1
1545122966784466 13 -1
1545122966786447 1500 -1
1545122966787252 8000 -1
1545122966787270 2177 -1
1545122967187551 154 1
1545122967191365 13 -1
1545122967194797 1500 -1
1545122967197331 8000 -1
1545122967197535 4680 -1
1545122967597707 164 1
1545122967600842 13 -1
1545122967700710 1500 -1
1545122967701544 8000 -1
1545122967703364 7032 -1
1545122967703380 313 -1
1545122967703385 1500 -1
1545122967703392 1500 -1
1545122967704078 771 -1
1545122968104121 153 1
1545122968107973 13 -1
1545122968108458 1500 -1
1545122968109217 8000 -1
1545122968110337 6659 -1
1545122968511543 164 1
1545122968516563 13 -1
1545122968630865 1500 -1
1545122968632014 8000 -1
1545122968633173 7027 -1
1545122968633189 314 -1
1545122968633197 1500 -1
1545122968633204 1500 -1
1545122968633569 3508 -1
1545122968635519 2355 -1
1545122969035939 154 1
1545122969039675 13 -1
1545122969042076 1500 -1
1545122969043044 8000 -1
1545122969044479 6976 -1
1545122969044493 1500 -1
1545122969045033 3688 -1
1545122969445119 164 1
1545122969448627 13 -1
1545122969449200 1500 -1
1545122969450322 8000 -1
1545122969453426 6700 -1
1545122969854070 153 1
1545122969859669 13 -1
1545122969860953 1500 -1
1545122969861728 8000 -1
1545122969863233 6942 -1
1545122969863249 1500 -1
1545122969863258 1679 -1
1545122970263302 167 1
1545122970266537 13 -1
1545122970406145 1500 -1
1545122970407974 8000 -1
1545122970409606 7047 -1
1545122970409623 335 -1
1545122970409764 1500 -1
1545122970409773 1500 -1
1545122970410612 3164 -1
1545122970811039 9 1
1545122970811051 157 1
1545122970815006 13 -1
1545122970815614 1500 -1
1545122970816933 8000 -1
1545122970817957 4960 -1
1545122971218904 154 1
1545122971222104 13 -1
1545122971227690 1500 -1
1545122971232967 8000 -1
1545122971235406 6965 -1
1545122971235430 1500 -1
1545122971236123 2998 -1
1545122971637172 155 1
1545122971641257 13 -1
1545122971641609 1500 -1
1545122971641830 7773 -1
1545122972042602 154 1
1545122972045527 13 -1
1545122972047163 1500 -1
1545122972049103 8000 -1
1545122972050935 6975 -1
1545122972050952 1500 -1
1545122972052722 8000 -1
1545122972053626 3032 -1
1545122972453953 152 1
1545122972457220 13 -1
1545122972462967 1500 -1
1545122972464485 8000 -1
1545122972467006 6951 -1
1545122972467020 1500 -1
1545122972468110 3243 -1
1545122972868124 154 1
1545122972871346 13 -1
1545122972872396 1500 -1
1545122972872814 8000 -1
1545122972873288 3885 -1
1545122973273568 166 1
1545122973277100 13 -1
1545122973412228 1500 -1
1545122973415874 8000 -1
1545122973417952 7047 -1
1545122973417969 337 -1
1545122973417977 1500 -1
1545122973417984 1500 -1
1545122973418538 866 -1
1545122973818688 153 1
1545122973826283 13 -1
1545122973826290 1500 -1
1545122973827099 8000 -1
1545122973827192 5907 -1
1545122974228122 167 1
1545122974232278 13 -1
1545122974232371 1500 -1
1545122974233391 8000 -1
1545122974234003 6973 -1
1545122974234016 1500 -1
1545122974235493 2614 -1
1545122978288783 17 1
0 0 0
1545122961847231 52 -1
1545122963848424 303 1
1545122963852363 9 -1
1545122963853926 13 -1
1545122963857573 1500 -1
1545122963861730 8000 -1
1545122963864499 7072 -1
1545122963864514 1500 -1
1545122963865791 3138 -1
0 0 0
1545122961842984 52 -1
1545122963847501 287 1
1545122963851117 9 -1
1545122963852074 13 -1
1545122964247562 9 1
1545122964249070 627 -1
1545122964381231 1500 -1
1545122964381243 1500 -1
1545122964381924 3626 -1
1545122964383278 4072 -1
1545122964388282 2700 -1
0 0 0
1545122961858780 52 -1
1545122963849448 286 1
1545122963854697 9 -1
1545122963855544 13 -1
1545122963972724 1500 -1
1545122963972736 1654 -1
1545122963975643 4072 -1
1545122963976016 4072 -1
1545122963977697 4072 -1
1545122963977714 481 -1
