### "'17770 28539 33307 32474 29577 34878 25864 20038 25925 19482 15429 14048 18028 26886 18288 18595 29209 31761 14154 29736 16133 16171 25398 24431'"
0 0 0
1545130296574729 52 -1
1545130298578623 268 1
1545130298587136 9 -1
1545130298594768 13 -1
1545130298594771 1500 -1
1545130298607099 8000 -1
1545130298608264 7079 -1
1545130298608271 1500 -1
1545130298609022 8000 -1
1545130298616645 6599 -1
0 0 0
1545130296545024 52 -1
1545130298558987 308 1
1545130298591807 9 -1
1545130298591816 13 -1
1545130298597390 1500 -1
1545130298602769 8000 -1
1545130298604290 7073 -1
1545130298604299 1500 -1
1545130298604626 8000 -1
1545130298608794 6893 -1
1545130298608800 548 -1
0 0 0
1545130296632948 52 -1
1545130300236225 308 1
1545130300248566 9 -1
1545130300248583 13 -1
1545130300248589 1500 -1
1545130300250248 8000 -1
1545130300263648 7074 -1
1545130300263681 1500 -1
1545130300265252 8000 -1
1545130300265288 50 -1
0 0 0
1545130296616350 52 -1
1545130298411244 295 1
1545130298430435 9 -1
1545130298430444 13 -1
1545130298430447 1500 -1
1545130298430612 8000 -1
1545130298430679 7073 -1
1545130298430684 1395 -1
0 0 0
1545130296410377 52 -1
1545130298470023 294 1
1545130298481179 9 -1
1545130298481193 13 -1
1545130298481197 1500 -1
1545130298488187 3782 -1
1545130298888406 166 1
1545130298895554 13 -1
1545130298896387 1500 -1
1545130298898576 8000 -1
1545130298899005 6952 -1
1545130298899013 1500 -1
1545130298900151 8000 -1
1545130298900480 3702 -1
1545130299303680 163 1
1545130299307154 13 -1
1545130299308609 1500 -1
1545130299310190 8000 -1
1545130299310301 6973 -1
1545130299310361 1500 -1
1545130299311484 8000 -1
1545130299312444 6893 -1
1545130299315855 1500 -1
1545130299315869 619 -1
1545130299715876 154 1
1545130299721013 13 -1
1545130299727389 1500 -1
1545130299728335 8000 -1
1545130299732402 6951 -1
1545130299732414 1500 -1
1545130299732828 7989 -1
1545130300132834 155 1
1545130300138243 13 -1
1545130300138250 1500 -1
1545130300139429 8000 -1
1545130300142043 6973 -1
1545130300142053 1500 -1
1545130300142057 2163 -1
1545130300542060 153 1
1545130300545620 13 -1
1545130300546166 1500 -1
1545130300547072 8000 -1
1545130300547176 6952 -1
1545130300547182 1500 -1
1545130300547186 1607 -1
1545130300947188 167 1
1545130300950258 13 -1
1545130300987600 1500 -1
1545130300988048 8000 -1
1545130300988450 5996 -1
1545130301388457 164 1
1545130301391024 13 -1
1545130301392630 1500 -1
1545130301393822 8000 -1
1545130301394875 4637 -1
1545130301794885 153 1
1545130301797495 13 -1
1545130301798950 1500 -1
1545130301801035 8000 -1
1545130301801905 6957 -1
1545130301803365 1500 -1
1545130301803373 153 -1
1545130302203378 137 1
1545130302206222 13 -1
1545130302207956 1500 -1
1545130302209454 8000 -1
1545130302210482 6973 -1
1545130302211443 1500 -1
1545130302212769 8000 -1
1545130302212775 1011 -1
1545130302612782 163 1
1545130302615716 13 -1
1545130302618322 1500 -1
1545130302619693 8000 -1
1545130302621648 6951 -1
1545130302621669 1500 -1
1545130302621673 413 -1
1545130303021677 167 1
1545130303024430 13 -1
1545130303025640 1500 -1
1545130303026414 8000 -1
1545130303027369 6974 -1
1545130303027378 1500 -1
1545130303027382 720 -1
1545130303427387 164 1
1545130303430249 13 -1
1545130303431178 1500 -1
1545130303431967 8000 -1
1545130303433043 6952 -1
1545130303433053 1500 -1
1545130303433442 8000 -1
1545130303434006 3334 -1
1545130303834012 9 1
1545130303834022 140 1
1545130303836703 13 -1
1545130303839541 1500 -1
1545130303840715 8000 -1
1545130303842867 6951 -1
1545130303844214 1500 -1
1545130303844539 8000 -1
1545130303844596 5886 -1
1545130304244606 163 1
1545130304247548 13 -1
1545130304248412 1500 -1
1545130304250074 8000 -1
1545130304251539 4744 -1
1545130304651554 155 1
1545130304654522 13 -1
1545130304655498 1500 -1
1545130304656296 8000 -1
1545130304657686 6941 -1
1545130304658529 1500 -1
1545130304659480 8000 -1
1545130304659487 3861 -1
1545130305059493 164 1
1545130305062859 13 -1
1545130305063775 1500 -1
1545130305064935 8000 -1
1545130305065327 6724 -1
1545130305465335 126 1
1545130305467933 13 -1
1545130305469159 1500 -1
1545130305470345 8000 -1
1545130305470907 6738 -1
1545130305870916 154 1
1545130305873746 13 -1
1545130305875694 1500 -1
1545130305876396 8000 -1
1545130305876945 6951 -1
1545130305877398 1500 -1
1545130305878579 7523 -1
1545130306278592 166 1
1545130306281851 13 -1
1545130306283499 1500 -1
1545130306285315 8000 -1
1545130306286287 6973 -1
1545130306286297 1500 -1
1545130306287432 6556 -1
1545130310342576 17 1
0 0 0
1545130296542228 52 -1
1545130298535562 309 1
1545130298548127 9 -1
1545130298548133 13 -1
1545130298556274 1500 -1
1545130298566158 8000 -1
1545130298594523 7072 -1
1545130298594532 1500 -1
1545130298603292 8000 -1
1545130298610222 2664 -1
