### "'23705 23200 28278 22524 15810 10158 30806 23075 19354 17990 15093 22051 10488 13509 14770 14825 23714 27446 41222 13918 22358 24032 20853'"
0 0 0
1545130536179954 52 -1
1545130537898040 312 1
1545130537915324 9 -1
1545130537921093 13 -1
1545130538027589 1500 -1
1545130538040231 8000 -1
1545130538077194 7183 -1
1545130538077207 335 -1
1545130538077212 1500 -1
1545130538077222 1500 -1
1545130538077482 3508 -1
1545130538077490 496 -1
0 0 0
1545130536131254 52 -1
1545130538115707 312 1
1545130538121060 9 -1
1545130538122174 13 -1
1545130538215801 1500 -1
1545130538245141 8000 -1
1545130538276125 7183 -1
1545130538276133 333 -1
1545130538276136 1500 -1
1545130538276146 1500 -1
1545130538286728 3501 -1
0 0 0
1545130536178749 52 -1
1545130539716630 309 1
1545130539726868 9 -1
1545130539726875 13 -1
1545130539852789 1500 -1
1545130539852805 1674 -1
1545130539855264 4072 -1
1545130539858356 4072 -1
1545130539862432 4072 -1
1545130539862444 717 -1
0 0 0
1545130535877848 52 -1
1545130537922358 297 1
1545130537932749 9 -1
1545130537932761 13 -1
1545130538031308 1500 -1
1545130538031318 1692 -1
1545130538055539 4072 -1
1545130538066774 2284 -1
1545130538466786 166 1
1545130538477879 13 -1
1545130538561421 1500 -1
1545130538561430 1510 -1
1545130538561831 4072 -1
1545130538561838 351 -1
1545130538961842 167 1
1545130538964687 13 -1
1545130539084534 1500 -1
1545130539085465 1544 -1
1545130539087187 4072 -1
1545130539087199 205 -1
1545130539487450 167 1
1545130539499404 13 -1
1545130539612692 1500 -1
1545130539617562 1512 -1
1545130539617576 2809 -1
1545130540017581 167 1
1545130540022335 13 -1
1545130540174980 1500 -1
1545130540174991 1500 -1
1545130540175478 3989 -1
1545130540175583 3331 -1
1545130540575591 167 1
1545130540578333 13 -1
1545130540679873 1500 -1
1545130540680459 8000 -1
1545130540682820 7023 -1
1545130540682830 336 -1
1545130540683808 1500 -1
1545130540683816 1500 -1
1545130540684474 3508 -1
1545130540685263 4072 -1
1545130540686040 3524 -1
1545130541086048 137 1
1545130541088909 13 -1
1545130541206359 1500 -1
1545130541206366 1539 -1
1545130541208231 4072 -1
1545130541208242 2307 -1
1545130541608246 166 1
1545130541611321 13 -1
1545130541710681 1500 -1
1545130541712653 8000 -1
1545130541713658 7026 -1
1545130541713669 337 -1
1545130541713674 1500 -1
1545130541714464 1500 -1
1545130541715292 3372 -1
1545130542115300 166 1
1545130542117980 13 -1
1545130542275742 1500 -1
1545130542276709 1500 -1
1545130542280129 8000 -1
1545130542281398 5548 -1
1545130542281404 1453 -1
1545130542282333 1500 -1
1545130542282339 35 -1
1545130542682340 137 1
1545130542684864 13 -1
1545130542856770 1500 -1
1545130542859928 1500 -1
1545130542860821 8000 -1
1545130542861777 5524 -1
1545130542861783 1453 -1
1545130542861786 171 -1
1545130543261790 167 1
1545130543264994 13 -1
1545130543361362 1500 -1
1545130543361370 1535 -1
1545130543362125 4072 -1
1545130543363311 4072 -1
1545130543364487 4072 -1
1545130543364495 6 -1
1545130543764494 167 1
1545130543767506 13 -1
1545130543896513 468 -1
1545130543993083 1500 -1
1545130543993316 8000 -1
1545130543993437 6893 -1
1545130543995111 1500 -1
1545130543995137 936 -1
1545130543995144 1500 -1
1545130543997087 1423 -1
1545130544397099 167 1
1545130544399893 13 -1
1545130544532278 1500 -1
1545130544534780 1533 -1
1545130544536666 4072 -1
1545130544536673 3546 -1
1545130544936679 166 1
1545130544939741 13 -1
1545130545138985 1500 -1
1545130545138992 1500 -1
1545130545139945 3988 -1
1545130545140534 4072 -1
1545130545140888 2613 -1
1545130545540898 164 1
1545130545543781 13 -1
1545130545688631 1500 -1
1545130545691908 1500 -1
1545130545693832 3966 -1
1545130545694828 4072 -1
1545130545694835 3872 -1
1545130546094841 9 1
1545130546094860 167 1
1545130546097698 13 -1
1545130546191435 1500 -1
1545130546191443 1538 -1
1545130546192786 4072 -1
1545130546193720 4072 -1
1545130546195720 3807 -1
1545130546595730 168 1
1545130546598423 13 -1
1545130546616912 1500 -1
1545130546617631 8000 -1
1545130546620353 7025 -1
1545130546620364 332 -1
1545130546621237 1500 -1
1545130546621248 1500 -1
1545130546623136 3508 -1
1545130546623146 508 -1
1545130547023152 138 1
1545130547026482 13 -1
1545130547159090 1500 -1
1545130547159839 8000 -1
1545130547162768 7047 -1
1545130547162779 334 -1
1545130547162793 1500 -1
1545130547163926 1500 -1
1545130547164988 3508 -1
1545130547166364 4072 -1
1545130547166370 166 -1
1545130547566372 166 1
1545130547569471 13 -1
1545130547716640 1500 -1
1545130547717821 1500 -1
1545130547719316 8000 -1
1545130547720512 5524 -1
1545130547720520 1453 -1
1545130547721277 1500 -1
1545130547722016 8000 -1
1545130547723417 6893 -1
1545130547725325 1086 -1
1545130547725340 1500 -1
1545130547726104 2581 -1
1545130547726113 1861 -1
1545130548126118 164 1
1545130548129225 13 -1
1545130548281784 1500 -1
1545130548281792 1500 -1
1545130548282706 3991 -1
1545130548283209 4072 -1
1545130548283504 3017 -1
1545130548683512 138 1
1545130548686686 13 -1
1545130548820750 1500 -1
1545130548821518 8000 -1
1545130548822387 7025 -1
1545130548822396 335 -1
1545130548822399 1500 -1
1545130548822404 1500 -1
1545130548823496 2657 -1
1545130549223503 167 1
1545130549226528 13 -1
1545130549320402 1500 -1
1545130549321092 8000 -1
1545130549322221 7048 -1
1545130549322230 336 -1
1545130549322846 1500 -1
1545130549322853 1500 -1
1545130549323765 3508 -1
1545130549323772 822 -1
1545130549723887 166 1
1545130549726587 13 -1
1545130549907830 1500 -1
1545130549909082 8000 -1
1545130549911559 7025 -1
1545130549911567 334 -1
1545130549911570 1500 -1
1545130549911572 1500 -1
1545130549912675 1153 -1
1545130553959249 17 1
0 0 0
1545130536133831 52 -1
1545130538132138 312 1
1545130538150375 9 -1
1545130538153733 13 -1
1545130538306083 1500 -1
1545130538334602 8000 -1
1545130538358294 7183 -1
1545130538358305 333 -1
1545130538358309 1500 -1
1545130538358325 1500 -1
1545130538371851 2825 -1
0 0 0
1545130536165130 52 -1
1545130538178046 314 1
1545130538197585 9 -1
1545130538199349 13 -1
1545130538306815 1500 -1
1545130538322058 8000 -1
1545130538347584 7182 -1
1545130538347594 334 -1
1545130538347599 1500 -1
1545130538347605 1500 -1
1545130538372038 3508 -1
1545130538376511 4072 -1
1545130538379581 998 -1
