### "'19568 22236 19439 20856 19538 15629 16923 23798 13020 19415 36566 29222 15207 31268 26377 14920 30593 20015 24371 22711 21681 18838 31808 16042'"
0 0 0
1545132339124816 52 -1
1545132340838754 315 1
1545132340849648 9 -1
1545132340849655 13 -1
1545132340849657 1500 -1
1545132340860257 8000 -1
1545132340867273 7072 -1
1545132340867289 1500 -1
1545132340867295 1693 -1
0 0 0
1545132339106420 52 -1
1545132341097037 315 1
1545132341104022 9 -1
1545132341104027 13 -1
1545132341104029 1500 -1
1545132341112179 8000 -1
1545132341112425 7072 -1
1545132341112435 1500 -1
1545132341117278 2981 -1
0 0 0
1545132338856540 52 -1
1545132340860722 300 1
1545132340914321 9 -1
1545132340914332 13 -1
1545132340914337 1500 -1
1545132340915007 4014 -1
1545132341315019 166 1
1545132341318796 13 -1
1545132341319550 1500 -1
1545132341321346 5476 -1
1545132341722424 167 1
1545132341730872 13 -1
1545132341734223 1500 -1
1545132341734572 4960 -1
1545132342134579 167 1
1545132342137470 13 -1
1545132342146508 1500 -1
1545132342151049 5298 -1
1545132342551064 166 1
1545132342555496 13 -1
1545132342557724 1500 -1
1545132342564250 6597 -1
1545132342964262 167 1
1545132342969045 13 -1
1545132342970302 1500 -1
1545132342971015 6194 -1
1545132343371028 154 1
1545132343374025 13 -1
1545132343375496 1500 -1
1545132343376544 8000 -1
1545132343377729 6218 -1
1545132343777739 154 1
1545132343780862 13 -1
1545132343781790 1500 -1
1545132343782189 8000 -1
1545132343783298 6951 -1
1545132343783307 548 -1
1545132344183309 154 1
1545132344186223 13 -1
1545132344187037 1500 -1
1545132344190032 8000 -1
1545132344190586 6978 -1
1545132344190595 1500 -1
1545132344195439 5923 -1
1545132344595454 154 1
1545132344598664 13 -1
1545132344599856 1500 -1
1545132344600450 8000 -1
1545132344600871 3586 -1
1545132345000882 154 1
1545132345004034 13 -1
1545132345004732 1500 -1
1545132345005646 8000 -1
1545132345006146 6964 -1
1545132345006155 1500 -1
1545132345006159 1540 -1
1545132345406302 154 1
1545132345409203 13 -1
1545132345409905 1500 -1
1545132345410463 8000 -1
1545132345411304 6952 -1
1545132345412642 1500 -1
1545132345414180 8000 -1
1545132345414697 6893 -1
1545132345415806 1500 -1
1545132345415812 2307 -1
1545132345815815 138 1
1545132345818597 13 -1
1545132345820421 1500 -1
1545132345821046 8000 -1
1545132345822606 6951 -1
1545132345823065 1500 -1
1545132345824069 8000 -1
1545132345824082 3347 -1
1545132346224086 124 1
1545132346227043 13 -1
1545132346228461 1500 -1
1545132346229874 8000 -1
1545132346230443 5796 -1
1545132346630453 126 1
1545132346633174 13 -1
1545132346636090 1500 -1
1545132346636452 8000 -1
1545132346637617 6956 -1
1545132346638177 1500 -1
1545132346638790 8000 -1
1545132346640285 5393 -1
1545132347040300 164 1
1545132347043632 13 -1
1545132347045521 1500 -1
1545132347046494 8000 -1
1545132347047133 6975 -1
1545132347047968 1500 -1
1545132347048923 8000 -1
1545132347048929 502 -1
1545132347448935 9 1
1545132347448952 167 1
1545132347451642 13 -1
1545132347452740 1500 -1
1545132347453131 8000 -1
1545132347453824 5477 -1
1545132347853836 166 1
1545132347856883 13 -1
1545132347859579 1500 -1
1545132347860332 8000 -1
1545132347861485 6941 -1
1545132347863688 1500 -1
1545132347864741 8000 -1
1545132347865129 4718 -1
1545132348265141 126 1
1545132348268195 13 -1
1545132348269310 1500 -1
1545132348270729 8000 -1
1545132348274657 6975 -1
1545132348276362 1500 -1
1545132348276387 2140 -1
1545132348676393 154 1
1545132348679548 13 -1
1545132348681630 1500 -1
1545132348682034 8000 -1
1545132348682991 6952 -1
1545132348683591 1500 -1
1545132348684003 6496 -1
1545132349084009 154 1
1545132349087052 13 -1
1545132349090063 1500 -1
1545132349090804 8000 -1
1545132349091611 6964 -1
1545132349093510 1500 -1
1545132349095010 4836 -1
1545132349495030 167 1
1545132349498599 13 -1
1545132349499099 1500 -1
1545132349500293 8000 -1
1545132349501553 6951 -1
1545132349501568 1500 -1
1545132349502744 3806 -1
1545132349902755 154 1
1545132349906055 13 -1
1545132349906505 1500 -1
1545132349906881 8000 -1
1545132349907569 6950 -1
1545132349907731 1500 -1
1545132349907739 963 -1
1545132350307748 166 1
1545132350310330 13 -1
1545132350312715 1500 -1
1545132350314473 8000 -1
1545132350315186 6973 -1
1545132350315371 1500 -1
1545132350316474 8000 -1
1545132350316928 5933 -1
1545132350716935 155 1
1545132350719774 13 -1
1545132350724176 1500 -1
1545132350725016 8000 -1
1545132350725331 6609 -1
1545132354775554 17 1
0 0 0
1545132339111630 52 -1
1545132342675317 316 1
1545132342692915 9 -1
1545132342692922 13 -1
1545132342692924 1500 -1
1545132342697650 8000 -1
1545132342714619 7044 -1
1545132342714628 1500 -1
1545132342714631 1663 -1
0 0 0
1545132339054366 52 -1
1545132341064867 303 1
1545132341071485 9 -1
1545132341071493 13 -1
1545132341071497 1500 -1
1545132341086938 8000 -1
1545132341102908 7071 -1
1545132341102918 1500 -1
1545132341112001 4361 -1
0 0 0
1545132339098029 52 -1
1545132341069880 316 1
1545132341081004 9 -1
1545132341081013 13 -1
1545132341081017 1500 -1
1545132341096871 8000 -1
1545132341103114 7072 -1
1545132341103120 1500 -1
1545132341103123 1564 -1
