### "'21216 33641 40279 32558 29014 28005 40943 34730 32253 15227 29388 35021 11671 30598 14726 39820 34402 37370 18108 28795 35527 21688 21480 16083'"
0 0 0
1545132888509015 52 -1
1545132890542733 289 1
1545132890567984 9 -1
1545132890567991 13 -1
1545132890567994 1500 -1
1545132890577024 2880 -1
1545132890977044 166 1
1545132890980352 13 -1
1545132890982019 1500 -1
1545132890984379 6689 -1
1545132891384388 167 1
1545132891392297 13 -1
1545132891395537 1500 -1
1545132891397477 8000 -1
1545132891406676 6978 -1
1545132891406708 1500 -1
1545132891412559 8000 -1
1545132891417090 3139 -1
1545132891817102 167 1
1545132891820449 13 -1
1545132891820922 1500 -1
1545132891824104 8000 -1
1545132891824221 6952 -1
1545132891824228 1500 -1
1545132891825923 8000 -1
1545132891825934 2130 -1
1545132892225942 167 1
1545132892228536 13 -1
1545132892234868 1500 -1
1545132892235717 8000 -1
1545132892237419 6969 -1
1545132892239492 1500 -1
1545132892241478 8000 -1
1545132892245057 6893 -1
1545132892246831 1500 -1
1545132892249690 6684 -1
1545132892649701 137 1
1545132892652448 13 -1
1545132892653241 1500 -1
1545132892653605 8000 -1
1545132892654499 6952 -1
1545132892655109 1500 -1
1545132892655953 8000 -1
1545132892656498 6378 -1
1545132893056506 167 1
1545132893059427 13 -1
1545132893060474 1500 -1
1545132893060881 8000 -1
1545132893062201 5807 -1
1545132893462216 164 1
1545132893465083 13 -1
1545132893466068 1500 -1
1545132893466621 8000 -1
1545132893467617 6941 -1
1545132893468479 1500 -1
1545132893469107 8000 -1
1545132893469115 3513 -1
1545132893869118 166 1
1545132893872211 13 -1
1545132893873341 1500 -1
1545132893874996 8000 -1
1545132893876321 6941 -1
1545132893877084 1500 -1
1545132893877612 8000 -1
1545132893878329 6893 -1
1545132893879013 1500 -1
1545132893879018 762 -1
1545132894279023 154 1
1545132894281727 13 -1
1545132894282989 1500 -1
1545132894285994 8000 -1
1545132894286037 2261 -1
1545132894686044 168 1
1545132894688890 13 -1
1545132894690106 1500 -1
1545132894691675 8000 -1
1545132894692755 6966 -1
1545132894692761 1500 -1
1545132894693859 8000 -1
1545132894694585 4723 -1
1545132895094591 164 1
1545132895097371 13 -1
1545132895099087 1500 -1
1545132895099882 8000 -1
1545132895100611 5321 -1
1545132895500618 137 1
1545132895503499 13 -1
1545132895505226 1500 -1
1545132895506340 8000 -1
1545132895506891 6951 -1
1545132895508302 1500 -1
1545132895509143 8000 -1
1545132895509935 6893 -1
1545132895510843 1500 -1
1545132895512203 5561 -1
1545132895912214 9 1
1545132895912224 169 1
1545132895915163 13 -1
1545132896011310 534 -1
1545132896011598 1500 -1
1545132896012803 8000 -1
1545132896013641 6893 -1
1545132896013647 1500 -1
1545132896014464 8000 -1
1545132896015149 6893 -1
1545132896015156 1316 -1
1545132896415158 164 1
1545132896417862 13 -1
1545132896518181 1500 -1
1545132896519975 8000 -1
1545132896521314 7025 -1
1545132896521322 341 -1
1545132896523394 1500 -1
1545132896524029 8000 -1
1545132896525506 6893 -1
1545132896527480 1500 -1
1545132896527487 818 -1
1545132896527490 1500 -1
1545132896527492 470 -1
1545132896927494 166 1
1545132896930182 13 -1
1545132897026259 1500 -1
1545132897027232 8000 -1
1545132897028072 7037 -1
1545132897028083 377 -1
1545132897028089 1365 -1
1545132897428093 167 1
1545132897430910 13 -1
1545132897431935 1500 -1
1545132897433483 8000 -1
1545132897435293 6952 -1
1545132897435300 1500 -1
1545132897436005 8000 -1
1545132897436532 2920 -1
1545132897836537 167 1
1545132897839460 13 -1
1545132897929686 1500 -1
1545132897931892 8000 -1
1545132897932637 7024 -1
1545132897932649 332 -1
1545132897933010 1500 -1
1545132897934433 8000 -1
1545132897935374 6893 -1
1545132897936296 1500 -1
1545132897936305 818 -1
1545132897936308 136 -1
1545132898336311 167 1
1545132898339213 13 -1
1545132898429398 1500 -1
1545132898431064 8000 -1
1545132898433094 7048 -1
1545132898433106 337 -1
1545132898433111 1500 -1
1545132898433881 1500 -1
1545132898433892 1985 -1
1545132898833900 166 1
1545132898836896 13 -1
1545132898837894 1500 -1
1545132898838454 8000 -1
1545132898839768 6951 -1
1545132898841163 1500 -1
1545132898841170 3605 -1
1545132899241176 167 1
1545132899243931 13 -1
1545132899389746 1500 -1
1545132899390533 1534 -1
1545132899391643 4072 -1
1545132899392266 4072 -1
1545132899393000 4072 -1
1545132899393006 996 -1
1545132903440298 17 1
0 0 0
1545132888760049 52 -1
1545132890759543 310 1
1545132890771048 9 -1
1545132890771078 13 -1
1545132890870134 1500 -1
1545132890877925 8000 -1
1545132890885802 7182 -1
1545132890885812 338 -1
1545132890885816 1500 -1
1545132890885821 1500 -1
1545132890886041 3508 -1
1545132890886157 4072 -1
1545132890886248 4072 -1
1545132890886335 1202 -1
0 0 0
1545132888697216 52 -1
1545132890693529 311 1
1545132890699713 9 -1
1545132890713207 13 -1
1545132890713218 1500 -1
1545132890719453 8000 -1
1545132890732255 7071 -1
1545132890732265 1500 -1
1545132890756850 8000 -1
1545132890772157 6893 -1
1545132890772169 882 -1
0 0 0
1545132888770596 52 -1
1545132892331837 310 1
1545132892340418 9 -1
1545132892340425 13 -1
1545132892344097 1500 -1
1545132892349249 8000 -1
1545132892355511 7071 -1
1545132892355542 1500 -1
1545132892365398 8000 -1
1545132892387430 6893 -1
1545132892387441 1500 -1
1545132892387445 471 -1
0 0 0
1545132888801429 52 -1
1545132890515033 310 1
1545132890542591 9 -1
1545132890542599 13 -1
1545132890542602 1500 -1
1545132890549801 8000 -1
1545132890565745 7072 -1
1545132890565759 1500 -1
1545132890568232 3341 -1
0 0 0
1545132888707023 52 -1
1545132890724115 282 1
1545132890745596 9 -1
1545132890770471 13 -1
1545132890770481 1500 -1
1545132890771507 8000 -1
1545132890787745 7072 -1
1545132890787758 1500 -1
1545132890799735 8000 -1
1545132890806203 6893 -1
1545132890806213 1500 -1
1545132890817484 6020 -1
