### "'16330 22920 18372 13463 26822 16797 30975 17951 17188 12806 24417 18455 34298 40066 36089 17229 21448 23102 23117 16437 18871 18730 28474 12219'"
0 0 0
1545133760988116 52 -1
1545133764208890 312 1
1545133764215046 9 -1
1545133764215063 13 -1
1545133764215068 1500 -1
1545133764215839 8000 -1
1545133764217091 7072 -1
1545133764217101 1500 -1
1545133764222275 8000 -1
1545133764222288 947 -1
0 0 0
1545133760949158 52 -1
1545133762958820 310 1
1545133762967816 9 -1
1545133762967824 13 -1
1545133762967828 1500 -1
1545133762982236 8000 -1
1545133763009949 7072 -1
1545133763009968 1500 -1
1545133763009973 497 -1
0 0 0
1545133760970430 52 -1
1545133763015055 310 1
1545133763022571 9 -1
1545133763022578 13 -1
1545133763022582 1500 -1
1545133763022693 8000 -1
1545133763025170 4152 -1
0 0 0
1545133760489527 52 -1
1545133762523483 269 1
1545133762542699 9 -1
1545133762542705 13 -1
1545133762542708 1500 -1
1545133762542713 2050 -1
1545133762949781 167 1
1545133762959417 13 -1
1545133762964911 1500 -1
1545133762972941 6549 -1
1545133763372954 167 1
1545133763381618 13 -1
1545133763381627 1500 -1
1545133763383467 4068 -1
1545133763792617 169 1
1545133763796416 13 -1
1545133763796422 1500 -1
1545133763798335 6898 -1
1545133764198349 167 1
1545133764201025 13 -1
1545133764202165 1500 -1
1545133764202995 6259 -1
1545133764603008 163 1
1545133764605944 13 -1
1545133764607268 1500 -1
1545133764607718 8000 -1
1545133764609112 6952 -1
1545133764609124 422 -1
1545133765009130 164 1
1545133765012862 13 -1
1545133765015102 1500 -1
1545133765016852 8000 -1
1545133765018791 6973 -1
1545133765018802 1500 -1
1545133765020884 8000 -1
1545133765021571 5100 -1
1545133765421587 167 1
1545133765424788 13 -1
1545133765426187 1500 -1
1545133765428433 8000 -1
1545133765428919 6955 -1
1545133765428927 1500 -1
1545133765428930 76 -1
1545133765828932 164 1
1545133765831924 13 -1
1545133765832400 1500 -1
1545133765832761 8000 -1
1545133765833321 6952 -1
1545133765833331 813 -1
1545133766233337 164 1
1545133766236572 13 -1
1545133766236817 1500 -1
1545133766237836 8000 -1
1545133766238066 3395 -1
1545133766638077 166 1
1545133766640731 13 -1
1545133766641665 1500 -1
1545133766642547 8000 -1
1545133766643857 6951 -1
1545133766643866 1500 -1
1545133766644777 6542 -1
1545133767044785 167 1
1545133767047884 13 -1
1545133767048533 1500 -1
1545133767049551 8000 -1
1545133767049675 6969 -1
1545133767049681 1500 -1
1545133767049685 580 -1
1545133767449689 164 1
1545133767452634 13 -1
1545133767453751 1500 -1
1545133767454432 8000 -1
1545133767454895 6951 -1
1545133767455922 1500 -1
1545133767456556 8000 -1
1545133767457271 6893 -1
1545133767458001 1500 -1
1545133767458008 39 -1
1545133767858007 164 1
1545133767860678 13 -1
1545133767861884 1500 -1
1545133767862259 8000 -1
1545133767863258 6950 -1
1545133767863268 1500 -1
1545133767864127 8000 -1
1545133767864934 6893 -1
1545133767864939 1500 -1
1545133767865869 5807 -1
1545133768266312 164 1
1545133768270801 13 -1
1545133768276037 1500 -1
1545133768279547 8000 -1
1545133768281976 6973 -1
1545133768282000 1500 -1
1545133768283148 8000 -1
1545133768284344 6893 -1
1545133768284353 1500 -1
1545133768284357 1830 -1
1545133768684366 9 1
1545133768684380 157 1
1545133768687266 13 -1
1545133768688237 1500 -1
1545133768690986 8000 -1
1545133768692635 6951 -1
1545133768692645 854 -1
1545133769092819 153 1
1545133769095789 13 -1
1545133769096606 1500 -1
1545133769099319 8000 -1
1545133769102124 6977 -1
1545133769102133 1500 -1
1545133769103286 3573 -1
1545133769503307 166 1
1545133769508134 13 -1
1545133769511312 1500 -1
1545133769516153 8000 -1
1545133769520792 6952 -1
1545133769520809 1500 -1
1545133769523051 5227 -1
1545133769923065 137 1
1545133769927248 13 -1
1545133770063142 1500 -1
1545133770066630 8000 -1
1545133770067454 7084 -1
1545133770067466 336 -1
1545133770067471 1500 -1
1545133770067475 1500 -1
1545133770067825 3415 -1
1545133770471281 164 1
1545133770477093 13 -1
1545133770477102 1500 -1
1545133770479793 8000 -1
1545133770482689 6951 -1
1545133770482710 62 -1
1545133770882766 136 1
1545133770885694 13 -1
1545133770890160 1500 -1
1545133770907832 8000 -1
1545133770919268 6950 -1
1545133770919280 1500 -1
1545133770919285 996 -1
1545133771319347 167 1
1545133771347960 13 -1
1545133771347970 1500 -1
1545133771356127 8000 -1
1545133771359216 6973 -1
1545133771359234 1500 -1
1545133771359238 855 -1
1545133771759244 164 1
1545133771761723 13 -1
1545133771763991 1500 -1
1545133771764792 8000 -1
1545133771765495 6951 -1
1545133771765507 1500 -1
1545133771766981 8000 -1
1545133771768047 2599 -1
1545133772168058 166 1
1545133772172149 13 -1
1545133772172884 1500 -1
1545133772173850 8000 -1
1545133772173959 2808 -1
1545133776256894 17 1
0 0 0
1545133760961497 52 -1
1545133762960629 299 1
1545133762966787 9 -1
1545133762966795 13 -1
1545133762966798 1500 -1
1545133762966946 8000 -1
1545133762969466 7073 -1
1545133762969477 1500 -1
1545133762974243 5045 -1
0 0 0
1545133761017098 52 -1
1545133762508148 312 1
1545133762518966 9 -1
1545133762518973 13 -1
1545133762518976 1500 -1
1545133762526118 8000 -1
1545133762540984 7018 -1
