### "'19670 16083 16350 20745 12896 26681 13881 30740 16998 10186 19264 18190 10850 13271 23971 11092 22969 15273 23199 13660'"
0 0 0
1545149606064632 52 -1
1545149607799847 296 1
1545149607813401 9 -1
1545149607813512 13 -1
1545149607813517 1500 -1
1545149607829746 8000 -1
1545149607830815 7072 -1
1545149607830823 1500 -1
1545149607830828 1795 -1
0 0 0
1545149606014740 52 -1
1545149608025233 279 1
1545149608038755 9 -1
1545149608054477 13 -1
1545149608054487 1500 -1
1545149608058895 8000 -1
1545149608060092 7038 -1
0 0 0
1545149605779975 52 -1
1545149607810526 295 1
1545149607829282 9 -1
1545149607829290 13 -1
1545149607829292 1500 -1
1545149607830896 3011 -1
1545149608230909 167 1
1545149608233888 13 -1
1545149608234718 1500 -1
1545149608237584 4601 -1
1545149608639414 167 1
1545149608644042 13 -1
1545149608646511 1500 -1
1545149608648156 4557 -1
1545149609055493 167 1
1545149609058527 13 -1
1545149609067972 1500 -1
1545149609068386 5242 -1
1545149609468399 167 1
1545149609471130 13 -1
1545149609481838 1500 -1
1545149609484507 7814 -1
1545149609884517 166 1
1545149609887649 13 -1
1545149609889791 1500 -1
1545149609890772 5185 -1
1545149610290779 166 1
1545149610293714 13 -1
1545149610295235 1500 -1
1545149610296024 5514 -1
1545149610696038 164 1
1545149610699259 13 -1
1545149610700185 1500 -1
1545149610700747 5096 -1
1545149611100756 164 1
1545149611103652 13 -1
1545149611104411 1500 -1
1545149611105130 4852 -1
1545149611505138 154 1
1545149611508293 13 -1
1545149611509276 1500 -1
1545149611510497 8000 -1
1545149611511285 3464 -1
1545149611911295 154 1
1545149611914630 13 -1
1545149611915224 1500 -1
1545149611916727 8000 -1
1545149611917810 6950 -1
1545149611917819 1500 -1
1545149611919053 8000 -1
1545149611919059 806 -1
1545149612319066 153 1
1545149612321816 13 -1
1545149612322927 1500 -1
1545149612323841 8000 -1
1545149612324730 4470 -1
1545149612724739 167 1
1545149612727891 13 -1
1545149612729112 1500 -1
1545149612729880 8000 -1
1545149612730216 6951 -1
1545149612730518 1500 -1
1545149612730955 8000 -1
1545149612731393 4865 -1
1545149613131401 154 1
1545149613133946 13 -1
1545149613135316 1500 -1
1545149613136339 8000 -1
1545149613136448 6973 -1
1545149613136453 623 -1
1545149613536456 154 1
1545149613539437 13 -1
1545149613540489 1500 -1
1545149613541874 8000 -1
1545149613543122 754 -1
1545149613943133 163 1
1545149613946028 13 -1
1545149613946553 1500 -1
1545149613947367 5152 -1
1545149614347376 166 1
1545149614350087 13 -1
1545149614350783 1500 -1
1545149614351787 8000 -1
1545149614354837 6974 -1
1545149614354845 1500 -1
1545149614354848 1389 -1
1545149614754854 152 1
1545149614757467 13 -1
1545149614758266 1500 -1
1545149614758886 8000 -1
1545149614760169 6951 -1
1545149614760800 1500 -1
1545149614760808 315 -1
1545149615160811 9 1
1545149615160822 158 1
1545149615163464 13 -1
1545149615164241 1500 -1
1545149615167649 8000 -1
1545149615167660 1439 -1
1545149615567664 154 1
1545149615570420 13 -1
1545149615571527 1500 -1
1545149615572018 8000 -1
1545149615572489 3839 -1
1545149615972498 166 1
1545149615975235 13 -1
1545149615976540 1500 -1
1545149615977094 8000 -1
1545149615978345 6951 -1
1545149615978352 1500 -1
1545149615979309 6096 -1
1545149616379321 152 1
1545149616382262 13 -1
1545149616382785 1500 -1
1545149616385373 8000 -1
1545149616385388 1686 -1
1545149616785392 154 1
1545149616788223 13 -1
1545149616789289 1500 -1
1545149616790389 7568 -1
1545149617190398 154 1
1545149617193158 13 -1
1545149617193705 1500 -1
1545149617194844 7390 -1
1545149617594855 154 1
1545149617597465 13 -1
1545149617598903 1500 -1
1545149617599974 8000 -1
1545149617600737 6952 -1
1545149617601209 1500 -1
1545149617601888 5094 -1
1545149618001896 154 1
1545149618005101 13 -1
1545149618005755 1500 -1
1545149618007956 8000 -1
1545149618009245 5867 -1
1545149618409252 154 1
1545149618412033 13 -1
1545149618413125 1500 -1
1545149618413999 8000 -1
1545149618414806 6951 -1
1545149618414813 1500 -1
1545149618415555 5324 -1
1545149618815560 127 1
1545149618818549 13 -1
1545149618819450 1500 -1
1545149618819827 8000 -1
1545149618821162 4227 -1
1545149622876032 17 1
0 0 0
1545149606003359 52 -1
1545149608006981 307 1
1545149608045505 9 -1
1545149608045513 13 -1
1545149608045517 1500 -1
1545149608056428 8000 -1
1545149608056769 6771 -1
0 0 0
1545149605997019 52 -1
1545149607996070 269 1
1545149607999093 9 -1
1545149608000729 13 -1
1545149608000738 1500 -1
1545149608011237 8000 -1
1545149608011245 104 -1
0 0 0
1545149606032353 52 -1
1545149609574143 311 1
1545149609579675 9 -1
1545149609595288 13 -1
1545149609595295 1500 -1
1545149609603442 8000 -1
1545149609605121 7072 -1
1545149609605137 1500 -1
1545149609605705 2870 -1
