### "'26281 26469 25846 19885 23049 22052 24289 30899 40050 23569 33699 28457 11105 38397 14326 25028 15996 30278 26427 26154 34593 23700 32995'"
0 0 0
1545151342924582 52 -1
1545151346474817 311 1
1545151346486135 9 -1
1545151346491344 13 -1
1545151346693351 1500 -1
1545151346693360 1500 -1
1545151346706071 8000 -1
1545151346708033 5684 -1
1545151346708057 1453 -1
1545151346708065 1500 -1
1545151346709508 3778 -1
1545151346713523 4072 -1
1545151346715733 3730 -1
0 0 0
1545151342642439 52 -1
1545151344637431 298 1
1545151344645724 9 -1
1545151344645740 13 -1
1545151344645744 1500 -1
1545151344657134 4329 -1
1545151345057964 164 1
1545151345076104 13 -1
1545151345238851 1500 -1
1545151345238862 456 -1
1545151345346205 1500 -1
1545151345349065 8000 -1
1545151345350384 6605 -1
1545151345350392 414 -1
1545151345350396 1500 -1
1545151345351422 2581 -1
1545151345351430 744 -1
1545151345751437 155 1
1545151345755200 13 -1
1545151345851451 1500 -1
1545151345852924 8000 -1
1545151345853456 7025 -1
1545151345853464 351 -1
1545151345853468 1500 -1
1545151345854343 1500 -1
1545151345854356 2335 -1
1545151346254363 153 1
1545151346259964 13 -1
1545151346403195 404 -1
1545151346405317 1500 -1
1545151346405332 9 -1
1545151346411237 1500 -1
1545151346414789 8000 -1
1545151346417736 6596 -1
1545151346501710 1500 -1
1545151346501723 1719 -1
1545151346501880 3251 -1
1545151346901917 163 1
1545151346906002 13 -1
1545151347202698 1500 -1
1545151347202710 1500 -1
1545151347204224 8000 -1
1545151347205452 5549 -1
1545151347205465 1453 -1
1545151347205471 1500 -1
1545151347206070 8000 -1
1545151347206573 6893 -1
1545151347206583 1087 -1
1545151347207907 1500 -1
1545151347207914 2581 -1
1545151347207917 688 -1
1545151347607921 125 1
1545151347610738 13 -1
1545151347735281 1500 -1
1545151347735847 1500 -1
1545151347736527 8000 -1
1545151347737216 5525 -1
1545151347737228 1453 -1
1545151347737473 1500 -1
1545151347738155 3791 -1
1545151347738162 459 -1
1545151348138168 164 1
1545151348141231 13 -1
1545151348173406 1500 -1
1545151348174443 8000 -1
1545151348175717 7048 -1
1545151348175729 338 -1
1545151348176382 1500 -1
1545151348177221 8000 -1
1545151348178344 6893 -1
1545151348178351 611 -1
1545151348178355 9 -1
1545151348578356 135 1
1545151348581089 13 -1
1545151348730778 1500 -1
1545151348731778 1500 -1
1545151348732608 8000 -1
1545151348733283 5525 -1
1545151348733290 1453 -1
1545151348734928 1500 -1
1545151348735548 3776 -1
1545151348735978 4072 -1
1545151348735985 1290 -1
1545151349135987 153 1
1545151349138998 13 -1
1545151349304382 1500 -1
1545151349305444 1500 -1
1545151349305805 4009 -1
1545151349305986 4072 -1
1545151349305997 188 -1
1545151349706002 153 1
1545151349708633 13 -1
1545151349843206 1500 -1
1545151349843215 1500 -1
1545151349844450 8000 -1
1545151349844949 5527 -1
1545151349845476 1453 -1
1545151349933933 1500 -1
1545151349935008 8000 -1
1545151349936589 6893 -1
1545151349936598 1100 -1
1545151349936602 1500 -1
1545151349936769 1603 -1
1545151350336775 163 1
1545151350339475 13 -1
1545151350478646 1500 -1
1545151350479568 1500 -1
1545151350480043 3997 -1
1545151350481225 4072 -1
1545151350481234 3421 -1
1545151350881238 136 1
1545151350883859 13 -1
1545151351055529 1500 -1
1545151351056457 1500 -1
1545151351057416 8000 -1
1545151351058122 5549 -1
1545151351058133 1453 -1
1545151351190281 1500 -1
1545151351190290 3109 -1
1545151351191199 2600 -1
1545151351591206 158 1
1545151351594289 13 -1
1545151351724356 1500 -1
1545151351724363 1500 -1
1545151351725240 3968 -1
1545151351725631 2623 -1
1545151352125642 9 1
1545151352125651 169 1
1545151352128599 13 -1
1545151352272529 396 -1
1545151352273495 1500 -1
1545151352273505 1500 -1
1545151352275949 2328 -1
1545151352276665 4072 -1
1545151352277355 4072 -1
1545151352277362 2300 -1
1545151352677367 154 1
1545151352680302 13 -1
1545151352831861 1500 -1
1545151352831868 1500 -1
1545151352832532 8000 -1
1545151352833154 5525 -1
1545151352833529 1453 -1
1545151352833537 1500 -1
1545151352833785 3791 -1
1545151352834067 4072 -1
1545151352834316 3096 -1
1545151353234327 166 1
1545151353237279 13 -1
1545151353424935 1500 -1
1545151353424942 1500 -1
1545151353426806 8000 -1
1545151353427170 5549 -1
1545151353427179 1453 -1
1545151353427183 1500 -1
1545151353427467 3763 -1
1545151353428218 3345 -1
1545151353828226 153 1
1545151353831245 13 -1
1545151353963577 1500 -1
1545151353963585 1500 -1
1545151353964532 8000 -1
1545151353966508 5524 -1
1545151353966519 1453 -1
1545151353966524 1500 -1
1545151353967075 3790 -1
1545151353974654 3045 -1
1545151354374665 154 1
1545151354377528 13 -1
1545151354560861 1500 -1
1545151354561596 1500 -1
1545151354562512 8000 -1
1545151354562788 5549 -1
1545151354562798 1453 -1
1545151354563148 1500 -1
1545151354564131 8000 -1
1545151354564831 6893 -1
1545151354564836 390 -1
1545151354564839 9 -1
1545151354964840 154 1
1545151354968078 13 -1
1545151355135549 1500 -1
1545151355135557 1500 -1
1545151355136913 8000 -1
1545151355138163 5548 -1
1545151355138172 1453 -1
1545151355138177 1500 -1
1545151355138940 3781 -1
1545151355138946 600 -1
1545151355538952 166 1
1545151355541686 13 -1
1545151355682820 1500 -1
1545151355683749 1500 -1
1545151355684333 8000 -1
1545151355685267 5514 -1
1545151355685275 1453 -1
1545151355686612 1500 -1
1545151355687322 3813 -1
1545151355687836 4072 -1
1545151355688546 4072 -1
1545151355688552 1719 -1
1545151359739434 17 1
0 0 0
1545151342848796 52 -1
1545151344842180 271 1
1545151344856298 9 -1
1545151344856305 13 -1
1545151344987115 1500 -1
1545151344992780 1500 -1
1545151345005338 8000 -1
1545151345006302 5683 -1
1545151345006312 1453 -1
1545151345008583 1500 -1
1545151345016454 3792 -1
1545151345016464 2735 -1
0 0 0
1545151342925729 52 -1
1545151344867491 301 1
1545151344873785 9 -1
1545151344873793 13 -1
1545151345045246 1500 -1
1545151345045255 1500 -1
1545151345049889 8000 -1
1545151345065537 5681 -1
1545151345076738 1453 -1
1545151345076745 1500 -1
1545151345076748 566 -1
0 0 0
1545151342846033 52 -1
1545151344854245 301 1
1545151344857998 9 -1
1545151344858006 13 -1
1545151344946291 1500 -1
1545151344964399 8000 -1
1545151344982874 7185 -1
1545151344982884 352 -1
1545151344982889 1500 -1
1545151344982894 1500 -1
1545151344991993 3508 -1
1545151345011314 3243 -1
0 0 0
1545151342933028 52 -1
1545151344639530 301 1
1545151344642024 9 -1
1545151344643520 13 -1
1545151344664036 1500 -1
1545151344674014 8000 -1
1545151344683309 7182 -1
1545151344683319 353 -1
1545151344683324 1500 -1
1545151344697291 1500 -1
1545151344701406 3508 -1
1545151344701415 3054 -1
