### "'28657 30984 29618 33199 23692 33797 21100 21178 18039 24930 19095 20256 29914 24141 24120 33330 28548 28050 26331 19985 15501 13977 17697 18669'"
0 0 0
1545151878961681 52 -1
1545151882477522 309 1
1545151882486313 9 -1
1545151882486320 13 -1
1545151882669608 1500 -1
1545151882669620 1500 -1
1545151882671728 8000 -1
1545151882675125 5683 -1
1545151882675132 1453 -1
1545151882675135 1500 -1
1545151882687405 3775 -1
1545151882687414 598 -1
0 0 0
1545151878973114 52 -1
1545151880685790 309 1
1545151880702932 9 -1
1545151880702942 13 -1
1545151880723890 1500 -1
1545151880743374 8000 -1
1545151880769521 7183 -1
1545151880769534 338 -1
1545151880769540 1500 -1
1545151880769545 1500 -1
1545151880774394 3508 -1
1545151880782802 4072 -1
1545151880794364 1373 -1
0 0 0
1545151878673989 52 -1
1545151880716591 298 1
1545151880770501 9 -1
1545151880770509 13 -1
1545151880770512 1500 -1
1545151880785706 4280 -1
1545151881185813 166 1
1545151881188587 13 -1
1545151881286382 1500 -1
1545151881286394 1577 -1
1545151881286398 890 -1
1545151881687282 167 1
1545151881690266 13 -1
1545151881708699 1500 -1
1545151881709387 1511 -1
1545151881709399 1294 -1
1545151882109403 166 1
1545151882115416 13 -1
1545151882226882 1500 -1
1545151882226890 1535 -1
1545151882229952 1504 -1
1545151882635842 164 1
1545151882638632 13 -1
1545151882671416 1500 -1
1545151882671425 1512 -1
1545151882672923 1335 -1
1545151883072934 167 1
1545151883076095 13 -1
1545151883216546 1500 -1
1545151883216554 1536 -1
1545151883216556 1825 -1
1545151883616558 166 1
1545151883619974 13 -1
1545151883767644 1500 -1
1545151883768628 1500 -1
1545151883768638 824 -1
1545151884168644 166 1
1545151884171312 13 -1
1545151884365349 1500 -1
1545151884365356 1500 -1
1545151884365358 1156 -1
1545151884765361 136 1
1545151884768398 13 -1
1545151885101245 1500 -1
1545151885101253 387 -1
1545151885110417 1500 -1
1545151885110425 1576 -1
1545151885510430 164 1
1545151885514035 13 -1
1545151885531991 1500 -1
1545151885534151 8000 -1
1545151885536827 7024 -1
1545151885536840 338 -1
1545151885536846 1500 -1
1545151885538124 8000 -1
1545151885539351 6893 -1
1545151885539359 709 -1
1545151885539362 9 -1
1545151885939365 164 1
1545151885942594 13 -1
1545151886056904 1500 -1
1545151886057675 8000 -1
1545151886058364 7048 -1
1545151886058375 335 -1
1545151886059297 1500 -1
1545151886059306 1500 -1
1545151886059308 1399 -1
1545151886459313 126 1
1545151886461915 13 -1
1545151886601580 1500 -1
1545151886603147 8000 -1
1545151886604106 7025 -1
1545151886604115 352 -1
1545151886604120 1500 -1
1545151886605296 1500 -1
1545151886605304 1460 -1
1545151887005311 166 1
1545151887008185 13 -1
1545151887223815 1500 -1
1545151887223824 1500 -1
1545151887225003 8000 -1
1545151887225549 5548 -1
1545151887226520 1453 -1
1545151887226528 220 -1
1545151887626530 166 1
1545151887632657 13 -1
1545151887785212 1500 -1
1545151887785759 1500 -1
1545151887786371 8000 -1
1545151887786775 5524 -1
1545151887786784 1453 -1
1545151887786932 1500 -1
1545151887787053 3776 -1
1545151887787061 1835 -1
1545151888187066 167 1
1545151888193884 13 -1
1545151888382781 1500 -1
1545151888382795 1500 -1
1545151888387514 8000 -1
1545151888388448 5547 -1
1545151888388458 1453 -1
1545151888388463 1276 -1
1545151888788468 166 1
1545151888791096 13 -1
1545151888980812 1500 -1
1545151888980824 1500 -1
1545151888981533 8000 -1
1545151888984918 5525 -1
1545151888984933 1453 -1
1545151888984939 1500 -1
1545151888988550 937 -1
1545151889388560 166 1
1545151889391288 13 -1
1545151889649804 1500 -1
1545151889651779 1500 -1
1545151889661818 8000 -1
1545151889662530 5549 -1
1545151889662540 1453 -1
1545151889663296 1500 -1
1545151889663823 3762 -1
1545151889666303 4072 -1
1545151889666316 2761 -1
1545151890066320 167 1
1545151890072715 13 -1
1545151890286690 1500 -1
1545151890289691 1500 -1
1545151890294361 8000 -1
1545151890295782 5548 -1
1545151890295792 1453 -1
1545151890297999 1500 -1
1545151890300701 3763 -1
1545151890300739 1059 -1
1545151890700744 9 1
1545151890700754 155 1
1545151890703631 13 -1
1545151890874287 1500 -1
1545151890875191 1500 -1
1545151890875656 8000 -1
1545151890875892 5524 -1
1545151890875901 1453 -1
1545151890876045 1500 -1
1545151890876171 3795 -1
1545151890876179 1006 -1
1545151891276252 163 1
1545151891279058 13 -1
1545151891473317 388 -1
1545151891474444 1500 -1
1545151891474455 1500 -1
1545151891475263 8000 -1
1545151891475780 5393 -1
1545151891475787 1228 -1
1545151891606074 1500 -1
1545151891606081 2491 -1
1545151891606301 4072 -1
1545151891607054 4072 -1
1545151891608339 3376 -1
1545151892008346 125 1
1545151892011302 13 -1
1545151892209909 1500 -1
1545151892210757 1500 -1
1545151892211393 8000 -1
1545151892211842 5546 -1
1545151892211851 1453 -1
1545151892212329 1500 -1
1545151892212336 2993 -1
1545151892212817 4072 -1
1545151892213510 2164 -1
1545151892613515 164 1
1545151892616353 13 -1
1545151893013544 154 1
1545151893016511 13 -1
1545151893079714 494 -1
1545151893110552 1500 -1
1545151893110855 8000 -1
1545151893112553 7023 -1
1545151893112563 353 -1
1545151893112567 1500 -1
1545151893114502 1500 -1
1545151893115287 3508 -1
1545151893115298 3104 -1
1545151893218022 1500 -1
1545151893218502 8000 -1
1545151893224700 6893 -1
1545151893224712 1500 -1
1545151893224716 26 -1
1545151893226295 1500 -1
1545151893226307 2581 -1
1545151893229306 4072 -1
1545151893232274 1675 -1
1545151893632285 167 1
1545151893635471 13 -1
1545151893829858 1500 -1
1545151893829867 1500 -1
1545151893831661 8000 -1
1545151893832778 5525 -1
1545151893834437 1453 -1
1545151893834446 1500 -1
1545151893834450 666 -1
1545151894234452 167 1
1545151894236910 13 -1
1545151894421383 1500 -1
1545151894421907 1500 -1
1545151894423238 3981 -1
1545151894424006 4072 -1
1545151894425039 4072 -1
1545151894425046 541 -1
1545151894825051 164 1
1545151894828029 13 -1
1545151895022192 1500 -1
1545151895022200 1500 -1
1545151895023650 3985 -1
1545151895024389 4072 -1
1545151895025427 3087 -1
1545151895425435 154 1
1545151895428416 13 -1
1545151895584223 1500 -1
1545151895585054 1500 -1
1545151895586828 3981 -1
1545151895587512 4072 -1
1545151895589026 4072 -1
1545151895589042 1500 -1
1545151895589044 1228 -1
1545151895589047 9 -1
1545151895989047 166 1
1545151895992151 13 -1
1545151896147723 1500 -1
1545151896147732 1500 -1
1545151896149004 8000 -1
1545151896150859 5554 -1
1545151896150867 1453 -1
1545151896150870 850 -1
1545151900207516 17 1
0 0 0
1545151878879244 52 -1
1545151880888014 312 1
1545151880906761 9 -1
1545151880906769 13 -1
1545151880995370 1500 -1
1545151881003938 8000 -1
1545151881006783 7183 -1
1545151881006794 339 -1
1545151881006799 1500 -1
1545151881006805 1500 -1
1545151881015765 3508 -1
1545151881017641 4072 -1
1545151881031942 3699 -1
0 0 0
1545151878895129 52 -1
1545151880880835 310 1
1545151880898800 9 -1
1545151880898810 13 -1
1545151881044181 1500 -1
1545151881044191 1500 -1
1545151881047997 8000 -1
1545151881055317 5680 -1
1545151881055330 1453 -1
1545151881055335 1500 -1
1545151881055435 3765 -1
1545151881055494 4072 -1
1545151881055541 2462 -1
0 0 0
1545151878967524 52 -1
1545151880910993 309 1
1545151880920167 9 -1
1545151880920286 13 -1
1545151881052801 1500 -1
1545151881052812 1500 -1
1545151881069611 8000 -1
1545151881071636 5683 -1
1545151881071648 1453 -1
1545151881071653 1500 -1
1545151881071766 3773 -1
1545151881071825 4072 -1
1545151881071869 4072 -1
1545151881076061 1963 -1
