### "'10902 25803 17792 21726 15014 15588 22229 19067 16241 10561 16560 15532 21157 15684 15426 12915 25873 12729 21914 13081 20960 13052 19485 17580 10074 16645 18116 15790'"
0 0 0
1545152639433035 52 -1
1545152641442251 303 1
1545152641452022 9 -1
1545152641462910 13 -1
1545152641641717 1500 -1
1545152641641728 1500 -1
1545152641655475 1500 -1
1545152641655486 2642 -1
1545152641676367 4072 -1
1545152641676960 4072 -1
1545152641681444 1500 -1
1545152641681455 1313 -1
1545152641681462 9 -1
0 0 0
1545152639458295 52 -1
1545152641245786 303 1
1545152641249922 9 -1
1545152641249930 13 -1
1545152641379453 548 -1
1545152641379462 1500 -1
1545152641379465 1500 -1
1545152641386110 2328 -1
1545152641387473 4072 -1
1545152641387482 134 -1
0 0 0
1545152639455675 52 -1
1545152643018342 303 1
1545152643031491 9 -1
1545152643031501 13 -1
1545152643210115 1500 -1
1545152643210128 1500 -1
1545152643212072 1500 -1
1545152643212084 2642 -1
1545152643217066 4072 -1
1545152643218903 4072 -1
1545152643218910 601 -1
0 0 0
1545152639422222 52 -1
1545152641415880 303 1
1545152641445567 9 -1
1545152641445574 13 -1
1545152641546200 1500 -1
1545152641546213 1690 -1
1545152641562352 4072 -1
1545152641575801 3938 -1
0 0 0
1545152639247387 52 -1
1545152641242994 300 1
1545152641280061 9 -1
1545152641280069 13 -1
1545152641280072 1500 -1
1545152641282906 4169 -1
1545152641687741 153 1
1545152641693549 13 -1
1545152641819545 1500 -1
1545152641826612 1500 -1
1545152641828155 8000 -1
1545152641830232 5585 -1
1545152641830247 1453 -1
1545152641843085 1500 -1
1545152641843125 2407 -1
1545152642243131 152 1
1545152642254707 13 -1
1545152642412745 1500 -1
1545152642414196 1500 -1
1545152642417377 4007 -1
1545152642424560 4072 -1
1545152642427171 4072 -1
1545152642427179 26 -1
1545152642827179 153 1
1545152642835473 13 -1
1545152642953728 1500 -1
1545152642956389 1500 -1
1545152642957899 3985 -1
1545152642957907 1613 -1
1545152643357914 153 1
1545152643361569 13 -1
1545152643519227 1500 -1
1545152643519615 1500 -1
1545152643519712 8000 -1
1545152643520038 5548 -1
1545152643520047 1453 -1
1545152643520562 1500 -1
1545152643520573 2910 -1
1545152643920581 155 1
1545152643924018 13 -1
1545152644099368 1500 -1
1545152644100815 1500 -1
1545152644101752 4005 -1
1545152644101761 2821 -1
1545152644501769 154 1
1545152644504716 13 -1
1545152644886102 1500 -1
1545152644887349 1500 -1
1545152644887362 3613 -1
1545152645287368 154 1
1545152645290655 13 -1
1545152645423278 1500 -1
1545152645424193 1500 -1
1545152645425282 8000 -1
1545152645426389 5547 -1
1545152645426397 1453 -1
1545152645426983 1248 -1
1545152645826990 152 1
1545152645830233 13 -1
1545152646022017 1500 -1
1545152646022026 1500 -1
1545152646023427 3998 -1
1545152646024676 4072 -1
1545152646025910 4072 -1
1545152646026929 1263 -1
1545152646426940 154 1
1545152646430263 13 -1
1545152646555279 1500 -1
1545152646556140 1500 -1
1545152646557644 3980 -1
1545152646557654 3719 -1
1545152646957657 154 1
1545152646960378 13 -1
1545152647129974 1500 -1
1545152647129982 404 -1
1545152647130631 1500 -1
1545152647130915 3604 -1
1545152647131196 3040 -1
1545152647131986 4072 -1
1545152647131997 2613 -1
1545152647532004 154 1
1545152647534942 13 -1
1545152647671721 1500 -1
1545152647671728 1530 -1
1545152647672558 4072 -1
1545152647674178 4072 -1
1545152647675150 4072 -1
1545152647675156 428 -1
1545152648075160 154 1
1545152648077924 13 -1
1545152648322796 538 -1
1545152648403547 1500 -1
1545152648404136 8000 -1
1545152648405373 6893 -1
1545152648405379 1500 -1
1545152648406273 2822 -1
1545152648406280 76 -1
1545152648806279 9 1
1545152648806298 157 1
1545152648809433 13 -1
1545152648952650 1500 -1
1545152648952658 1500 -1
1545152648953324 3985 -1
1545152648955028 4072 -1
1545152648956250 4072 -1
1545152648956257 696 -1
1545152649356262 155 1
1545152649358895 13 -1
1545152649686023 1500 -1
1545152649686031 402 -1
1545152649776965 1500 -1
1545152649778427 3604 -1
1545152649779017 3040 -1
1545152649779951 2796 -1
1545152649779961 2756 -1
1545152650179964 154 1
1545152650182742 13 -1
1545152650333099 1500 -1
1545152650333107 403 -1
1545152650334175 1500 -1
1545152650335666 3604 -1
1545152650335834 4072 -1
1545152650335842 2008 -1
1545152650735849 153 1
1545152650738674 13 -1
1545152650783295 1500 -1
1545152650783303 1500 -1
1545152650783830 3981 -1
1545152650785039 2836 -1
1545152651185047 153 1
1545152651187691 13 -1
1545152651367662 1500 -1
1545152651367670 1500 -1
1545152651368051 8000 -1
1545152651369066 5548 -1
1545152651369077 1453 -1
1545152651369082 1500 -1
1545152651369357 3782 -1
1545152651370295 2772 -1
1545152651770306 154 1
1545152651773138 13 -1
1545152651832296 1500 -1
1545152651832306 1500 -1
1545152651833443 3983 -1
1545152651833956 4072 -1
1545152651833969 1815 -1
1545152652233973 153 1
1545152652236557 13 -1
1545152652392364 1500 -1
1545152652392376 1500 -1
1545152652393635 8000 -1
1545152652394700 5546 -1
1545152652394712 1453 -1
1545152652394715 1500 -1
1545152652395465 2595 -1
1545152653047809 125 1
1545152653050532 13 -1
1545152653218748 1500 -1
1545152653218755 1500 -1
1545152653219576 3996 -1
1545152653220807 4072 -1
1545152653220816 2174 -1
1545152653620819 154 1
1545152653623716 13 -1
1545152653751297 1500 -1
1545152653751304 1500 -1
1545152653752657 8000 -1
1545152653753254 5525 -1
1545152653754161 1453 -1
1545152653754167 1500 -1
1545152653754170 1641 -1
1545152654154173 153 1
1545152654157306 13 -1
1545152654300532 1500 -1
1545152654300542 1500 -1
1545152654302114 4006 -1
1545152654302981 4072 -1
1545152654302991 2138 -1
1545152654702995 154 1
1545152654705915 13 -1
1545152654854765 1500 -1
1545152654855578 1500 -1
1545152654857110 8000 -1
1545152654858314 5525 -1
1545152654858324 1453 -1
1545152654859674 1500 -1
1545152654859681 166 -1
1545152655259684 154 1
1545152655262509 13 -1
1545152655406172 1500 -1
1545152655406180 1500 -1
1545152655406530 2754 -1
1545152655806539 155 1
1545152655809852 13 -1
1545152655983065 1500 -1
1545152655983073 1500 -1
1545152655984550 3985 -1
1545152655984572 746 -1
1545152656384575 155 1
1545152656389727 13 -1
1545152656488548 1500 -1
1545152656490743 8000 -1
1545152656491949 7050 -1
1545152656491957 352 -1
1545152656491964 862 -1
1545152656893209 154 1
1545152656896884 13 -1
1545152657046286 1500 -1
1545152657047108 1500 -1
1545152657047529 4002 -1
1545152657047539 3242 -1
1545152657447545 152 1
1545152657451033 13 -1
1545152657605316 1500 -1
1545152657605323 1500 -1
1545152657605621 3982 -1
1545152657606546 4072 -1
1545152657609758 4072 -1
1545152657609769 1500 -1
1545152657609772 174 -1
1545152657609774 9 -1
1545152658009776 153 1
1545152658012790 13 -1
1545152658168565 1500 -1
1545152658171090 1500 -1
1545152658171251 8000 -1
1545152658171364 5553 -1
1545152658171370 1453 -1
1545152658171374 297 -1
1545152658571379 154 1
1545152658574142 13 -1
1545152658718413 1500 -1
1545152658720472 1500 -1
1545152658720725 3989 -1
1545152658720735 2410 -1
1545152659120744 125 1
1545152659123375 13 -1
1545152659300579 1500 -1
1545152659300593 1500 -1
1545152659301558 4003 -1
1545152659303067 4072 -1
1545152659305305 4072 -1
1545152659305315 812 -1
0 0 0
1545152639417307 52 -1
1545152641413659 302 1
1545152641447766 9 -1
1545152641447775 13 -1
1545152641608347 1500 -1
1545152641608360 1500 -1
1545152641621629 8000 -1
1545152641641469 5682 -1
1545152641641487 1453 -1
1545152641641493 1500 -1
1545152641655099 3790 -1
1545152641657938 2694 -1
