### "'31010 21163 13935 38010 18406 27892 26253 25485 30435 20971 16185 11654 20310 22360 18493 18132 20090 45322 23076 28024 24093 21402 17675 18898'"
0 0 0
1545157536439838 52 -1
1545157538165179 301 1
1545157538174714 9 -1
1545157538174722 13 -1
1545157538279346 1500 -1
1545157538289861 8000 -1
1545157538298271 7181 -1
1545157538298286 354 -1
1545157538310620 1500 -1
1545157538310648 1500 -1
1545157538313176 3508 -1
1545157538318545 4072 -1
1545157538321127 3710 -1
0 0 0
1545157536395426 52 -1
1545157539974559 272 1
1545157539978654 9 -1
1545157539978666 13 -1
1545157540111922 1500 -1
1545157540114287 8000 -1
1545157540117300 7182 -1
1545157540117308 352 -1
1545157540117311 1500 -1
1545157540123090 1500 -1
1545157540129601 3508 -1
1545157540129649 3027 -1
0 0 0
1545157536389195 52 -1
1545157538379545 300 1
1545157538431103 9 -1
1545157538431110 13 -1
1545157538530097 1500 -1
1545157538530106 1686 -1
1545157538531654 4072 -1
1545157538535238 4072 -1
1545157538539309 2903 -1
0 0 0
1545157536364055 52 -1
1545157538368002 299 1
1545157538377451 9 -1
1545157538379490 13 -1
1545157538663154 645 -1
1545157538746311 1500 -1
1545157538757091 8000 -1
1545157538759518 6893 -1
1545157538759526 1500 -1
1545157538765395 8000 -1
1545157538772619 6893 -1
1545157538787404 1500 -1
1545157538787411 1500 -1
1545157538787413 1904 -1
0 0 0
1545157536155125 52 -1
1545157538177460 296 1
1545157538183742 9 -1
1545157538183748 13 -1
1545157538183750 1500 -1
1545157538186032 4387 -1
1545157538591636 164 1
1545157538606167 13 -1
1545157538797955 1500 -1
1545157538797966 1500 -1
1545157538798836 2507 -1
1545157539198848 126 1
1545157539203195 13 -1
1545157539305644 1500 -1
1545157539306398 8000 -1
1545157539308085 7048 -1
1545157539308094 353 -1
1545157539308097 1500 -1
1545157539308100 187 -1
1545157539708106 154 1
1545157539714493 13 -1
1545157539742938 1500 -1
1545157539747675 8000 -1
1545157539750156 7024 -1
1545157539750167 354 -1
1545157539751637 1500 -1
1545157539751645 1500 -1
1545157539757882 3508 -1
1545157539762744 4072 -1
1545157539762751 592 -1
1545157540162757 154 1
1545157540165631 13 -1
1545157540323837 1500 -1
1545157540323846 1500 -1
1545157540325285 8000 -1
1545157540326510 5546 -1
1545157540326521 1453 -1
1545157540326524 1500 -1
1545157540328158 3782 -1
1545157540328807 2384 -1
1545157540728817 153 1
1545157540731452 13 -1
1545157540837360 1500 -1
1545157540838048 8000 -1
1545157540839555 7025 -1
1545157540839564 351 -1
1545157540840643 1500 -1
1545157540840651 1500 -1
1545157540841187 3508 -1
1545157540841527 4072 -1
1545157540842537 3138 -1
1545157541242541 155 1
1545157541245640 13 -1
1545157541418363 1500 -1
1545157541420017 1500 -1
1545157541422165 8000 -1
1545157541422659 5547 -1
1545157541422665 1453 -1
1545157541423327 1500 -1
1545157541423338 1652 -1
1545157541823343 167 1
1545157541826269 13 -1
1545157542017219 1500 -1
1545157542018099 1500 -1
1545157542019304 3989 -1
1545157542019618 4072 -1
1545157542020620 4072 -1
1545157542020628 1216 -1
1545157542420631 154 1
1545157542423415 13 -1
1545157542593825 1500 -1
1545157542594691 1500 -1
1545157542595997 3986 -1
1545157542596241 4072 -1
1545157542596248 736 -1
1545157542996253 154 1
1545157542999051 13 -1
1545157543116415 1500 -1
1545157543117865 8000 -1
1545157543119298 7048 -1
1545157543119311 353 -1
1545157543119321 1500 -1
1545157543119325 1500 -1
1545157543119951 591 -1
1545157543519963 126 1
1545157543522832 13 -1
1545157543659837 1500 -1
1545157543661003 8000 -1
1545157543662473 7026 -1
1545157543662482 352 -1
1545157543662485 1500 -1
1545157543663526 1500 -1
1545157543663536 2642 -1
1545157544063540 153 1
1545157544066459 13 -1
1545157544151593 1500 -1
1545157544153129 1500 -1
1545157544153966 8000 -1
1545157544154817 5548 -1
1545157544154825 1453 -1
1545157544154828 674 -1
1545157544554831 154 1
1545157544557450 13 -1
1545157544719492 1500 -1
1545157544720821 1500 -1
1545157544721182 8000 -1
1545157544721648 5527 -1
1545157544721660 1453 -1
1545157544721664 313 -1
1545157545121668 9 1
1545157545121678 158 1
1545157545124210 13 -1
1545157545261901 1500 -1
1545157545262555 8000 -1
1545157545263498 7048 -1
1545157545263506 350 -1
1545157545263508 1500 -1
1545157545263729 1500 -1
1545157545263737 374 -1
1545157545663977 155 1
1545157545666707 13 -1
1545157545819102 1500 -1
1545157545822559 1500 -1
1545157545824562 8000 -1
1545157545826106 5531 -1
1545157545826114 1453 -1
1545157545827464 1500 -1
1545157545828946 8000 -1
1545157545829768 6893 -1
1545157545833577 1077 -1
1545157545833588 1500 -1
1545157545836472 2581 -1
1545157545840316 4072 -1
1545157545840325 1898 -1
1545157546240329 154 1
1545157546242899 13 -1
1545157546262009 1500 -1
1545157546263055 8000 -1
1545157546267182 7048 -1
1545157546267192 352 -1
1545157546267196 1500 -1
1545157546268370 1500 -1
1545157546269714 3358 -1
1545157546669723 164 1
1545157546672346 13 -1
1545157546822341 1500 -1
1545157546822348 1500 -1
1545157546823533 8000 -1
1545157546824276 5524 -1
1545157546824731 1453 -1
1545157546824738 1500 -1
1545157546825363 3777 -1
1545157546825904 4072 -1
1545157546825909 856 -1
1545157547225915 155 1
1545157547229184 13 -1
1545157547261563 1500 -1
1545157547262151 8000 -1
1545157547262822 7046 -1
1545157547262831 351 -1
1545157547263994 1500 -1
1545157547264004 1500 -1
1545157547265383 3508 -1
1545157547265390 868 -1
1545157547665393 151 1
1545157547668152 13 -1
1545157547807578 1500 -1
1545157547807588 1500 -1
1545157547808199 8000 -1
1545157547808828 5525 -1
1545157547810192 1453 -1
1545157547810203 1500 -1
1545157547810206 2083 -1
1545157548210212 154 1
1545157548213105 13 -1
1545157548478711 1500 -1
1545157548479503 1500 -1
1545157548481148 3982 -1
1545157548482573 4072 -1
1545157548484604 4072 -1
1545157548484613 1500 -1
1545157548484616 1222 -1
1545157548484619 9 -1
1545157548884621 154 1
1545157548887279 13 -1
1545157549054174 1500 -1
1545157549054183 1500 -1
1545157549055863 8000 -1
1545157549057143 5548 -1
1545157549057153 1453 -1
1545157549057158 1079 -1
1545157553103645 17 1
0 0 0
1545157536359993 52 -1
1545157538344122 299 1
1545157538347061 9 -1
1545157538347926 13 -1
1545157538442028 1500 -1
1545157538459352 8000 -1
1545157538462731 7184 -1
1545157538462740 357 -1
1545157538462743 1500 -1
1545157538480037 1500 -1
1545157538480047 1440 -1
