### "'17236 16555 24289 19519 22640 11265 19584 21824 20756 22318 33534 31456 16590 21376 22734 19662 23612 11187 14066 18114 20808 17953 15420 12473'"
0 0 0
1545065647523576 52 -1
1545065649523227 273 1
1545065649526832 9 -1
1545065649527247 13 -1
1545065649527257 1500 -1
1545065649530089 8000 -1
1545065649531665 7073 -1
1545065649531676 180 -1
0 0 0
1545065647565721 52 -1
1545065651110111 314 1
1545065651113324 9 -1
1545065651114336 13 -1
1545065651114345 1500 -1
1545065651116704 8000 -1
1545065651116718 1953 -1
0 0 0
1545065647558099 52 -1
1545065649544556 302 1
1545065649549945 9 -1
1545065649550104 13 -1
1545065649553882 1500 -1
1545065649554957 8000 -1
1545065649561996 7073 -1
1545065649562469 1500 -1
1545065649562982 1644 -1
0 0 0
1545065647585913 52 -1
1545065649264081 302 1
1545065649269462 9 -1
1545065649269481 13 -1
1545065649270316 1500 -1
1545065649272570 8000 -1
1545065649276325 7071 -1
1545065649276341 861 -1
0 0 0
1545065647267374 52 -1
1545065649265092 299 1
1545065649272804 9 -1
1545065649272817 13 -1
1545065649275111 1500 -1
1545065649275210 2403 -1
1545065649680470 152 1
1545065649683662 13 -1
1545065649684676 1500 -1
1545065649684688 1423 -1
1545065650084835 150 1
1545065650088192 13 -1
1545065650088855 1500 -1
1545065650088865 1864 -1
1545065650488989 153 1
1545065650492765 13 -1
1545065650493851 1500 -1
1545065650494267 2513 -1
1545065650894280 153 1
1545065650897331 13 -1
1545065650897981 1500 -1
1545065650898825 8000 -1
1545065650899943 6955 -1
1545065650906450 1500 -1
1545065650907214 4765 -1
1545065651307380 126 1
1545065651311756 13 -1
1545065651312865 1500 -1
1545065651313793 8000 -1
1545065651316362 6975 -1
1545065651316377 1500 -1
1545065651316384 1709 -1
1545065651717002 125 1
1545065651719788 13 -1
1545065651721663 1500 -1
1545065651722411 8000 -1
1545065651723068 6952 -1
1545065651723084 1500 -1
1545065651723421 3949 -1
1545065652123442 155 1
1545065652126401 13 -1
1545065652130780 1500 -1
1545065652132016 8000 -1
1545065652135262 6973 -1
1545065652135298 1500 -1
1545065652135483 2881 -1
1545065652537506 155 1
1545065652541363 13 -1
1545065652541826 1500 -1
1545065652542435 8000 -1
1545065652544574 6952 -1
1545065652544586 1500 -1
1545065652545281 4443 -1
1545065652945801 153 1
1545065652950856 13 -1
1545065652952718 1500 -1
1545065652954638 8000 -1
1545065652956201 6941 -1
1545065652956218 1500 -1
1545065652956801 8000 -1
1545065652959460 6893 -1
1545065652959476 775 -1
1545065653359750 153 1
1545065653364698 13 -1
1545065653365522 1500 -1
1545065653366225 8000 -1
1545065653369299 6974 -1
1545065653369319 1500 -1
1545065653370399 8000 -1
1545065653370602 5581 -1
1545065653770767 154 1
1545065653775231 13 -1
1545065653776639 1500 -1
1545065653777155 8000 -1
1545065653777657 6951 -1
1545065653777985 215 -1
1545065654178639 126 1
1545065654181480 13 -1
1545065654182514 1500 -1
1545065654184250 8000 -1
1545065654184674 6973 -1
1545065654184687 1500 -1
1545065654185607 3501 -1
1545065654586469 155 1
1545065654590750 13 -1
1545065654590758 1500 -1
1545065654592042 8000 -1
1545065654592626 6952 -1
1545065654592637 1500 -1
1545065654593893 4859 -1
1545065654994551 127 1
1545065654999715 13 -1
1545065655103387 1500 -1
1545065655104624 8000 -1
1545065655107931 7083 -1
1545065655107946 352 -1
1545065655107952 1500 -1
1545065655107957 1444 -1
1545065655508724 9 1
1545065655508738 167 1
1545065655512251 13 -1
1545065655543398 1500 -1
1545065655545624 8000 -1
1545065655549184 7024 -1
1545065655549196 341 -1
1545065655549201 1500 -1
1545065655549410 1500 -1
1545065655550535 3508 -1
1545065655550547 397 -1
1545065655950745 164 1
1545065655954109 13 -1
1545065655956030 1500 -1
1545065655957279 8000 -1
1545065655957310 1755 -1
1545065656357790 135 1
1545065656362326 13 -1
1545065656458508 1500 -1
1545065656458519 1539 -1
1545065656459205 4072 -1
1545065656461590 4072 -1
1545065656463351 3047 -1
1545065656863485 153 1
1545065656866592 13 -1
1545065656867149 1500 -1
1545065656868834 8000 -1
1545065656869642 6951 -1
1545065656869658 1500 -1
1545065656869667 239 -1
1545065657269678 154 1
1545065657272405 13 -1
1545065657274266 1500 -1
1545065657274930 8000 -1
1545065657275738 6964 -1
1545065657275751 1500 -1
1545065657277038 2933 -1
1545065657677983 137 1
1545065657683323 13 -1
1545065657684140 1500 -1
1545065657684821 8000 -1
1545065657685455 6941 -1
1545065657685557 1500 -1
1545065657686087 78 -1
1545065658086160 153 1
1545065658091272 13 -1
1545065658091281 1500 -1
1545065658093483 8000 -1
1545065658094257 6000 -1
1545065658494695 155 1
1545065658497729 13 -1
1545065658501137 1500 -1
1545065658502241 8000 -1
1545065658502740 3030 -1
1545065662559703 17 1
0 0 0
1545065647531234 52 -1
1545065649531748 314 1
1545065649545648 9 -1
1545065649546026 13 -1
1545065649546089 1500 -1
1545065649548616 8000 -1
1545065649562494 7072 -1
1545065649562630 1500 -1
1545065649565124 6414 -1
