### "'24439 10835 28090 22221 21486 12147 15839 17538 11497 21624 20205 23038 23640 27514 29373 18168 18070 20249 17709 26463 21177 22886'"
0 0 0
1545160810062456 52 -1
1545160811763381 310 1
1545160811788715 9 -1
1545160811796497 13 -1
1545160811904014 1500 -1
1545160811908842 8000 -1
1545160811921298 7182 -1
1545160811921311 336 -1
1545160811921317 1500 -1
1545160811939791 1500 -1
1545160811958678 3508 -1
1545160811958692 1229 -1
0 0 0
1545160810030022 52 -1
1545160812063878 308 1
1545160812078166 9 -1
1545160812094214 13 -1
1545160812175618 1500 -1
1545160812175628 1500 -1
1545160812204571 8000 -1
1545160812214671 5681 -1
1545160812214738 1453 -1
1545160812214746 1500 -1
1545160812219986 2902 -1
0 0 0
1545160810018640 52 -1
1545160812010944 310 1
1545160812019823 9 -1
1545160812019830 13 -1
1545160812162294 1500 -1
1545160812162309 1673 -1
1545160812164658 4072 -1
1545160812165670 3888 -1
0 0 0
1545160809759745 52 -1
1545160811823764 295 1
1545160811863711 9 -1
1545160811863718 13 -1
1545160811863721 1500 -1
1545160811863737 1694 -1
1545160811874040 4072 -1
1545160811874054 273 -1
1545160812274063 168 1
1545160812276891 13 -1
1545160812371387 1500 -1
1545160812373068 1533 -1
1545160812373932 4072 -1
1545160812373943 530 -1
1545160812773954 166 1
1545160812777473 13 -1
1545160812914609 1500 -1
1545160812914618 1511 -1
1545160812917813 4072 -1
1545160812918758 1492 -1
1545160813318772 166 1
1545160813331008 13 -1
1545160813414694 1500 -1
1545160813421959 1533 -1
1545160813422812 4072 -1
1545160813422821 59 -1
1545160813822822 167 1
1545160813825811 13 -1
1545160813921697 1500 -1
1545160813922216 1512 -1
1545160813922512 4072 -1
1545160813922521 272 -1
1545160814322525 167 1
1545160814325218 13 -1
1545160814508126 1500 -1
1545160814508134 1500 -1
1545160814508543 3978 -1
1545160814508553 1799 -1
1545160814908558 168 1
1545160814911295 13 -1
1545160815065719 1500 -1
1545160815065727 1500 -1
1545160815066716 3976 -1
1545160815066729 268 -1
1545160815466733 166 1
1545160815469428 13 -1
1545160815631471 1500 -1
1545160815631479 1500 -1
1545160815632136 3959 -1
1545160815632145 1192 -1
1545160816032149 167 1
1545160816034729 13 -1
1545160816348879 1500 -1
1545160816348887 1500 -1
1545160816349792 3989 -1
1545160816349803 781 -1
1545160816749808 164 1
1545160816752550 13 -1
1545160816874234 1500 -1
1545160816874243 1500 -1
1545160816874620 3968 -1
1545160816875202 4072 -1
1545160816875322 1247 -1
1545160817275333 167 1
1545160817278698 13 -1
1545160817399450 1500 -1
1545160817399459 1500 -1
1545160817399739 1279 -1
1545160817799747 166 1
1545160817802340 13 -1
1545160817964054 1500 -1
1545160817964867 1500 -1
1545160817965100 3968 -1
1545160817965340 4072 -1
1545160817965738 4072 -1
1545160817965748 866 -1
1545160818365755 126 1
1545160818370122 13 -1
1545160818538610 1500 -1
1545160818538621 1500 -1
1545160818541065 3996 -1
1545160818541497 4072 -1
1545160818542148 4072 -1
1545160818542159 1500 -1
1545160818542456 1070 -1
1545160818542464 9 -1
1545160818942464 155 1
1545160818945037 13 -1
1545160819342480 155 1
1545160819346966 13 -1
1545160819407418 1500 -1
1545160819413276 1500 -1
1545160819416082 4008 -1
1545160819419300 4072 -1
1545160819419312 580 -1
1545160819419314 1500 -1
1545160819419317 381 -1
1545160819545081 1500 -1
1545160819547414 8000 -1
1545160819550165 6596 -1
1545160819550173 301 -1
1545160819550177 1500 -1
1545160819551136 2013 -1
1545160819951150 138 1
1545160819953807 13 -1
1545160820163158 1500 -1
1545160820163914 1500 -1
1545160820164379 3976 -1
1545160820164388 85 -1
1545160820564393 155 1
1545160820567300 13 -1
1545160820752915 1500 -1
1545160820754613 1500 -1
1545160820755260 8000 -1
1545160820755738 5526 -1
1545160820755750 1453 -1
1545160820755971 1500 -1
1545160820755978 886 -1
1545160821155980 166 1
1545160821158608 13 -1
1545160821340030 1500 -1
1545160821340039 1500 -1
1545160821342476 8000 -1
1545160821343697 5548 -1
1545160821343706 1453 -1
1545160821343710 1500 -1
1545160821344478 3719 -1
1545160821744494 9 1
1545160821744505 169 1
1545160821750735 13 -1
1545160821960546 1500 -1
1545160821960910 1500 -1
1545160821961347 8000 -1
1545160821961762 5524 -1
1545160821961771 1453 -1
1545160821962081 1500 -1
1545160821962365 3772 -1
1545160821962374 549 -1
1545160822362378 153 1
1545160822365538 13 -1
1545160822584872 1500 -1
1545160822585546 1500 -1
1545160822586218 8000 -1
1545160822587935 5547 -1
1545160822587945 1453 -1
1545160822589282 1500 -1
1545160822589714 3780 -1
1545160822591796 4072 -1
1545160822591805 343 -1
1545160822991892 135 1
1545160822996475 13 -1
1545160823160956 1500 -1
1545160823160964 1500 -1
1545160823161771 8000 -1
1545160823162515 5547 -1
1545160823163616 1453 -1
1545160823163625 1500 -1
1545160823164110 3781 -1
1545160823167009 4072 -1
1545160823167023 2201 -1
1545160823567028 164 1
1545160823569743 13 -1
1545160823652958 1500 -1
1545160823653543 8000 -1
1545160823653840 7023 -1
1545160823653846 338 -1
1545160823654570 1464 -1
1545160824054582 154 1
1545160824057319 13 -1
1545160824205523 1500 -1
1545160824205530 1500 -1
1545160824206519 8000 -1
1545160824207030 5546 -1
1545160824208045 1453 -1
1545160824208055 251 -1
1545160824608060 166 1
1545160824611046 13 -1
1545160824951807 1500 -1
1545160824951815 375 -1
1545160825045991 1500 -1
1545160825046841 8000 -1
1545160825047507 6605 -1
1545160825048264 414 -1
1545160825048271 1500 -1
1545160825048273 525 -1
1545160825448277 164 1
1545160825451085 13 -1
1545160825581522 1500 -1
1545160825581534 1500 -1
1545160825582398 3994 -1
1545160825583988 4072 -1
1545160825584706 4072 -1
1545160825585582 1500 -1
1545160825585588 1245 -1
1545160825585590 9 -1
1545160825985594 167 1
1545160825988356 13 -1
1545160826220973 1500 -1
1545160826220981 1500 -1
1545160826222144 8000 -1
1545160826222687 5550 -1
1545160826222696 1453 -1
1545160826222700 1500 -1
1545160826223501 3765 -1
1545160826223914 3379 -1
1545160826623919 166 1
1545160826626756 13 -1
1545160826787615 1500 -1
1545160826787622 1500 -1
1545160826788950 8000 -1
1545160826789579 5529 -1
1545160826791805 1453 -1
1545160826791811 1500 -1
1545160826791814 1858 -1
1545160827191816 154 1
1545160827194479 13 -1
1545160827704271 1500 -1
1545160827704280 1500 -1
1545160827704808 8000 -1
1545160827705651 5554 -1
1545160827706659 1453 -1
1545160827706669 1500 -1
1545160827707708 3567 -1
1545160831757869 17 1
0 0 0
1545160810001546 52 -1
1545160811976454 311 1
1545160811983402 9 -1
1545160811983409 13 -1
1545160812163167 1500 -1
1545160812163175 1500 -1
1545160812173126 8000 -1
1545160812178837 5681 -1
1545160812204523 1453 -1
1545160812204533 1500 -1
1545160812206984 3774 -1
1545160812207049 4072 -1
1545160812207054 925 -1
0 0 0
1545160810042753 52 -1
1545160813576783 310 1
1545160813581572 9 -1
1545160813582131 13 -1
1545160813768578 1500 -1
1545160813768587 1500 -1
1545160813775250 8000 -1
1545160813779315 5686 -1
1545160813779323 1453 -1
1545160813779327 1500 -1
1545160813790141 2167 -1
