### "'17516 31261 11939 23329 11541 25271 12760 19730 12283 17676 11280 17228 14862 16808 26436 17772 29542 22362 23505 29864 17502 16778 26319 14753'"
0 0 0
1545161195239103 52 -1
1545161197238839 292 1
1545161197247682 9 -1
1545161197247688 13 -1
1545161197261660 1500 -1
1545161197279568 8000 -1
1545161197279583 2628 -1
0 0 0
1545161194987275 52 -1
1545161197058164 295 1
1545161197074176 9 -1
1545161197074186 13 -1
1545161197074191 1500 -1
1545161197092395 2872 -1
1545161197492409 167 1
1545161197497684 13 -1
1545161197499118 1500 -1
1545161197502323 5191 -1
1545161197902338 137 1
1545161197907240 13 -1
1545161197909151 1500 -1
1545161197912657 7641 -1
1545161198312668 167 1
1545161198319842 13 -1
1545161198326860 1500 -1
1545161198329956 5703 -1
1545161198730443 166 1
1545161198734300 13 -1
1545161198736945 1500 -1
1545161198738420 5023 -1
1545161199138430 167 1
1545161199141282 13 -1
1545161199142197 1500 -1
1545161199142320 4361 -1
1545161199542327 166 1
1545161199544945 13 -1
1545161199638198 1500 -1
1545161199638205 1548 -1
1545161199638943 3611 -1
1545161200038958 163 1
1545161200041785 13 -1
1545161200191988 1500 -1
1545161200191995 1500 -1
1545161200193311 2570 -1
1545161200593322 166 1
1545161200596173 13 -1
1545161200746930 1500 -1
1545161200746936 1500 -1
1545161200746939 2001 -1
1545161201146946 154 1
1545161201149846 13 -1
1545161201246681 1500 -1
1545161201246965 8000 -1
1545161201248058 7047 -1
1545161201248070 354 -1
1545161201248724 1500 -1
1545161201248740 1500 -1
1545161201249079 3508 -1
1545161201249089 2043 -1
1545161201649092 146 1
1545161201651785 13 -1
1545161201653051 1500 -1
1545161201653437 8000 -1
1545161201653851 3327 -1
1545161202053857 153 1
1545161202056445 13 -1
1545161202179031 1500 -1
1545161202180460 8000 -1
1545161202181375 7046 -1
1545161202181383 354 -1
1545161202181385 1500 -1
1545161202181733 1500 -1
1545161202181741 10 -1
1545161202581745 154 1
1545161202584248 13 -1
1545161202722365 1500 -1
1545161202722377 1530 -1
1545161202723239 4072 -1
1545161202724735 4072 -1
1545161202725749 1250 -1
1545161203125760 155 1
1545161203128695 13 -1
1545161203510341 1500 -1
1545161203510350 411 -1
1545161203626820 1500 -1
1545161203630873 3604 -1
1545161203635262 4072 -1
1545161203639683 4072 -1
1545161203640054 2689 -1
1545161204040066 154 1
1545161204043836 13 -1
1545161204171480 1500 -1
1545161204174642 1500 -1
1545161204174800 4006 -1
1545161204175082 4072 -1
1545161204175090 364 -1
1545161204575099 154 1
1545161204577739 13 -1
1545161204696229 1500 -1
1545161204696240 1500 -1
1545161204700547 3985 -1
1545161204700980 4072 -1
1545161204701219 4072 -1
1545161204701460 1500 -1
1545161204701468 748 -1
1545161204701471 9 -1
1545161205101472 155 1
1545161205105021 13 -1
1545161205219242 1500 -1
1545161205219251 1500 -1
1545161205219632 4004 -1
1545161205220715 4072 -1
1545161205221080 3949 -1
1545161205621132 148 1
1545161205624080 13 -1
1545161205720281 1500 -1
1545161205720898 8000 -1
1545161205721339 7023 -1
1545161205721348 363 -1
1545161205721352 79 -1
1545161206121353 9 1
1545161206121371 156 1
1545161206126295 13 -1
1545161206256400 1500 -1
1545161206256412 1500 -1
1545161206259878 8000 -1
1545161206263200 5548 -1
1545161206263212 1453 -1
1545161206263217 1500 -1
1545161206263538 3792 -1
1545161206263789 3325 -1
1545161206663795 153 1
1545161206666584 13 -1
1545161206698422 1500 -1
1545161206699506 8000 -1
1545161206699751 7023 -1
1545161206699758 355 -1
1545161206699762 1051 -1
1545161207099765 126 1
1545161207102704 13 -1
1545161207247518 1500 -1
1545161207247526 1500 -1
1545161207249054 8000 -1
1545161207250657 5547 -1
1545161207250665 1453 -1
1545161207250667 1500 -1
1545161207251380 3790 -1
1545161207252421 4072 -1
1545161207253034 2361 -1
1545161207653042 154 1
1545161207655648 13 -1
1545161207801401 1500 -1
1545161207801408 1500 -1
1545161207802847 8000 -1
1545161207803860 5525 -1
1545161207805297 1453 -1
1545161207805304 1500 -1
1545161207805943 3043 -1
1545161208205952 127 1
1545161208208913 13 -1
1545161208326324 1500 -1
1545161208326332 1500 -1
1545161208328108 8000 -1
1545161208329783 5547 -1
1545161208331305 1453 -1
1545161208331312 1500 -1
1545161208332348 3789 -1
1545161208332356 397 -1
1545161208732384 126 1
1545161208735692 13 -1
1545161208877414 1500 -1
1545161208888586 1500 -1
1545161208891578 8000 -1
1545161208892783 5525 -1
1545161208892795 1453 -1
1545161208893698 1500 -1
1545161208894438 3791 -1
1545161208894677 4072 -1
1545161208894685 2682 -1
1545161209294691 153 1
1545161209297578 13 -1
1545161209456782 1500 -1
1545161209456791 1500 -1
1545161209457315 4007 -1
1545161209457840 4072 -1
1545161209459632 4072 -1
1545161209459646 1500 -1
1545161209462234 1022 -1
1545161209462245 9 -1
1545161209862245 158 1
1545161209865383 13 -1
1545161209979575 1500 -1
1545161209979588 1500 -1
1545161209981178 3979 -1
1545161209983401 4072 -1
1545161209984972 4072 -1
1545161209984983 1500 -1
1545161209984987 304 -1
1545161209984991 9 -1
1545161210384989 154 1
1545161210387596 13 -1
1545161210532272 1500 -1
1545161210532715 1500 -1
1545161210533590 8000 -1
1545161210535265 5549 -1
1545161210535274 1453 -1
1545161210536279 1500 -1
1545161210537121 3790 -1
1545161210537128 3210 -1
1545161210937134 153 1
1545161210939937 13 -1
1545161211067759 1500 -1
1545161211067768 1500 -1
1545161211068426 4010 -1
1545161211068750 4072 -1
1545161211069837 3838 -1
1545161215123668 17 1
0 0 0
1545161195285598 52 -1
1545161197015215 271 1
1545161197047626 9 -1
1545161197052151 13 -1
1545161197148711 640 -1
1545161197148724 1500 -1
1545161197155157 8000 -1
1545161197175037 6893 -1
1545161197175046 799 -1
1545161197175051 9 -1
0 0 0
1545161195248149 52 -1
1545161198770555 301 1
1545161198779039 9 -1
1545161198779046 13 -1
1545161198909589 1500 -1
1545161198909599 1686 -1
1545161198911669 4072 -1
1545161198911825 4072 -1
1545161198911832 511 -1
0 0 0
1545161195197033 52 -1
1545161197199576 290 1
1545161197209636 9 -1
1545161197209645 13 -1
1545161197225521 1500 -1
1545161197232288 8000 -1
1545161197242208 7073 -1
1545161197242219 1500 -1
1545161197257811 8000 -1
1545161197271360 5386 -1
0 0 0
1545161195214834 52 -1
1545161197216233 301 1
1545161197224142 9 -1
1545161197224150 13 -1
1545161197326133 1500 -1
1545161197342162 8000 -1
1545161197345758 7182 -1
1545161197345768 347 -1
1545161197345772 1500 -1
1545161197345778 1500 -1
1545161197348155 3508 -1
1545161197348165 108 -1
