### "'42094 20567 18521 10378 23730 29359 40485 22579 16207 19850 15264 39084 24735 24333 29082 20955 26727 17919 21229 20560 33953 28583 22644 37559'"
0 0 0
1545161510783092 52 -1
1545161512467331 309 1
1545161512475684 9 -1
1545161512487698 13 -1
1545161512576809 1500 -1
1545161512586585 8000 -1
1545161512591695 7182 -1
1545161512591707 337 -1
1545161512617464 1500 -1
1545161512625880 8000 -1
1545161512636983 6893 -1
1545161512645357 1500 -1
1545161512645368 818 -1
1545161512645372 1500 -1
1545161512649948 2581 -1
1545161512660832 2617 -1
0 0 0
1545161510762441 52 -1
1545161514313339 300 1
1545161514317367 9 -1
1545161514319409 13 -1
1545161514475301 1500 -1
1545161514475312 1500 -1
1545161514479725 8000 -1
1545161514502798 5682 -1
1545161514502806 1453 -1
1545161514502810 1500 -1
1545161514505367 8000 -1
1545161514518092 6893 -1
1545161514518102 1090 -1
1545161514524477 1500 -1
1545161514524500 2581 -1
1545161514527679 1120 -1
0 0 0
1545161510480226 52 -1
1545161512475858 296 1
1545161512502690 9 -1
1545161512502698 13 -1
1545161512502702 1500 -1
1545161512508127 4709 -1
1545161512916066 164 1
1545161512944617 13 -1
1545161513118796 1500 -1
1545161513119598 1500 -1
1545161513119925 4051 -1
1545161513119934 528 -1
1545161513519939 154 1
1545161513522920 13 -1
1545161513689527 1500 -1
1545161513690985 1500 -1
1545161513692086 8000 -1
1545161513695621 5525 -1
1545161513695632 1453 -1
1545161513700752 1500 -1
1545161513702921 3780 -1
1545161513702988 631 -1
1545161514102998 153 1
1545161514105603 13 -1
1545161514128543 1500 -1
1545161514132066 8000 -1
1545161514143473 7048 -1
1545161514143489 352 -1
1545161514143494 1500 -1
1545161514149978 1500 -1
1545161514153550 3508 -1
1545161514155361 4072 -1
1545161514155372 2061 -1
1545161514555486 154 1
1545161514558971 13 -1
1545161514774619 1500 -1
1545161514774629 1500 -1
1545161514776335 8000 -1
1545161514777077 5524 -1
1545161514777089 1453 -1
1545161514777095 1500 -1
1545161514777232 3260 -1
1545161515177244 154 1
1545161515180551 13 -1
1545161515577254 154 1
1545161515580458 13 -1
1545161515659451 1500 -1
1545161515659460 385 -1
1545161515751288 1500 -1
1545161515751298 1500 -1
1545161515753739 8000 -1
1545161515754605 5524 -1
1545161515754611 1453 -1
1545161515754613 1500 -1
1545161515754616 531 -1
1545161515794943 1500 -1
1545161515794951 3604 -1
1545161515795390 3040 -1
1545161515796738 2796 -1
1545161515797083 3560 -1
1545161516197090 164 1
1545161516199765 13 -1
1545161516231222 1500 -1
1545161516232002 1567 -1
1545161516233016 4072 -1
1545161516233534 4072 -1
1545161516234359 4072 -1
1545161516234371 134 -1
1545161516634373 168 1
1545161516637783 13 -1
1545161516957368 1500 -1
1545161516958118 1500 -1
1545161516959451 8000 -1
1545161516960441 5527 -1
1545161516960451 1453 -1
1545161516960856 1500 -1
1545161516961369 8000 -1
1545161516962337 6893 -1
1545161516963318 1049 -1
1545161516963325 1500 -1
1545161516963328 2341 -1
1545161517363376 167 1
1545161517366631 13 -1
1545161517547534 1500 -1
1545161517547542 1500 -1
1545161517548773 8000 -1
1545161517549302 5548 -1
1545161517549309 1453 -1
1545161517549312 1500 -1
1545161517550074 3761 -1
1545161517550922 1655 -1
1545161517950944 153 1
1545161517953868 13 -1
1545161518126953 1500 -1
1545161518126961 1500 -1
1545161518127623 8000 -1
1545161518128232 5547 -1
1545161518128991 1453 -1
1545161518129002 1500 -1
1545161518129950 3779 -1
1545161518129957 1235 -1
1545161518529962 154 1
1545161518532385 13 -1
1545161518707906 1500 -1
1545161518708863 1500 -1
1545161518709546 8000 -1
1545161518710520 5527 -1
1545161518710530 1453 -1
1545161518711227 1500 -1
1545161518711808 3780 -1
1545161518712607 4072 -1
1545161518712612 1911 -1
1545161519112618 166 1
1545161519115496 13 -1
1545161519311453 1500 -1
1545161519311461 1500 -1
1545161519312064 8000 -1
1545161519312733 5547 -1
1545161519313258 1453 -1
1545161519313270 1500 -1
1545161519313274 1636 -1
1545161519713278 9 1
1545161519713288 157 1
1545161519715965 13 -1
1545161520052163 1500 -1
1545161520052172 403 -1
1545161520140916 1500 -1
1545161520142833 8000 -1
1545161520145330 6599 -1
1545161520145338 420 -1
1545161520146130 1500 -1
1545161520146136 2581 -1
1545161520147850 4072 -1
1545161520147857 344 -1
1545161520547859 153 1
1545161520550700 13 -1
1545161520738283 1500 -1
1545161520738863 1500 -1
1545161520740314 8000 -1
1545161520741661 5524 -1
1545161520741672 1453 -1
1545161520741675 100 -1
1545161521141679 164 1
1545161521145132 13 -1
1545161521302490 1500 -1
1545161521302497 1500 -1
1545161521304098 8000 -1
1545161521304788 5545 -1
1545161521305749 1453 -1
1545161521305755 1500 -1
1545161521305758 1910 -1
1545161521705760 154 1
1545161521708983 13 -1
1545161521937361 1500 -1
1545161521937999 1500 -1
1545161521939001 8000 -1
1545161521940492 5525 -1
1545161521940503 1453 -1
1545161521941216 1500 -1
1545161521941229 1241 -1
1545161522341232 168 1
1545161522344075 13 -1
1545161522544238 1500 -1
1545161522544478 1500 -1
1545161522545080 8000 -1
1545161522545519 5547 -1
1545161522545531 1453 -1
1545161522545885 1500 -1
1545161522546364 3762 -1
1545161522547226 4072 -1
1545161522547571 4072 -1
1545161522547576 2728 -1
1545161522947582 153 1
1545161522950411 13 -1
1545161523146157 1500 -1
1545161523146164 1500 -1
1545161523146853 8000 -1
1545161523148136 5548 -1
1545161523149015 1453 -1
1545161523149021 1500 -1
1545161523149582 3780 -1
1545161523151151 4072 -1
1545161523151162 1412 -1
1545161523551286 153 1
1545161523554182 13 -1
1545161523727242 1500 -1
1545161523727249 1500 -1
1545161523728880 8000 -1
1545161523729352 5525 -1
1545161523730010 1453 -1
1545161523730019 1500 -1
1545161523730749 3325 -1
1545161524130757 155 1
1545161524133497 13 -1
1545161524366341 1500 -1
1545161524366351 402 -1
1545161524366361 1500 -1
1545161524368829 8000 -1
1545161524372070 6597 -1
1545161524372082 1500 -1
1545161524372755 8000 -1
1545161524373253 6893 -1
1545161524373271 1500 -1
1545161524373556 1856 -1
1545161528443382 17 1
0 0 0
1545161510714381 52 -1
1545161512700781 298 1
1545161512705118 9 -1
1545161512717894 13 -1
1545161512803235 1500 -1
1545161512815399 8000 -1
1545161512837403 7184 -1
1545161512837413 352 -1
1545161512837418 1500 -1
1545161512837422 1500 -1
1545161512838128 849 -1
0 0 0
1545161510732770 52 -1
1545161512719217 299 1
1545161512729885 9 -1
1545161512729899 13 -1
1545161512883449 1500 -1
1545161512883461 1500 -1
1545161512892553 8000 -1
1545161512901836 5681 -1
1545161512901844 1453 -1
1545161512901847 702 -1
0 0 0
1545161510733274 52 -1
1545161512714995 299 1
1545161512726845 9 -1
1545161512726860 13 -1
1545161512938784 1500 -1
1545161512938824 1500 -1
1545161512945728 1500 -1
1545161512945738 2633 -1
1545161512953858 3543 -1
