### "'31260 26867 27861 15646 16822 17972 17462 22222 34984 13499 27428 12312 12636 40317 20473 11039 28499 16363 29502 10546 10099 24467 17553'"
0 0 0
1545162252261555 52 -1
1545162254270745 310 1
1545162254291338 9 -1
1545162254319919 13 -1
1545162254466825 1500 -1
1545162254466840 1500 -1
1545162254471785 8000 -1
1545162254479260 5682 -1
1545162254479270 1453 -1
1545162254479275 1500 -1
1545162254479371 3763 -1
1545162254479436 4072 -1
1545162254479441 707 -1
0 0 0
1545162252278535 52 -1
1545162254295904 307 1
1545162254315478 9 -1
1545162254315487 13 -1
1545162254439572 1500 -1
1545162254439581 1500 -1
1545162254448148 8000 -1
1545162254483532 5683 -1
1545162254483552 1453 -1
1545162254483558 1500 -1
1545162254490845 3778 -1
1545162254492915 3770 -1
0 0 0
1545162252282683 52 -1
1545162255851307 299 1
1545162255858492 9 -1
1545162255862655 13 -1
1545162256010623 1500 -1
1545162256010634 1500 -1
1545162256016746 1500 -1
1545162256016755 2631 -1
1545162256021087 4072 -1
1545162256024739 4072 -1
1545162256030901 1500 -1
1545162256030913 354 -1
1545162256030917 9 -1
0 0 0
1545162252301001 52 -1
1545162254055246 311 1
1545162254073609 9 -1
1545162254073617 13 -1
1545162254292632 1500 -1
1545162254292643 1500 -1
1545162254299281 8000 -1
1545162254319083 5681 -1
1545162254319098 1453 -1
1545162254319104 1500 -1
1545162254330401 3763 -1
1545162254337712 4072 -1
1545162254358050 4072 -1
1545162254358060 34 -1
0 0 0
1545162252055396 52 -1
1545162254051816 296 1
1545162254082437 9 -1
1545162254082445 13 -1
1545162254180894 1500 -1
1545162254180932 1696 -1
1545162254188570 3359 -1
1545162254593088 166 1
1545162254595807 13 -1
1545162254751810 362 -1
1545162254751820 1500 -1
1545162254751823 1500 -1
1545162254752181 2328 -1
1545162254752190 528 -1
1545162255153530 167 1
1545162255163255 13 -1
1545162255330734 1500 -1
1545162255330745 1500 -1
1545162255334941 3278 -1
1545162255734956 166 1
1545162255738951 13 -1
1545162255887278 1500 -1
1545162255887287 1500 -1
1545162255889602 3955 -1
1545162255891933 2338 -1
1545162256291944 167 1
1545162256294966 13 -1
1545162256531665 1500 -1
1545162256532493 1500 -1
1545162256532576 3979 -1
1545162256532583 534 -1
1545162256932586 167 1
1545162256935133 13 -1
1545162257112733 1500 -1
1545162257113960 1500 -1
1545162257113983 3047 -1
1545162257513990 166 1
1545162257516699 13 -1
1545162257694574 1500 -1
1545162257695945 1500 -1
1545162257695964 2604 -1
1545162258095970 166 1
1545162258099602 13 -1
1545162258279319 1500 -1
1545162258279327 1500 -1
1545162258280630 3771 -1
1545162258680637 168 1
1545162258683309 13 -1
1545162258899394 1500 -1
1545162258899785 1500 -1
1545162258901509 3954 -1
1545162258901521 1376 -1
1545162259301524 164 1
1545162259304334 13 -1
1545162259469606 1500 -1
1545162259470115 1500 -1
1545162259471803 8000 -1
1545162259473111 5547 -1
1545162259473118 1453 -1
1545162259473122 153 -1
1545162259873126 154 1
1545162259876034 13 -1
1545162260019849 1500 -1
1545162260019856 1500 -1
1545162260020334 4004 -1
1545162260021000 4072 -1
1545162260021663 4072 -1
1545162260021672 1500 -1
1545162260022647 985 -1
1545162260022655 9 -1
1545162260422656 153 1
1545162260425537 13 -1
1545162260623336 1500 -1
1545162260623343 1500 -1
1545162260624017 8000 -1
1545162260625157 5525 -1
1545162260627283 1453 -1
1545162260627300 1500 -1
1545162260631822 2903 -1
1545162261031832 166 1
1545162261035318 13 -1
1545162261227266 1500 -1
1545162261227274 1500 -1
1545162261228637 8000 -1
1545162261229003 5548 -1
1545162261229733 1453 -1
1545162261229741 1500 -1
1545162261231186 8000 -1
1545162261232302 6893 -1
1545162261232309 781 -1
1545162261232313 9 -1
1545162261632317 164 1
1545162261635221 13 -1
1545162261803661 1500 -1
1545162261803669 1500 -1
1545162261804228 3959 -1
1545162261804887 4072 -1
1545162261805042 2608 -1
1545162262205049 166 1
1545162262208655 13 -1
1545162262344170 1500 -1
1545162262344179 141 -1
1545162262744184 155 1
1545162262747308 13 -1
1545162262928366 1500 -1
1545162262928376 379 -1
1545162263042046 1500 -1
1545162263043626 8000 -1
1545162263044191 6598 -1
1545162263044199 421 -1
1545162263044203 1500 -1
1545162263044410 2581 -1
1545162263044647 4072 -1
1545162263044653 1044 -1
1545162263444992 154 1
1545162263448248 13 -1
1545162263634345 1500 -1
1545162263635780 1500 -1
1545162263636226 3998 -1
1545162263636608 4072 -1
1545162263636626 1406 -1
1545162264040752 164 1
1545162264046709 13 -1
1545162264191532 1500 -1
1545162264191540 1500 -1
1545162264193016 3982 -1
1545162264194728 4072 -1
1545162264194740 1745 -1
1545162264594744 9 1
1545162264594755 167 1
1545162264597598 13 -1
1545162264837423 1500 -1
1545162264837580 1500 -1
1545162264839214 8000 -1
1545162264840206 5525 -1
1545162264840225 1453 -1
1545162264841355 1500 -1
1545162264846380 8000 -1
1545162264846654 6893 -1
1545162264846854 1074 -1
1545162264846861 1500 -1
1545162264847128 2581 -1
1545162264847135 968 -1
1545162265247140 154 1
1545162265249919 13 -1
1545162265460439 1500 -1
1545162265460463 402 -1
1545162265462030 1500 -1
1545162265462312 8000 -1
1545162265462607 6600 -1
1545162265463292 1207 -1
1545162265463299 1456 -1
1545162265863302 164 1
1545162265866016 13 -1
1545162266022084 1500 -1
1545162266022535 1500 -1
1545162266023422 3982 -1
1545162266024386 4072 -1
1545162266024395 147 -1
1545162266424397 154 1
1545162266427165 13 -1
1545162266615560 1500 -1
1545162266615568 1500 -1
1545162266618190 8000 -1
1545162266618813 5525 -1
1545162266619866 1453 -1
1545162266619872 1500 -1
1545162266620423 3778 -1
1545162266621055 4072 -1
1545162266621061 1330 -1
1545162267021066 164 1
1545162267023858 13 -1
1545162267421078 154 1
1545162267423844 13 -1
1545162267486003 1500 -1
1545162267486012 387 -1
1545162267583233 1500 -1
1545162267583242 1500 -1
1545162267585286 8000 -1
1545162267586176 5526 -1
1545162267587208 1453 -1
1545162267587227 1500 -1
1545162267588225 3779 -1
1545162267589644 4072 -1
1545162267589654 2332 -1
1545162267620511 1500 -1
1545162267621094 3604 -1
1545162267621563 4072 -1
1545162267623057 3162 -1
1545162267623064 2311 -1
1545162268023069 167 1
1545162268025874 13 -1
1545162268229152 1500 -1
1545162268229159 1500 -1
1545162268230066 3983 -1
1545162268230545 3731 -1
1545162268630553 166 1
1545162268633116 13 -1
1545162268837587 1500 -1
1545162268837594 1500 -1
1545162268838410 3963 -1
1545162268839180 3282 -1
1545162269239190 154 1
1545162269242224 13 -1
1545162269443390 1500 -1
1545162269443397 1500 -1
1545162269444326 8000 -1
1545162269444699 5553 -1
1545162269445443 1453 -1
1545162269445451 1500 -1
1545162269446134 3778 -1
1545162269446143 1370 -1
1545162269846147 153 1
1545162269848797 13 -1
1545162270025653 1500 -1
1545162270025663 1500 -1
1545162270026349 4004 -1
1545162270027026 4072 -1
1545162270027645 4072 -1
1545162270027657 1500 -1
1545162270028677 1086 -1
1545162270028684 9 -1
1545162274077364 17 1
0 0 0
1545162252270255 52 -1
1545162254299873 308 1
1545162254320233 9 -1
1545162254320238 13 -1
1545162254508087 1500 -1
1545162254508100 1500 -1
1545162254510461 1500 -1
1545162254510473 2621 -1
1545162254511115 4072 -1
1545162254511423 4072 -1
1545162254511433 681 -1
