### "'18774 19161 14650 24405 23232 22616 23220 29774 30461 16797 25659 24711 21624 25450 19043 22098 24182 18770 11974 34260 13371 30968 18569 22090'"
0 0 0
1545163290648729 52 -1
1545163292426296 311 1
1545163292443637 9 -1
1545163292443646 13 -1
1545163292566152 1500 -1
1545163292574546 8000 -1
1545163292587668 7181 -1
1545163292587681 335 -1
1545163292587688 1500 -1
1545163292587692 573 -1
0 0 0
1545163290633377 52 -1
1545163292623068 298 1
1545163292635683 9 -1
1545163292635691 13 -1
1545163292753661 1500 -1
1545163292777833 8000 -1
1545163292810935 7182 -1
1545163292810947 353 -1
1545163292810952 1500 -1
1545163292810958 1500 -1
1545163292819137 3508 -1
1545163292820853 1178 -1
0 0 0
1545163290637390 52 -1
1545163292632116 310 1
1545163292641661 9 -1
1545163292641669 13 -1
1545163292740976 1500 -1
1545163292740992 1674 -1
1545163292754646 4072 -1
1545163292778032 4072 -1
1545163292788710 3631 -1
0 0 0
1545163290639830 52 -1
1545163294203458 311 1
1545163294219379 9 -1
1545163294219387 13 -1
1545163294298704 1500 -1
1545163294305170 8000 -1
1545163294319276 7183 -1
1545163294319284 339 -1
1545163294319287 1500 -1
1545163294319291 1500 -1
1545163294320944 3508 -1
1545163294320959 19 -1
0 0 0
1545163290603685 52 -1
1545163292597164 298 1
1545163292601111 9 -1
1545163292601118 13 -1
1545163292699708 1500 -1
1545163292708965 8000 -1
1545163292735274 7183 -1
1545163292735285 354 -1
1545163292751316 1500 -1
1545163292751330 941 -1
0 0 0
1545163290397758 52 -1
1545163292430405 295 1
1545163292438541 9 -1
1545163292438549 13 -1
1545163292438553 1500 -1
1545163292444353 2842 -1
1545163292844412 167 1
1545163292849766 13 -1
1545163292961673 1500 -1
1545163292964231 1570 -1
1545163292964240 1954 -1
1545163293364245 168 1
1545163293367298 13 -1
1545163293483437 1500 -1
1545163293483447 1534 -1
1545163293483452 2248 -1
1545163293883457 151 1
1545163293886265 13 -1
1545163293979025 1500 -1
1545163293980151 1562 -1
1545163293980162 1758 -1
1545163294380169 168 1
1545163294382822 13 -1
1545163294525540 1500 -1
1545163294525900 1536 -1
1545163294525909 2201 -1
1545163294925913 167 1
1545163294928857 13 -1
1545163295045760 1500 -1
1545163295045768 1532 -1
1545163295045771 1781 -1
1545163295445773 164 1
1545163295449142 13 -1
1545163295585120 1500 -1
1545163295586422 8000 -1
1545163295587937 7026 -1
1545163295587946 336 -1
1545163295590490 1500 -1
1545163295590499 1500 -1
1545163295591536 2914 -1
1545163295991545 164 1
1545163295994047 13 -1
1545163296125897 1500 -1
1545163296126566 1500 -1
1545163296127159 8000 -1
1545163296127411 5548 -1
1545163296127428 1453 -1
1545163296127594 1500 -1
1545163296128073 3776 -1
1545163296128081 125 -1
1545163296528083 153 1
1545163296532451 13 -1
1545163296551211 1500 -1
1545163296552393 8000 -1
1545163296554530 7023 -1
1545163296554543 357 -1
1545163296554547 1500 -1
1545163296555276 1500 -1
1545163296555681 3508 -1
1545163296556051 4072 -1
1545163296556060 2471 -1
1545163296956065 155 1
1545163296958995 13 -1
1545163297235113 534 -1
1545163297326936 1500 -1
1545163297328294 8000 -1
1545163297329427 6893 -1
1545163297329435 1500 -1
1545163297329438 936 -1
1545163297330192 1500 -1
1545163297330199 2581 -1
1545163297331501 4072 -1
1545163297332423 3125 -1
1545163297732437 153 1
1545163297735119 13 -1
1545163297868943 1500 -1
1545163297869729 8000 -1
1545163297870955 7024 -1
1545163297870966 353 -1
1545163297870969 78 -1
1545163298271627 164 1
1545163298275377 13 -1
1545163298373334 495 -1
1545163298468782 1500 -1
1545163298469073 8000 -1
1545163298469686 6893 -1
1545163298469693 1500 -1
1545163298470281 1500 -1
1545163298470287 2720 -1
1545163298471561 3233 -1
1545163298871570 154 1
1545163298874190 13 -1
1545163299014492 1500 -1
1545163299016839 8000 -1
1545163299017790 7046 -1
1545163299017796 355 -1
1545163299017799 1500 -1
1545163299017801 1500 -1
1545163299018079 3508 -1
1545163299018595 1482 -1
1545163299418604 166 1
1545163299421236 13 -1
1545163299511962 1500 -1
1545163299513550 8000 -1
1545163299514618 7025 -1
1545163299514626 338 -1
1545163299515688 1500 -1
1545163299515695 1500 -1
1545163299516155 1920 -1
1545163299916163 154 1
1545163299918935 13 -1
1545163299950782 1500 -1
1545163299956105 8000 -1
1545163299959146 7014 -1
1545163299959161 394 -1
1545163299959166 1500 -1
1545163299959171 1500 -1
1545163299959794 3508 -1
1545163299963728 2182 -1
1545163300363737 155 1
1545163300366571 13 -1
1545163300467273 1500 -1
1545163300468557 8000 -1
1545163300469417 7046 -1
1545163300469424 352 -1
1545163300469427 1500 -1
1545163300470360 825 -1
1545163300870372 9 1
1545163300870383 169 1
1545163300873422 13 -1
1545163301006616 1500 -1
1545163301007934 8000 -1
1545163301009245 7037 -1
1545163301009252 376 -1
1545163301009255 1500 -1
1545163301010052 1500 -1
1545163301010059 2356 -1
1545163301410063 154 1
1545163301412873 13 -1
1545163301506244 484 -1
1545163301507514 1500 -1
1545163301508189 8000 -1
1545163301509629 6893 -1
1545163301509637 1160 -1
1545163301509640 1500 -1
1545163301510823 2581 -1
1545163301510831 2233 -1
1545163301910838 164 1
1545163301913599 13 -1
1545163302010224 1500 -1
1545163302011452 8000 -1
1545163302012989 7047 -1
1545163302012996 340 -1
1545163302012999 1500 -1
1545163302013001 564 -1
1545163302413006 154 1
1545163302415796 13 -1
1545163302532034 1500 -1
1545163302533439 1529 -1
1545163302534735 4072 -1
1545163302535765 4072 -1
1545163302535772 943 -1
1545163302935776 154 1
1545163302938668 13 -1
1545163303098713 1500 -1
1545163303098722 1500 -1
1545163303100029 8000 -1
1545163303100654 5549 -1
1545163303102396 1453 -1
1545163303102409 1500 -1
1545163303103353 8000 -1
1545163303106674 6893 -1
1545163303106689 57 -1
1545163303106693 9 -1
1545163303506687 154 1
1545163303509650 13 -1
1545163303643146 1500 -1
1545163303643154 1532 -1
1545163303643746 4072 -1
1545163303645253 4072 -1
1545163303645263 2337 -1
1545163304045269 154 1
1545163304048363 13 -1
1545163304181348 1500 -1
1545163304183015 8000 -1
1545163304183789 7048 -1
1545163304183795 353 -1
1545163304183798 1500 -1
1545163304184212 1500 -1
1545163304184699 3508 -1
1545163304185705 4072 -1
1545163304185711 3669 -1
1545163304585713 154 1
1545163304588259 13 -1
1545163304728329 1500 -1
1545163304728629 8000 -1
1545163304730167 7024 -1
1545163304730181 353 -1
1545163304730905 1500 -1
1545163304730913 350 -1
1545163305130918 153 1
1545163305133445 13 -1
1545163305307582 1500 -1
1545163305307592 1500 -1
1545163305308683 8000 -1
1545163305310075 5548 -1
1545163305310083 1453 -1
1545163305310086 1500 -1
1545163305310646 2771 -1
1545163309362642 17 1
