### "'21569 30185 13773 25519 20369 14853 20067 19037 25949 18021 32065 14359 12160 22652 27084 20190 22359 21433 17510 17263 18158 17302'"
0 0 0
1545166414258281 52 -1
1545166416272245 306 1
1545166416281391 9 -1
1545166416298912 13 -1
1545166416412213 1500 -1
1545166416428053 8000 -1
1545166416443490 7183 -1
1545166416443501 340 -1
1545166416443506 1500 -1
1545166416443510 1500 -1
1545166416449685 3508 -1
1545166416452704 4072 -1
1545166416469362 2899 -1
0 0 0
1545166414101527 52 -1
1545166416139307 281 1
1545166416141877 9 -1
1545166416147332 13 -1
1545166416147340 1500 -1
1545166416161927 3807 -1
1545166416566781 154 1
1545166416571313 13 -1
1545166416666286 1500 -1
1545166416669831 8000 -1
1545166416679679 7068 -1
1545166416679691 355 -1
1545166416679695 1500 -1
1545166416679700 1500 -1
1545166416680680 648 -1
1545166417080692 155 1
1545166417089114 13 -1
1545166417208302 1500 -1
1545166417210071 1554 -1
1545166417210437 4072 -1
1545166417211274 4072 -1
1545166417214931 3819 -1
1545166417615332 154 1
1545166417618005 13 -1
1545166417706906 1500 -1
1545166417708774 8000 -1
1545166417709823 7013 -1
1545166417709830 393 -1
1545166417709833 1500 -1
1545166417710456 1500 -1
1545166417710463 308 -1
1545166418110469 154 1
1545166418113931 13 -1
1545166418131740 1500 -1
1545166418132522 8000 -1
1545166418132823 7046 -1
1545166418132833 352 -1
1545166418133186 1500 -1
1545166418133193 1500 -1
1545166418133493 3508 -1
1545166418134082 2723 -1
1545166418534092 153 1
1545166418537130 13 -1
1545166418568336 1500 -1
1545166418569770 8000 -1
1545166418570404 7023 -1
1545166418570415 355 -1
1545166418570419 1300 -1
1545166418970423 154 1
1545166418972974 13 -1
1545166419112746 1500 -1
1545166419114089 8000 -1
1545166419116217 7037 -1
1545166419116226 394 -1
1545166419116229 1500 -1
1545166419116232 1500 -1
1545166419116517 3508 -1
1545166419117440 4072 -1
1545166419118519 4072 -1
1545166419118525 653 -1
1545166419518530 154 1
1545166419521479 13 -1
1545166419552827 1500 -1
1545166419552834 1532 -1
1545166419553321 4072 -1
1545166419554026 4072 -1
1545166419555608 3324 -1
1545166419955619 153 1
1545166419959250 13 -1
1545166420052787 1500 -1
1545166420054058 1553 -1
1545166420055197 4072 -1
1545166420055801 4072 -1
1545166420055809 1126 -1
1545166420455813 153 1
1545166420458836 13 -1
1545166420573216 1500 -1
1545166420575328 8000 -1
1545166420576111 7014 -1
1545166420576118 393 -1
1545166420576121 1500 -1
1545166420576631 1500 -1
1545166420576637 2893 -1
1545166420976641 153 1
1545166420979395 13 -1
1545166421073054 1500 -1
1545166421073778 8000 -1
1545166421074778 7048 -1
1545166421074790 354 -1
1545166421075745 1500 -1
1545166421075753 1500 -1
1545166421076583 3508 -1
1545166421077073 3856 -1
1545166421477080 154 1
1545166421479929 13 -1
1545166421877095 153 1
1545166421879823 13 -1
1545166421897763 514 -1
1545166421999458 1500 -1
1545166422000161 8000 -1
1545166422001272 7026 -1
1545166422001282 355 -1
1545166422001286 1500 -1
1545166422001290 1500 -1
1545166422002407 2638 -1
1545166422036428 1500 -1
1545166422037178 8000 -1
1545166422038018 6893 -1
1545166422039229 1500 -1
1545166422039237 936 -1
1545166422039240 1003 -1
1545166422439241 9 1
1545166422439259 157 1
1545166422442199 13 -1
1545166422543158 1500 -1
1545166422543567 8000 -1
1545166422544505 7047 -1
1545166422544516 354 -1
1545166422544874 1500 -1
1545166422544884 1500 -1
1545166422544888 1713 -1
1545166422944893 164 1
1545166422951776 13 -1
1545166422970197 1500 -1
1545166422972112 8000 -1
1545166422974635 7026 -1
1545166422974672 341 -1
1545166422974686 803 -1
1545166423374701 154 1
1545166423377829 13 -1
1545166423480610 1500 -1
1545166423481271 8000 -1
1545166423481860 7047 -1
1545166423481869 354 -1
1545166423481874 543 -1
1545166423881880 153 1
1545166423884753 13 -1
1545166424100059 1500 -1
1545166424100782 8000 -1
1545166424101606 7048 -1
1545166424101617 352 -1
1545166424102266 1440 -1
1545166424502275 154 1
1545166424505181 13 -1
1545166424622142 1500 -1
1545166424622153 120 -1
1545166425022154 154 1
1545166425025351 13 -1
1545166425110728 1500 -1
1545166425111605 1553 -1
1545166425111614 3361 -1
1545166425511617 164 1
1545166425514352 13 -1
1545166425655009 1500 -1
1545166425656875 8000 -1
1545166425658001 7013 -1
1545166425658010 380 -1
1545166425658013 556 -1
1545166429707993 17 1
0 0 0
1545166414278663 52 -1
1545166417915066 308 1
1545166417921635 9 -1
1545166417924455 13 -1
1545166418061618 1500 -1
1545166418067273 8000 -1
1545166418092164 7182 -1
1545166418092185 341 -1
1545166418092192 1500 -1
1545166418095610 830 -1
0 0 0
1545166414258204 52 -1
1545166416264214 296 1
1545166416277792 9 -1
1545166416277798 13 -1
1545166416424122 1500 -1
1545166416424169 1688 -1
1545166416435281 4072 -1
1545166416447409 4072 -1
1545166416454284 2739 -1
0 0 0
1545166414275110 52 -1
1545166416277541 297 1
1545166416289012 9 -1
1545166416293963 13 -1
1545166416468022 641 -1
1545166416468035 1500 -1
1545166416479884 8000 -1
1545166416485560 6893 -1
1545166416485569 1160 -1
1545166416485575 1500 -1
1545166416485764 2581 -1
1545166416485884 3570 -1
0 0 0
1545166414325597 52 -1
1545166416127842 295 1
1545166416136040 9 -1
1545166416141654 13 -1
1545166416285898 1500 -1
1545166416290828 8000 -1
1545166416298787 7183 -1
1545166416298795 357 -1
1545166416298798 1500 -1
1545166416298801 1500 -1
1545166416308885 1846 -1
