### "'17742 19348 12358 15990 24713 19092 22621 23919 19861 16129 27513 12439 19408 18820 24298 22341 16325 18678 16112 16534 19079 13142 18792'"
0 0 0
1545168676985588 52 -1
1545168678975137 300 1
1545168678987178 9 -1
1545168678995597 13 -1
1545168679377201 9 1
1545168679400930 1500 -1
1545168679400943 548 -1
1545168679532528 1500 -1
1545168679540331 3604 -1
1545168679547325 4072 -1
1545168679547337 1443 -1
0 0 0
1545168676966235 52 -1
1545168678971089 310 1
1545168678982603 9 -1
1545168678982613 13 -1
1545168679104780 1500 -1
1545168679104791 1500 -1
1545168679120278 1500 -1
1545168679120288 2628 -1
1545168679137784 4072 -1
1545168679150646 4072 -1
1545168679155484 1500 -1
1545168679155496 1278 -1
1545168679155500 9 -1
0 0 0
1545168676768774 52 -1
1545168678763491 298 1
1545168678839463 9 -1
1545168678839469 13 -1
1545168678839471 1500 -1
1545168678842522 3707 -1
1545168679254388 166 1
1545168679257010 13 -1
1545168679442347 1500 -1
1545168679443658 1500 -1
1545168679443669 1527 -1
1545168679843959 168 1
1545168679849695 13 -1
1545168680019010 1500 -1
1545168680019018 1500 -1
1545168680020560 2875 -1
1545168680420569 154 1
1545168680424263 13 -1
1545168680598122 1500 -1
1545168680601100 1500 -1
1545168680604833 3973 -1
1545168680612458 4072 -1
1545168680618218 4072 -1
1545168680618232 1013 -1
1545168681018238 153 1
1545168681020792 13 -1
1545168681169302 1500 -1
1545168681169310 1500 -1
1545168681171308 8000 -1
1545168681172176 5547 -1
1545168681174809 1453 -1
1545168681174819 1273 -1
1545168681574822 154 1
1545168681577618 13 -1
1545168681739596 1500 -1
1545168681741342 1500 -1
1545168681742574 8000 -1
1545168681742942 5524 -1
1545168681742948 1453 -1
1545168681743148 1500 -1
1545168681743154 3302 -1
1545168682143160 154 1
1545168682146068 13 -1
1545168682278158 1500 -1
1545168682278848 1500 -1
1545168682279232 8000 -1
1545168682279347 5546 -1
1545168682279355 1453 -1
1545168682279528 1500 -1
1545168682279601 3789 -1
1545168682279607 811 -1
1545168682679615 166 1
1545168682682831 13 -1
1545168682877950 1500 -1
1545168682879680 1500 -1
1545168682880321 8000 -1
1545168682880388 5524 -1
1545168682880392 1453 -1
1545168682880441 1500 -1
1545168682880444 542 -1
1545168683280447 154 1
1545168683283538 13 -1
1545168683344535 1500 -1
1545168683344974 1500 -1
1545168683345419 4008 -1
1545168683347634 4072 -1
1545168683350834 4072 -1
1545168683350847 1141 -1
1545168683750853 155 1
1545168683753416 13 -1
1545168683891039 1500 -1
1545168683891584 1500 -1
1545168683892798 8000 -1
1545168683894150 5525 -1
1545168683894159 1453 -1
1545168683895107 1500 -1
1545168683896134 3789 -1
1545168683897226 4072 -1
1545168683897235 333 -1
1545168684297238 163 1
1545168684300244 13 -1
1545168684486428 1500 -1
1545168684488161 1500 -1
1545168684489235 3994 -1
1545168684490409 4072 -1
1545168684490417 1535 -1
1545168684890426 154 1
1545168684893701 13 -1
1545168685037324 1500 -1
1545168685037332 1500 -1
1545168685038089 8000 -1
1545168685038601 5548 -1
1545168685040331 1453 -1
1545168685040339 1500 -1
1545168685040342 89 -1
1545168685440346 154 1
1545168685443049 13 -1
1545168685506083 1500 -1
1545168685507303 1500 -1
1545168685508126 8000 -1
1545168685508469 5523 -1
1545168685508480 1453 -1
1545168685508485 1001 -1
1545168685908490 154 1
1545168685911271 13 -1
1545168686308499 9 1
1545168686308508 157 1
1545168686311425 13 -1
1545168686379514 1500 -1
1545168686379522 401 -1
1545168686454688 1500 -1
1545168686454702 1500 -1
1545168686455922 8000 -1
1545168686456310 5527 -1
1545168686456643 1453 -1
1545168686456652 1500 -1
1545168686456993 3022 -1
1545168686516717 1500 -1
1545168686518135 8000 -1
1545168686519022 6601 -1
1545168686520120 296 -1
1545168686520127 1500 -1
1545168686524416 2581 -1
1545168686524429 2111 -1
1545168686924434 154 1
1545168686927071 13 -1
1545168687136980 1500 -1
1545168687137560 1500 -1
1545168687138119 3997 -1
1545168687138352 4072 -1
1545168687139358 4072 -1
1545168687139369 1346 -1
1545168687539372 155 1
1545168687542497 13 -1
1545168687732882 1500 -1
1545168687734096 1500 -1
1545168687734477 8000 -1
1545168687735232 5525 -1
1545168687735240 1453 -1
1545168687735242 859 -1
1545168688135248 155 1
1545168688137860 13 -1
1545168688281853 1500 -1
1545168688282761 1500 -1
1545168688283119 3998 -1
1545168688283892 4072 -1
1545168688284758 4072 -1
1545168688284765 1134 -1
1545168688684771 154 1
1545168688690291 13 -1
1545168688858677 1500 -1
1545168688858686 1500 -1
1545168688859657 3984 -1
1545168688859913 4072 -1
1545168688860146 4072 -1
1545168688860153 1500 -1
1545168688860155 56 -1
1545168688860157 9 -1
1545168689260159 153 1
1545168689262954 13 -1
1545168689452819 1500 -1
1545168689453429 1500 -1
1545168689454482 8000 -1
1545168689455164 5547 -1
1545168689455172 1453 -1
1545168689455623 1260 -1
1545168689855629 163 1
1545168689858952 13 -1
1545168689988518 1500 -1
1545168689989007 1500 -1
1545168689989339 3970 -1
1545168689991057 4072 -1
1545168689991066 2240 -1
1545168690391073 155 1
1545168690393793 13 -1
1545168690586763 1500 -1
1545168690586774 1500 -1
1545168690587500 8000 -1
1545168690588204 5549 -1
1545168690588215 1453 -1
1545168690588219 973 -1
1545168694644089 17 1
0 0 0
1545168676959313 52 -1
1545168678954965 300 1
1545168678958914 9 -1
1545168678959552 13 -1
1545168679150584 1500 -1
1545168679150597 1500 -1
1545168679165807 8000 -1
1545168679170934 5683 -1
1545168679170946 1453 -1
1545168679170950 1500 -1
1545168679170954 29 -1
0 0 0
1545168676980813 52 -1
1545168680567136 300 1
1545168680577284 9 -1
1545168680589414 13 -1
1545168680737939 1500 -1
1545168680754541 1500 -1
1545168680760576 8000 -1
1545168680763009 5681 -1
1545168680763017 1453 -1
1545168680763682 1500 -1
1545168680768388 3780 -1
1545168680768410 1614 -1
0 0 0
1545168677014725 52 -1
1545168678787394 300 1
1545168678802512 9 -1
1545168678802523 13 -1
1545168679114863 1500 -1
1545168679114876 1500 -1
1545168679139624 1290 -1
