### "'20955 18972 20618 24185 23368 20878 26174 18044 25003 19081 19771 17159 21691 19601 10631 24335 27445 20916 20381 21046 14768 18751 20061'"
0 0 0
1545171123334032 52 -1
1545171125376614 283 1
1545171125412141 9 -1
1545171125412150 13 -1
1545171125412153 1500 -1
1545171125414113 3292 -1
1545171125814127 164 1
1545171125817322 13 -1
1545171125819901 1500 -1
1545171125829656 5437 -1
1545171126231169 167 1
1545171126235394 13 -1
1545171126242797 1500 -1
1545171126243444 5276 -1
1545171126647450 166 1
1545171126652056 13 -1
1545171126652315 1500 -1
1545171126656419 7550 -1
1545171127056431 166 1
1545171127059860 13 -1
1545171127069557 1500 -1
1545171127072116 5188 -1
1545171127472124 167 1
1545171127474664 13 -1
1545171127475563 1500 -1
1545171127476535 6008 -1
1545171127876545 168 1
1545171127879149 13 -1
1545171127972579 1500 -1
1545171127972587 1582 -1
1545171127973955 4072 -1
1545171127973975 844 -1
1545171128373979 164 1
1545171128376759 13 -1
1545171128408392 1500 -1
1545171128408400 1538 -1
1545171128408568 1783 -1
1545171128808572 167 1
1545171128811722 13 -1
1545171128930927 1500 -1
1545171128932020 1511 -1
1545171128932592 4072 -1
1545171128932604 2105 -1
1545171129332608 164 1
1545171129335386 13 -1
1545171129354295 1500 -1
1545171129354990 8000 -1
1545171129358237 7047 -1
1545171129358246 337 -1
1545171129359277 1500 -1
1545171129359287 1500 -1
1545171129359291 1175 -1
1545171129759296 164 1
1545171129762293 13 -1
1545171129848192 1500 -1
1545171129849859 8000 -1
1545171129850766 7023 -1
1545171129850773 336 -1
1545171129850776 1500 -1
1545171129854639 1500 -1
1545171129856418 3508 -1
1545171129856428 2964 -1
1545171130256431 164 1
1545171130259146 13 -1
1545171130457229 1500 -1
1545171130457236 1500 -1
1545171130458214 8000 -1
1545171130458843 5548 -1
1545171130459028 1453 -1
1545171130459035 225 -1
1545171130859038 164 1
1545171130861668 13 -1
1545171130880342 1500 -1
1545171130881967 8000 -1
1545171130883508 7024 -1
1545171130883517 338 -1
1545171130883520 1500 -1
1545171130884285 1500 -1
1545171130885448 3508 -1
1545171130885463 1791 -1
1545171131285470 166 1
1545171131288182 13 -1
1545171131319537 1500 -1
1545171131320895 8000 -1
1545171131322065 7050 -1
1545171131322073 341 -1
1545171131322077 1500 -1
1545171131322703 874 -1
1545171131722713 155 1
1545171131725243 13 -1
1545171131726938 1500 -1
1545171131728754 8000 -1
1545171131730429 6955 -1
1545171131730438 1500 -1
1545171131730441 1896 -1
1545171132130443 155 1
1545171132132937 13 -1
1545171132247082 1500 -1
1545171132247992 8000 -1
1545171132249619 7047 -1
1545171132249627 354 -1
1545171132249631 439 -1
1545171132649636 164 1
1545171132652224 13 -1
1545171132785703 1500 -1
1545171132787182 8000 -1
1545171132788883 7025 -1
1545171132788893 337 -1
1545171132788896 1500 -1
1545171132789305 1500 -1
1545171132789314 1988 -1
1545171133189316 153 1
1545171133192173 13 -1
1545171133265427 1500 -1
1545171133265438 1500 -1
1545171133269971 8000 -1
1545171133272567 5546 -1
1545171133272579 1457 -1
1545171133272584 1500 -1
1545171133272589 278 -1
1545171133672598 9 1
1545171133672608 169 1
1545171133676728 13 -1
1545171133678850 1500 -1
1545171133681816 8000 -1
1545171133681865 1198 -1
1545171134081871 154 1
1545171134085200 13 -1
1545171134198067 1500 -1
1545171134198874 8000 -1
1545171134200932 7045 -1
1545171134200940 354 -1
1545171134200944 1500 -1
1545171134211417 1500 -1
1545171134212200 3508 -1
1545171134212211 1107 -1
1545171134612216 163 1
1545171134614770 13 -1
1545171134616977 1500 -1
1545171134619619 8000 -1
1545171134619991 6951 -1
1545171134620275 1500 -1
1545171134625052 8000 -1
1545171134625085 1570 -1
1545171135025090 164 1
1545171135028759 13 -1
1545171135207324 1500 -1
1545171135209526 1500 -1
1545171135210924 8000 -1
1545171135211604 5547 -1
1545171135211613 1453 -1
1545171135213912 1500 -1
1545171135213920 1597 -1
1545171135613924 153 1
1545171135617146 13 -1
1545171135714468 1500 -1
1545171135716472 8000 -1
1545171135717592 7026 -1
1545171135717606 356 -1
1545171135727707 1500 -1
1545171135727720 1500 -1
1545171135727725 659 -1
1545171136127731 154 1
1545171136130607 13 -1
1545171136223411 1500 -1
1545171136224812 8000 -1
1545171136225352 7037 -1
1545171136225361 394 -1
1545171136226120 1500 -1
1545171136226128 1500 -1
1545171136226131 1286 -1
1545171136626137 154 1
1545171136629123 13 -1
1545171136747883 1500 -1
1545171136747891 1531 -1
1545171136748334 4072 -1
1545171136748662 4072 -1
1545171136749142 3735 -1
1545171137149151 163 1
1545171137151987 13 -1
1545171137245715 1500 -1
1545171137246662 8000 -1
1545171137249103 7048 -1
1545171137249112 338 -1
1545171137249114 1500 -1
1545171137249117 547 -1
1545171137649121 164 1
1545171137651822 13 -1
1545171137791794 1500 -1
1545171137792828 1500 -1
1545171137793301 3971 -1
1545171137793320 1918 -1
1545171138193323 154 1
1545171138196886 13 -1
1545171138333573 1500 -1
1545171138334391 8000 -1
1545171138336858 7047 -1
1545171138336871 354 -1
1545171138337639 1500 -1
1545171138337651 1500 -1
1545171138337655 341 -1
1545171142390935 17 1
0 0 0
1545171124610975 52 -1
1545171125357203 310 1
1545171125361098 9 -1
1545171125373634 13 -1
1545171125379503 1500 -1
1545171125387330 8000 -1
1545171125387872 7182 -1
1545171125387879 339 -1
1545171125387883 1500 -1
1545171125387888 1500 -1
1545171125388033 1250 -1
0 0 0
1545171123578649 52 -1
1545171127155400 300 1
1545171127177501 9 -1
1545171127177508 13 -1
1545171127177510 1500 -1
1545171127180910 8000 -1
1545171127183014 7073 -1
1545171127183024 1500 -1
1545171127186178 5493 -1
0 0 0
1545171123566005 52 -1
1545171125585801 310 1
1545171125591408 9 -1
1545171125591414 13 -1
1545171125727688 1500 -1
1545171125731536 8000 -1
1545171125731672 7182 -1
1545171125731678 338 -1
1545171125731682 1500 -1
1545171125731687 1500 -1
1545171125731749 3508 -1
1545171125731799 973 -1
0 0 0
1545171123541190 52 -1
1545171125543635 310 1
1545171125555415 9 -1
1545171125555431 13 -1
1545171125568851 1500 -1
1545171125587062 8000 -1
1545171125588806 7073 -1
1545171125588816 1500 -1
1545171125588819 1097 -1
0 0 0
1545171123558965 52 -1
1545171125568668 310 1
1545171125584731 9 -1
1545171125585894 13 -1
1545171125707285 1500 -1
1545171125711302 8000 -1
1545171125727847 7183 -1
1545171125727856 340 -1
1545171125727860 1500 -1
1545171125727865 1500 -1
1545171125740612 912 -1
