### "'23543 24600 25849 34229 25427 28252 30232 27524 30387 27021 26957 30004 23036 30675 19239 24758 18348 20874 20264 20335 10389 18465 23805 20722'"
0 0 0
1545174312200165 52 -1
1545174314223293 310 1
1545174314254997 9 -1
1545174314255008 13 -1
1545174314255012 1500 -1
1545174314264528 8000 -1
1545174314265031 7072 -1
1545174314265066 1500 -1
1545174314265605 8000 -1
1545174314266026 6893 -1
1545174314266056 1470 -1
0 0 0
1545174312222157 52 -1
1545174315863453 312 1
1545174315866138 9 -1
1545174315875478 13 -1
1545174315875486 1500 -1
1545174315880234 8000 -1
1545174315882377 7071 -1
1545174315882407 1500 -1
1545174315883628 8000 -1
1545174315887240 4512 -1
0 0 0
1545174312233165 52 -1
1545174314005749 310 1
1545174314034181 9 -1
1545174314034186 13 -1
1545174314034189 1500 -1
1545174314063695 8000 -1
1545174314078413 7073 -1
1545174314078429 1500 -1
1545174314078565 5668 -1
0 0 0
1545174312002946 52 -1
1545174314030353 295 1
1545174314047140 9 -1
1545174314047149 13 -1
1545174314047153 1500 -1
1545174314064283 5775 -1
1545174314465451 155 1
1545174314477652 13 -1
1545174314477668 1500 -1
1545174314479931 8000 -1
1545174314486293 6951 -1
1545174314486304 1500 -1
1545174314488420 7552 -1
1545174314890003 153 1
1545174314892696 13 -1
1545174314899400 1500 -1
1545174314909397 8000 -1
1545174314911715 6954 -1
1545174314911733 1500 -1
1545174314912453 8000 -1
1545174314912462 2377 -1
1545174315312466 166 1
1545174315315553 13 -1
1545174315318003 1500 -1
1545174315327287 8000 -1
1545174315329240 6979 -1
1545174315329248 1500 -1
1545174315335308 8000 -1
1545174315336473 4357 -1
1545174315736485 166 1
1545174315741811 13 -1
1545174315742366 1500 -1
1545174315743954 8000 -1
1545174315744078 6946 -1
1545174315744084 1500 -1
1545174315746446 8000 -1
1545174315746458 1649 -1
1545174316146465 164 1
1545174316151267 13 -1
1545174316154590 1500 -1
1545174316157108 8000 -1
1545174316158307 6974 -1
1545174316158319 1500 -1
1545174316158438 8000 -1
1545174316158445 1146 -1
1545174316558449 164 1
1545174316561191 13 -1
1545174316562567 1500 -1
1545174316563614 8000 -1
1545174316564365 6941 -1
1545174316564839 1500 -1
1545174316566593 8000 -1
1545174316566601 1082 -1
1545174316966604 167 1
1545174316969509 13 -1
1545174316969874 1500 -1
1545174316970221 8000 -1
1545174316970955 6952 -1
1545174316970960 1500 -1
1545174316971270 8000 -1
1545174316971561 4129 -1
1545174317371569 168 1
1545174317374255 13 -1
1545174317375722 1500 -1
1545174317376133 8000 -1
1545174317377807 6973 -1
1545174317378344 1500 -1
1545174317378899 5161 -1
1545174317778904 166 1
1545174317781797 13 -1
1545174317782830 1500 -1
1545174317785497 8000 -1
1545174317786294 6952 -1
1545174317786301 1500 -1
1545174317787125 8000 -1
1545174317787731 4800 -1
1545174318187740 153 1
1545174318190526 13 -1
1545174318191951 1500 -1
1545174318192374 8000 -1
1545174318194788 6964 -1
1545174318195539 1500 -1
1545174318195545 1364 -1
1545174318595551 163 1
1545174318598566 13 -1
1545174318599871 1500 -1
1545174318600646 8000 -1
1545174318601634 6952 -1
1545174318602485 1500 -1
1545174318602997 6883 -1
1545174319003005 167 1
1545174319005803 13 -1
1545174319006733 1500 -1
1545174319007056 8000 -1
1545174319007401 6973 -1
1545174319007816 1500 -1
1545174319007823 473 -1
1545174319407830 9 1
1545174319407849 167 1
1545174319410662 13 -1
1545174319412496 1500 -1
1545174319412737 8000 -1
1545174319414399 6951 -1
1545174319415533 1500 -1
1545174319415542 2999 -1
1545174319815570 152 1
1545174319818378 13 -1
1545174319818958 1500 -1
1545174319820197 8000 -1
1545174319820927 6950 -1
1545174319820937 1500 -1
1545174319821154 2389 -1
1545174320221165 167 1
1545174320224207 13 -1
1545174320225208 1500 -1
1545174320225838 8000 -1
1545174320227444 6973 -1
1545174320227454 1500 -1
1545174320227760 2460 -1
1545174320627766 166 1
1545174320631022 13 -1
1545174320631724 1500 -1
1545174320632747 8000 -1
1545174320632756 957 -1
1545174321032761 167 1
1545174321036237 13 -1
1545174321036244 1500 -1
1545174321037008 8000 -1
1545174321037697 6973 -1
1545174321037705 1500 -1
1545174321037708 590 -1
1545174321437725 167 1
1545174321441518 13 -1
1545174321442396 1500 -1
1545174321442896 8000 -1
1545174321443741 6941 -1
1545174321444020 1500 -1
1545174321445031 5930 -1
1545174321845043 167 1
1545174321848067 13 -1
1545174321849133 1500 -1
1545174321849865 8000 -1
1545174321850870 6955 -1
1545174321850879 1500 -1
1545174321851778 2847 -1
1545174325899270 17 1
0 0 0
1545174312190639 52 -1
1545174314196556 311 1
1545174314223866 9 -1
1545174314223874 13 -1
1545174314223878 1500 -1
1545174314253026 8000 -1
1545174314253801 7071 -1
1545174314253811 1500 -1
1545174314253895 6725 -1
0 0 0
1545174312198752 52 -1
1545174314209622 311 1
1545174314218542 9 -1
1545174314237743 13 -1
1545174314237753 1500 -1
1545174314259042 8000 -1
1545174314267996 7072 -1
1545174314268006 1500 -1
1545174314270156 7974 -1
