### "'23605 26789 30642 17179 37891 41576 22569 26059 32688 20847 31228 15163 27371 26783 23320 24552 24879 14682 14299 19948 16509 19513 22975 17766'"
0 0 0
1545175158024874 52 -1
1545175159749726 314 1
1545175159766693 9 -1
1545175159766698 13 -1
1545175159766702 1500 -1
1545175159771324 8000 -1
1545175159775495 7072 -1
1545175159775506 1500 -1
1545175159777144 5730 -1
0 0 0
1545175157964289 52 -1
1545175159972707 313 1
1545175159979266 9 -1
1545175159986653 13 -1
1545175159986661 1500 -1
1545175159992013 8000 -1
1545175160015729 7073 -1
1545175160015737 1500 -1
1545175160038318 8000 -1
1545175160038329 914 -1
0 0 0
1545175157978524 52 -1
1545175159976190 313 1
1545175159983505 9 -1
1545175160015515 13 -1
1545175160015521 1500 -1
1545175160038480 8000 -1
1545175160050389 7072 -1
1545175160050399 1500 -1
1545175160055155 8000 -1
1545175160056965 4767 -1
0 0 0
1545175157739978 52 -1
1545175159737420 298 1
1545175159759450 9 -1
1545175159759459 13 -1
1545175159759463 1500 -1
1545175159766256 4792 -1
1545175160166334 166 1
1545175160171543 13 -1
1545175160171899 1500 -1
1545175160172508 6025 -1
1545175160572522 166 1
1545175160576755 13 -1
1545175160582004 1500 -1
1545175160584494 5434 -1
1545175160984507 164 1
1545175160987744 13 -1
1545175160988773 1500 -1
1545175160993221 5321 -1
1545175161393231 164 1
1545175161395880 13 -1
1545175161397007 1500 -1
1545175161397764 4702 -1
1545175161797772 163 1
1545175161800719 13 -1
1545175161801570 1500 -1
1545175161802918 3624 -1
1545175162202932 164 1
1545175162205602 13 -1
1545175162342087 1500 -1
1545175162343065 1574 -1
1545175162343075 3058 -1
1545175162743079 166 1
1545175162745819 13 -1
1545175162747077 1500 -1
1545175162747911 5580 -1
1545175163147920 164 1
1545175163150560 13 -1
1545175163151410 1500 -1
1545175163151937 7070 -1
1545175163551949 155 1
1545175163554596 13 -1
1545175163555757 1500 -1
1545175163556588 8000 -1
1545175163559019 6955 -1
1545175163560188 1500 -1
1545175163560733 8000 -1
1545175163561461 6893 -1
1545175163562117 1500 -1
1545175163563774 7317 -1
1545175163963795 167 1
1545175163966518 13 -1
1545175163968084 1500 -1
1545175163969534 8000 -1
1545175163970590 6951 -1
1545175163971116 1500 -1
1545175163971767 4694 -1
1545175164371775 153 1
1545175164374864 13 -1
1545175164375671 1500 -1
1545175164378018 8000 -1
1545175164378722 6973 -1
1545175164379175 1500 -1
1545175164380880 8000 -1
1545175164380885 184 -1
1545175164780891 154 1
1545175164783557 13 -1
1545175164785362 1500 -1
1545175164786215 8000 -1
1545175164786772 6951 -1
1545175164786780 1500 -1
1545175164787288 8000 -1
1545175164787673 6813 -1
1545175165187680 154 1
1545175165190692 13 -1
1545175165193202 1500 -1
1545175165194828 8000 -1
1545175165196050 6973 -1
1545175165197011 1500 -1
1545175165197020 2972 -1
1545175165597025 166 1
1545175165600004 13 -1
1545175165600588 1500 -1
1545175165601888 8000 -1
1545175165602458 6952 -1
1545175165602467 1500 -1
1545175165602818 8000 -1
1545175165603742 5353 -1
1545175166003750 164 1
1545175166006511 13 -1
1545175166007200 1500 -1
1545175166009427 8000 -1
1545175166010141 5743 -1
1545175166410175 166 1
1545175166413329 13 -1
1545175166415034 1500 -1
1545175166415758 8000 -1
1545175166417119 6956 -1
1545175166417439 1500 -1
1545175166419011 8000 -1
1545175166419020 1496 -1
1545175166819023 154 1
1545175166821580 13 -1
1545175166825091 1500 -1
1545175166825530 8000 -1
1545175166826660 6952 -1
1545175166826923 1500 -1
1545175166828155 8000 -1
1545175166828164 908 -1
1545175167228169 9 1
1545175167228180 169 1
1545175167230905 13 -1
1545175167232242 1500 -1
1545175167233880 8000 -1
1545175167234795 6974 -1
1545175167234804 1500 -1
1545175167235139 5445 -1
1545175167635147 166 1
1545175167638182 13 -1
1545175167639376 1500 -1
1545175167641170 8000 -1
1545175167642315 6942 -1
1545175167642535 1500 -1
1545175167643001 6677 -1
1545175168043009 155 1
1545175168045518 13 -1
1545175168046470 1500 -1
1545175168047322 8000 -1
1545175168049070 6975 -1
1545175168049078 1500 -1
1545175168049920 7004 -1
1545175168449927 154 1
1545175168452569 13 -1
1545175168452997 1500 -1
1545175168454074 8000 -1
1545175168454799 5239 -1
1545175168854805 154 1
1545175168860121 13 -1
1545175168860503 1500 -1
1545175168861569 8000 -1
1545175168861915 4856 -1
1545175169261927 166 1
1545175169264542 13 -1
1545175169265494 1500 -1
1545175169266804 8000 -1
1545175169267176 6974 -1
1545175169267812 1500 -1
1545175169267819 2073 -1
1545175169667825 164 1
1545175169670380 13 -1
1545175169671465 1500 -1
1545175169673787 8000 -1
1545175169675173 6951 -1
1545175169675184 134 -1
1545175170075182 168 1
1545175170078240 13 -1
1545175170080438 1500 -1
1545175170081360 8000 -1
1545175170082489 6973 -1
1545175170083199 1500 -1
1545175170083206 1638 -1
1545175170483214 168 1
1545175170485915 13 -1
1545175170608418 1500 -1
1545175170608779 8000 -1
1545175170609361 7024 -1
1545175170609368 333 -1
1545175170609705 1500 -1
1545175170609713 1500 -1
1545175170610290 3276 -1
1545175171010298 164 1
1545175171013259 13 -1
1545175171015771 1500 -1
1545175171016460 8000 -1
1545175171016549 6964 -1
1545175171016779 1391 -1
1545175175066336 17 1
0 0 0
1545175158008934 52 -1
1545175161555510 300 1
1545175161558839 9 -1
1545175161563288 13 -1
1545175161571269 1500 -1
1545175161574503 8000 -1
1545175161583900 7073 -1
1545175161583911 1500 -1
1545175161589366 8000 -1
1545175161599208 6893 -1
1545175161599215 1500 -1
1545175161602926 3632 -1
0 0 0
1545175158005813 52 -1
1545175160015400 301 1
1545175160022817 9 -1
1545175160026658 13 -1
1545175160026666 1500 -1
1545175160047649 8000 -1
1545175160057255 7071 -1
1545175160057265 804 -1
