### "'27537 15789 30812 13774 20924 23580 34220 32962 21395 21620 23323 18460 21468 22871 16517 23720 15406 26823 24512 18752 14319 14106 13111 21937'"
0 0 0
1545058429802111 52 -1
1545058433321824 272 1
1545058433324657 9 -1
1545058433325693 13 -1
1545058433326647 1500 -1
1545058433328228 8000 -1
1545058433331461 7073 -1
1545058433331471 1500 -1
1545058433332560 3049 -1
0 0 0
1545058429508502 52 -1
1545058431505345 297 1
1545058431509982 9 -1
1545058431509995 13 -1
1545058431510002 1500 -1
1545058431510594 5483 -1
1545058431910751 123 1
1545058431915298 13 -1
1545058431915311 1500 -1
1545058431916152 3061 -1
1545058432316560 124 1
1545058432319560 13 -1
1545058432320602 1500 -1
1545058432321156 4561 -1
1545058432721185 151 1
1545058432726330 13 -1
1545058432726341 1500 -1
1545058432728278 6341 -1
1545058433128524 168 1
1545058433131680 13 -1
1545058433133680 1500 -1
1545058433133966 5445 -1
1545058433534832 137 1
1545058433538184 13 -1
1545058433538999 1500 -1
1545058433544716 8000 -1
1545058433546526 6958 -1
1545058433547165 1500 -1
1545058433548141 5705 -1
1545058433948359 166 1
1545058433951939 13 -1
1545058433953404 1500 -1
1545058433954465 8000 -1
1545058433956113 6951 -1
1545058433956129 1500 -1
1545058433958008 8000 -1
1545058433959290 6893 -1
1545058433959353 1461 -1
1545058434359936 166 1
1545058434362716 13 -1
1545058434364110 1500 -1
1545058434364704 8000 -1
1545058434365529 6978 -1
1545058434365539 1500 -1
1545058434366143 8000 -1
1545058434366922 6893 -1
1545058434366931 203 -1
1545058434767316 154 1
1545058434770449 13 -1
1545058434771522 1500 -1
1545058434772324 8000 -1
1545058434780265 6951 -1
1545058434780286 1500 -1
1545058434781280 3520 -1
1545058435181517 153 1
1545058435185272 13 -1
1545058435185786 1500 -1
1545058435186935 8000 -1
1545058435187636 6974 -1
1545058435187652 1500 -1
1545058435189030 3745 -1
1545058435589745 164 1
1545058435592979 13 -1
1545058435593516 1500 -1
1545058435594142 8000 -1
1545058435595468 6952 -1
1545058435595485 1500 -1
1545058435595918 5448 -1
1545058435996758 164 1
1545058436000307 13 -1
1545058436001227 1500 -1
1545058436002324 8000 -1
1545058436003814 6952 -1
1545058436003842 1500 -1
1545058436003851 585 -1
1545058436403857 166 1
1545058436406998 13 -1
1545058436407522 1500 -1
1545058436408584 8000 -1
1545058436410507 6972 -1
1545058436410526 1500 -1
1545058436411506 3593 -1
1545058436811705 164 1
1545058436814978 13 -1
1545058436816639 1500 -1
1545058436818485 8000 -1
1545058436821723 6952 -1
1545058436821742 1500 -1
1545058436822515 4996 -1
1545058437222738 136 1
1545058437225562 13 -1
1545058437226353 1500 -1
1545058437229046 8000 -1
1545058437229666 6973 -1
1545058437229677 142 -1
1545058437629882 9 1
1545058437629897 166 1
1545058437632705 13 -1
1545058437633629 1500 -1
1545058437634778 8000 -1
1545058437637908 6951 -1
1545058437637922 1500 -1
1545058437638630 5845 -1
1545058438038641 136 1
1545058438041414 13 -1
1545058438042807 1500 -1
1545058438045130 8000 -1
1545058438046207 6000 -1
1545058438447265 136 1
1545058438450445 13 -1
1545058438451864 1500 -1
1545058438454713 8000 -1
1545058438456625 6952 -1
1545058438456639 1500 -1
1545058438457726 8000 -1
1545058438457740 948 -1
1545058438857805 166 1
1545058438862089 13 -1
1545058438862922 1500 -1
1545058438863511 8000 -1
1545058438866293 6951 -1
1545058438866314 1500 -1
1545058438867594 6637 -1
1545058439268599 163 1
1545058439272076 13 -1
1545058439273422 1500 -1
1545058439274724 8000 -1
1545058439276349 6974 -1
1545058439276362 1500 -1
1545058439276475 877 -1
1545058439676904 153 1
1545058439680823 13 -1
1545058439681717 1500 -1
1545058439682330 8000 -1
1545058439683750 4887 -1
1545058440083823 136 1
1545058440087025 13 -1
1545058440087203 1500 -1
1545058440089002 8000 -1
1545058440089559 4695 -1
1545058440489667 164 1
1545058440492792 13 -1
1545058440493236 1500 -1
1545058440495292 8000 -1
1545058440496326 3678 -1
1545058440896403 166 1
1545058440899486 13 -1
1545058440900988 1500 -1
1545058440901433 8000 -1
1545058440903720 6951 -1
1545058440904158 1500 -1
1545058440905128 4062 -1
1545058444979052 17 1
0 0 0
1545058429792203 52 -1
1545058431792106 313 1
1545058431802351 9 -1
1545058431804021 13 -1
1545058431804032 1500 -1
1545058431805291 8000 -1
1545058431805804 4462 -1
0 0 0
1545058429808378 52 -1
1545058431508996 312 1
1545058431513568 9 -1
1545058431513722 13 -1
1545058431517968 1500 -1
1545058431522498 8000 -1
1545058431525428 7072 -1
1545058431525471 1500 -1
1545058431526286 8000 -1
1545058431526298 1662 -1
0 0 0
1545058429788292 52 -1
1545058431790266 312 1
1545058431793416 9 -1
1545058431794661 13 -1
1545058431794669 1500 -1
1545058431802766 8000 -1
1545058431804388 7072 -1
1545058431804402 1500 -1
1545058431806712 8000 -1
1545058431807678 4937 -1
0 0 0
1545058429772555 52 -1
1545058431774512 283 1
1545058431777032 9 -1
1545058431778946 13 -1
1545058431778957 1500 -1
1545058431783054 8000 -1
1545058431786464 6477 -1
