### "'26940 30230 23207 19905 24301 32751 21341 26535 35057 28914 36351 32884 37113 25873 21558 23274 30315 15930 17277 28384 13363 21056 19594 22766'"
0 0 0
1545180055098934 52 -1
1545180058701096 310 1
1545180058712858 9 -1
1545180058714594 13 -1
1545180058714599 1500 -1
1545180058715887 8000 -1
1545180058718516 7072 -1
1545180058718526 1500 -1
1545180058719323 6426 -1
0 0 0
1545180055087410 52 -1
1545180057078323 310 1
1545180057099360 9 -1
1545180057099368 13 -1
1545180057099372 1500 -1
1545180057120871 8000 -1
1545180057121135 7072 -1
1545180057121142 1500 -1
1545180057121228 5332 -1
0 0 0
1545180055106941 52 -1
1545180056855613 308 1
1545180056865257 9 -1
1545180056865265 13 -1
1545180056865269 1500 -1
1545180056879504 8000 -1
1545180056882796 7073 -1
1545180056882808 1500 -1
1545180056899237 8000 -1
1545180056899252 1065 -1
0 0 0
1545180055098092 52 -1
1545180057088595 310 1
1545180057111918 9 -1
1545180057111927 13 -1
1545180057111931 1500 -1
1545180057112754 8000 -1
1545180057113159 7072 -1
1545180057113165 1500 -1
1545180057113169 2030 -1
0 0 0
1545180054840812 52 -1
1545180056909188 295 1
1545180056918340 9 -1
1545180056918354 13 -1
1545180056918357 1500 -1
1545180056919339 3761 -1
1545180057319348 164 1
1545180057321899 13 -1
1545180057325856 1500 -1
1545180057325864 812 -1
1545180057725867 166 1
1545180057730498 13 -1
1545180057734839 1500 -1
1545180057734848 1850 -1
1545180058135009 167 1
1545180058138374 13 -1
1545180058141266 1500 -1
1545180058141273 1773 -1
1545180058541277 167 1
1545180058544120 13 -1
1545180058547336 1500 -1
1545180058547346 1476 -1
1545180058947354 167 1
1545180058950801 13 -1
1545180058952594 1500 -1
1545180058952601 939 -1
1545180059352609 167 1
1545180059356005 13 -1
1545180059358781 1500 -1
1545180059358791 2410 -1
1545180059758797 168 1
1545180059761442 13 -1
1545180059762228 1500 -1
1545180059762234 359 -1
1545180060162238 166 1
1545180060164722 13 -1
1545180060165444 1500 -1
1545180060165451 1407 -1
1545180060565456 164 1
1545180060568216 13 -1
1545180060569144 1500 -1
1545180060571230 8000 -1
1545180060572430 6956 -1
1545180060572437 1500 -1
1545180060573426 8000 -1
1545180060574072 6876 -1
1545180060974080 168 1
1545180060976714 13 -1
1545180060978900 1500 -1
1545180060981179 8000 -1
1545180060981880 6951 -1
1545180060982905 1500 -1
1545180060982914 3466 -1
1545180061382918 167 1
1545180061385831 13 -1
1545180061386734 1500 -1
1545180061387760 8000 -1
1545180061390151 6973 -1
1545180061390160 1500 -1
1545180061391374 8000 -1
1545180061391381 660 -1
1545180061791388 166 1
1545180061794295 13 -1
1545180061795047 1500 -1
1545180061795884 8000 -1
1545180061797027 6952 -1
1545180061797638 1500 -1
1545180061798783 8000 -1
1545180061799250 6893 -1
1545180061801935 1500 -1
1545180061801951 798 -1
1545180062201958 166 1
1545180062204703 13 -1
1545180062205450 1500 -1
1545180062206293 8000 -1
1545180062207080 6974 -1
1545180062207091 1500 -1
1545180062207734 8000 -1
1545180062208481 3039 -1
1545180062608489 167 1
1545180062611131 13 -1
1545180062612833 1500 -1
1545180062614110 8000 -1
1545180062615230 6951 -1
1545180062615614 1500 -1
1545180062616763 8000 -1
1545180062618141 6893 -1
1545180062619197 1500 -1
1545180062619210 2092 -1
1545180063019214 167 1
1545180063022582 13 -1
1545180063023265 1500 -1
1545180063023692 8000 -1
1545180063025922 6973 -1
1545180063025930 1500 -1
1545180063026739 8000 -1
1545180063027529 6893 -1
1545180063027536 125 -1
1545180063427536 166 1
1545180063430139 13 -1
1545180063431055 1500 -1
1545180063431301 8000 -1
1545180063432009 6951 -1
1545180063432679 1500 -1
1545180063433583 8000 -1
1545180063434042 6893 -1
1545180063434348 1500 -1
1545180063434359 2854 -1
1545180063834362 164 1
1545180063837140 13 -1
1545180063838251 1500 -1
1545180063839678 8000 -1
1545180063842590 6950 -1
1545180063842600 1500 -1
1545180063843429 7998 -1
1545180064243435 9 1
1545180064243444 157 1
1545180064246404 13 -1
1545180064247155 1500 -1
1545180064248673 8000 -1
1545180064249651 6973 -1
1545180064249658 1500 -1
1545180064250315 3683 -1
1545180064650326 163 1
1545180064653026 13 -1
1545180064653695 1500 -1
1545180064654575 8000 -1
1545180064655696 6951 -1
1545180064655706 1500 -1
1545180064656850 5399 -1
1545180065056859 166 1
1545180065059579 13 -1
1545180065060671 1500 -1
1545180065061563 8000 -1
1545180065062367 6974 -1
1545180065062596 1500 -1
1545180065062884 8000 -1
1545180065064235 4440 -1
1545180065464244 166 1
1545180065467342 13 -1
1545180065468372 1500 -1
1545180065469880 8000 -1
1545180065471247 6498 -1
1545180065871261 155 1
1545180065873925 13 -1
1545180066011018 1500 -1
1545180066011619 8000 -1
1545180066012336 7084 -1
1545180066012351 351 -1
1545180066012354 560 -1
1545180066412360 166 1
1545180066415468 13 -1
1545180066416692 1500 -1
1545180066417770 8000 -1
1545180066418740 6951 -1
1545180066419446 1500 -1
1545180066420263 8000 -1
1545180066420268 2509 -1
1545180066820273 167 1
1545180066823746 13 -1
1545180066824419 1500 -1
1545180066824626 8000 -1
1545180066825057 3930 -1
1545180067225064 167 1
1545180067228087 13 -1
1545180067229321 1500 -1
1545180067230648 8000 -1
1545180067231778 6973 -1
1545180067231786 1500 -1
1545180067232436 3181 -1
1545180067632443 166 1
1545180067635778 13 -1
1545180067636064 1500 -1
1545180067637131 8000 -1
1545180067638171 6942 -1
1545180067638178 1500 -1
1545180067638181 1719 -1
1545180068038186 166 1
1545180068040803 13 -1
1545180068041755 1500 -1
1545180068043330 8000 -1
1545180068044237 6964 -1
1545180068045235 1500 -1
1545180068045816 4891 -1
1545180072093867 17 1
0 0 0
1545180055085023 52 -1
1545180057080391 312 1
1545180057083779 9 -1
1545180057086181 13 -1
1545180057090253 1500 -1
1545180057107114 8000 -1
1545180057123751 7073 -1
1545180057123761 1500 -1
1545180057138374 8000 -1
1545180057139495 4355 -1
