### "'20106 18003 22753 20714 18359 23398 20042 24122 13068 17852 14517 30105 29363 17201 20412 22444 14886 16887 24525 24863 23011 17630 11153 24595'"
0 0 0
1545180726523902 52 -1
1545180728515833 313 1
1545180728536505 9 -1
1545180728536523 13 -1
1545180728536526 1500 -1
1545180728539565 8000 -1
1545180728541720 7072 -1
1545180728541729 1500 -1
1545180728542028 4878 -1
0 0 0
1545180726561709 52 -1
1545180728366329 313 1
1545180728380204 9 -1
1545180728393835 13 -1
1545180728470092 1500 -1
1545180728474529 8000 -1
1545180728502699 7183 -1
1545180728502728 334 -1
1545180728502737 1500 -1
1545180728502759 1500 -1
1545180728514326 406 -1
0 0 0
1545180726524909 52 -1
1545180728501638 301 1
1545180728514447 9 -1
1545180728523958 13 -1
1545180728523965 1500 -1
1545180728537502 8000 -1
1545180728548837 7072 -1
1545180728548857 1500 -1
1545180728548862 128 -1
0 0 0
1545180726557039 52 -1
1545180730149443 302 1
1545180730152737 9 -1
1545180730163456 13 -1
1545180730163473 1500 -1
1545180730165251 8000 -1
1545180730166747 7073 -1
1545180730166776 1500 -1
1545180730166871 6247 -1
0 0 0
1545180726344719 52 -1
1545180728341078 300 1
1545180728394743 9 -1
1545180728394750 13 -1
1545180728394753 1500 -1
1545180728403829 6965 -1
1545180728803865 152 1
1545180728806901 13 -1
1545180728810725 1500 -1
1545180728812352 8000 -1
1545180728813418 6945 -1
1545180728814320 1500 -1
1545180728814330 484 -1
1545180729217519 153 1
1545180729221387 13 -1
1545180729402536 1500 -1
1545180729402560 1500 -1
1545180729405739 8000 -1
1545180729406589 5591 -1
1545180729406597 1453 -1
1545180729406600 1500 -1
1545180729409435 3780 -1
1545180729409445 299 -1
1545180729809450 164 1
1545180729818935 13 -1
1545180729903296 1500 -1
1545180729904606 8000 -1
1545180729905439 7025 -1
1545180729905451 341 -1
1545180729905456 1500 -1
1545180729905460 1500 -1
1545180729905465 335 -1
1545180730305470 155 1
1545180730308354 13 -1
1545180730401988 1500 -1
1545180730403005 1554 -1
1545180730404255 4072 -1
1545180730405428 4072 -1
1545180730405437 2034 -1
1545180730805440 164 1
1545180730808541 13 -1
1545180730946543 1500 -1
1545180730947645 8000 -1
1545180730948519 7025 -1
1545180730948528 337 -1
1545180730949240 1149 -1
1545180731349251 164 1
1545180731352353 13 -1
1545180731467596 1500 -1
1545180731468444 1541 -1
1545180731469955 4072 -1
1545180731470429 4072 -1
1545180731470436 3497 -1
1545180731870438 153 1
1545180731873416 13 -1
1545180732010845 1500 -1
1545180732012147 8000 -1
1545180732013417 7049 -1
1545180732013424 353 -1
1545180732013427 1500 -1
1545180732013867 1500 -1
1545180732014621 3508 -1
1545180732015348 4072 -1
1545180732015354 2806 -1
1545180732415373 155 1
1545180732419268 13 -1
1545180732559429 1500 -1
1545180732560175 8000 -1
1545180732561878 7026 -1
1545180732561887 350 -1
1545180732561890 1500 -1
1545180732563204 1500 -1
1545180732563665 3508 -1
1545180732564583 4072 -1
1545180732564590 2067 -1
1545180732964598 155 1
1545180732967264 13 -1
1545180733081697 1500 -1
1545180733085368 8000 -1
1545180733086199 7047 -1
1545180733086209 349 -1
1545180733086214 486 -1
1545180733486217 166 1
1545180733488989 13 -1
1545180733592593 1500 -1
1545180733593381 8000 -1
1545180733594595 7027 -1
1545180733594607 336 -1
1545180733595240 1500 -1
1545180733595252 1500 -1
1545180733595256 710 -1
1545180733995261 154 1
1545180733997956 13 -1
1545180734097962 1500 -1
1545180734098706 8000 -1
1545180734099895 7048 -1
1545180734099906 354 -1
1545180734099908 1500 -1
1545180734100384 1500 -1
1545180734100391 2724 -1
1545180734500399 154 1
1545180734502987 13 -1
1545180734619845 1500 -1
1545180734621082 1533 -1
1545180734622051 4072 -1
1545180734622739 4072 -1
1545180734623775 3852 -1
1545180735023784 9 1
1545180735023793 157 1
1545180735026604 13 -1
1545180735169134 1500 -1
1545180735169884 8000 -1
1545180735170925 7038 -1
1545180735170933 390 -1
1545180735170936 131 -1
1545180735570936 164 1
1545180735573617 13 -1
1545180735592416 1500 -1
1545180735593148 8000 -1
1545180735595227 7025 -1
1545180735595240 339 -1
1545180735595998 1500 -1
1545180735596010 1500 -1
1545180735596500 3508 -1
1545180735596510 1312 -1
1545180735996513 154 1
1545180735999483 13 -1
1545180736000492 1500 -1
1545180736002452 8000 -1
1545180736003384 6951 -1
1545180736004074 1500 -1
1545180736005718 6988 -1
1545180736405841 154 1
1545180736409215 13 -1
1545180736499942 1500 -1
1545180736500508 8000 -1
1545180736501199 7046 -1
1545180736501210 355 -1
1545180736501216 1500 -1
1545180736501222 1500 -1
1545180736501747 3290 -1
1545180736901757 164 1
1545180736904938 13 -1
1545180737005384 1500 -1
1545180737006378 8000 -1
1545180737007147 7047 -1
1545180737007156 339 -1
1545180737007626 925 -1
1545180737407836 166 1
1545180737411394 13 -1
1545180737514249 1500 -1
1545180737515263 1514 -1
1545180737515489 4072 -1
1545180737515710 4072 -1
1545180737515717 134 -1
1545180737916026 154 1
1545180737919597 13 -1
1545180738033433 1500 -1
1545180738034223 8000 -1
1545180738034949 7048 -1
1545180738034957 350 -1
1545180738034960 1500 -1
1545180738034963 1500 -1
1545180738035509 3508 -1
1545180738035949 1371 -1
1545180742092935 17 1
0 0 0
1545180726524629 52 -1
1545180728539438 302 1
1545180728560266 9 -1
1545180728561711 13 -1
1545180728688369 1500 -1
1545180728702061 8000 -1
1545180728714986 7183 -1
1545180728714994 351 -1
1545180728714997 1500 -1
1545180728715001 1500 -1
1545180728727392 997 -1
