### "'17828 10513 22083 23843 23310 11756 16958 28487 24335 31598 12104 29245 15331 15404 15979 38201 27405 15174 17616 14306 25825 24040 26718'"
0 0 0
1545182380539008 52 -1
1545182382551081 307 1
1545182382555469 9 -1
1545182382564660 13 -1
1545182382663004 1500 -1
1545182382680504 8000 -1
1545182382708516 7183 -1
1545182382708526 341 -1
1545182382708531 1500 -1
1545182382717162 1500 -1
1545182382717187 2376 -1
0 0 0
1545182380523391 52 -1
1545182382535526 298 1
1545182382552414 9 -1
1545182382562838 13 -1
1545182382562846 1500 -1
1545182382578509 8000 -1
1545182382578522 1201 -1
0 0 0
1545182380540743 52 -1
1545182382297436 312 1
1545182382309574 9 -1
1545182382344724 13 -1
1545182382344736 1500 -1
1545182382349134 8000 -1
1545182382358390 7072 -1
1545182382358403 1453 -1
0 0 0
1545182380517292 52 -1
1545182382524775 312 1
1545182382531552 9 -1
1545182382552651 13 -1
1545182382675550 1500 -1
1545182382682729 8000 -1
1545182382707242 7182 -1
1545182382707251 336 -1
1545182382733906 1500 -1
1545182382733915 1500 -1
1545182382744766 3508 -1
1545182382744775 633 -1
0 0 0
1545182380542867 52 -1
1545182384129964 308 1
1545182384136733 9 -1
1545182384144655 13 -1
1545182384276148 1500 -1
1545182384279560 8000 -1
1545182384288117 7184 -1
1545182384288130 342 -1
1545182384288138 1500 -1
1545182384288145 1500 -1
1545182384289061 3508 -1
1545182384289943 4072 -1
1545182384290342 1199 -1
0 0 0
1545182380289046 52 -1
1545182382309859 297 1
1545182382313476 9 -1
1545182382344926 13 -1
1545182382344932 1500 -1
1545182382345041 3723 -1
1545182382745342 164 1
1545182382754790 13 -1
1545182382760036 1500 -1
1545182382763282 8000 -1
1545182382766297 6946 -1
1545182382766305 1500 -1
1545182382767751 5435 -1
1545182383167761 154 1
1545182383170633 13 -1
1545182383267196 1500 -1
1545182383267204 1595 -1
1545182383268802 4072 -1
1545182383279396 4072 -1
1545182383279413 723 -1
1545182383679420 154 1
1545182383682992 13 -1
1545182383685513 1500 -1
1545182383687772 8000 -1
1545182383691530 6951 -1
1545182383691546 583 -1
1545182384091562 154 1
1545182384094436 13 -1
1545182384095391 1500 -1
1545182384098196 8000 -1
1545182384100293 273 -1
1545182384500306 153 1
1545182384504107 13 -1
1545182384506396 1500 -1
1545182384507835 8000 -1
1545182384507935 6953 -1
1545182384507941 1500 -1
1545182384507989 6460 -1
1545182384908001 166 1
1545182384911388 13 -1
1545182384914274 1500 -1
1545182384914786 8000 -1
1545182384915625 6951 -1
1545182384915634 1500 -1
1545182384915852 8000 -1
1545182384916158 5723 -1
1545182385316171 154 1
1545182385319101 13 -1
1545182385319962 1500 -1
1545182385320713 8000 -1
1545182385322981 2694 -1
1545182385722992 163 1
1545182385725857 13 -1
1545182385727047 1500 -1
1545182385727193 8000 -1
1545182385727546 6951 -1
1545182385727913 1500 -1
1545182385728025 8000 -1
1545182385728031 3370 -1
1545182386128039 168 1
1545182386130794 13 -1
1545182386131908 1500 -1
1545182386133576 8000 -1
1545182386134509 5921 -1
1545182386534833 166 1
1545182386537590 13 -1
1545182386667075 1500 -1
1545182386668370 1515 -1
1545182386668872 4072 -1
1545182386669350 4072 -1
1545182386669640 4072 -1
1545182386669647 315 -1
1545182387069652 166 1
1545182387072253 13 -1
1545182387072970 1500 -1
1545182387073439 8000 -1
1545182387074586 6570 -1
1545182387474594 166 1
1545182387477513 13 -1
1545182387496759 1500 -1
1545182387497207 8000 -1
1545182387498762 7025 -1
1545182387498770 334 -1
1545182387499589 1500 -1
1545182387500241 8000 -1
1545182387500627 6893 -1
1545182387501539 1500 -1
1545182387501550 818 -1
1545182387501552 1500 -1
1545182387501796 1308 -1
1545182387901803 9 1
1545182387901821 166 1
1545182387904772 13 -1
1545182387905946 1500 -1
1545182387907223 8000 -1
1545182387908230 6952 -1
1545182387908928 1500 -1
1545182387909981 8000 -1
1545182387909988 1530 -1
1545182388309992 164 1
1545182388312697 13 -1
1545182388314083 1500 -1
1545182388315165 8000 -1
1545182388316873 5754 -1
1545182388716880 166 1
1545182388719483 13 -1
1545182388845508 1500 -1
1545182388845523 1500 -1
1545182388847231 3968 -1
1545182388848261 4072 -1
1545182388848958 4072 -1
1545182388848966 1500 -1
1545182388849372 1152 -1
1545182388849381 9 -1
1545182389249385 155 1
1545182389252726 13 -1
1545182389253476 1500 -1
1545182389253985 8000 -1
1545182389254601 4896 -1
1545182389654610 164 1
1545182389657407 13 -1
1545182389774958 1500 -1
1545182389775851 8000 -1
1545182389776205 7024 -1
1545182389776214 339 -1
1545182389776217 1500 -1
1545182389776221 1500 -1
1545182389776481 3508 -1
1545182389777205 2612 -1
1545182390177214 164 1
1545182390180056 13 -1
1545182390389922 1500 -1
1545182390390798 1500 -1
1545182390391290 8000 -1
1545182390391479 5552 -1
1545182390391486 1453 -1
1545182390391741 1500 -1
1545182390392814 3751 -1
1545182390392822 970 -1
1545182390792827 153 1
1545182390795683 13 -1
1545182390895752 1500 -1
1545182390896528 8000 -1
1545182390898120 7027 -1
1545182390898133 355 -1
1545182390898137 1500 -1
1545182390898941 1500 -1
1545182390899613 3508 -1
1545182390899621 3489 -1
1545182394950565 17 1
