### "'22299 15170 19906 25374 27762 23258 30893 24270 20449 23269 35828 30288 17734 31791 14515 27887 31884 13390 22869 28041 25634 22936 14439 22618'"
0 0 0
1545183086068641 52 -1
1545183089629393 310 1
1545183089633049 9 -1
1545183089635317 13 -1
1545183089635323 1500 -1
1545183089644671 8000 -1
1545183089647379 7072 -1
1545183089647417 1500 -1
1545183089653315 8000 -1
1545183089653337 1887 -1
0 0 0
1545183086130694 52 -1
1545183087811081 307 1
1545183087816332 9 -1
1545183087828954 13 -1
1545183087828963 1500 -1
1545183087840352 8000 -1
1545183087850832 7071 -1
1545183087850857 1500 -1
1545183087860803 4424 -1
0 0 0
1545183086042308 52 -1
1545183088018124 310 1
1545183088024158 9 -1
1545183088033167 13 -1
1545183088033174 1500 -1
1545183088036431 8000 -1
1545183088036906 5859 -1
0 0 0
1545183086049121 52 -1
1545183088033537 310 1
1545183088041358 9 -1
1545183088041363 13 -1
1545183088041365 1500 -1
1545183088050982 8000 -1
1545183088064875 7073 -1
1545183088064901 1500 -1
1545183088064909 2031 -1
0 0 0
1545183085818920 52 -1
1545183087811445 293 1
1545183087837110 9 -1
1545183087837117 13 -1
1545183087837120 1500 -1
1545183087844003 5603 -1
1545183088244070 168 1
1545183088247350 13 -1
1545183088248098 1500 -1
1545183088248850 5924 -1
1545183088648863 164 1
1545183088651410 13 -1
1545183088655742 1500 -1
1545183088657223 7846 -1
1545183089057236 166 1
1545183089060183 13 -1
1545183089060965 1500 -1
1545183089062575 6206 -1
1545183089462585 166 1
1545183089465433 13 -1
1545183089466823 1500 -1
1545183089467300 6595 -1
1545183089867309 169 1
1545183089870002 13 -1
1545183089870765 1500 -1
1545183089871452 5703 -1
1545183090271462 164 1
1545183090274764 13 -1
1545183090275670 1500 -1
1545183090276264 6314 -1
1545183090676271 166 1
1545183090679180 13 -1
1545183090679957 1500 -1
1545183090680494 5440 -1
1545183091080503 167 1
1545183091084091 13 -1
1545183091085161 1500 -1
1545183091085873 3046 -1
1545183091485907 166 1
1545183091488561 13 -1
1545183091489222 1500 -1
1545183091492038 8000 -1
1545183091493397 6955 -1
1545183091493404 1500 -1
1545183091494118 5383 -1
1545183091894123 166 1
1545183091896742 13 -1
1545183091897462 1500 -1
1545183091898449 8000 -1
1545183091899485 6955 -1
1545183091899491 1500 -1
1545183091900037 8000 -1
1545183091900733 5018 -1
1545183092300743 166 1
1545183092303850 13 -1
1545183092305071 1500 -1
1545183092305854 8000 -1
1545183092306064 6974 -1
1545183092307268 1500 -1
1545183092307803 6395 -1
1545183092707814 163 1
1545183092710625 13 -1
1545183092711189 1500 -1
1545183092711788 8000 -1
1545183092712534 6951 -1
1545183092713363 1500 -1
1545183092713375 2574 -1
1545183093113379 168 1
1545183093116141 13 -1
1545183093117241 1500 -1
1545183093119426 8000 -1
1545183093120368 6964 -1
1545183093120384 1500 -1
1545183093120454 5394 -1
1545183093520464 167 1
1545183093523747 13 -1
1545183093525022 1500 -1
1545183093525683 8000 -1
1545183093526514 6951 -1
1545183093526525 1500 -1
1545183093527457 8000 -1
1545183093528469 6893 -1
1545183093528482 1500 -1
1545183093528487 1569 -1
1545183093928491 167 1
1545183093931468 13 -1
1545183093932476 1500 -1
1545183093933044 8000 -1
1545183093934271 6950 -1
1545183093934743 1500 -1
1545183093937174 8000 -1
1545183093940231 4413 -1
1545183094340251 164 1
1545183094344475 13 -1
1545183094345427 1500 -1
1545183094346413 8000 -1
1545183094348014 6973 -1
1545183094348022 1359 -1
1545183094748027 167 1
1545183094750641 13 -1
1545183094751396 1500 -1
1545183094751977 8000 -1
1545183094753502 6951 -1
1545183094754356 1500 -1
1545183094755272 8000 -1
1545183094755626 5916 -1
1545183095155633 9 1
1545183095155644 170 1
1545183095158393 13 -1
1545183095158808 1500 -1
1545183095159756 8000 -1
1545183095160151 5105 -1
1545183095560161 166 1
1545183095562727 13 -1
1545183095563806 1500 -1
1545183095564594 8000 -1
1545183095565232 6952 -1
1545183095565521 1500 -1
1545183095567395 8000 -1
1545183095567417 2012 -1
1545183095967502 167 1
1545183095970656 13 -1
1545183095971040 1500 -1
1545183095971750 8000 -1
1545183095973238 6951 -1
1545183095973247 1500 -1
1545183095973986 8000 -1
1545183095974609 6009 -1
1545183096374617 166 1
1545183096377607 13 -1
1545183096378734 1500 -1
1545183096380294 8000 -1
1545183096381181 3979 -1
1545183096781188 166 1
1545183096784210 13 -1
1545183096785603 1500 -1
1545183096786523 8000 -1
1545183096787400 6950 -1
1545183096787672 1500 -1
1545183096788204 4994 -1
1545183097188214 167 1
1545183097190814 13 -1
1545183097191654 1500 -1
1545183097192767 8000 -1
1545183097194492 6974 -1
1545183097194789 1500 -1
1545183097195947 8000 -1
1545183097195953 2166 -1
1545183097595958 153 1
1545183097598670 13 -1
1545183097599475 1500 -1
1545183097600563 8000 -1
1545183097601101 6941 -1
1545183097601823 1500 -1
1545183097602313 7759 -1
1545183098002322 167 1
1545183098005550 13 -1
1545183098006082 1500 -1
1545183098008077 8000 -1
1545183098009280 6975 -1
1545183098009286 1500 -1
1545183098009715 5061 -1
1545183098409723 166 1
1545183098412546 13 -1
1545183098412973 1500 -1
1545183098413797 8000 -1
1545183098414419 4996 -1
1545183098814427 167 1
1545183098817102 13 -1
1545183098818154 1500 -1
1545183098819319 8000 -1
1545183098820358 6951 -1
1545183098820367 1500 -1
1545183098821441 4743 -1
1545183102886117 17 1
0 0 0
1545183086065009 52 -1
1545183088065455 310 1
1545183088074287 9 -1
1545183088074293 13 -1
1545183088074295 1500 -1
1545183088078358 8000 -1
1545183088080344 7072 -1
1545183088080353 1500 -1
1545183088086326 7499 -1
