### "'19287 16282 19083 22118 31878 16422 14437 17346 15794 24303 11002 14182 11660 16975 20883 16000 18091 20310 11862 15947 19738'"
0 0 0
1545187666176484 52 -1
1545187668169144 310 1
1545187668189876 9 -1
1545187668189881 13 -1
1545187668333832 1500 -1
1545187668333845 1673 -1
1545187668337520 4072 -1
1545187668352246 4072 -1
1545187668370755 4072 -1
1545187668373949 1191 -1
0 0 0
1545187666190964 52 -1
1545187668183349 299 1
1545187668188706 9 -1
1545187668200197 13 -1
1545187668318611 1500 -1
1545187668318630 1688 -1
1545187668325459 4072 -1
1545187668340124 1607 -1
0 0 0
1545187666163043 52 -1
1545187668162717 310 1
1545187668183865 9 -1
1545187668183873 13 -1
1545187668285389 1500 -1
1545187668285398 725 -1
0 0 0
1545187666237654 52 -1
1545187667962383 298 1
1545187667998612 9 -1
1545187667998618 13 -1
1545187668065444 1500 -1
1545187668087128 8000 -1
1545187668123769 7184 -1
1545187668123780 355 -1
1545187668123783 1500 -1
1545187668123786 1066 -1
0 0 0
1545187665964585 52 -1
1545187667997974 295 1
1545187668010285 9 -1
1545187668010293 13 -1
1545187668010296 1500 -1
1545187668019158 2955 -1
1545187668419172 153 1
1545187668423786 13 -1
1545187668428569 1500 -1
1545187668431474 8000 -1
1545187668443997 6979 -1
1545187668444014 1500 -1
1545187668444020 1208 -1
1545187668844027 167 1
1545187668847121 13 -1
1545187668941707 1500 -1
1545187668949685 8000 -1
1545187668956615 7068 -1
1545187668956626 337 -1
1545187668956630 1500 -1
1545187668957388 1500 -1
1545187668957396 2415 -1
1545187669358068 166 1
1545187669363718 13 -1
1545187669363725 1500 -1
1545187669366830 8000 -1
1545187669369511 6974 -1
1545187669369521 1500 -1
1545187669369612 8000 -1
1545187669369670 6003 -1
1545187669769675 154 1
1545187669773481 13 -1
1545187669776352 1500 -1
1545187669776991 8000 -1
1545187669777762 6952 -1
1545187669777773 47 -1
1545187670178102 154 1
1545187670180632 13 -1
1545187670188038 1500 -1
1545187670191675 8000 -1
1545187670192250 6977 -1
1545187670192258 971 -1
1545187670592262 154 1
1545187670595401 13 -1
1545187670596720 1500 -1
1545187670597431 8000 -1
1545187670599911 6362 -1
1545187670999922 164 1
1545187671002683 13 -1
1545187671136988 1500 -1
1545187671137948 8000 -1
1545187671138385 7046 -1
1545187671138394 338 -1
1545187671138399 1500 -1
1545187671139062 1500 -1
1545187671139689 3508 -1
1545187671139697 1091 -1
1545187671539703 154 1
1545187671542704 13 -1
1545187671543351 1500 -1
1545187671544526 8000 -1
1545187671544545 1570 -1
1545187671944550 154 1
1545187671947510 13 -1
1545187671947953 1500 -1
1545187671948695 7119 -1
1545187672348701 166 1
1545187672351583 13 -1
1545187672353787 1500 -1
1545187672354584 8000 -1
1545187672355971 4771 -1
1545187672755986 153 1
1545187672758895 13 -1
1545187672759337 1500 -1
1545187672760439 8000 -1
1545187672760448 2228 -1
1545187673160517 154 1
1545187673163709 13 -1
1545187673164814 1500 -1
1545187673166158 8000 -1
1545187673167375 6968 -1
1545187673167387 600 -1
1545187673567391 9 1
1545187673567403 167 1
1545187673569960 13 -1
1545187673603264 1500 -1
1545187673603863 8000 -1
1545187673605252 7015 -1
1545187673605265 377 -1
1545187673605270 1500 -1
1545187673605275 1500 -1
1545187673606569 1140 -1
1545187674006582 163 1
1545187674009192 13 -1
1545187674107338 491 -1
1545187674201900 1500 -1
1545187674203122 1500 -1
1545187674203129 3626 -1
1545187674204810 4072 -1
1545187674205511 4072 -1
1545187674205737 910 -1
1545187674605744 154 1
1545187674608501 13 -1
1545187674609355 1500 -1
1545187674610010 8000 -1
1545187674611548 6946 -1
1545187674612705 1500 -1
1545187674612713 216 -1
1545187675012718 153 1
1545187675015164 13 -1
1545187675017497 1500 -1
1545187675018151 8000 -1
1545187675018572 6964 -1
1545187675018582 1500 -1
1545187675018748 2435 -1
1545187675418756 154 1
1545187675421702 13 -1
1545187675515257 1500 -1
1545187675515264 1528 -1
1545187675516148 4072 -1
1545187675516740 4072 -1
1545187675516749 829 -1
1545187675916798 164 1
1545187675919495 13 -1
1545187676055789 1500 -1
1545187676055796 1539 -1
1545187676056090 4072 -1
1545187676056807 4072 -1
1545187676057368 4072 -1
1545187676057383 854 -1
1545187676457386 154 1
1545187676460206 13 -1
1545187676479261 1500 -1
1545187676480019 8000 -1
1545187676482071 7023 -1
1545187676482081 355 -1
1545187676482084 1500 -1
1545187676488131 1500 -1
1545187676488147 17 -1
1545187680540904 17 1
0 0 0
1545187666210504 52 -1
1545187669781045 310 1
1545187669813079 9 -1
1545187669813085 13 -1
1545187669813087 1500 -1
1545187669815857 8000 -1
1545187669815958 5126 -1
