### "'14298 23683 19856 21361 10176 20121 32149 18467 18031 14602 20480 25675 11821 26945 20670 34469 25509 15582 21411 16713 10170'"
0 0 0
1545188400240030 52 -1
1545188402268529 301 1
1545188402271635 9 -1
1545188402275798 13 -1
1545188402429261 548 -1
1545188402437405 1500 -1
1545188402437415 1500 -1
1545188402442522 8000 -1
1545188402451890 5393 -1
1545188402451899 1202 -1
1545188402451903 1500 -1
1545188402451907 537 -1
0 0 0
1545188400012158 52 -1
1545188402040735 297 1
1545188402043926 9 -1
1545188402043934 13 -1
1545188402044340 1500 -1
1545188402045663 3919 -1
1545188402446208 163 1
1545188402449423 13 -1
1545188402469614 1500 -1
1545188402471643 8000 -1
1545188402475236 7067 -1
1545188402475245 338 -1
1545188402480179 1500 -1
1545188402480189 1500 -1
1545188402480193 1657 -1
1545188402880195 153 1
1545188402891243 13 -1
1545188402966779 1500 -1
1545188402966797 1530 -1
1545188402970823 4072 -1
1545188402975286 3215 -1
1545188403375302 155 1
1545188403379032 13 -1
1545188403501061 1500 -1
1545188403504087 8000 -1
1545188403512239 7048 -1
1545188403512252 351 -1
1545188403512256 1500 -1
1545188403512260 1500 -1
1545188403513147 404 -1
1545188403913157 153 1
1545188403915968 13 -1
1545188404014428 1500 -1
1545188404014441 1553 -1
1545188404024366 4072 -1
1545188404024505 2160 -1
1545188404424513 154 1
1545188404427595 13 -1
1545188404567747 485 -1
1545188404568722 1500 -1
1545188404570864 8000 -1
1545188404571376 6893 -1
1545188404571385 1500 -1
1545188404571390 247 -1
1545188404971396 164 1
1545188404974295 13 -1
1545188405112472 1500 -1
1545188405113661 8000 -1
1545188405115529 7048 -1
1545188405115537 341 -1
1545188405115540 1324 -1
1545188405515545 154 1
1545188405518442 13 -1
1545188405585237 1500 -1
1545188405585245 1500 -1
1545188405586586 3985 -1
1545188405587068 4072 -1
1545188405587733 3686 -1
1545188405987742 154 1
1545188405990470 13 -1
1545188406076618 1500 -1
1545188406078153 8000 -1
1545188406078907 7038 -1
1545188406078913 391 -1
1545188406078916 1500 -1
1545188406079678 1500 -1
1545188406079685 723 -1
1545188406479689 154 1
1545188406482678 13 -1
1545188406622755 1500 -1
1545188406624466 8000 -1
1545188406625330 7024 -1
1545188406625340 351 -1
1545188406625345 1500 -1
1545188406625969 1500 -1
1545188406626612 3508 -1
1545188406626622 2450 -1
1545188407026627 154 1
1545188407029333 13 -1
1545188407130207 1500 -1
1545188407130214 1554 -1
1545188407130772 4072 -1
1545188407132706 4072 -1
1545188407132716 787 -1
1545188407532718 154 1
1545188407535810 13 -1
1545188407567812 1500 -1
1545188407568570 8000 -1
1545188407570796 7025 -1
1545188407570812 352 -1
1545188407571452 1500 -1
1545188407571464 1500 -1
1545188407571840 3508 -1
1545188407572796 3719 -1
1545188407972810 153 1
1545188407975923 13 -1
1545188408078627 1500 -1
1545188408079275 1555 -1
1545188408079918 4072 -1
1545188408079929 2887 -1
1545188408479936 9 1
1545188408479946 156 1
1545188408482754 13 -1
1545188408583664 1500 -1
1545188408585082 8000 -1
1545188408586025 7026 -1
1545188408586038 353 -1
1545188408586041 1500 -1
1545188408586721 1500 -1
1545188408586732 951 -1
1545188408986734 153 1
1545188408989585 13 -1
1545188409109377 1500 -1
1545188409112425 8000 -1
1545188409113467 7049 -1
1545188409113484 354 -1
1545188409113487 1500 -1
1545188409114477 8000 -1
1545188409115562 6893 -1
1545188409115567 1365 -1
1545188409115569 9 -1
1545188409515570 154 1
1545188409518380 13 -1
1545188409658943 1500 -1
1545188409659540 8000 -1
1545188409660085 7025 -1
1545188409660093 353 -1
1545188409660098 1500 -1
1545188409660586 1500 -1
1545188409661147 3508 -1
1545188409661156 2282 -1
1545188410061161 154 1
1545188410063969 13 -1
1545188410095698 1500 -1
1545188410097156 1553 -1
1545188410097854 4072 -1
1545188410098303 4072 -1
1545188410098881 4072 -1
1545188410098890 479 -1
1545188410498895 154 1
1545188410501628 13 -1
1545188410637956 1500 -1
1545188410640876 8000 -1
1545188410641970 7024 -1
1545188410641977 353 -1
1545188410641980 1500 -1
1545188410642111 1500 -1
1545188410642116 1692 -1
1545188411042120 166 1
1545188411044931 13 -1
1545188411063987 1500 -1
1545188411066458 8000 -1
1545188411068148 7047 -1
1545188411068156 337 -1
1545188411068158 10 -1
1545188411468161 154 1
1545188411470920 13 -1
1545188411608165 1500 -1
1545188411608174 1530 -1
1545188411608731 4072 -1
1545188411609270 3207 -1
1545188415658508 17 1
0 0 0
1545188400236183 52 -1
1545188402222719 311 1
1545188402228473 9 -1
1545188402243060 13 -1
1545188402355157 1500 -1
1545188402369992 8000 -1
1545188402388694 7183 -1
1545188402388708 337 -1
1545188402388713 1500 -1
1545188402388718 1500 -1
1545188402401866 3508 -1
1545188402401878 472 -1
0 0 0
1545188400243312 52 -1
1545188403823270 301 1
1545188403834035 9 -1
1545188403834070 13 -1
1545188403940147 1500 -1
1545188403945386 8000 -1
1545188403952858 7182 -1
1545188403952867 352 -1
1545188403952873 1500 -1
1545188403952954 1500 -1
1545188403953019 3508 -1
1545188403953069 4072 -1
1545188403953156 4072 -1
1545188403953162 779 -1
0 0 0
1545188400261656 52 -1
1545188402009011 313 1
1545188402039266 9 -1
1545188402039276 13 -1
1545188402118331 1500 -1
1545188402118342 1670 -1
1545188402121481 4072 -1
1545188402129688 2388 -1
0 0 0
1545188400219515 52 -1
1545188402219660 301 1
1545188402229190 9 -1
1545188402229198 13 -1
1545188402353262 1500 -1
1545188402353272 1688 -1
1545188402364673 4072 -1
1545188402364825 4072 -1
1545188402365120 3264 -1
