### "'18847 25464 24035 23110 24847 21093 25521 18035 25322 28290 28266 23684 22103 17498 26585 21667 17669 20824 29865 26287 15448 16875 19218 21803'"
0 0 0
1545193754772655 52 -1
1545193756788751 313 1
1545193756808977 9 -1
1545193756808985 13 -1
1545193756987857 1500 -1
1545193756987867 1500 -1
1545193757007440 8000 -1
1545193757026267 5683 -1
1545193757026276 1453 -1
1545193757026280 1500 -1
1545193757032763 3775 -1
1545193757038106 941 -1
0 0 0
1545193754852048 52 -1
1545193756837243 314 1
1545193756841997 9 -1
1545193756842370 13 -1
1545193757010948 1500 -1
1545193757010959 529 -1
1545193757021171 1500 -1
1545193757021298 8000 -1
1545193757021373 6607 -1
1545193757021457 1200 -1
1545193757021463 1500 -1
1545193757021544 2581 -1
1545193757021550 19 -1
0 0 0
1545193754863978 52 -1
1545193758366658 313 1
1545193758388778 9 -1
1545193758390097 13 -1
1545193758548855 1500 -1
1545193758552742 1500 -1
1545193758552991 8000 -1
1545193758554748 5682 -1
1545193758554761 1453 -1
1545193758555651 1500 -1
1545193758557516 3773 -1
1545193758557530 1755 -1
0 0 0
1545193754577903 52 -1
1545193756578198 297 1
1545193756619391 9 -1
1545193756619398 13 -1
1545193756619401 1500 -1
1545193756623557 5668 -1
1545193757023692 166 1
1545193757029865 13 -1
1545193757215458 1500 -1
1545193757215467 1500 -1
1545193757217516 3539 -1
1545193757617530 167 1
1545193757620432 13 -1
1545193757785258 1500 -1
1545193757786190 1500 -1
1545193757786197 3763 -1
1545193758186202 166 1
1545193758189272 13 -1
1545193758366268 384 -1
1545193758370503 1500 -1
1545193758370515 1500 -1
1545193758370900 2283 -1
1545193758772170 167 1
1545193758775406 13 -1
1545193758795039 1500 -1
1545193758795051 1510 -1
1545193758795708 3256 -1
1545193759195714 168 1
1545193759198740 13 -1
1545193759372013 1500 -1
1545193759372024 1500 -1
1545193759373552 3976 -1
1545193759373564 686 -1
1545193759774327 166 1
1545193759777085 13 -1
1545193759990483 1500 -1
1545193759990833 1500 -1
1545193759993318 3955 -1
1545193759993328 583 -1
1545193760393335 167 1
1545193760396427 13 -1
1545193760590618 1500 -1
1545193760591583 1500 -1
1545193760591739 3978 -1
1545193760591746 27 -1
1545193760991744 166 1
1545193760994546 13 -1
1545193761261822 1500 -1
1545193761261834 1500 -1
1545193761263481 3978 -1
1545193761263494 715 -1
1545193761663499 167 1
1545193761666596 13 -1
1545193761816070 1500 -1
1545193761816078 1500 -1
1545193761817417 8000 -1
1545193761818318 5526 -1
1545193761818328 1453 -1
1545193761818335 1500 -1
1545193761818720 1774 -1
1545193762218728 167 1
1545193762221684 13 -1
1545193762412317 1500 -1
1545193762413497 1500 -1
1545193762414044 8000 -1
1545193762414505 5549 -1
1545193762414512 1453 -1
1545193762414853 1500 -1
1545193762415179 3773 -1
1545193762415187 2429 -1
1545193762815372 166 1
1545193762817991 13 -1
1545193762989988 1500 -1
1545193762990609 1500 -1
1545193762991151 8000 -1
1545193762991398 5525 -1
1545193762991405 1453 -1
1545193762991409 216 -1
1545193763391412 164 1
1545193763394074 13 -1
1545193763710663 1500 -1
1545193763710672 398 -1
1545193763801941 1500 -1
1545193763807622 8000 -1
1545193763810692 6603 -1
1545193763810706 1204 -1
1545193763810709 1500 -1
1545193763815984 2581 -1
1545193763817492 2227 -1
1545193764217505 167 1
1545193764220422 13 -1
1545193764420706 1500 -1
1545193764423678 1500 -1
1545193764424170 8000 -1
1545193764424892 5548 -1
1545193764424904 1453 -1
1545193764425797 1500 -1
1545193764425962 3761 -1
1545193764426617 4072 -1
1545193764426623 1138 -1
1545193764826628 164 1
1545193764831050 13 -1
1545193765055389 1500 -1
1545193765055399 1500 -1
1545193765056144 8000 -1
1545193765057669 5549 -1
1545193765057678 1453 -1
1545193765057683 1500 -1
1545193765057844 3761 -1
1545193765057958 4072 -1
1545193765058059 1114 -1
1545193765458071 166 1
1545193765462996 13 -1
1545193765668424 1500 -1
1545193765668434 1500 -1
1545193765672237 8000 -1
1545193765675685 5523 -1
1545193765675693 1453 -1
1545193765675697 1500 -1
1545193765676152 3773 -1
1545193765676159 592 -1
1545193766076162 164 1
1545193766078884 13 -1
1545193766244726 1500 -1
1545193766244734 387 -1
1545193766245519 1500 -1
1545193766247375 8000 -1
1545193766247927 6613 -1
1545193766248968 1194 -1
1545193766248983 1500 -1
1545193766249505 1599 -1
1545193766649523 167 1
1545193766652159 13 -1
1545193766844720 1500 -1
1545193766845727 1500 -1
1545193766846266 3966 -1
1545193766846980 4072 -1
1545193766848608 4072 -1
1545193766848620 1500 -1
1545193766848623 1038 -1
1545193766848627 9 -1
1545193767248628 9 1
1545193767248640 170 1
1545193767251812 13 -1
1545193767459571 1500 -1
1545193767460014 1500 -1
1545193767460926 8000 -1
1545193767462026 5548 -1
1545193767462037 1453 -1
1545193767462602 1500 -1
1545193767464343 3762 -1
1545193767464350 3504 -1
1545193767864354 164 1
1545193767867572 13 -1
1545193768025587 1500 -1
1545193768025595 1500 -1
1545193768026718 8000 -1
1545193768027670 5547 -1
1545193768028177 1453 -1
1545193768028183 1500 -1
1545193768028601 2348 -1
1545193768428606 167 1
1545193768431435 13 -1
1545193768602553 1500 -1
1545193768603852 1500 -1
1545193768604349 3970 -1
1545193768605133 4072 -1
1545193768606105 4072 -1
1545193768606116 1500 -1
1545193768606119 1207 -1
1545193768606121 9 -1
1545193769006122 167 1
1545193769008887 13 -1
1545193769187792 1500 -1
1545193769187800 1500 -1
1545193769190611 8000 -1
1545193769191271 5547 -1
1545193769192097 1453 -1
1545193769192103 1500 -1
1545193769192106 1505 -1
1545193769592110 166 1
1545193769594748 13 -1
1545193769789036 1500 -1
1545193769789046 1500 -1
1545193769790309 8000 -1
1545193769790455 5527 -1
1545193769790463 1453 -1
1545193769790468 1500 -1
1545193769791384 2976 -1
1545193769792507 4072 -1
1545193769793634 3040 -1
1545193769793642 458 -1
1545193770193646 167 1
1545193770196647 13 -1
1545193770535862 1500 -1
1545193770535870 1500 -1
1545193770537280 8000 -1
1545193770537588 5549 -1
1545193770537714 1453 -1
1545193770537718 1500 -1
1545193770538141 3762 -1
1545193770538911 3206 -1
1545193770938923 153 1
1545193770941684 13 -1
1545193771113238 1500 -1
1545193771114019 1500 -1
1545193771115605 4000 -1
1545193771116459 4072 -1
1545193771117291 4072 -1
1545193771117298 470 -1
1545193771517301 164 1
1545193771520029 13 -1
1545193771695070 1500 -1
1545193771695078 1500 -1
1545193771696841 3975 -1
1545193771697798 4072 -1
1545193771699904 4072 -1
1545193771700561 1500 -1
1545193771700570 410 -1
1545193771700574 9 -1
1545193772100574 168 1
1545193772103675 13 -1
1545193772298523 1500 -1
1545193772298534 1500 -1
1545193772300033 8000 -1
1545193772300733 5554 -1
1545193772300741 1453 -1
1545193772300744 1399 -1
1545193772700750 166 1
1545193772703556 13 -1
1545193772879433 1500 -1
1545193772879443 365 -1
1545193772880140 1500 -1
1545193772881831 8000 -1
1545193772882565 6616 -1
1545193772882668 1500 -1
1545193772882675 2484 -1
1545193776948240 17 1
0 0 0
1545193754827489 52 -1
1545193756800719 311 1
1545193756817108 9 -1
1545193756835267 13 -1
1545193756984440 1500 -1
1545193756984448 1500 -1
1545193757004887 8000 -1
1545193757023298 5684 -1
1545193757023309 1453 -1
1545193757023313 1500 -1
1545193757027408 3766 -1
1545193757029744 2379 -1
0 0 0
1545193754858930 52 -1
1545193756580304 313 1
1545193756583857 9 -1
1545193756583962 13 -1
1545193756737939 1500 -1
1545193756737949 1500 -1
1545193756751199 8000 -1
1545193756751516 5685 -1
1545193756751525 1453 -1
1545193756751531 1028 -1
