### "'15861 13124 13592 14191 16459 18932 22256 26781 18788 24017 19313 20581 14449 13624 15539 19746 26190 20452 13650 13650 13650 23975 18153 16092'"
0 0 0
1545069463248004 52 -1
1545069466826386 303 1
1545069466829415 9 -1
1545069466831111 13 -1
1545069466962089 1500 -1
1545069466962102 1500 -1
1545069466962502 1500 -1
1545069466962514 2633 -1
1545069466963577 4072 -1
1545069466964894 4072 -1
1545069466966500 1490 -1
1545069466966509 9 -1
0 0 0
1545069462991396 52 -1
1545069465001040 285 1
1545069465003705 9 -1
1545069465004206 13 -1
1545069465087899 1500 -1
1545069465087917 1710 -1
1545069465088710 3435 -1
1545069465488751 137 1
1545069465491758 13 -1
1545069465647157 1500 -1
1545069465647550 1500 -1
1545069465647678 3348 -1
1545069466047835 163 1
1545069466050698 13 -1
1545069466144314 1500 -1
1545069466144325 1538 -1
1545069466144858 3434 -1
1545069466545364 166 1
1545069466547874 13 -1
1545069466646225 1500 -1
1545069466646240 1513 -1
1545069466647159 2644 -1
1545069467047174 164 1
1545069467052366 13 -1
1545069467193562 1500 -1
1545069467193582 1535 -1
1545069467195132 3480 -1
1545069467595203 153 1
1545069467599592 13 -1
1545069467739683 1500 -1
1545069467740028 8000 -1
1545069467741881 7025 -1
1545069467741909 354 -1
1545069467742501 1500 -1
1545069467742512 712 -1
1545069468143700 166 1
1545069468148580 13 -1
1545069468311662 1500 -1
1545069468311675 1500 -1
1545069468312718 8000 -1
1545069468315468 5547 -1
1545069468315483 1453 -1
1545069468315489 1500 -1
1545069468315879 2937 -1
1545069468716101 163 1
1545069468720611 13 -1
1545069468802492 1500 -1
1545069468803587 8000 -1
1545069468805591 7024 -1
1545069468805604 338 -1
1545069468806200 1500 -1
1545069468806209 1500 -1
1545069468808421 3508 -1
1545069468809188 3569 -1
1545069469210070 164 1
1545069469214360 13 -1
1545069469286404 1500 -1
1545069469286420 1500 -1
1545069469287773 8000 -1
1545069469291097 5548 -1
1545069469291110 1453 -1
1545069469292130 969 -1
1545069469693064 126 1
1545069469696647 13 -1
1545069469831487 1500 -1
1545069469831500 1500 -1
1545069469831856 8000 -1
1545069469832838 5526 -1
1545069469832848 1453 -1
1545069469832900 1500 -1
1545069469833449 3789 -1
1545069469833463 909 -1
1545069470234381 155 1
1545069470237295 13 -1
1545069470374052 1500 -1
1545069470374908 8000 -1
1545069470377347 7046 -1
1545069470377358 353 -1
1545069470377364 1500 -1
1545069470377936 1094 -1
1545069470778576 154 1
1545069470781522 13 -1
1545069470877959 1500 -1
1545069470878912 8000 -1
1545069470880557 7025 -1
1545069470880572 353 -1
1545069470880942 1500 -1
1545069470880951 1500 -1
1545069470882801 862 -1
1545069471282936 153 1
1545069471286001 13 -1
1545069471349525 1500 -1
1545069471349538 1500 -1
1545069471350277 4009 -1
1545069471350993 4072 -1
1545069471351685 3532 -1
1545069471752820 126 1
1545069471755929 13 -1
1545069472094787 416 -1
1545069472095271 1500 -1
1545069472095278 9 -1
1545069472191197 1500 -1
1545069472191211 2328 -1
1545069472191515 4072 -1
1545069472192419 3984 -1
1545069472592970 155 1
1545069472597545 13 -1
1545069472742930 1500 -1
1545069472742940 1500 -1
1545069472743921 3985 -1
1545069472744574 4072 -1
1545069472745400 4072 -1
1545069472745411 550 -1
1545069473147272 9 1
1545069473147285 156 1
1545069473150975 13 -1
1545069473469064 1500 -1
1545069473469087 412 -1
1545069473560701 1500 -1
1545069473563897 8000 -1
1545069473564716 6589 -1
1545069473566153 308 -1
1545069473566167 1500 -1
1545069473566174 128 -1
1545069473966275 164 1
1545069473970014 13 -1
1545069474122846 1500 -1
1545069474122864 1500 -1
1545069474123924 8000 -1
1545069474124323 5549 -1
1545069474124335 1453 -1
1545069474124342 1500 -1
1545069474124650 3774 -1
1545069474125376 3097 -1
1545069474525430 153 1
1545069474531807 13 -1
1545069474663405 1500 -1
1545069474663680 8000 -1
1545069474664468 7012 -1
1545069474664481 392 -1
1545069474664487 1500 -1
1545069474664495 1500 -1
1545069474665373 694 -1
1545069475065471 154 1
1545069475069128 13 -1
1545069475226064 1500 -1
1545069475226076 1500 -1
1545069475226940 3997 -1
1545069475227355 4072 -1
1545069475229406 2744 -1
1545069475631545 155 1
1545069475634117 13 -1
1545069475773220 1500 -1
1545069475773231 1528 -1
1545069475774313 4072 -1
1545069475776111 4072 -1
1545069475777258 2618 -1
1545069476177562 154 1
1545069476182733 13 -1
1545069476368877 1500 -1
1545069476368887 1500 -1
1545069476369088 3996 -1
1545069476369537 4072 -1
1545069476370239 2744 -1
1545069476770461 163 1
1545069476773970 13 -1
1545069476936430 1500 -1
1545069476936442 1500 -1
1545069476938137 8000 -1
1545069476938631 5525 -1
1545069476938647 1453 -1
1545069476938655 1500 -1
1545069476939983 3777 -1
1545069476939995 879 -1
1545069477341096 153 1
1545069477344083 13 -1
1545069477504854 1500 -1
1545069477504869 1500 -1
1545069477505625 8000 -1
1545069477507125 5548 -1
1545069477507139 1453 -1
1545069477507198 334 -1
1545069477907205 134 1
1545069477910003 13 -1
1545069478043990 1500 -1
1545069478044004 1541 -1
1545069478045034 4072 -1
1545069478046511 4072 -1
1545069478047348 4072 -1
1545069478048133 999 -1
1545069482103078 17 1
0 0 0
1545069463210349 52 -1
1545069465204091 267 1
1545069465208235 9 -1
1545069465208242 13 -1
1545069465377016 1500 -1
1545069465377247 1500 -1
1545069465380813 1500 -1
1545069465380828 2641 -1
1545069465382123 4072 -1
1545069465382634 3277 -1
0 0 0
1545069463253616 52 -1
1545069464992016 265 1
1545069464995970 9 -1
1545069464995982 13 -1
1545069465118746 1500 -1
1545069465118762 1500 -1
1545069465120910 1500 -1
1545069465120929 2646 -1
1545069465121943 4072 -1
1545069465123272 4072 -1
1545069465123286 869 -1
0 0 0
1545069463241657 52 -1
1545069465233368 295 1
1545069465238357 9 -1
1545069465238367 13 -1
1545069465257904 1500 -1
1545069465257914 1688 -1
1545069465258693 4072 -1
1545069465258944 4072 -1
1545069465259016 2091 -1
0 0 0
1545069463222793 52 -1
1545069465226522 267 1
1545069465232715 9 -1
1545069465232724 13 -1
1545069465370381 1500 -1
1545069465370393 1687 -1
1545069465372952 4072 -1
1545069465374052 4072 -1
1545069465374973 2560 -1
