### "'42946 30793 13987 31218 21797 29975 35826 13692 20490 14088 17639 24024 21525 16015 16158 15519 22160 13458 16322 22580 18539 17858 29910 22413'"
0 0 0
1545200797346219 52 -1
1545200799343249 310 1
1545200799353098 9 -1
1545200799353106 13 -1
1545200799463813 1500 -1
1545200799473103 8000 -1
1545200799494762 7183 -1
1545200799494783 338 -1
1545200799494791 1500 -1
1545200799506741 1500 -1
1545200799508875 3508 -1
1545200799553936 4072 -1
1545200799553944 3509 -1
0 0 0
1545200797363613 52 -1
1545200799399451 308 1
1545200799438239 9 -1
1545200799438249 13 -1
1545200799476383 1500 -1
1545200799502287 1500 -1
1545200799502297 1500 -1
1545200799506113 2630 -1
1545200799509810 4072 -1
1545200799509821 3083 -1
0 0 0
1545200797348580 52 -1
1545200799351293 310 1
1545200799368154 9 -1
1545200799374560 13 -1
1545200799543546 1500 -1
1545200799543558 1500 -1
1545200799558163 8000 -1
1545200799559484 5682 -1
1545200799559494 1453 -1
1545200799559499 1500 -1
1545200799559572 3777 -1
1545200799559768 4072 -1
1545200799560095 4050 -1
0 0 0
1545200797097114 52 -1
1545200799134592 295 1
1545200799149803 9 -1
1545200799149820 13 -1
1545200799240913 1500 -1
1545200799244357 1691 -1
1545200799244367 3147 -1
1545200799644371 164 1
1545200799647272 13 -1
1545200799924105 1500 -1
1545200799924116 1510 -1
1545200799924551 1851 -1
1545200800324560 164 1
1545200800329018 13 -1
1545200800467553 1500 -1
1545200800474945 1536 -1
1545200800475549 4072 -1
1545200800475559 787 -1
1545200800875568 151 1
1545200800878606 13 -1
1545200800992123 1500 -1
1545200800992133 1530 -1
1545200801003747 3280 -1
1545200801403757 166 1
1545200801407358 13 -1
1545200801802625 1500 -1
1545200801802638 1535 -1
1545200801803849 4072 -1
1545200801803862 174 -1
1545200802204190 152 1
1545200802207281 13 -1
1545200802309668 1500 -1
1545200802309697 1554 -1
1545200802310415 4072 -1
1545200802310424 32 -1
1545200802710425 154 1
1545200802713261 13 -1
1545200802843012 1500 -1
1545200802844148 1500 -1
1545200802844493 8000 -1
1545200802844931 5525 -1
1545200802846453 1453 -1
1545200802846459 1500 -1
1545200802846995 3791 -1
1545200802848114 4072 -1
1545200802848486 2793 -1
1545200803248498 166 1
1545200803251110 13 -1
1545200803397035 1500 -1
1545200803397044 1500 -1
1545200803398964 8000 -1
1545200803399919 5548 -1
1545200803400649 1453 -1
1545200803400656 1500 -1
1545200803401798 8000 -1
1545200803402628 6893 -1
1545200803402633 1085 -1
1545200803402636 547 -1
1545200803802639 166 1
1545200803805315 13 -1
1545200803929903 1500 -1
1545200803929912 1500 -1
1545200803931007 3971 -1
1545200803931902 4072 -1
1545200803932117 2789 -1
1545200804332125 162 1
1545200804334717 13 -1
1545200804473507 1500 -1
1545200804473762 1500 -1
1545200804474367 8000 -1
1545200804476462 5548 -1
1545200804476475 1453 -1
1545200804477743 1500 -1
1545200804477752 1171 -1
1545200804877757 154 1
1545200804880515 13 -1
1545200805046751 1500 -1
1545200805047791 1500 -1
1545200805048817 3995 -1
1545200805049609 4072 -1
1545200805049616 3184 -1
1545200805449619 166 1
1545200805452391 13 -1
1545200805631265 1500 -1
1545200805632284 1500 -1
1545200805632811 3960 -1
1545200805633782 4072 -1
1545200805635163 4072 -1
1545200805635171 1500 -1
1545200805635174 1187 -1
1545200805635177 9 -1
1545200806035177 166 1
1545200806037939 13 -1
1545200806213682 1500 -1
1545200806214248 1500 -1
1545200806215127 8000 -1
1545200806215883 5546 -1
1545200806215891 1457 -1
1545200806216016 1500 -1
1545200806216292 3764 -1
1545200806216298 937 -1
1545200806616304 154 1
1545200806619049 13 -1
1545200806772086 1500 -1
1545200806772094 1500 -1
1545200806772785 8000 -1
1545200806773642 5525 -1
1545200806773649 1453 -1
1545200806773651 1500 -1
1545200806773904 2206 -1
1545200807173911 166 1
1545200807176786 13 -1
1545200807349482 1500 -1
1545200807350335 1500 -1
1545200807351178 3979 -1
1545200807352174 4072 -1
1545200807353152 4072 -1
1545200807353161 1055 -1
1545200807753164 155 1
1545200807756111 13 -1
1545200807909700 1500 -1
1545200807909710 377 -1
1545200807910650 1500 -1
1545200807911660 3604 -1
1545200807912054 4072 -1
1545200807912966 4072 -1
1545200807912973 1181 -1
1545200808312987 9 1
1545200808313002 167 1
1545200808315965 13 -1
1545200808505446 1500 -1
1545200808505763 1500 -1
1545200808506368 3981 -1
1545200808506953 4072 -1
1545200808507707 4072 -1
1545200808507715 557 -1
1545200808907720 164 1
1545200808910489 13 -1
1545200809071489 1500 -1
1545200809071496 1500 -1
1545200809072757 8000 -1
1545200809073324 5548 -1
1545200809074382 1453 -1
1545200809074389 1500 -1
1545200809076834 2841 -1
1545200809476846 167 1
1545200809479632 13 -1
1545200809876857 167 1
1545200809879518 13 -1
1545200810109408 1500 -1
1545200810109416 1500 -1
1545200810110427 3981 -1
1545200810111308 4072 -1
1545200810111548 2567 -1
1545200810511559 166 1
1545200810514884 13 -1
1545200810539711 1500 -1
1545200810539721 1500 -1
1545200810540442 3964 -1
1545200810541821 4072 -1
1545200810542328 4072 -1
1545200810543095 1354 -1
1545200810672132 1500 -1
1545200810673563 1500 -1
1545200810674309 8000 -1
1545200810674909 5524 -1
1545200810674919 1453 -1
1545200810675865 1500 -1
1545200810675873 3261 -1
1545200811075877 166 1
1545200811079234 13 -1
1545200811282399 1500 -1
1545200811282407 1500 -1
1545200811283657 8000 -1
1545200811283733 5549 -1
1545200811283948 1453 -1
1545200811283955 720 -1
1545200811683961 167 1
1545200811686799 13 -1
1545200811886496 1500 -1
1545200811886509 1500 -1
1545200811887929 8000 -1
1545200811888624 5524 -1
1545200811889559 1453 -1
1545200811889566 39 -1
1545200812289566 164 1
1545200812292434 13 -1
1545200812470261 1500 -1
1545200812471301 1500 -1
1545200812472290 8000 -1
1545200812472860 5548 -1
1545200812472866 1453 -1
1545200812473708 1500 -1
1545200812474216 3765 -1
1545200812475343 4072 -1
1545200812475363 2754 -1
1545200812875480 163 1
1545200812878413 13 -1
1545200813047421 1500 -1
1545200813047430 1500 -1
1545200813048516 8000 -1
1545200813050797 5549 -1
1545200813050807 1453 -1
1545200813050810 1500 -1
1545200813051368 3094 -1
1545200817101391 17 1
0 0 0
1545200797382796 52 -1
1545200800932250 298 1
1545200800934780 9 -1
1545200800939543 13 -1
1545200801135635 1500 -1
1545200801135645 1500 -1
1545200801137362 8000 -1
1545200801142943 5682 -1
1545200801142954 1453 -1
1545200801142965 1500 -1
1545200801152584 2478 -1
0 0 0
1545200797400283 52 -1
1545200799114524 310 1
1545200799128548 9 -1
1545200799130115 13 -1
1545200799400799 625 -1
1545200799507256 1500 -1
1545200799518902 8000 -1
1545200799567830 6893 -1
1545200799567848 1500 -1
1545200799567989 8000 -1
1545200799568066 6893 -1
1545200799582009 1500 -1
1545200799591830 1500 -1
1545200799591844 3090 -1
1545200799594424 3770 -1
