### "'11992 21628 23974 15525 21294 27483 18646 14301 19374 13140 18391 10934 24590 19288 16011 22845 21855 16920 25481 14168 20046 23203'"
0 0 0
1545200933826616 52 -1
1545200935857842 295 1
1545200935875610 9 -1
1545200935875618 13 -1
1545200935992203 1500 -1
1545200935992213 1500 -1
1545200936006309 1500 -1
1545200936006342 2634 -1
1545200936006351 112 -1
1545200936407557 166 1
1545200936411276 13 -1
1545200936573314 1500 -1
1545200936573322 1500 -1
1545200936577148 3982 -1
1545200936577158 70 -1
1545200936977159 163 1
1545200936980548 13 -1
1545200937139518 1500 -1
1545200937139534 1500 -1
1545200937147638 3986 -1
1545200937150622 4072 -1
1545200937150698 4072 -1
1545200937150733 559 -1
1545200937551359 166 1
1545200937560423 13 -1
1545200937734890 1500 -1
1545200937735328 1500 -1
1545200937737693 8000 -1
1545200937740314 5526 -1
1545200937740321 1453 -1
1545200937748456 1500 -1
1545200937748468 1975 -1
1545200938148477 167 1
1545200938153477 13 -1
1545200938532087 1500 -1
1545200938532096 387 -1
1545200938633114 1500 -1
1545200938633711 8000 -1
1545200938635748 6615 -1
1545200938635754 827 -1
1545200938635757 9 -1
1545200939035759 166 1
1545200939038706 13 -1
1545200939178479 1500 -1
1545200939178486 398 -1
1545200939179134 1500 -1
1545200939180576 3604 -1
1545200939180593 2894 -1
1545200939580600 166 1
1545200939583248 13 -1
1545200939741302 1500 -1
1545200939742072 1500 -1
1545200939743504 3959 -1
1545200939744484 4072 -1
1545200939744491 3412 -1
1545200940144496 166 1
1545200940147025 13 -1
1545200940318912 1500 -1
1545200940319500 1500 -1
1545200940320450 8000 -1
1545200940321045 5547 -1
1545200940321057 1453 -1
1545200940322113 1500 -1
1545200940322121 55 -1
1545200940722121 164 1
1545200940725154 13 -1
1545200940896603 1500 -1
1545200940896610 1500 -1
1545200940897853 3960 -1
1545200940898958 4072 -1
1545200940898967 2248 -1
1545200941298974 166 1
1545200941301766 13 -1
1545200941449918 1500 -1
1545200941449926 1500 -1
1545200941451503 8000 -1
1545200941452085 5547 -1
1545200941452666 1453 -1
1545200941452672 572 -1
1545200941852677 164 1
1545200941855364 13 -1
1545200942007747 1500 -1
1545200942007755 1500 -1
1545200942008916 3981 -1
1545200942010631 4072 -1
1545200942010645 45 -1
1545200942410644 166 1
1545200942413651 13 -1
1545200942810655 153 1
1545200942813649 13 -1
1545200942930281 1500 -1
1545200942930289 358 -1
1545200942930955 1500 -1
1545200942930963 392 -1
1545200942933400 1500 -1
1545200942934828 8000 -1
1545200942935365 6585 -1
1545200942936015 1469 -1
1545200943068857 1500 -1
1545200943070071 8000 -1
1545200943071810 6618 -1
1545200943071816 1500 -1
1545200943072392 1453 -1
1545200943072398 1500 -1
1545200943072401 2327 -1
1545200943472403 9 1
1545200943472415 170 1
1545200943475142 13 -1
1545200943845540 1500 -1
1545200943845549 385 -1
1545200943935747 1500 -1
1545200943936032 3604 -1
1545200943936679 3040 -1
1545200943937038 4072 -1
1545200943937047 2082 -1
1545200944337051 166 1
1545200944339730 13 -1
1545200944499171 1500 -1
1545200944499437 1500 -1
1545200944500126 8000 -1
1545200944501286 5547 -1
1545200944501296 1453 -1
1545200944501989 1500 -1
1545200944501997 3526 -1
1545200944902000 167 1
1545200944904643 13 -1
1545200945102079 1500 -1
1545200945102369 1500 -1
1545200945103121 8000 -1
1545200945103465 5547 -1
1545200945103475 1453 -1
1545200945104311 1500 -1
1545200945104321 2536 -1
1545200945504328 164 1
1545200945507157 13 -1
1545200945667455 1500 -1
1545200945668024 1500 -1
1545200945668610 3959 -1
1545200945668961 4072 -1
1545200945670063 4072 -1
1545200945670071 1500 -1
1545200945670074 466 -1
1545200945670077 9 -1
1545200946070078 163 1
1545200946073007 13 -1
1545200946267125 1500 -1
1545200946267133 1500 -1
1545200946268150 8000 -1
1545200946270032 5549 -1
1545200946270043 1453 -1
1545200946270046 1500 -1
1545200946270749 3767 -1
1545200946271625 2395 -1
1545200946671634 164 1
1545200946674466 13 -1
1545200946860159 1500 -1
1545200946860172 1500 -1
1545200946860908 3959 -1
1545200946861865 4072 -1
1545200946862048 3277 -1
1545200947262055 168 1
1545200947264629 13 -1
1545200947662064 166 1
1545200947665154 13 -1
1545200947721128 1500 -1
1545200947721139 381 -1
1545200947818663 1500 -1
1545200947819056 8000 -1
1545200947821491 6618 -1
1545200947821498 401 -1
1545200947821501 1500 -1
1545200947821504 335 -1
1545200947849311 1500 -1
1545200947849834 1500 -1
1545200947851215 8000 -1
1545200947851942 5526 -1
1545200947851950 1453 -1
1545200947852518 1500 -1
1545200947853235 3765 -1
1545200947853242 119 -1
1545200951909149 17 1
0 0 0
1545200934043098 52 -1
1545200936024066 308 1
1545200936048446 9 -1
1545200936052023 13 -1
1545200936193726 1500 -1
1545200936193739 1500 -1
1545200936199280 8000 -1
1545200936209872 5683 -1
1545200936209885 1453 -1
1545200936209892 1500 -1
1545200936213780 2309 -1
0 0 0
1545200934064301 52 -1
1545200936056658 308 1
1545200936107266 9 -1
1545200936107274 13 -1
1545200936476869 1500 -1
1545200936476879 533 -1
1545200936564238 1500 -1
1545200936575840 8000 -1
1545200936577725 6607 -1
1545200936577734 1200 -1
1545200936577738 1500 -1
1545200936578279 2581 -1
1545200936578288 879 -1
0 0 0
1545200934052167 52 -1
1545200936051576 310 1
1545200936057834 9 -1
1545200936081486 13 -1
1545200936236793 1500 -1
1545200936236801 1500 -1
1545200936239502 1500 -1
1545200936239510 2624 -1
1545200936240289 1842 -1
0 0 0
1545200934099082 52 -1
1545200935852651 310 1
1545200935859691 9 -1
1545200935877018 13 -1
1545200936171273 1500 -1
1545200936171287 534 -1
1545200936245556 1500 -1
1545200936251252 3604 -1
1545200936263933 4072 -1
1545200936263943 1090 -1
0 0 0
1545200934061120 52 -1
1545200937619270 308 1
1545200937626119 9 -1
1545200937631520 13 -1
1545200937791119 1500 -1
1545200937794187 1500 -1
1545200937797360 8000 -1
1545200937799541 5681 -1
1545200937799551 1453 -1
1545200937815205 1500 -1
1545200937815939 3775 -1
1545200937816378 4072 -1
1545200937816386 317 -1
