### "'29180 18114 13975 22882 19262 23679 11552 23296 19702 20255 15052 18162 11059 16953 26031 11252 13643 18977 19780 17678 13216 15951 13874'"
0 0 0
1545201620694255 52 -1
1545201622688949 300 1
1545201622699010 9 -1
1545201622702774 13 -1
1545201622788042 1500 -1
1545201622801019 8000 -1
1545201622821051 7183 -1
1545201622821061 353 -1
1545201622821065 1395 -1
0 0 0
1545201620790670 52 -1
1545201622744276 312 1
1545201622762105 9 -1
1545201622762114 13 -1
1545201622931505 1500 -1
1545201622942643 1500 -1
1545201622964016 8000 -1
1545201622969264 5684 -1
1545201622969276 1453 -1
1545201622972407 1500 -1
1545201622978484 3563 -1
0 0 0
1545201620785336 52 -1
1545201624279282 313 1
1545201624298730 9 -1
1545201624298750 13 -1
1545201624386806 1500 -1
1545201624386818 1500 -1
1545201624388909 8000 -1
1545201624399525 5682 -1
1545201624399563 1453 -1
1545201624399576 1443 -1
0 0 0
1545201620745502 52 -1
1545201622740983 310 1
1545201622762247 9 -1
1545201622762253 13 -1
1545201622920135 1500 -1
1545201622928124 1500 -1
1545201622928137 1500 -1
1545201622937534 2626 -1
1545201622958857 4072 -1
1545201622958871 3074 -1
0 0 0
1545201620441806 52 -1
1545201622477759 296 1
1545201622495507 9 -1
1545201622495517 13 -1
1545201622495521 1500 -1
1545201622497182 4929 -1
1545201622900018 164 1
1545201622911780 13 -1
1545201623002504 1500 -1
1545201623003054 1555 -1
1545201623003060 2564 -1
1545201623403070 163 1
1545201623406558 13 -1
1545201623520822 1500 -1
1545201623520832 1541 -1
1545201623521072 2983 -1
1545201623921818 164 1
1545201623930078 13 -1
1545201624020657 1500 -1
1545201624023241 1533 -1
1545201624023252 3011 -1
1545201624423256 166 1
1545201624425989 13 -1
1545201624520650 1500 -1
1545201624520662 1510 -1
1545201624522827 3145 -1
1545201624922842 164 1
1545201624925709 13 -1
1545201625320688 1500 -1
1545201625321116 1538 -1
1545201625321736 4072 -1
1545201625321746 363 -1
1545201625721751 164 1
1545201625724588 13 -1
1545201625867878 1500 -1
1545201625867886 1500 -1
1545201625868309 2144 -1
1545201626268321 167 1
1545201626271059 13 -1
1545201626441861 1500 -1
1545201626441869 1500 -1
1545201626441872 2087 -1
1545201626841875 166 1
1545201626844843 13 -1
1545201626994771 1500 -1
1545201626994779 1500 -1
1545201626996021 3616 -1
1545201627396034 166 1
1545201627398866 13 -1
1545201627616535 1500 -1
1545201627616546 1500 -1
1545201627617284 8000 -1
1545201627618430 5548 -1
1545201627619563 1453 -1
1545201627619574 1500 -1
1545201627620703 3775 -1
1545201627620710 585 -1
1545201628020755 153 1
1545201628023685 13 -1
1545201628180620 1500 -1
1545201628180629 1500 -1
1545201628182858 4006 -1
1545201628184089 4072 -1
1545201628184098 636 -1
1545201628584102 153 1
1545201628586853 13 -1
1545201628754587 1500 -1
1545201628754594 1500 -1
1545201628755733 8000 -1
1545201628757232 5523 -1
1545201628757242 1453 -1
1545201628757245 1500 -1
1545201628758509 3791 -1
1545201628758517 186 -1
1545201629158522 167 1
1545201629161584 13 -1
1545201629322541 1500 -1
1545201629323270 1500 -1
1545201629323816 8000 -1
1545201629324230 5548 -1
1545201629324241 1453 -1
1545201629324683 1500 -1
1545201629324694 383 -1
1545201629724698 166 1
1545201629727642 13 -1
1545201629882418 1500 -1
1545201629886000 1500 -1
1545201629886348 8000 -1
1545201629886541 5524 -1
1545201629886550 1453 -1
1545201629886740 1500 -1
1545201629886747 936 -1
1545201630287013 154 1
1545201630290018 13 -1
1545201630665963 1500 -1
1545201630665975 408 -1
1545201630780690 1500 -1
1545201630781570 3604 -1
1545201630781924 4072 -1
1545201630782148 4072 -1
1545201630782155 67 -1
1545201631182787 153 1
1545201631185612 13 -1
1545201631250112 1500 -1
1545201631250131 1500 -1
1545201631250838 8000 -1
1545201631251582 5548 -1
1545201631251595 1453 -1
1545201631251600 343 -1
1545201631651604 153 1
1545201631654498 13 -1
1545201631831381 1500 -1
1545201631831390 1500 -1
1545201631831859 3983 -1
1545201631832158 4072 -1
1545201631832166 142 -1
1545201632232170 163 1
1545201632234965 13 -1
1545201632385983 1500 -1
1545201632385990 1500 -1
1545201632386746 3993 -1
1545201632387021 4072 -1
1545201632387657 4072 -1
1545201632387669 1500 -1
1545201632387673 488 -1
1545201632387677 9 -1
1545201632787677 9 1
1545201632787688 157 1
1545201632790583 13 -1
1545201632981652 1500 -1
1545201632982372 1500 -1
1545201632983028 8000 -1
1545201632983775 5525 -1
1545201632983785 1453 -1
1545201632984986 1500 -1
1545201632986205 3788 -1
1545201632986213 2924 -1
1545201633386216 164 1
1545201633388941 13 -1
1545201633526269 1500 -1
1545201633526276 1500 -1
1545201633526896 3992 -1
1545201633528159 4072 -1
1545201633528172 350 -1
1545201633928174 164 1
1545201633930905 13 -1
1545201634073080 1500 -1
1545201634073089 1500 -1
1545201634073800 3994 -1
1545201634074375 4072 -1
1545201634074890 2740 -1
1545201634474898 153 1
1545201634477704 13 -1
1545201634619190 1500 -1
1545201634619804 1500 -1
1545201634620611 8000 -1
1545201634622228 5525 -1
1545201634622236 1453 -1
1545201634622897 1158 -1
1545201635022902 166 1
1545201635025573 13 -1
1545201635174364 1500 -1
1545201635174381 1500 -1
1545201635175737 8000 -1
1545201635177025 5548 -1
1545201635177148 1453 -1
1545201635177155 1500 -1
1545201635177160 461 -1
1545201635577163 153 1
1545201635579935 13 -1
1545201635744415 1500 -1
1545201635744423 1500 -1
1545201635745296 3986 -1
1545201635745656 4072 -1
1545201635746712 4072 -1
1545201635747486 1500 -1
1545201635747496 1199 -1
1545201635747499 9 -1
1545201636147500 155 1
1545201636150278 13 -1
1545201636311441 1500 -1
1545201636311901 1500 -1
1545201636312582 4009 -1
1545201636313726 4072 -1
1545201636313739 2302 -1
1545201636713745 154 1
1545201636716375 13 -1
1545201636862252 1500 -1
1545201636862259 1500 -1
1545201636863198 3989 -1
1545201636863208 455 -1
1545201637263212 154 1
1545201637265838 13 -1
1545201637393223 1500 -1
1545201637393231 1500 -1
1545201637394074 4012 -1
1545201637394880 4072 -1
1545201637395527 4072 -1
1545201637395536 962 -1
1545201637795540 153 1
1545201637798146 13 -1
1545201637965906 1500 -1
1545201637965916 1500 -1
1545201637966441 3990 -1
1545201637966964 4072 -1
1545201637967880 2958 -1
1545201642024760 17 1
0 0 0
1545201620799251 52 -1
1545201622441320 313 1
1545201622447286 9 -1
1545201622447296 13 -1
1545201622537320 1500 -1
1545201622542036 8000 -1
1545201622552329 7185 -1
1545201622552337 336 -1
1545201622552339 1500 -1
1545201622562311 1500 -1
1545201622575535 3508 -1
1545201622586120 4072 -1
1545201622586129 1898 -1
