### "'28888 27483 22155 24094 24632 22328 15335 27029 14101 37149 30446 22877 30978 14015 21650 16813 36513 25716 20790 16444 24512 18288'"
0 0 0
1545206121636815 52 -1
1545206123658663 306 1
1545206123678399 9 -1
1545206123678410 13 -1
1545206123860599 1500 -1
1545206123860847 1500 -1
1545206123863937 8000 -1
1545206123864149 5683 -1
1545206123864157 1453 -1
1545206123864218 1500 -1
1545206123864278 3777 -1
1545206123864284 998 -1
0 0 0
1545206121695870 52 -1
1545206123416388 297 1
1545206123463326 9 -1
1545206123463341 13 -1
1545206123602909 1500 -1
1545206123602923 1500 -1
1545206123614564 8000 -1
1545206123632019 5685 -1
1545206123632033 1453 -1
1545206123632039 1500 -1
1545206123632241 3781 -1
1545206123635844 4072 -1
1545206123651778 1716 -1
0 0 0
1545206121637862 52 -1
1545206123621664 309 1
1545206123629750 9 -1
1545206123633019 13 -1
1545206123760456 1500 -1
1545206123760467 1500 -1
1545206123763442 8000 -1
1545206123777475 5682 -1
1545206123777516 1453 -1
1545206123777528 1500 -1
1545206123787508 3779 -1
1545206123800681 4072 -1
1545206123800690 313 -1
0 0 0
1545206121674093 52 -1
1545206125219215 297 1
1545206125226069 9 -1
1545206125227269 13 -1
1545206125387003 1500 -1
1545206125387016 1500 -1
1545206125387900 8000 -1
1545206125392550 5684 -1
1545206125392558 1453 -1
1545206125392562 1500 -1
1545206125420214 3788 -1
1545206125421453 1525 -1
0 0 0
1545206121669902 52 -1
1545206123671037 297 1
1545206123679471 9 -1
1545206123679478 13 -1
1545206123854763 1500 -1
1545206123854774 1500 -1
1545206123867593 8000 -1
1545206123879749 5682 -1
1545206123879756 1453 -1
1545206123879759 1500 -1
1545206123880311 2836 -1
0 0 0
1545206121412278 52 -1
1545206123477924 287 1
1545206123503013 9 -1
1545206123503031 13 -1
1545206123503036 1500 -1
1545206123505507 3298 -1
1545206123907955 164 1
1545206123915275 13 -1
1545206124016122 1500 -1
1545206124016131 1573 -1
1545206124020881 2397 -1
1545206124420897 168 1
1545206124432192 13 -1
1545206124521165 1500 -1
1545206124523986 1510 -1
1545206124523999 2598 -1
1545206124924006 164 1
1545206124928080 13 -1
1545206125027394 1500 -1
1545206125029657 1534 -1
1545206125029672 3172 -1
1545206125429676 166 1
1545206125434056 13 -1
1545206125532403 1500 -1
1545206125533384 1512 -1
1545206125533394 2670 -1
1545206125933399 164 1
1545206125936371 13 -1
1545206126032467 1500 -1
1545206126032476 1536 -1
1545206126035618 2901 -1
1545206126435630 166 1
1545206126439511 13 -1
1545206126570485 1500 -1
1545206126572439 1500 -1
1545206126572452 3661 -1
1545206126972458 163 1
1545206126975834 13 -1
1545206127162545 1500 -1
1545206127162553 1500 -1
1545206127163225 3980 -1
1545206127163233 470 -1
1545206127563494 164 1
1545206127566121 13 -1
1545206127759690 1500 -1
1545206127759698 1500 -1
1545206127760015 3957 -1
1545206127760023 2417 -1
1545206128160029 155 1
1545206128162761 13 -1
1545206128246934 1500 -1
1545206128249211 8000 -1
1545206128250262 7047 -1
1545206128250270 352 -1
1545206128251233 1500 -1
1545206128251246 1500 -1
1545206128252649 2610 -1
1545206128652657 153 1
1545206128655282 13 -1
1545206128846698 1500 -1
1545206128847280 1500 -1
1545206128847893 3975 -1
1545206128848389 4072 -1
1545206128848980 4072 -1
1545206128848987 357 -1
1545206129248989 154 1
1545206129252498 13 -1
1545206129425268 1500 -1
1545206129425275 1500 -1
1545206129426685 8000 -1
1545206129427343 5547 -1
1545206129427893 1453 -1
1545206129427900 1500 -1
1545206129428374 3781 -1
1545206129428926 3929 -1
1545206129828931 154 1
1545206129831620 13 -1
1545206130020542 1500 -1
1545206130020550 1500 -1
1545206130021079 3997 -1
1545206130021572 4072 -1
1545206130021748 3194 -1
1545206130421756 154 1
1545206130424590 13 -1
1545206130585852 1500 -1
1545206130587854 1500 -1
1545206130588421 8000 -1
1545206130589172 5525 -1
1545206130589180 1453 -1
1545206130589907 1500 -1
1545206130592438 8000 -1
1545206130595168 6893 -1
1545206130597690 1091 -1
1545206130597702 1500 -1
1545206130597707 364 -1
1545206130997711 154 1
1545206131000598 13 -1
1545206131172387 1500 -1
1545206131172923 1500 -1
1545206131174293 8000 -1
1545206131176168 5547 -1
1545206131176178 1453 -1
1545206131176784 1500 -1
1545206131177312 3780 -1
1545206131177569 4072 -1
1545206131177577 3275 -1
1545206131577584 155 1
1545206131580680 13 -1
1545206131739591 1500 -1
1545206131739600 1500 -1
1545206131742242 8000 -1
1545206131744443 5525 -1
1545206131744453 1453 -1
1545206131744458 1500 -1
1545206131747180 2991 -1
1545206131747189 567 -1
1545206132147194 155 1
1545206132150715 13 -1
1545206132330772 1500 -1
1545206132330780 1500 -1
1545206132333060 8000 -1
1545206132338284 5546 -1
1545206132338297 1453 -1
1545206132338302 1500 -1
1545206132340414 3780 -1
1545206132342004 4072 -1
1545206132343458 3807 -1
1545206132744500 154 1
1545206132748090 13 -1
1545206133088126 1500 -1
1545206133088145 400 -1
1545206133169542 1500 -1
1545206133173729 3604 -1
1545206133178252 3040 -1
1545206133181275 4072 -1
1545206133181286 71 -1
1545206133581284 9 1
1545206133581304 157 1
1545206133585788 13 -1
1545206133708530 1500 -1
1545206133708538 1500 -1
1545206133709707 8000 -1
1545206133710007 5523 -1
1545206133711262 1453 -1
1545206133711271 1500 -1
1545206133713591 2331 -1
1545206134113602 154 1
1545206134116478 13 -1
1545206134227572 1500 -1
1545206134228472 1500 -1
1545206134229567 4008 -1
1545206134229578 2957 -1
1545206134629582 154 1
1545206134632634 13 -1
1545206134767315 1500 -1
1545206134768166 1500 -1
1545206134768834 3984 -1
1545206134769399 4072 -1
1545206134771554 4072 -1
1545206134771567 1500 -1
1545206134771571 334 -1
1545206134771575 9 -1
1545206135171578 154 1
1545206135174187 13 -1
1545206135324731 1500 -1
1545206135324739 1500 -1
1545206135325222 8000 -1
1545206135325614 5548 -1
1545206135326950 1453 -1
1545206135326961 1500 -1
1545206135327502 8000 -1
1545206135328480 6893 -1
1545206135328486 1100 -1
1545206135328490 1219 -1
1545206135728498 166 1
1545206135731086 13 -1
1545206135879995 1500 -1
1545206135882337 1500 -1
1545206135883749 8000 -1
1545206135884500 5524 -1
1545206135884506 1453 -1
1545206135884987 1500 -1
1545206135885716 3776 -1
1545206135885722 2621 -1
1545206136285729 153 1
1545206136289069 13 -1
1545206136416179 1500 -1
1545206136416192 1500 -1
1545206136416643 4006 -1
1545206136416920 2068 -1
1545206136816928 154 1
1545206136820125 13 -1
1545206136945889 1500 -1
1545206136946580 1500 -1
1545206136948029 8000 -1
1545206136948986 5526 -1
1545206136948994 1453 -1
1545206136949589 1500 -1
1545206136949595 1471 -1
1545206137349599 154 1
1545206137352403 13 -1
1545206137498674 1500 -1
1545206137498682 1500 -1
1545206137499446 4009 -1
1545206137500103 4072 -1
1545206137501475 4072 -1
1545206137501483 1466 -1
1545206137501486 9 -1
1545206137901490 154 1
1545206137905017 13 -1
1545206138020732 1500 -1
1545206138021291 1500 -1
1545206138022131 8000 -1
1545206138023503 5552 -1
1545206138023512 1453 -1
1545206138024966 1500 -1
1545206138025939 3790 -1
1545206138025947 1403 -1
1545206138425952 154 1
1545206138428884 13 -1
1545206138550647 1500 -1
1545206138550656 1500 -1
1545206138552278 8000 -1
1545206138553944 5530 -1
1545206138554491 1453 -1
1545206138554501 469 -1
1545206142604464 17 1
