### "'20243 13521 13052 25474 15594 15773 17325 14622 20908 20945 21518 17243 24664 28404 25318 21529 23236 14849 30616 19262 14662 15050'"
0 0 0
1545211794739380 52 -1
1545211796743541 297 1
1545211796753046 9 -1
1545211796756390 13 -1
1545211796884698 1500 -1
1545211796884707 1690 -1
1545211796887881 4072 -1
1545211796900877 4072 -1
1545211796908970 2486 -1
0 0 0
1545211794746667 52 -1
1545211796771302 296 1
1545211796786640 9 -1
1545211796786649 13 -1
1545211796898575 1500 -1
1545211796898587 1500 -1
1545211796905728 1500 -1
1545211796905738 2643 -1
1545211796912014 4072 -1
1545211796912376 2136 -1
0 0 0
1545211794758954 52 -1
1545211796763316 297 1
1545211796776590 9 -1
1545211796778752 13 -1
1545211796945481 1500 -1
1545211796945495 1500 -1
1545211796951470 8000 -1
1545211796951570 5682 -1
1545211796951576 1453 -1
1545211796951581 1500 -1
1545211796951635 3780 -1
1545211796951687 2375 -1
0 0 0
1545211794522712 52 -1
1545211796559463 293 1
1545211796571301 9 -1
1545211796571310 13 -1
1545211796571313 1500 -1
1545211796579382 3930 -1
1545211796979394 166 1
1545211796984179 13 -1
1545211797193297 1500 -1
1545211797196788 1500 -1
1545211797197254 4017 -1
1545211797202908 4072 -1
1545211797214422 4072 -1
1545211797214435 632 -1
1545211797616336 166 1
1545211797620817 13 -1
1545211797810277 1500 -1
1545211797810290 361 -1
1545211797812082 1500 -1
1545211797813191 3604 -1
1545211797816638 4072 -1
1545211797823806 4072 -1
1545211797823820 812 -1
1545211798223825 164 1
1545211798226796 13 -1
1545211798401790 1500 -1
1545211798402788 1500 -1
1545211798407349 3983 -1
1545211798413283 4072 -1
1545211798416922 4072 -1
1545211798416932 1500 -1
1545211798416935 871 -1
1545211798416937 9 -1
1545211798816939 154 1
1545211798820074 13 -1
1545211798962378 1500 -1
1545211798962387 341 -1
1545211799362392 166 1
1545211799365182 13 -1
1545211799538897 1500 -1
1545211799538910 1500 -1
1545211799539998 8000 -1
1545211799540142 5547 -1
1545211799540147 1453 -1
1545211799540151 1500 -1
1545211799540327 1589 -1
1545211799940337 152 1
1545211799943225 13 -1
1545211800308455 1500 -1
1545211800309117 1500 -1
1545211800310084 8000 -1
1545211800311486 5549 -1
1545211800311497 1453 -1
1545211800312051 1500 -1
1545211800312062 1626 -1
1545211800712067 154 1
1545211800715057 13 -1
1545211800865486 1500 -1
1545211800865506 1500 -1
1545211800867292 8000 -1
1545211800867407 5524 -1
1545211800867413 1453 -1
1545211800867417 1500 -1
1545211800868044 2199 -1
1545211801268052 163 1
1545211801270789 13 -1
1545211801410818 1500 -1
1545211801410826 1500 -1
1545211801411379 3996 -1
1545211801412029 4072 -1
1545211801412212 4072 -1
1545211801412296 1500 -1
1545211801412302 776 -1
1545211801412307 9 -1
1545211801812308 166 1
1545211801815106 13 -1
1545211802013295 1500 -1
1545211802013303 1500 -1
1545211802014818 8000 -1
1545211802015779 5549 -1
1545211802015786 1453 -1
1545211802015788 1500 -1
1545211802016332 3763 -1
1545211802016614 1582 -1
1545211802416621 157 1
1545211802419417 13 -1
1545211802499952 1500 -1
1545211802500525 8000 -1
1545211802502413 7025 -1
1545211802502421 349 -1
1545211802503234 1500 -1
1545211802503246 1500 -1
1545211802504005 3508 -1
1545211802504554 4072 -1
1545211802504563 1109 -1
1545211802904566 164 1
1545211802907337 13 -1
1545211803064787 1500 -1
1545211803064796 386 -1
1545211803161857 1500 -1
1545211803162632 8000 -1
1545211803164594 6614 -1
1545211803164604 1193 -1
1545211803164608 1500 -1
1545211803164955 2581 -1
1545211803165243 2234 -1
1545211803565251 158 1
1545211803568191 13 -1
1545211803726550 1500 -1
1545211803726873 1500 -1
1545211803727433 8000 -1
1545211803728082 5524 -1
1545211803728089 1453 -1
1545211803728559 1500 -1
1545211803728566 2210 -1
1545211804128568 9 1
1545211804128578 169 1
1545211804131841 13 -1
1545211804305839 1500 -1
1545211804305847 1500 -1
1545211804306865 8000 -1
1545211804308239 5548 -1
1545211804309763 1453 -1
1545211804309772 1500 -1
1545211804310549 3765 -1
1545211804310558 152 -1
1545211804710561 164 1
1545211804713317 13 -1
1545211804872609 1500 -1
1545211804872616 1500 -1
1545211804873243 3959 -1
1545211804874067 4072 -1
1545211804874892 3958 -1
1545211805274901 154 1
1545211805277627 13 -1
1545211805433136 1500 -1
1545211805433643 1500 -1
1545211805435006 8000 -1
1545211805439722 5547 -1
1545211805439734 1453 -1
1545211805443490 1500 -1
1545211805444506 3790 -1
1545211805444609 4072 -1
1545211805444617 3435 -1
1545211805844622 164 1
1545211805847517 13 -1
1545211806047343 1500 -1
1545211806048005 1500 -1
1545211806049492 3980 -1
1545211806049506 3049 -1
1545211806449509 163 1
1545211806453143 13 -1
1545211806592275 1500 -1
1545211806592283 1500 -1
1545211806593078 8000 -1
1545211806593858 5526 -1
1545211806593869 1453 -1
1545211806593873 1443 -1
1545211806993878 157 1
1545211806997025 13 -1
1545211807144209 1500 -1
1545211807144227 1500 -1
1545211807144752 3990 -1
1545211807145445 4072 -1
1545211807145788 3763 -1
1545211807545799 166 1
1545211807548575 13 -1
1545211807722219 1500 -1
1545211807722231 374 -1
1545211807840144 1500 -1
1545211807840630 3604 -1
1545211807841713 4072 -1
1545211807842714 4072 -1
1545211807842722 77 -1
1545211811896718 17 1
0 0 0
1545211794777554 52 -1
1545211796522123 307 1
1545211796532767 9 -1
1545211796532776 13 -1
1545211796694108 1500 -1
1545211796694133 1500 -1
1545211796715299 8000 -1
1545211796728260 5682 -1
1545211796728272 1453 -1
1545211796728277 1500 -1
1545211796743657 924 -1
0 0 0
1545211794762151 52 -1
1545211798370256 309 1
1545211798376659 9 -1
1545211798381648 13 -1
1545211798552882 1500 -1
1545211798552889 1500 -1
1545211798554037 1500 -1
1545211798554049 2614 -1
1545211798554574 4072 -1
1545211798562345 3735 -1
