### "'15929 32564 17643 15929 16878 20932 19476 25370 12334 19021 17448 23139 30645 19032 24405 16314 11875 36143 21838 31356 21329 23563 18653 22518'"
0 0 0
1545212371042503 52 -1
1545212372987583 312 1
1545212372990444 9 -1
1545212372996276 13 -1
1545212373261044 1500 -1
1545212373261052 1500 -1
1545212373263417 1500 -1
1545212373263429 2628 -1
1545212373267156 4072 -1
1545212373272621 4072 -1
1545212373286558 1500 -1
1545212373286567 1180 -1
1545212373286572 9 -1
0 0 0
1545212370749850 52 -1
1545212372787476 296 1
1545212372795962 9 -1
1545212372795971 13 -1
1545212372795980 1500 -1
1545212372800399 6714 -1
1545212373203464 166 1
1545212373220251 13 -1
1545212373366264 1500 -1
1545212373366273 1500 -1
1545212373366276 739 -1
1545212373766281 163 1
1545212373769012 13 -1
1545212373971931 1500 -1
1545212373973372 1500 -1
1545212373973382 3292 -1
1545212374373390 163 1
1545212374377335 13 -1
1545212374524598 1500 -1
1545212374527521 1500 -1
1545212374530995 3982 -1
1545212374531007 1866 -1
1545212374931016 167 1
1545212374935169 13 -1
1545212375108389 1500 -1
1545212375109262 1500 -1
1545212375109274 2649 -1
1545212375509280 153 1
1545212375512388 13 -1
1545212375687803 1500 -1
1545212375687811 1500 -1
1545212375688678 8000 -1
1545212375688986 5524 -1
1545212375690210 1453 -1
1545212375690220 1500 -1
1545212375690223 1613 -1
1545212376090227 163 1
1545212376092799 13 -1
1545212376190188 1500 -1
1545212376191040 8000 -1
1545212376192841 7036 -1
1545212376192852 378 -1
1545212376192855 1500 -1
1545212376193615 1232 -1
1545212376593622 153 1
1545212376596343 13 -1
1545212376745291 1500 -1
1545212376746179 1500 -1
1545212376747037 8000 -1
1545212376748090 5524 -1
1545212376748101 1453 -1
1545212376748714 1500 -1
1545212376750136 3784 -1
1545212376750143 2267 -1
1545212377150147 153 1
1545212377153512 13 -1
1545212377315840 1500 -1
1545212377317281 1500 -1
1545212377317733 4006 -1
1545212377318647 4072 -1
1545212377318656 1418 -1
1545212377718658 164 1
1545212377721907 13 -1
1545212377890440 1500 -1
1545212377891281 1500 -1
1545212377893305 8000 -1
1545212377894378 5526 -1
1545212377894387 1453 -1
1545212377895772 1202 -1
1545212378295802 154 1
1545212378298450 13 -1
1545212378430395 1500 -1
1545212378430405 1500 -1
1545212378430848 4009 -1
1545212378431419 4072 -1
1545212378431880 4072 -1
1545212378431891 1500 -1
1545212378431988 969 -1
1545212378431994 9 -1
1545212378831995 164 1
1545212378834878 13 -1
1545212379033535 386 -1
1545212379034348 1500 -1
1545212379034359 1500 -1
1545212379035654 8000 -1
1545212379036865 5393 -1
1545212379036871 1230 -1
1545212379036873 1500 -1
1545212379038049 2489 -1
1545212379038056 1331 -1
1545212379438059 166 1
1545212379440725 13 -1
1545212379459700 1500 -1
1545212379460576 8000 -1
1545212379461701 7023 -1
1545212379461711 334 -1
1545212379462521 1500 -1
1545212379462528 1500 -1
1545212379465627 3508 -1
1545212379466719 4072 -1
1545212379466965 3365 -1
1545212379866978 168 1
1545212379870597 13 -1
1545212379944408 1500 -1
1545212379944415 1500 -1
1545212379947155 8000 -1
1545212379947625 5523 -1
1545212379947918 1453 -1
1545212379947925 1213 -1
1545212380347928 166 1
1545212380350858 13 -1
1545212380490914 1500 -1
1545212380491632 1500 -1
1545212380492742 8000 -1
1545212380494612 5545 -1
1545212380494622 1453 -1
1545212380495485 1500 -1
1545212380496622 3775 -1
1545212380496630 1311 -1
1545212380896635 9 1
1545212380896644 170 1
1545212380899839 13 -1
1545212381101985 1500 -1
1545212381102847 1500 -1
1545212381103094 3983 -1
1545212381103977 4072 -1
1545212381104785 4072 -1
1545212381104794 1352 -1
1545212381504798 154 1
1545212381507729 13 -1
1545212381638226 1500 -1
1545212381639224 1500 -1
1545212381639770 3974 -1
1545212381640536 4072 -1
1545212381640545 968 -1
1545212382040549 154 1
1545212382043093 13 -1
1545212382227731 1500 -1
1545212382229430 1500 -1
1545212382230282 8000 -1
1545212382231552 5547 -1
1545212382231566 1453 -1
1545212382231831 1500 -1
1545212382232344 8000 -1
1545212382232804 6893 -1
1545212382234253 1088 -1
1545212382234262 861 -1
1545212382634266 154 1
1545212382637350 13 -1
1545212382819858 1500 -1
1545212382820797 1500 -1
1545212382821355 8000 -1
1545212382822849 5525 -1
1545212382822858 1453 -1
1545212382824096 1500 -1
1545212382824103 2519 -1
1545212383224105 155 1
1545212383226862 13 -1
1545212383417748 1500 -1
1545212383417756 1500 -1
1545212383419737 8000 -1
1545212383420715 5548 -1
1545212383420724 1453 -1
1545212383420726 1500 -1
1545212383421479 3791 -1
1545212383422114 4072 -1
1545212383423189 4072 -1
1545212383423195 102 -1
1545212383823197 164 1
1545212383826469 13 -1
1545212384022375 1500 -1
1545212384022382 1500 -1
1545212384023658 8000 -1
1545212384024539 5546 -1
1545212384024953 1453 -1
1545212384024960 1500 -1
1545212384024963 2010 -1
1545212384424965 154 1
1545212384427979 13 -1
1545212384606853 1500 -1
1545212384606860 1500 -1
1545212384607929 8000 -1
1545212384608380 5525 -1
1545212384608809 1453 -1
1545212384608818 1500 -1
1545212384609054 2993 -1
1545212384609062 1251 -1
1545212385009064 154 1
1545212385012224 13 -1
1545212385182838 1500 -1
1545212385182847 1500 -1
1545212385183387 8000 -1
1545212385184990 5548 -1
1545212385185000 1453 -1
1545212385185003 834 -1
1545212385585009 154 1
1545212385588755 13 -1
1545212385813022 1500 -1
1545212385813032 1500 -1
1545212385815310 8000 -1
1545212385816075 5523 -1
1545212385817509 1453 -1
1545212385817516 1500 -1
1545212385817879 3199 -1
1545212389863190 17 1
0 0 0
1545212370977050 52 -1
1545212372950952 299 1
1545212372965703 9 -1
1545212372965711 13 -1
1545212373286718 1500 -1
1545212373286726 548 -1
1545212373366486 1500 -1
1545212373369176 3604 -1
1545212373371471 4072 -1
1545212373371777 4072 -1
1545212373371785 941 -1
0 0 0
1545212371065205 52 -1
1545212372758291 313 1
1545212372777024 9 -1
1545212372787835 13 -1
1545212372971234 1500 -1
1545212372976456 1500 -1
1545212372976467 1500 -1
1545212372977842 2610 -1
1545212372977937 4072 -1
1545212372982269 4072 -1
1545212372982283 972 -1
0 0 0
1545212371048054 52 -1
1545212374558662 312 1
1545212374562321 9 -1
1545212374576148 13 -1
1545212374679356 1500 -1
1545212374680657 8000 -1
1545212374687183 7182 -1
1545212374687192 337 -1
1545212374687195 175 -1
0 0 0
1545212371036345 52 -1
1545212372996882 312 1
1545212373001372 9 -1
1545212373006792 13 -1
1545212373164568 1500 -1
1545212373164577 1500 -1
1545212373191268 8000 -1
1545212373208644 5684 -1
1545212373208651 1453 -1
1545212373208655 1500 -1
1545212373223860 3771 -1
1545212373236714 4072 -1
1545212373237567 4072 -1
1545212373249530 1330 -1
