### "'20073 24112 36829 29220 29996 28027 16041 17927 37607 19842 24362 35383 24408 16404 20563 39061 26323 22690 24170 23130 20697 36378 45205 32713'"
0 0 0
1545212920125420 52 -1
1545212922117252 313 1
1545212922124217 9 -1
1545212922124226 13 -1
1545212922387954 1500 -1
1545212922387973 1500 -1
1545212922395388 8000 -1
1545212922395653 5684 -1
1545212922395661 1453 -1
1545212922395666 1500 -1
1545212922396671 8000 -1
1545212922397064 6893 -1
1545212922397073 1073 -1
1545212922407511 1500 -1
1545212922407523 62 -1
0 0 0
1545212920097383 52 -1
1545212922094287 313 1
1545212922098983 9 -1
1545212922109240 13 -1
1545212922497645 9 1
1545212922572262 1500 -1
1545212922572279 528 -1
1545212922702008 1500 -1
1545212922707956 8000 -1
1545212922708935 6606 -1
1545212922710658 1500 -1
1545212922711727 2863 -1
1545212922711742 1500 -1
1545212922719962 2581 -1
1545212922719976 2966 -1
0 0 0
1545212920147229 52 -1
1545212921861275 313 1
1545212921875020 9 -1
1545212921875028 13 -1
1545212922051690 1500 -1
1545212922051704 1500 -1
1545212922054717 8000 -1
1545212922058449 5681 -1
1545212922058466 1453 -1
1545212922058473 1500 -1
1545212922058972 754 -1
0 0 0
1545212919858581 52 -1
1545212921879196 296 1
1545212921902512 9 -1
1545212921902525 13 -1
1545212921975639 1500 -1
1545212921978458 1693 -1
1545212921978468 3328 -1
1545212922383689 167 1
1545212922388489 13 -1
1545212922590108 1500 -1
1545212922590130 1500 -1
1545212922600773 2095 -1
1545212923000841 168 1
1545212923007258 13 -1
1545212923089369 1500 -1
1545212923089386 1500 -1
1545212923090392 2806 -1
1545212923490413 167 1
1545212923493315 13 -1
1545212923708010 1500 -1
1545212923708023 1500 -1
1545212923708509 8000 -1
1545212923711315 5527 -1
1545212923711329 1453 -1
1545212923723317 1500 -1
1545212923723336 3763 -1
1545212923723456 4072 -1
1545212923723536 2842 -1
1545212924123544 167 1
1545212924127576 13 -1
1545212924314690 1500 -1
1545212924317107 1500 -1
1545212924317654 3982 -1
1545212924317895 4072 -1
1545212924317977 4072 -1
1545212924317983 1079 -1
1545212924718098 164 1
1545212924723319 13 -1
1545212924882950 1500 -1
1545212924882962 1500 -1
1545212924884909 8000 -1
1545212924885273 5525 -1
1545212924885282 1453 -1
1545212924885286 108 -1
1545212925285881 164 1
1545212925288693 13 -1
1545212925520147 1500 -1
1545212925520156 1500 -1
1545212925521912 8000 -1
1545212925524726 5549 -1
1545212925524737 1453 -1
1545212925524743 1500 -1
1545212925525447 8000 -1
1545212925527017 6893 -1
1545212925527027 1074 -1
1545212925528640 1500 -1
1545212925528650 839 -1
1545212925928654 166 1
1545212925943511 13 -1
1545212926099167 1500 -1
1545212926099177 1500 -1
1545212926099694 8000 -1
1545212926100108 5547 -1
1545212926100116 1453 -1
1545212926100121 1500 -1
1545212926100125 523 -1
1545212926500172 167 1
1545212926502890 13 -1
1545212926715915 1500 -1
1545212926715937 1500 -1
1545212926720010 8000 -1
1545212926721940 5523 -1
1545212926721958 1453 -1
1545212926721965 1500 -1
1545212926723067 3762 -1
1545212926724493 1281 -1
1545212927124512 167 1
1545212927127234 13 -1
1545212927236775 1500 -1
1545212927236783 1500 -1
1545212927237163 8000 -1
1545212927238245 5547 -1
1545212927238265 1453 -1
1545212927238270 1500 -1
1545212927239720 8000 -1
1545212927241075 6893 -1
1545212927241085 1073 -1
1545212927241088 116 -1
1545212927641089 164 1
1545212927643720 13 -1
1545212927797092 1500 -1
1545212927798087 1500 -1
1545212927799087 8000 -1
1545212927799500 5527 -1
1545212927799507 1453 -1
1545212927800105 1500 -1
1545212927801283 3766 -1
1545212927801293 1323 -1
1545212928201368 163 1
1545212928203970 13 -1
1545212928364031 1500 -1
1545212928364040 1500 -1
1545212928364707 3985 -1
1545212928365419 4072 -1
1545212928368174 4072 -1
1545212928368199 1446 -1
1545212928368205 9 -1
1545212928768208 163 1
1545212928771424 13 -1
1545212928957818 1500 -1
1545212928957826 1500 -1
1545212928958386 8000 -1
1545212928959209 5524 -1
1545212928959224 1453 -1
1545212928959228 1500 -1
1545212928959465 1244 -1
1545212929361025 168 1
1545212929364035 13 -1
1545212929593709 1500 -1
1545212929593719 382 -1
1545212929594315 1500 -1
1545212929596105 8000 -1
1545212929597055 6619 -1
1545212929597415 1500 -1
1545212929597882 8000 -1
1545212929598791 6893 -1
1545212929599560 1500 -1
1545212929599820 3342 -1
1545212929599829 16 -1
1545212929999830 9 1
1545212929999841 169 1
1545212930002461 13 -1
1545212930307062 1500 -1
1545212930307071 394 -1
1545212930391651 1500 -1
1545212930393988 8000 -1
1545212930395208 6613 -1
1545212930395319 1500 -1
1545212930395325 1458 -1
1545212930395403 1500 -1
1545212930395410 2581 -1
1545212930395465 1470 -1
1545212930795473 163 1
1545212930798185 13 -1
1545212931015894 1500 -1
1545212931017146 1500 -1
1545212931017662 8000 -1
1545212931019275 5549 -1
1545212931019284 1453 -1
1545212931020948 1500 -1
1545212931020955 3371 -1
1545212931420960 164 1
1545212931423816 13 -1
1545212931576542 1500 -1
1545212931577587 1500 -1
1545212931579077 8000 -1
1545212931579820 5525 -1
1545212931579828 1453 -1
1545212931580594 1500 -1
1545212931581216 3763 -1
1545212931581222 1088 -1
1545212931981226 167 1
1545212931984301 13 -1
1545212932160108 1500 -1
1545212932160937 1500 -1
1545212932161366 8000 -1
1545212932162991 5548 -1
1545212932162999 1453 -1
1545212932164262 1500 -1
1545212932165270 3761 -1
1545212932165277 50 -1
1545212932565279 164 1
1545212932568355 13 -1
1545212932753754 1500 -1
1545212932754731 1500 -1
1545212932755667 8000 -1
1545212932756955 5525 -1
1545212932756964 1453 -1
1545212932758257 1500 -1
1545212932758267 1378 -1
1545212933158271 164 1
1545212933161178 13 -1
1545212933366119 1500 -1
1545212933366127 1500 -1
1545212933366937 8000 -1
1545212933367008 5547 -1
1545212933367392 1453 -1
1545212933367401 1500 -1
1545212933368012 8000 -1
1545212933369042 6893 -1
1545212933369048 1074 -1
1545212933369051 1110 -1
1545212933769058 166 1
1545212933771742 13 -1
1545212934164772 1500 -1
1545212934164784 385 -1
1545212934267412 1500 -1
1545212934267779 8000 -1
1545212934268871 6615 -1
1545212934268878 1500 -1
1545212934269680 8000 -1
1545212934271349 6893 -1
1545212934368988 1500 -1
1545212934370415 3346 -1
1545212934371265 2918 -1
1545212934371272 2796 -1
1545212934372350 442 -1
1545212934772738 167 1
1545212934775342 13 -1
1545212934859189 1500 -1
1545212934860519 8000 -1
1545212934862758 7024 -1
1545212934862767 336 -1
1545212934862770 1500 -1
1545212934863718 1500 -1
1545212934864555 3508 -1
1545212934865725 4072 -1
1545212934866454 4072 -1
1545212934866464 1359 -1
1545212938918398 17 1
0 0 0
1545212920133507 52 -1
1545212923707378 310 1
1545212923722527 9 -1
1545212923722541 13 -1
1545212923876104 1500 -1
1545212923883249 1500 -1
1545212923887710 8000 -1
1545212923888475 5682 -1
1545212923888481 1453 -1
1545212923909505 1500 -1
1545212923910627 3766 -1
1545212923911549 4072 -1
1545212923911560 870 -1
0 0 0
1545212920110767 52 -1
1545212922114698 312 1
1545212922126135 9 -1
1545212922126144 13 -1
1545212922343791 1500 -1
1545212922343803 1500 -1
1545212922344722 8000 -1
1545212922361628 5682 -1
1545212922361656 1453 -1
1545212922361666 1500 -1
1545212922378912 3762 -1
1545212922379074 1031 -1
