### "'28384 10165 13410 27667 19590 16980 20603 13189 14372 24022 10772 11404 13269 33694 16336 20440 19429 15929 15199 16295 22099 36301 18942'"
0 0 0
1545220866241408 52 -1
1545220868260710 313 1
1545220868289623 9 -1
1545220868293285 13 -1
1545220868448656 1500 -1
1545220868448667 1500 -1
1545220868457095 8000 -1
1545220868458238 5682 -1
1545220868458244 1453 -1
1545220868458248 1500 -1
1545220868460550 3772 -1
1545220868462484 4072 -1
1545220868462505 504 -1
0 0 0
1545220866290672 52 -1
1545220868291419 310 1
1545220868302529 9 -1
1545220868302537 13 -1
1545220868416486 1500 -1
1545220868416497 1670 -1
1545220868420996 4072 -1
1545220868428659 4072 -1
1545220868429951 2393 -1
0 0 0
1545220866033103 52 -1
1545220868041743 298 1
1545220868051227 9 -1
1545220868051230 13 -1
1545220868051233 1500 -1
1545220868056078 5943 -1
1545220868456982 151 1
1545220868460720 13 -1
1545220868563083 1500 -1
1545220868564356 1575 -1
1545220868564369 3492 -1
1545220868964372 151 1
1545220868967352 13 -1
1545220869091258 1500 -1
1545220869091266 1500 -1
1545220869095485 3949 -1
1545220869495493 166 1
1545220869498867 13 -1
1545220869599260 1500 -1
1545220869599268 1509 -1
1545220869600478 2302 -1
1545220870000484 167 1
1545220870003806 13 -1
1545220870097027 1500 -1
1545220870097035 1535 -1
1545220870097038 2012 -1
1545220870497042 150 1
1545220870500340 13 -1
1545220870635678 1500 -1
1545220870635686 1535 -1
1545220870636489 4072 -1
1545220870636500 216 -1
1545220871036504 163 1
1545220871039171 13 -1
1545220871132113 1500 -1
1545220871132707 8000 -1
1545220871133177 7046 -1
1545220871133185 339 -1
1545220871133189 275 -1
1545220871533195 164 1
1545220871535839 13 -1
1545220871632605 1500 -1
1545220871633497 8000 -1
1545220871635921 7026 -1
1545220871635929 337 -1
1545220871636911 1500 -1
1545220871636918 1500 -1
1545220871636923 900 -1
1545220872036928 163 1
1545220872040124 13 -1
1545220872195767 1500 -1
1545220872195774 1500 -1
1545220872196610 3996 -1
1545220872197064 4072 -1
1545220872197076 2286 -1
1545220872597079 166 1
1545220872600344 13 -1
1545220872739444 1500 -1
1545220872740368 1500 -1
1545220872741948 3972 -1
1545220872742949 4072 -1
1545220872742957 3471 -1
1545220873142962 166 1
1545220873145530 13 -1
1545220873302662 1500 -1
1545220873302670 1500 -1
1545220873304361 8000 -1
1545220873311263 5547 -1
1545220873311848 1453 -1
1545220873311860 1500 -1
1545220873315323 3773 -1
1545220873315338 930 -1
1545220873715345 154 1
1545220873718088 13 -1
1545220873888034 1500 -1
1545220873888332 1500 -1
1545220873888871 3984 -1
1545220873889989 3928 -1
1545220874290002 166 1
1545220874292644 13 -1
1545220874496287 1500 -1
1545220874496295 1500 -1
1545220874497500 3992 -1
1545220874497666 4072 -1
1545220874497671 505 -1
1545220874897673 166 1
1545220874901046 13 -1
1545220875037781 1500 -1
1545220875037788 1539 -1
1545220875038776 4072 -1
1545220875040983 4072 -1
1545220875040993 2250 -1
1545220875440997 166 1
1545220875443672 13 -1
1545220875619043 1500 -1
1545220875619974 1500 -1
1545220875621363 8000 -1
1545220875622676 5524 -1
1545220875622689 1453 -1
1545220875625873 1500 -1
1545220875626823 3772 -1
1545220875627715 4072 -1
1545220875629146 4072 -1
1545220875629154 2459 -1
1545220876029160 166 1
1545220876032239 13 -1
1545220876050597 1500 -1
1545220876050605 1536 -1
1545220876050991 4072 -1
1545220876051585 4072 -1
1545220876052428 4072 -1
1545220876052437 1247 -1
1545220876452441 9 1
1545220876452450 156 1
1545220876455035 13 -1
1545220876599758 1500 -1
1545220876600252 1500 -1
1545220876601716 8000 -1
1545220876602578 5525 -1
1545220876602585 1453 -1
1545220876603086 1500 -1
1545220876603094 1121 -1
1545220877003100 162 1
1545220877005766 13 -1
1545220877127272 1500 -1
1545220877127279 1500 -1
1545220877127919 3994 -1
1545220877128743 2542 -1
1545220877528753 166 1
1545220877531360 13 -1
1545220877681100 1500 -1
1545220877682321 1500 -1
1545220877682589 8000 -1
1545220877683300 5525 -1
1545220877683313 1453 -1
1545220877684693 1500 -1
1545220877684704 110 -1
1545220878084706 163 1
1545220878087547 13 -1
1545220878257039 1500 -1
1545220878257048 1500 -1
1545220878257321 3992 -1
1545220878257705 4072 -1
1545220878258483 4072 -1
1545220878258494 955 -1
1545220878658498 164 1
1545220878661279 13 -1
1545220878778030 1500 -1
1545220878778040 1514 -1
1545220878779616 4072 -1
1545220878780768 4072 -1
1545220878781955 4072 -1
1545220878781969 110 -1
1545220879181966 166 1
1545220879184633 13 -1
1545220879281114 1500 -1
1545220879282222 1537 -1
1545220879283032 4072 -1
1545220879283737 4072 -1
1545220879284782 4072 -1
1545220879284788 1205 -1
1545220879684792 163 1
1545220879687674 13 -1
1545220879780961 1500 -1
1545220879781845 8000 -1
1545220879782945 7024 -1
1545220879782953 338 -1
1545220879782956 1500 -1
1545220879783237 1500 -1
1545220879783246 2395 -1
1545220880183252 163 1
1545220880186481 13 -1
1545220880364857 1500 -1
1545220880364865 1500 -1
1545220880365792 8000 -1
1545220880366018 5547 -1
1545220880366420 1453 -1
1545220880366429 1500 -1
1545220880366674 8000 -1
1545220880367578 6893 -1
1545220880367590 1084 -1
1545220880367593 1023 -1
1545220880767598 164 1
1545220880770329 13 -1
1545220880876265 1500 -1
1545220880877531 8000 -1
1545220880878894 7025 -1
1545220880878906 336 -1
1545220880878910 1500 -1
1545220880880255 740 -1
1545220884930650 17 1
1545220884938214 17 -1
0 0 0
1545220866295284 52 -1
1545220869857566 310 1
1545220869861078 9 -1
1545220869861639 13 -1
1545220869894693 1500 -1
1545220869900869 8000 -1
1545220869906405 7181 -1
1545220869906415 338 -1
1545220869906420 1500 -1
1545220869907628 1386 -1
0 0 0
1545220866235751 52 -1
1545220868235531 299 1
1545220868271417 9 -1
1545220868271425 13 -1
1545220868391327 643 -1
1545220868391335 1500 -1
1545220868395515 3850 -1
1545220868406618 4072 -1
1545220868406631 410 -1
0 0 0
1545220866315857 52 -1
1545220868036813 313 1
1545220868050993 9 -1
1545220868051003 13 -1
1545220868208736 1500 -1
1545220868208748 527 -1
1545220868300166 1500 -1
1545220868307380 8000 -1
1545220868311160 6608 -1
1545220868316599 1500 -1
1545220868323660 2983 -1
1545220868333007 4072 -1
1545220868333015 2010 -1
