### "'16266 11648 13931 18203 10394 10833 35901 22297 33855 16060 18598 22343 14422 17392 29585 15885 23920 10239 12287 27633 18032 14633 14065'"
0 0 0
1545221588843266 52 -1
1545221590851377 309 1
1545221590862078 9 -1
1545221590873679 13 -1
1545221590989688 1500 -1
1545221590989698 1500 -1
1545221591011405 8000 -1
1545221591016788 5684 -1
1545221591016796 1453 -1
1545221591016800 384 -1
0 0 0
1545221588859557 52 -1
1545221592424016 297 1
1545221592429101 9 -1
1545221592429115 13 -1
1545221592565817 643 -1
1545221592570732 1500 -1
1545221592576082 8000 -1
1545221592599006 6893 -1
1545221592599027 1500 -1
1545221592604621 8000 -1
1545221592608650 6893 -1
1545221592608667 1500 -1
1545221592608672 1298 -1
1545221592608676 9 -1
0 0 0
1545221588871496 52 -1
1545221590653951 306 1
1545221590657984 9 -1
1545221590659546 13 -1
1545221590781386 1500 -1
1545221590781396 531 -1
1545221590781399 1500 -1
1545221590791261 3604 -1
1545221590804889 4072 -1
1545221590813326 4072 -1
1545221590821529 1293 -1
0 0 0
1545221588836566 52 -1
1545221590839577 299 1
1545221590848552 9 -1
1545221590848582 13 -1
1545221591000078 1500 -1
1545221591000090 1686 -1
1545221591008402 4072 -1
1545221591009224 4072 -1
1545221591021272 2900 -1
0 0 0
1545221588633801 52 -1
1545221590657578 294 1
1545221590662272 9 -1
1545221590662284 13 -1
1545221590666892 1500 -1
1545221590671295 3863 -1
1545221591072138 151 1
1545221591075810 13 -1
1545221591228527 1500 -1
1545221591230138 1500 -1
1545221591232523 4037 -1
1545221591232541 2839 -1
1545221591634163 164 1
1545221591643936 13 -1
1545221591774208 1500 -1
1545221591782346 1515 -1
1545221591782854 4072 -1
1545221591782861 3448 -1
1545221592183235 164 1
1545221592189279 13 -1
1545221592344688 1500 -1
1545221592344699 1500 -1
1545221592345208 3991 -1
1545221592346497 4004 -1
1545221592746506 164 1
1545221592750016 13 -1
1545221592887854 1500 -1
1545221592887863 374 -1
1545221592888733 1500 -1
1545221592891368 8000 -1
1545221592891872 6604 -1
1545221592892664 1500 -1
1545221592893758 2978 -1
1545221593293769 164 1
1545221593296490 13 -1
1545221593411868 1500 -1
1545221593414240 8000 -1
1545221593415157 7047 -1
1545221593415165 337 -1
1545221593415720 1500 -1
1545221593416248 8000 -1
1545221593416707 6893 -1
1545221593417497 768 -1
1545221593417505 9 -1
1545221593817504 153 1
1545221593820009 13 -1
1545221593913731 1500 -1
1545221593913740 118 -1
1545221594313740 166 1
1545221594316365 13 -1
1545221594452096 1500 -1
1545221594452104 388 -1
1545221594453417 1500 -1
1545221594454548 3604 -1
1545221594454915 4072 -1
1545221594455708 4072 -1
1545221594455715 1097 -1
1545221594855717 155 1
1545221594858356 13 -1
1545221595244782 1500 -1
1545221595244789 412 -1
1545221595362609 1500 -1
1545221595363722 8000 -1
1545221595364183 6590 -1
1545221595364190 779 -1
1545221595364194 9 -1
1545221595764194 153 1
1545221595767161 13 -1
1545221595864210 1500 -1
1545221595865224 8000 -1
1545221595866781 7027 -1
1545221595866794 355 -1
1545221595868214 1500 -1
1545221595868224 1500 -1
1545221595868810 2622 -1
1545221596268821 163 1
1545221596271726 13 -1
1545221596433070 1500 -1
1545221596433784 1500 -1
1545221596434815 3983 -1
1545221596435374 4072 -1
1545221596435385 3531 -1
1545221596835389 166 1
1545221596838115 13 -1
1545221596973863 1500 -1
1545221596973871 1500 -1
1545221596974715 3967 -1
1545221596976149 4072 -1
1545221596977387 4072 -1
1545221596977394 1500 -1
1545221596977397 930 -1
1545221596977399 9 -1
1545221597377401 166 1
1545221597380535 13 -1
1545221597568435 1500 -1
1545221597568443 1500 -1
1545221597569431 8000 -1
1545221597570227 5546 -1
1545221597571076 1453 -1
1545221597571084 1500 -1
1545221597571429 3764 -1
1545221597572490 4072 -1
1545221597572496 2430 -1
1545221597972499 9 1
1545221597972509 169 1
1545221597975296 13 -1
1545221598052676 1500 -1
1545221598052686 1500 -1
1545221598052936 3981 -1
1545221598053612 4072 -1
1545221598054436 4072 -1
1545221598054445 924 -1
1545221598454450 164 1
1545221598457215 13 -1
1545221598838889 1500 -1
1545221598838897 377 -1
1545221598953323 1500 -1
1545221598954671 8000 -1
1545221598959449 6601 -1
1545221598959457 1206 -1
1545221598959461 1500 -1
1545221598960471 2581 -1
1545221598960478 823 -1
1545221599360480 166 1
1545221599363363 13 -1
1545221599514850 1500 -1
1545221599514858 396 -1
1545221599515900 1500 -1
1545221599516299 3604 -1
1545221599517423 3040 -1
1545221599517433 371 -1
1545221599917439 166 1
1545221599920236 13 -1
1545221600059705 1500 -1
1545221600060361 1500 -1
1545221600061105 3982 -1
1545221600061944 4072 -1
1545221600061953 1398 -1
1545221600461961 166 1
1545221600464896 13 -1
1545221600616865 1500 -1
1545221600617880 1500 -1
1545221600619620 8000 -1
1545221600620046 5525 -1
1545221600620059 1453 -1
1545221600620400 1500 -1
1545221600620901 3773 -1
1545221600621528 4072 -1
1545221600621538 469 -1
1545221601021544 153 1
1545221601024677 13 -1
1545221601173373 1500 -1
1545221601173380 1500 -1
1545221601174811 8000 -1
1545221601175895 5547 -1
1545221601176714 1453 -1
1545221601176721 213 -1
1545221601576723 154 1
1545221601579551 13 -1
1545221601761943 1500 -1
1545221601762402 1500 -1
1545221601762727 3975 -1
1545221601762963 4072 -1
1545221601762976 3727 -1
1545221602162981 154 1
1545221602165827 13 -1
1545221602285172 1500 -1
1545221602285182 1500 -1
1545221602285537 4008 -1
1545221602286215 4072 -1
1545221602286485 3148 -1
1545221606333238 17 1
0 0 0
1545221588833808 52 -1
1545221590847962 307 1
1545221590858137 9 -1
1545221590858145 13 -1
1545221590967374 1500 -1
1545221590967384 1674 -1
1545221590977288 4072 -1
1545221590999636 4072 -1
1545221590999645 629 -1
