### "'16905 25316 18170 19505 13363 25549 24674 22037 26783 24596 21170 21770 21249 22482 26438 31442 17677 24276 24114 19890 21428 31704 22886'"
0 0 0
1545071670381319 52 -1
1545071672382464 299 1
1545071672387945 9 -1
1545071672387956 13 -1
1545071672389566 1500 -1
1545071672391891 8000 -1
1545071672394508 7044 -1
1545071672394523 1500 -1
1545071672394530 295 -1
0 0 0
1545071670383768 52 -1
1545071672385226 270 1
1545071672388364 9 -1
1545071672388605 13 -1
1545071672393312 1500 -1
1545071672393953 8000 -1
1545071672394910 7044 -1
1545071672394920 1500 -1
1545071672395032 1630 -1
0 0 0
1545071670361547 52 -1
1545071672352848 312 1
1545071672356881 9 -1
1545071672357475 13 -1
1545071672358989 1500 -1
1545071672363073 8000 -1
1545071672365045 7072 -1
1545071672365057 1500 -1
1545071672367245 7441 -1
0 0 0
1545071670387851 52 -1
1545071673948863 312 1
1545071673951974 9 -1
1545071673953157 13 -1
1545071673953165 1500 -1
1545071673954439 8000 -1
1545071673957066 7073 -1
1545071673957075 1500 -1
1545071673957763 6799 -1
0 0 0
1545071670422825 52 -1
1545071672121576 299 1
1545071672125129 9 -1
1545071672126563 13 -1
1545071672127145 1500 -1
1545071672129154 8000 -1
1545071672131647 7072 -1
1545071672131662 530 -1
0 0 0
1545071670124147 52 -1
1545071672118408 268 1
1545071672126032 9 -1
1545071672126039 13 -1
1545071672126356 1500 -1
1545071672127558 5425 -1
1545071672528290 166 1
1545071672532932 13 -1
1545071672532940 1500 -1
1545071672533577 4686 -1
1545071672933618 167 1
1545071672937320 13 -1
1545071672938628 1500 -1
1545071672939725 4398 -1
1545071673339753 164 1
1545071673343456 13 -1
1545071673344756 1500 -1
1545071673345576 8000 -1
1545071673347271 3953 -1
1545071673747299 137 1
1545071673750584 13 -1
1545071673752459 1500 -1
1545071673752818 8000 -1
1545071673756771 6955 -1
1545071673756823 1500 -1
1545071673758576 7674 -1
1545071674158704 164 1
1545071674162221 13 -1
1545071674162855 1500 -1
1545071674165408 8000 -1
1545071674170431 6975 -1
1545071674170449 1500 -1
1545071674170780 4162 -1
1545071674571845 126 1
1545071674574724 13 -1
1545071674578746 1500 -1
1545071674581334 8000 -1
1545071674582980 6951 -1
1545071674582990 1500 -1
1545071674584098 8000 -1
1545071674584164 908 -1
1545071674984236 163 1
1545071674987225 13 -1
1545071674989310 1500 -1
1545071674990472 8000 -1
1545071674993787 6942 -1
1545071674993799 1500 -1
1545071674995335 6721 -1
1545071675395498 167 1
1545071675399695 13 -1
1545071675402057 1500 -1
1545071675405604 8000 -1
1545071675408641 6968 -1
1545071675408659 1500 -1
1545071675409004 3295 -1
1545071675809162 152 1
1545071675812279 13 -1
1545071675817467 1500 -1
1545071675819327 8000 -1
1545071675820191 6941 -1
1545071675820271 1500 -1
1545071675821069 3895 -1
1545071676221232 166 1
1545071676226363 13 -1
1545071676227918 1500 -1
1545071676229051 8000 -1
1545071676230341 6975 -1
1545071676230357 1500 -1
1545071676230864 3374 -1
1545071676632299 155 1
1545071676636234 13 -1
1545071676639432 1500 -1
1545071676642211 8000 -1
1545071676643126 6941 -1
1545071676643138 1500 -1
1545071676644795 4607 -1
1545071677046186 167 1
1545071677048753 13 -1
1545071677050657 1500 -1
1545071677053465 8000 -1
1545071677056066 6969 -1
1545071677056077 1500 -1
1545071677057078 8000 -1
1545071677057089 563 -1
1545071677457163 164 1
1545071677460204 13 -1
1545071677462480 1500 -1
1545071677463097 8000 -1
1545071677464031 6941 -1
1545071677464046 1500 -1
1545071677465042 8000 -1
1545071677465721 5567 -1
1545071677866093 9 1
1545071677866103 156 1
1545071677869972 13 -1
1545071677871267 1500 -1
1545071677872458 8000 -1
1545071677873014 6941 -1
1545071677873619 1302 -1
1545071678273634 154 1
1545071678276292 13 -1
1545071678410183 1500 -1
1545071678410798 8000 -1
1545071678416292 7083 -1
1545071678416305 350 -1
1545071678416418 1500 -1
1545071678416429 1500 -1
1545071678418127 3508 -1
1545071678418983 1052 -1
1545071678819762 154 1
1545071678825668 13 -1
1545071678825677 1500 -1
1545071678826691 8000 -1
1545071678827534 6941 -1
1545071678827548 1500 -1
1545071678828089 6239 -1
1545071679229109 153 1
1545071679233225 13 -1
1545071679234751 1485 -1
1545071679634945 153 1
1545071679638219 13 -1
1545071679640081 1500 -1
1545071679642414 8000 -1
1545071679654015 6941 -1
1545071679654031 1500 -1
1545071679654037 2015 -1
1545071680054043 135 1
1545071680057395 13 -1
1545071680058600 1500 -1
1545071680061151 8000 -1
1545071680061762 6974 -1
1545071680061772 1500 -1
1545071680062429 3553 -1
1545071680462709 153 1
1545071680467581 13 -1
1545071680468075 1500 -1
1545071680470508 8000 -1
1545071680473561 6951 -1
1545071680473578 1500 -1
1545071680474212 8000 -1
1545071680475995 5829 -1
1545071680876556 153 1
1545071680882294 13 -1
1545071680882302 1500 -1
1545071680883423 8000 -1
1545071680885247 6941 -1
1545071680885267 1500 -1
1545071680885674 5011 -1
1545071684941156 17 1
