### "'18152 32498 16072 31439 25873 11204 20013 13377 24573 10234 18654 12581 19462 24915 19476 13889 29305 20427 11091 16144 13588 26195 16380'"
0 0 0
1545229158374569 52 -1
1545229161891317 313 1
1545229161895282 9 -1
1545229161899700 13 -1
1545229162025565 1500 -1
1545229162030197 1500 -1
1545229162032700 8000 -1
1545229162033302 5679 -1
1545229162033312 1453 -1
1545229162033602 1500 -1
1545229162035265 3777 -1
1545229162035278 2777 -1
0 0 0
1545229158384617 52 -1
1545229160101735 313 1
1545229160113102 9 -1
1545229160113110 13 -1
1545229160321359 1500 -1
1545229160321382 1500 -1
1545229160342529 8000 -1
1545229160375090 5683 -1
1545229160375100 1453 -1
1545229160375105 333 -1
0 0 0
1545229158106009 52 -1
1545229160107415 298 1
1545229160133947 9 -1
1545229160133956 13 -1
1545229160216268 1500 -1
1545229160216279 1691 -1
1545229160220075 1737 -1
1545229160620103 167 1
1545229160624156 13 -1
1545229160726071 1500 -1
1545229160726080 1508 -1
1545229160730148 3563 -1
1545229161130327 168 1
1545229161135043 13 -1
1545229161224200 1500 -1
1545229161224215 1530 -1
1545229161228135 3575 -1
1545229161628152 167 1
1545229161630815 13 -1
1545229161722248 1500 -1
1545229161723347 1511 -1
1545229161725692 4072 -1
1545229161725706 1231 -1
1545229162125862 167 1
1545229162131311 13 -1
1545229162270401 1500 -1
1545229162270413 1535 -1
1545229162277697 3692 -1
1545229162677708 154 1
1545229162680682 13 -1
1545229162860067 1500 -1
1545229162860078 1500 -1
1545229162860277 3986 -1
1545229162860351 4072 -1
1545229162860358 288 -1
1545229163260366 155 1
1545229163262864 13 -1
1545229163422176 1500 -1
1545229163425084 1500 -1
1545229163425988 8000 -1
1545229163426811 5549 -1
1545229163426824 1453 -1
1545229163427447 1500 -1
1545229163427466 694 -1
1545229163827472 153 1
1545229163830097 13 -1
1545229163920133 1500 -1
1545229163921433 1500 -1
1545229163922464 3987 -1
1545229163923650 4072 -1
1545229163923657 2459 -1
1545229164323664 155 1
1545229164326411 13 -1
1545229164455464 1500 -1
1545229164455471 1500 -1
1545229164456096 8000 -1
1545229164458552 5548 -1
1545229164458559 1453 -1
1545229164458562 1500 -1
1545229164459233 3789 -1
1545229164459844 1465 -1
1545229164859851 154 1
1545229164862796 13 -1
1545229164907652 1500 -1
1545229164909797 1500 -1
1545229164910263 3983 -1
1545229164910272 3391 -1
1545229165310275 154 1
1545229165313219 13 -1
1545229165448336 1500 -1
1545229165448833 1500 -1
1545229165449406 8000 -1
1545229165449762 5548 -1
1545229165449772 1453 -1
1545229165449776 835 -1
1545229165849782 154 1
1545229165852672 13 -1
1545229165984645 1500 -1
1545229165985352 1500 -1
1545229165986631 3985 -1
1545229165987779 4072 -1
1545229165987789 1664 -1
1545229166387799 155 1
1545229166390701 13 -1
1545229166609912 1500 -1
1545229166609920 1500 -1
1545229166610666 8000 -1
1545229166611972 5549 -1
1545229166611979 1453 -1
1545229166611983 1500 -1
1545229166611985 143 -1
1545229167011994 167 1
1545229167016036 13 -1
1545229167209645 1500 -1
1545229167210200 1500 -1
1545229167210945 8000 -1
1545229167212072 5545 -1
1545229167212086 1453 -1
1545229167214310 1500 -1
1545229167215061 3775 -1
1545229167215075 1821 -1
1545229167615080 153 1
1545229167617905 13 -1
1545229167782449 1500 -1
1545229167782463 1500 -1
1545229167786587 8000 -1
1545229167787500 5526 -1
1545229167787507 1453 -1
1545229167787510 1500 -1
1545229167787513 157 -1
1545229168187517 9 1
1545229168187544 156 1
1545229168190879 13 -1
1545229168330340 1500 -1
1545229168337737 1500 -1
1545229168339318 4010 -1
1545229168339331 1254 -1
1545229168739472 154 1
1545229168743098 13 -1
1545229168869709 389 -1
1545229168870260 1500 -1
1545229168870278 9 -1
1545229168870283 1500 -1
1545229168870604 2328 -1
1545229168871022 4072 -1
1545229168872010 4072 -1
1545229168872025 178 -1
1545229169272032 155 1
1545229169275470 13 -1
1545229169418425 1500 -1
1545229169419156 1500 -1
1545229169421773 8000 -1
1545229169424179 5546 -1
1545229169424193 1453 -1
1545229169425529 1500 -1
1545229169427174 3779 -1
1545229169430937 4072 -1
1545229169430955 2135 -1
1545229169831020 153 1
1545229169834214 13 -1
1545229169988234 1500 -1
1545229169988247 1500 -1
1545229169989551 8000 -1
1545229169989987 5525 -1
1545229169990006 1453 -1
1545229169990012 1500 -1
1545229169991707 1108 -1
1545229170391720 154 1
1545229170394703 13 -1
1545229170560727 1500 -1
1545229170560739 1500 -1
1545229170561750 4006 -1
1545229170562151 4072 -1
1545229170562161 176 -1
1545229170962165 153 1
1545229170965315 13 -1
1545229171101235 1500 -1
1545229171102240 1500 -1
1545229171103527 4011 -1
1545229171104461 4072 -1
1545229171104981 4072 -1
1545229171104988 1154 -1
1545229171504994 154 1
1545229171508092 13 -1
1545229171705067 1500 -1
1545229171706330 1500 -1
1545229171707286 3983 -1
1545229171707715 4072 -1
1545229171707724 2673 -1
1545229172107727 154 1
1545229172110649 13 -1
1545229172348809 1500 -1
1545229172350086 1500 -1
1545229172351739 8000 -1
1545229172353670 5548 -1
1545229172353677 1453 -1
1545229172354344 1500 -1
1545229172355001 3791 -1
1545229172355007 3085 -1
1545229172755013 154 1
1545229172757669 13 -1
1545229172904987 1500 -1
1545229172905533 1500 -1
1545229172906776 3987 -1
1545229172907417 4072 -1
1545229172908510 4072 -1
1545229172908518 1391 -1
1545229176971440 17 1
0 0 0
1545229158345042 52 -1
1545229160368320 301 1
1545229160394263 9 -1
1545229160394267 13 -1
1545229160768337 9 1
1545229160828635 1500 -1
1545229160828644 543 -1
1545229160967608 1500 -1
1545229160978940 8000 -1
1545229160980148 6591 -1
1545229160981102 1500 -1
1545229160987246 2878 -1
1545229160987255 1500 -1
1545229160995879 2581 -1
1545229161000434 4072 -1
1545229161000445 1098 -1
0 0 0
1545229158344137 52 -1
1545229160373630 314 1
1545229160394092 9 -1
1545229160394101 13 -1
1545229160581335 1500 -1
1545229160581345 1500 -1
1545229160589101 1500 -1
1545229160589113 2628 -1
1545229160591527 4072 -1
1545229160592459 4072 -1
1545229160592819 1101 -1
0 0 0
1545229158305889 52 -1
1545229160308061 300 1
1545229160344205 9 -1
1545229160344212 13 -1
1545229160492901 1500 -1
1545229160492912 1500 -1
1545229160520057 8000 -1
1545229160541499 5682 -1
1545229160541509 1453 -1
1545229160541515 1500 -1
1545229160544147 3790 -1
1545229160546795 4072 -1
1545229160561312 4072 -1
1545229160564533 1245 -1
