### "'25871 19866 15810 21994 9936 14516 18352 22192 17382 24887 11723 25072 21753 14671 19128 25862 28776 14703 15526 21182 30524 12920 15833 28487'"
0 0 0
1545231543204779 52 -1
1545231545227391 314 1
1545231545232987 9 -1
1545231545232995 13 -1
1545231545232998 1500 -1
1545231545234375 8000 -1
1545231545234899 7072 -1
1545231545234908 1500 -1
1545231545234963 4119 -1
0 0 0
1545231543184983 52 -1
1545231545174208 314 1
1545231545183338 9 -1
1545231545183345 13 -1
1545231545183349 1500 -1
1545231545190957 8000 -1
1545231545220812 7071 -1
1545231545220826 1500 -1
1545231545220832 1991 -1
0 0 0
1545231542983423 52 -1
1545231545008754 298 1
1545231545013593 9 -1
1545231545013602 13 -1
1545231545016199 1500 -1
1545231545018432 3977 -1
1545231545418782 163 1
1545231545422353 13 -1
1545231545430615 1500 -1
1545231545434676 8000 -1
1545231545434688 502 -1
1545231545839412 166 1
1545231545844629 13 -1
1545231545846832 1500 -1
1545231545854202 8000 -1
1545231545855252 5087 -1
1545231546255267 166 1
1545231546258041 13 -1
1545231546264471 1500 -1
1545231546268419 8000 -1
1545231546271558 6978 -1
1545231546272179 1500 -1
1545231546272190 477 -1
1545231546672199 166 1
1545231546676741 13 -1
1545231546679782 1500 -1
1545231546681120 8000 -1
1545231546686100 6952 -1
1545231546686127 1500 -1
1545231546686882 4317 -1
1545231547086906 167 1
1545231547089792 13 -1
1545231547094748 1500 -1
1545231547095981 8000 -1
1545231547097274 6973 -1
1545231547097284 1500 -1
1545231547100792 7012 -1
1545231547500801 164 1
1545231547504195 13 -1
1545231547504888 1500 -1
1545231547506066 8000 -1
1545231547506080 2291 -1
1545231547906087 166 1
1545231547908689 13 -1
1545231547909304 1500 -1
1545231547909848 8000 -1
1545231547911235 6950 -1
1545231547911672 1500 -1
1545231547911999 7197 -1
1545231548312005 166 1
1545231548315121 13 -1
1545231548316839 1500 -1
1545231548318178 8000 -1
1545231548319910 6974 -1
1545231548320395 1500 -1
1545231548320860 3878 -1
1545231548720866 164 1
1545231548723662 13 -1
1545231548724109 1500 -1
1545231548724808 8000 -1
1545231548725259 5238 -1
1545231549125267 168 1
1545231549127930 13 -1
1545231549128749 1500 -1
1545231549130091 8000 -1
1545231549130869 6974 -1
1545231549134138 1500 -1
1545231549134148 1253 -1
1545231549534154 154 1
1545231549536907 13 -1
1545231549538127 1500 -1
1545231549538791 8000 -1
1545231549539338 6956 -1
1545231549539348 1500 -1
1545231549540659 7987 -1
1545231549940669 166 1
1545231549943779 13 -1
1545231549945297 1500 -1
1545231549946128 8000 -1
1545231549948273 6952 -1
1545231549948283 1500 -1
1545231549949128 8000 -1
1545231549950316 2901 -1
1545231550350324 9 1
1545231550350335 170 1
1545231550355568 13 -1
1545231550355579 1500 -1
1545231550357164 8000 -1
1545231550357663 5292 -1
1545231550757671 164 1
1545231550760347 13 -1
1545231550761103 1500 -1
1545231550761848 8000 -1
1545231550763077 6083 -1
1545231551163084 167 1
1545231551165896 13 -1
1545231551166596 1500 -1
1545231551167142 8000 -1
1545231551168217 6975 -1
1545231551168227 1500 -1
1545231551168473 3307 -1
1545231551568485 164 1
1545231551571248 13 -1
1545231551571930 1500 -1
1545231551572831 8000 -1
1545231551574764 6956 -1
1545231551575332 1500 -1
1545231551576069 8000 -1
1545231551576360 4649 -1
1545231551976370 153 1
1545231551979302 13 -1
1545231551979896 1500 -1
1545231551980556 8000 -1
1545231551981623 3488 -1
1545231552381765 166 1
1545231552384750 13 -1
1545231552385630 1500 -1
1545231552387254 8000 -1
1545231552389667 6422 -1
1545231552789677 167 1
1545231552792333 13 -1
1545231552793372 1500 -1
1545231552794007 8000 -1
1545231552795254 6951 -1
1545231552795623 1500 -1
1545231552796224 8000 -1
1545231552796231 2612 -1
1545231556843702 17 1
0 0 0
1545231543194229 52 -1
1545231545227545 314 1
1545231545231074 9 -1
1545231545231080 13 -1
1545231545231083 1500 -1
1545231545231164 8000 -1
1545231545233175 6498 -1
0 0 0
1545231543250955 52 -1
1545231544998573 312 1
1545231545020074 9 -1
1545231545020083 13 -1
1545231545024582 1500 -1
1545231545034802 8000 -1
1545231545045452 7072 -1
1545231545045461 1500 -1
1545231545053121 7996 -1
0 0 0
1545231543207781 52 -1
1545231546807238 302 1
1545231546814095 9 -1
1545231546814109 13 -1
1545231546814111 1500 -1
1545231546816522 8000 -1
1545231546824149 7072 -1
1545231546824159 1007 -1
