### "'15836 14868 17999 23585 24604 21531 14011 14303 19294 20843 19987 13518 19857 13283 13226 29117 10866 17119 16560 19916 15629 30483 21521 13638'"
0 0 0
1545236169589060 52 -1
1545236171320844 305 1
1545236171335327 9 -1
1545236171335337 13 -1
1545236171428717 1500 -1
1545236171428730 1673 -1
1545236171431008 4072 -1
1545236171444339 4072 -1
1545236171460080 4072 -1
1545236171460095 745 -1
0 0 0
1545236169570407 52 -1
1545236173124686 294 1
1545236173127266 9 -1
1545236173136026 13 -1
1545236173149015 1500 -1
1545236173153259 8000 -1
1545236173154808 7183 -1
1545236173154815 353 -1
1545236173154818 1500 -1
1545236173155265 1500 -1
1545236173155725 3508 -1
1545236173155732 1377 -1
0 0 0
1545236169321356 52 -1
1545236171381125 292 1
1545236171398266 9 -1
1545236171398274 13 -1
1545236171398278 1500 -1
1545236171409187 5000 -1
1545236171810075 164 1
1545236171814581 13 -1
1545236171837361 1500 -1
1545236171837378 1554 -1
1545236171837824 3265 -1
1545236172237834 166 1
1545236172241176 13 -1
1545236172637845 166 1
1545236172640632 13 -1
1545236172649247 1500 -1
1545236172649257 1539 -1
1545236172649261 1869 -1
1545236172738124 1500 -1
1545236172738132 1517 -1
1545236172738136 2311 -1
1545236173138156 166 1
1545236173141392 13 -1
1545236173231331 491 -1
1545236173232178 1500 -1
1545236173233195 8000 -1
1545236173234251 6893 -1
1545236173234257 1160 -1
1545236173234260 1500 -1
1545236173235521 2178 -1
1545236173635527 154 1
1545236173638500 13 -1
1545236173741238 483 -1
1545236173842143 1500 -1
1545236173842560 1500 -1
1545236173842567 3626 -1
1545236173843456 4072 -1
1545236173844049 2980 -1
1545236174244055 153 1
1545236174247043 13 -1
1545236174278714 1500 -1
1545236174279841 1557 -1
1545236174280251 4072 -1
1545236174280771 4072 -1
1545236174280784 3265 -1
1545236174680788 155 1
1545236174683597 13 -1
1545236174785157 1500 -1
1545236174786289 8000 -1
1545236174786410 7025 -1
1545236174786417 352 -1
1545236174786421 1500 -1
1545236174786659 1076 -1
1545236175186665 154 1
1545236175189995 13 -1
1545236175286219 1500 -1
1545236175288245 8000 -1
1545236175289595 7048 -1
1545236175289603 355 -1
1545236175289607 1500 -1
1545236175290769 1500 -1
1545236175290777 1122 -1
1545236175690779 167 1
1545236175693407 13 -1
1545236175797606 1500 -1
1545236175799387 1500 -1
1545236175801831 8000 -1
1545236175803482 5525 -1
1545236175803493 1453 -1
1545236175804780 1500 -1
1545236175804790 668 -1
1545236176204794 154 1
1545236176207551 13 -1
1545236176310743 1500 -1
1545236176310752 1554 -1
1545236176312172 4072 -1
1545236176312570 4072 -1
1545236176313675 2484 -1
1545236176713686 164 1
1545236176716900 13 -1
1545236177002761 472 -1
1545236177097677 1500 -1
1545236177098632 8000 -1
1545236177099410 6893 -1
1545236177099415 1500 -1
1545236177100347 1546 -1
1545236177100358 106 -1
1545236177500357 163 1
1545236177503624 13 -1
1545236177596912 1500 -1
1545236177598393 1538 -1
1545236177598676 4072 -1
1545236177599368 4072 -1
1545236177599377 2264 -1
1545236177999528 163 1
1545236178002522 13 -1
1545236178103324 1500 -1
1545236178103848 1538 -1
1545236178105059 4072 -1
1545236178105792 4072 -1
1545236178105800 2206 -1
1545236178505806 154 1
1545236178508422 13 -1
1545236178594634 1500 -1
1545236178595783 8000 -1
1545236178598028 7024 -1
1545236178598045 352 -1
1545236178598049 1500 -1
1545236178598053 1500 -1
1545236178599054 3508 -1
1545236178599926 4072 -1
1545236178600673 1819 -1
1545236179000681 9 1
1545236179000691 157 1
1545236179003420 13 -1
1545236179140484 1500 -1
1545236179141619 1538 -1
1545236179143247 4072 -1
1545236179144603 3927 -1
1545236179544614 154 1
1545236179547357 13 -1
1545236179688300 1500 -1
1545236179689361 8000 -1
1545236179690953 7023 -1
1545236179690960 354 -1
1545236179690963 399 -1
1545236180090966 162 1
1545236180093454 13 -1
1545236180112399 1500 -1
1545236180113968 1538 -1
1545236180114447 4072 -1
1545236180115229 4072 -1
1545236180116163 4072 -1
1545236180116172 1478 -1
1545236180116175 9 -1
1545236180516176 164 1
1545236180518877 13 -1
1545236180659208 1500 -1
1545236180659706 8000 -1
1545236180661619 7025 -1
1545236180661634 340 -1
1545236180661641 1500 -1
1545236180661645 1500 -1
1545236180661652 210 -1
1545236181061657 154 1
1545236181064754 13 -1
1545236181201820 1500 -1
1545236181201829 1555 -1
1545236181203337 4072 -1
1545236181203604 4072 -1
1545236181204541 4072 -1
1545236181204549 523 -1
1545236181604556 166 1
1545236181607420 13 -1
1545236181704038 1500 -1
1545236181705240 8000 -1
1545236181706584 7024 -1
1545236181706595 335 -1
1545236181706598 1500 -1
1545236181708071 1500 -1
1545236181708875 3508 -1
1545236181709830 4072 -1
1545236181709844 3202 -1
1545236182109850 164 1
1545236182113097 13 -1
1545236182431733 493 -1
1545236182526859 1500 -1
1545236182527526 8000 -1
1545236182529351 6893 -1
1545236182529358 1500 -1
1545236182529360 936 -1
1545236182530167 1500 -1
1545236182530173 891 -1
1545236182930256 154 1
1545236182933076 13 -1
1545236183038654 1500 -1
1545236183038664 1554 -1
1545236183039690 4072 -1
1545236183041006 4072 -1
1545236183041664 2604 -1
1545236187096029 17 1
0 0 0
1545236169532528 52 -1
1545236171535132 295 1
1545236171543017 9 -1
1545236171543022 13 -1
1545236171665694 1500 -1
1545236171680283 8000 -1
1545236171688164 7181 -1
1545236171688172 353 -1
1545236171688176 1500 -1
1545236171688180 1500 -1
1545236171690080 3508 -1
1545236171690089 358 -1
0 0 0
1545236169528502 52 -1
1545236171514856 307 1
1545236171522120 9 -1
1545236171522124 13 -1
1545236171656884 1500 -1
1545236171656895 1674 -1
1545236171665372 4072 -1
1545236171676422 4072 -1
1545236171680550 3850 -1
0 0 0
1545236169549654 52 -1
1545236171536390 307 1
1545236171545713 9 -1
1545236171545721 13 -1
1545236171663475 1500 -1
1545236171675291 8000 -1
1545236171687119 7184 -1
1545236171687130 335 -1
1545236171687135 1298 -1
