### "'10014 18048 20087 26676 21898 24323 20845 27343 19768 27321 18043 14326 25384 14729 18942 24122 27759 19122 32933 27493 13310 15974 23906 17774'"
0 0 0
1545072860638099 52 -1
1545072862650135 300 1
1545072862653408 9 -1
1545072862654108 13 -1
1545072862790627 1500 -1
1545072862790640 1693 -1
1545072862792181 3207 -1
1545072863192378 166 1
1545072863195339 13 -1
1545072863292616 1500 -1
1545072863294791 8000 -1
1545072863296409 7048 -1
1545072863296424 337 -1
1545072863296433 1500 -1
1545072863296441 1500 -1
1545072863298407 2195 -1
1545072863698485 136 1
1545072863701587 13 -1
1545072863840664 1500 -1
1545072863841812 1500 -1
1545072863844525 8000 -1
1545072863845355 5526 -1
1545072863845371 1453 -1
1545072863845769 1500 -1
1545072863847136 3773 -1
1545072863847146 1231 -1
1545072864247227 164 1
1545072864250552 13 -1
1545072864408430 1500 -1
1545072864409014 1500 -1
1545072864410805 8000 -1
1545072864412534 5547 -1
1545072864412548 1453 -1
1545072864413251 1500 -1
1545072864413266 1526 -1
1545072864813431 135 1
1545072864818012 13 -1
1545072864849502 1500 -1
1545072864850051 8000 -1
1545072864850159 7024 -1
1545072864850166 340 -1
1545072864850172 1500 -1
1545072864850176 1500 -1
1545072864850181 62 -1
1545072865250199 163 1
1545072865253623 13 -1
1545072865425873 1500 -1
1545072865425888 388 -1
1545072865425895 1500 -1
1545072865426845 8000 -1
1545072865430012 6613 -1
1545072865430025 1500 -1
1545072865432365 2612 -1
1545072865432380 1500 -1
1545072865432819 2581 -1
1545072865433157 1318 -1
1545072865835369 166 1
1545072865839108 13 -1
1545072865997237 1500 -1
1545072865997251 1500 -1
1545072865998042 8000 -1
1545072865999435 5525 -1
1545072865999460 1453 -1
1545072865999536 224 -1
1545072866399794 164 1
1545072866403242 13 -1
1545072866570436 1500 -1
1545072866571741 1500 -1
1545072866572375 3980 -1
1545072866573537 4072 -1
1545072866573551 3437 -1
1545072866973616 166 1
1545072866977436 13 -1
1545072867049124 1500 -1
1545072867049138 1500 -1
1545072867050699 8000 -1
1545072867053935 5537 -1
1545072867053956 1453 -1
1545072867054039 1500 -1
1545072867054369 3813 -1
1545072867059536 2252 -1
1545072867459686 167 1
1545072867463222 13 -1
1545072867637369 1500 -1
1545072867637384 1500 -1
1545072867637781 3965 -1
1545072867638214 4072 -1
1545072867638323 3830 -1
1545072868038570 163 1
1545072868042997 13 -1
1545072868181805 1500 -1
1545072868181818 398 -1
1545072868181824 1500 -1
1545072868182742 8000 -1
1545072868183509 6603 -1
1545072868183523 1123 -1
1545072868183531 9 -1
1545072868583535 163 1
1545072868586557 13 -1
1545072868747216 1500 -1
1545072868747233 1500 -1
1545072868748784 8000 -1
1545072868749513 5526 -1
1545072868749529 1453 -1
1545072868749537 1500 -1
1545072868750891 3767 -1
1545072868750915 1036 -1
1545072869151205 163 1
1545072869155451 13 -1
1545072869338015 1500 -1
1545072869338029 1500 -1
1545072869339141 8000 -1
1545072869340210 5548 -1
1545072869340252 1453 -1
1545072869340257 1500 -1
1545072869341577 3776 -1
1545072869344232 4072 -1
1545072869344241 592 -1
1545072869746171 9 1
1545072869746185 169 1
1545072869748879 13 -1
1545072869819883 1500 -1
1545072869820163 1500 -1
1545072869820810 8000 -1
1545072869823040 5526 -1
1545072869823058 1453 -1
1545072869823066 1303 -1
1545072870223228 167 1
1545072870228775 13 -1
1545072870449728 1500 -1
1545072870449742 1500 -1
1545072870450271 8000 -1
1545072870452597 5548 -1
1545072870452615 1453 -1
1545072870452622 1500 -1
1545072870453644 3764 -1
1545072870454427 4072 -1
1545072870456676 4072 -1
1545072870457704 1706 -1
1545072870859820 166 1
1545072870864881 13 -1
1545072871047622 1500 -1
1545072871047635 1500 -1
1545072871048811 8000 -1
1545072871052477 5550 -1
1545072871052491 1453 -1
1545072871052500 1500 -1
1545072871054496 3773 -1
1545072871055808 4072 -1
1545072871056137 329 -1
1545072871456382 164 1
1545072871459302 13 -1
1545072871596925 1500 -1
1545072871596939 1500 -1
1545072871597750 3971 -1
1545072871598537 4072 -1
1545072871599524 2408 -1
1545072872000007 164 1
1545072872004617 13 -1
1545072872148462 397 -1
1545072872148475 1500 -1
1545072872148482 1500 -1
1545072872149045 2328 -1
1545072872150040 4072 -1
1545072872150777 4072 -1
1545072872150793 2278 -1
1545072872551336 168 1
1545072872555451 13 -1
1545072872652363 1500 -1
1545072872652375 1500 -1
1545072872653091 8000 -1
1545072872653642 5526 -1
1545072872653656 1453 -1
1545072872653666 1500 -1
1545072872653812 3774 -1
1545072872653824 813 -1
1545072873053877 138 1
1545072873057218 13 -1
1545072873225915 1500 -1
1545072873225931 1500 -1
1545072873226954 3978 -1
1545072873227553 4072 -1
1545072873228130 4072 -1
1545072873228758 1500 -1
1545072873228774 1325 -1
1545072873228781 9 -1
1545072877288667 17 1
0 0 0
1545072860849882 52 -1
1545072862843532 316 1
1545072862846997 9 -1
1545072862847589 13 -1
1545072863024064 1500 -1
1545072863024152 1500 -1
1545072863027898 8000 -1
1545072863029724 5683 -1
1545072863029735 1453 -1
1545072863029741 1500 -1
1545072863029803 768 -1
0 0 0
1545072860885797 52 -1
1545072862634072 284 1
1545072862639934 9 -1
1545072862639944 13 -1
1545072862730950 1500 -1
1545072862730963 1676 -1
1545072862733519 4072 -1
1545072862734054 3066 -1
0 0 0
1545072860868709 52 -1
1545072862862762 313 1
1545072862866884 9 -1
1545072862868164 13 -1
1545072863046397 1500 -1
1545072863046412 1500 -1
1545072863048573 8000 -1
1545072863049744 5684 -1
1545072863049758 1453 -1
1545072863049766 1500 -1
1545072863050355 3776 -1
1545072863050883 3581 -1
0 0 0
1545072860880158 52 -1
1545072864466425 315 1
1545072864470494 9 -1
1545072864470502 13 -1
1545072864645938 1500 -1
1545072864645952 1500 -1
1545072864648733 8000 -1
1545072864650012 5682 -1
1545072864650021 1453 -1
1545072864650029 1500 -1
1545072864651348 3773 -1
1545072864652578 4072 -1
1545072864652589 179 -1
0 0 0
1545072860855697 52 -1
1545072862856638 283 1
1545072862860048 9 -1
1545072862860060 13 -1
1545072863007451 1500 -1
1545072863007463 1500 -1
1545072863008387 8000 -1
1545072863010153 5682 -1
1545072863010165 1453 -1
1545072863010248 229 -1
