### "'21929 27371 16834 19606 25019 20188 14230 24873 19568 28024 17607 17516 17822 25469 21287 28560 28471 12307 13912 27280 17861 16220 21701 18399'"
0 0 0
1545237874774040 52 -1
1545237878348196 304 1
1545237878350806 9 -1
1545237878363009 13 -1
1545237878363017 1500 -1
1545237878364994 8000 -1
1545237878378478 7073 -1
1545237878378496 1500 -1
1545237878378500 1693 -1
0 0 0
1545237874766893 52 -1
1545237876742186 294 1
1545237876764614 9 -1
1545237876790370 13 -1
1545237876790380 1500 -1
1545237876798758 8000 -1
1545237876801521 7072 -1
1545237876801534 1500 -1
1545237876801538 1731 -1
0 0 0
1545237874776253 52 -1
1545237876553098 307 1
1545237876556784 9 -1
1545237876561155 13 -1
1545237876561179 1500 -1
1545237876573742 8000 -1
1545237876578081 7071 -1
1545237876578121 1500 -1
1545237876579908 4054 -1
0 0 0
1545237874731343 52 -1
1545237876730302 306 1
1545237876744091 9 -1
1545237876744099 13 -1
1545237876746331 1500 -1
1545237876752988 8000 -1
1545237876764573 7072 -1
1545237876764585 459 -1
0 0 0
1545237874716863 52 -1
1545237876723183 306 1
1545237876739434 9 -1
1545237876739441 13 -1
1545237876739445 1500 -1
1545237876752455 8000 -1
1545237876763527 7072 -1
1545237876763540 1500 -1
1545237876789191 8000 -1
1545237876789208 1496 -1
0 0 0
1545237874543400 52 -1
1545237876536751 290 1
1545237876539280 9 -1
1545237876540661 13 -1
1545237876553895 1500 -1
1545237876555493 4369 -1
1545237876955509 166 1
1545237876958236 13 -1
1545237876962715 1500 -1
1545237876963489 8000 -1
1545237876969297 6957 -1
1545237876969307 1500 -1
1545237876970032 7144 -1
1545237877370158 154 1
1545237877372983 13 -1
1545237877373349 1500 -1
1545237877374204 8000 -1
1545237877380646 6975 -1
1545237877384014 1500 -1
1545237877384052 2313 -1
1545237877786092 166 1
1545237877789145 13 -1
1545237877791745 1500 -1
1545237877792866 8000 -1
1545237877794113 4798 -1
1545237878194123 164 1
1545237878197120 13 -1
1545237878198922 1500 -1
1545237878201602 8000 -1
1545237878202313 6969 -1
1545237878203051 1500 -1
1545237878208855 6998 -1
1545237878608871 164 1
1545237878611861 13 -1
1545237878614621 1500 -1
1545237878616040 8000 -1
1545237878616806 6951 -1
1545237878617370 1500 -1
1545237878618436 8000 -1
1545237878618443 2149 -1
1545237879018446 166 1
1545237879021445 13 -1
1545237879022517 1500 -1
1545237879023125 8000 -1
1545237879023738 6974 -1
1545237879023805 1232 -1
1545237879423814 167 1
1545237879426444 13 -1
1545237879427445 1500 -1
1545237879428605 8000 -1
1545237879429855 6955 -1
1545237879429862 1141 -1
1545237879829866 164 1
1545237879832482 13 -1
1545237879833435 1500 -1
1545237879834095 8000 -1
1545237879834343 6952 -1
1545237879834350 1447 -1
1545237880234354 156 1
1545237880237158 13 -1
1545237880238529 1500 -1
1545237880239935 8000 -1
1545237880240776 6978 -1
1545237880241540 1500 -1
1545237880242181 7594 -1
1545237880642186 154 1
1545237880644825 13 -1
1545237880645644 1500 -1
1545237880646565 8000 -1
1545237880647376 6952 -1
1545237880647875 1500 -1
1545237880647882 3412 -1
1545237881047888 166 1
1545237881050526 13 -1
1545237881051257 1500 -1
1545237881052449 8000 -1
1545237881053679 6974 -1
1545237881054258 1500 -1
1545237881055565 8000 -1
1545237881055573 2685 -1
1545237881455577 154 1
1545237881458366 13 -1
1545237881459173 1500 -1
1545237881459689 8000 -1
1545237881460604 6941 -1
1545237881460612 1500 -1
1545237881461742 8000 -1
1545237881461752 2596 -1
1545237881861759 9 1
1545237881861771 167 1
1545237881865913 13 -1
1545237881866672 1500 -1
1545237881868896 8000 -1
1545237881869631 2864 -1
1545237882269640 166 1
1545237882272840 13 -1
1545237882273401 1500 -1
1545237882274147 8000 -1
1545237882274410 4492 -1
1545237882674418 164 1
1545237882677198 13 -1
1545237882678453 1500 -1
1545237882678873 8000 -1
1545237882679919 6951 -1
1545237882680847 1500 -1
1545237882681314 8000 -1
1545237882681320 1405 -1
1545237883081327 155 1
1545237883084073 13 -1
1545237883085127 1500 -1
1545237883085767 8000 -1
1545237883086660 6974 -1
1545237883087397 1486 -1
1545237883487505 154 1
1545237883490629 13 -1
1545237883491011 1500 -1
1545237883491466 8000 -1
1545237883492656 6788 -1
1545237883892665 166 1
1545237883896030 13 -1
1545237883896473 1500 -1
1545237883897938 8000 -1
1545237883898049 6951 -1
1545237883898055 1500 -1
1545237883898105 3826 -1
1545237884298111 153 1
1545237884300756 13 -1
1545237884301581 1500 -1
1545237884301923 8000 -1
1545237884302944 6974 -1
1545237884304100 1500 -1
1545237884304113 524 -1
1545237888351454 17 1
