### "'22283 13397 15914 16426 26802 19278 16732 14881 29799 20453 13823 16583 24616 34405 22862 29200 39226 26161 25691 23847 21306 27604 17477 17776'"
0 0 0
1545238464116588 52 -1
1545238466147288 294 1
1545238466170102 9 -1
1545238466170111 13 -1
1545238466248958 652 -1
1545238466254765 1500 -1
1545238466258144 3850 -1
1545238466258152 1645 -1
1545238466660308 167 1
1545238466663258 13 -1
1545238466759151 1500 -1
1545238466764093 1515 -1
1545238466764101 2204 -1
1545238467164105 167 1
1545238467169058 13 -1
1545238467307176 1500 -1
1545238467307183 1536 -1
1545238467307187 1575 -1
1545238467707190 168 1
1545238467710628 13 -1
1545238467828471 1500 -1
1545238467828485 1514 -1
1545238467828490 733 -1
1545238468228494 166 1
1545238468231803 13 -1
1545238468369664 1500 -1
1545238468369676 1536 -1
1545238468372632 1047 -1
1545238468772642 168 1
1545238468775359 13 -1
1545238468872031 1500 -1
1545238468872038 1513 -1
1545238468872929 3371 -1
1545238469272940 167 1
1545238469275770 13 -1
1545238469364974 1500 -1
1545238469365879 1500 -1
1545238469366420 8000 -1
1545238469366734 5549 -1
1545238469366744 1453 -1
1545238469367231 1459 -1
1545238469767241 154 1
1545238469770087 13 -1
1545238469920642 1500 -1
1545238469921693 1500 -1
1545238469921980 3975 -1
1545238469922949 4072 -1
1545238469924286 4072 -1
1545238469924292 1500 -1
1545238469924295 263 -1
1545238469924296 9 -1
1545238470324299 154 1
1545238470327066 13 -1
1545238470532225 1500 -1
1545238470532232 1500 -1
1545238470532619 3999 -1
1545238470534159 4072 -1
1545238470534987 3975 -1
1545238470934994 155 1
1545238470938064 13 -1
1545238471148321 1500 -1
1545238471149390 1500 -1
1545238471149938 8000 -1
1545238471150233 5547 -1
1545238471150241 1453 -1
1545238471150889 1500 -1
1545238471151562 3790 -1
1545238471151924 4072 -1
1545238471151934 2618 -1
1545238471551937 166 1
1545238471554762 13 -1
1545238471702825 362 -1
1545238471703449 1500 -1
1545238471703459 1500 -1
1545238471705504 8000 -1
1545238471707291 5393 -1
1545238471707298 1231 -1
1545238471707300 1500 -1
1545238471707303 1134 -1
1545238472107306 153 1
1545238472110097 13 -1
1545238472482924 1500 -1
1545238472482931 404 -1
1545238472532443 1500 -1
1545238472534115 3604 -1
1545238472537351 3040 -1
1545238472537358 3946 -1
1545238472937362 166 1
1545238472939815 13 -1
1545238473287338 1500 -1
1545238473287346 387 -1
1545238473379142 1500 -1
1545238473379150 3604 -1
1545238473379732 3040 -1
1545238473382313 2796 -1
1545238473383248 3928 -1
1545238473783254 163 1
1545238473785738 13 -1
1545238473960182 1500 -1
1545238473961732 1500 -1
1545238473962122 8000 -1
1545238473962885 5523 -1
1545238473962893 1453 -1
1545238473963299 1500 -1
1545238473964124 3770 -1
1545238473964129 1527 -1
1545238474364133 163 1
1545238474366765 13 -1
1545238474525875 1500 -1
1545238474525883 1500 -1
1545238474526905 8000 -1
1545238474527902 5548 -1
1545238474527909 1453 -1
1545238474527912 1500 -1
1545238474528918 8000 -1
1545238474529930 6893 -1
1545238474529949 202 -1
1545238474529953 9 -1
1545238474929955 167 1
1545238474933424 13 -1
1545238475247419 1500 -1
1545238475248069 1500 -1
1545238475248802 8000 -1
1545238475249116 5547 -1
1545238475249124 1453 -1
1545238475249393 1500 -1
1545238475249410 3543 -1
1545238475649416 9 1
1545238475649426 167 1
1545238475652090 13 -1
1545238475854535 1500 -1
1545238475854543 1500 -1
1545238475855148 8000 -1
1545238475856081 5522 -1
1545238475856835 1453 -1
1545238475856842 1500 -1
1545238475857650 3765 -1
1545238475858233 4072 -1
1545238475858239 2044 -1
1545238476258243 163 1
1545238476261395 13 -1
1545238476450667 1500 -1
1545238476452024 1500 -1
1545238476452631 8000 -1
1545238476453757 5546 -1
1545238476453767 1453 -1
1545238476454452 1500 -1
1545238476455596 8000 -1
1545238476456018 6893 -1
1545238476456805 1075 -1
1545238476456811 1500 -1
1545238476457442 2457 -1
1545238476857448 163 1
1545238476860705 13 -1
1545238477056634 1500 -1
1545238477057969 1500 -1
1545238477058752 8000 -1
1545238477059950 5547 -1
1545238477059955 1453 -1
1545238477060519 1500 -1
1545238477063297 3766 -1
1545238477063309 3076 -1
1545238477463314 164 1
1545238477466294 13 -1
1545238477686990 1500 -1
1545238477687001 1500 -1
1545238477687574 8000 -1
1545238477687779 5525 -1
1545238477687892 1453 -1
1545238477687898 1500 -1
1545238477687951 3767 -1
1545238477687996 2605 -1
1545238478087999 166 1
1545238478090687 13 -1
1545238478375373 1500 -1
1545238478375380 1500 -1
1545238478376928 8000 -1
1545238478378973 5549 -1
1545238478378981 1453 -1
1545238478378984 1500 -1
1545238478380229 2977 -1
1545238478380236 1551 -1
1545238478780241 166 1
1545238478783388 13 -1
1545238478918855 1500 -1
1545238478919266 1500 -1
1545238478921094 8000 -1
1545238478922247 5526 -1
1545238478922254 1453 -1
1545238478922997 1500 -1
1545238478923004 1987 -1
1545238479323007 154 1
1545238479325717 13 -1
1545238479519530 1500 -1
1545238479521050 1500 -1
1545238479522395 8000 -1
1545238479523070 5548 -1
1545238479523077 1453 -1
1545238479523820 1500 -1
1545238479524014 3779 -1
1545238479524758 4072 -1
1545238479524764 434 -1
1545238479924769 154 1
1545238479927710 13 -1
1545238480093232 1500 -1
1545238480094317 1500 -1
1545238480095541 3997 -1
1545238480095785 4072 -1
1545238480095880 4072 -1
1545238480095886 1500 -1
1545238480095889 1010 -1
1545238480095893 9 -1
1545238480495892 164 1
1545238480498485 13 -1
1545238480678336 1500 -1
1545238480679753 1500 -1
1545238480679966 3966 -1
1545238480680757 4072 -1
1545238480681777 4072 -1
1545238480681784 1500 -1
1545238480681786 1321 -1
1545238480681788 9 -1
1545238484736423 17 1
0 0 0
1545238464384375 52 -1
1545238466409996 298 1
1545238466422431 9 -1
1545238466422440 13 -1
1545238466711298 1500 -1
1545238466711307 547 -1
1545238466810021 1500 -1
1545238466826053 3604 -1
1545238466830547 4072 -1
1545238466840988 4072 -1
1545238466841000 1438 -1
0 0 0
1545238464437762 52 -1
1545238467961182 307 1
1545238467977884 9 -1
1545238467983227 13 -1
1545238468044175 1500 -1
1545238468044183 1500 -1
1545238468059681 8000 -1
1545238468071307 5683 -1
1545238468071318 1453 -1
1545238468071323 1500 -1
1545238468071830 3779 -1
1545238468076795 3704 -1
0 0 0
1545238464437852 52 -1
1545238466119372 298 1
1545238466139937 9 -1
1545238466139952 13 -1
1545238466276496 1500 -1
1545238466276516 1500 -1
1545238466282128 8000 -1
1545238466286559 5682 -1
1545238466286569 1453 -1
1545238466286586 1500 -1
1545238466292261 2964 -1
0 0 0
1545238464373928 52 -1
1545238466377867 298 1
1545238466413786 9 -1
1545238466413793 13 -1
1545238466578054 1500 -1
1545238466578075 1500 -1
1545238466595397 1500 -1
1545238466595409 2642 -1
1545238466597824 4072 -1
1545238466604992 4072 -1
1545238466610585 924 -1
0 0 0
1545238464368096 52 -1
1545238466365700 312 1
1545238466369737 9 -1
1545238466377556 13 -1
1545238466540096 1500 -1
1545238466540106 1500 -1
1545238466540206 1500 -1
1545238466540212 2625 -1
1545238466540275 4072 -1
1545238466541442 2497 -1
