### "'11425 13904 17468 24498 28494 16607 10639 24473 15195 17048 22856 18123 15997 12171 14190 19867 23853 16491 18078 17899 13005 12513 15874'"
0 0 0
1545073098475664 52 -1
1545073100489398 295 1
1545073100492234 9 -1
1545073100494045 13 -1
1545073100633880 1500 -1
1545073100633895 1690 -1
1545073100637119 3673 -1
1545073101037142 164 1
1545073101040760 13 -1
1545073101227933 1500 -1
1545073101227944 1500 -1
1545073101230197 2519 -1
1545073101630307 154 1
1545073101634498 13 -1
1545073101782873 1500 -1
1545073101782889 381 -1
1545073101782896 1500 -1
1545073101783859 8000 -1
1545073101785773 6597 -1
1545073101785788 1210 -1
1545073101785795 1500 -1
1545073101786233 2581 -1
1545073101787674 4072 -1
1545073101787689 1321 -1
1545073102187698 153 1
1545073102191454 13 -1
1545073102334474 1500 -1
1545073102334496 1500 -1
1545073102336132 4000 -1
1545073102336592 4072 -1
1545073102338072 4072 -1
1545073102339402 1500 -1
1545073102339417 137 -1
1545073102339424 9 -1
1545073102739594 154 1
1545073102742448 13 -1
1545073102932110 1500 -1
1545073102932122 1500 -1
1545073102932766 8000 -1
1545073102934376 5525 -1
1545073102934393 1453 -1
1545073102934435 1500 -1
1545073102935514 3782 -1
1545073102936673 1372 -1
1545073103336754 126 1
1545073103340040 13 -1
1545073103496611 1500 -1
1545073103496832 1500 -1
1545073103497212 3998 -1
1545073103498024 4072 -1
1545073103499035 4072 -1
1545073103499117 215 -1
1545073103899293 154 1
1545073103904177 13 -1
1545073104042992 1500 -1
1545073104043009 1500 -1
1545073104043377 3999 -1
1545073104043505 1375 -1
1545073104443649 153 1
1545073104448576 13 -1
1545073104599275 1500 -1
1545073104599287 1500 -1
1545073104600006 3976 -1
1545073104601284 4072 -1
1545073104602408 4072 -1
1545073104604015 1500 -1
1545073104604027 579 -1
1545073104604275 9 -1
1545073105004866 153 1
1545073105009493 13 -1
1545073105198640 1500 -1
1545073105198699 1500 -1
1545073105199058 8000 -1
1545073105200327 5549 -1
1545073105200344 1453 -1
1545073105200351 1500 -1
1545073105201001 3537 -1
1545073105602735 155 1
1545073105606999 13 -1
1545073106002829 153 1
1545073106006512 13 -1
1545073106009189 1500 -1
1545073106009201 400 -1
1545073106125016 1500 -1
1545073106125542 8000 -1
1545073106126261 6600 -1
1545073106127387 304 -1
1545073106127400 9 -1
1545073106194302 1500 -1
1545073106194317 1500 -1
1545073106197145 3975 -1
1545073106198118 4072 -1
1545073106199977 4072 -1
1545073106199989 1019 -1
1545073106600049 129 1
1545073106605619 13 -1
1545073106726435 1500 -1
1545073106726470 1500 -1
1545073106727265 3967 -1
1545073106727732 4072 -1
1545073106729509 1272 -1
1545073107129597 154 1
1545073107133470 13 -1
1545073107318283 1500 -1
1545073107318294 1500 -1
1545073107318929 3996 -1
1545073107319423 4072 -1
1545073107319939 3286 -1
1545073107720390 9 1
1545073107720405 128 1
1545073107725847 13 -1
1545073107897266 1500 -1
1545073107897277 379 -1
1545073107898134 1500 -1
1545073107900386 8000 -1
1545073107902155 6597 -1
1545073107902170 1500 -1
1545073107902330 548 -1
1545073108302550 154 1
1545073108307019 13 -1
1545073108470037 1500 -1
1545073108470048 1500 -1
1545073108470663 8000 -1
1545073108472097 5548 -1
1545073108474208 1453 -1
1545073108474222 1500 -1
1545073108474807 3778 -1
1545073108474894 756 -1
1545073108875001 126 1
1545073108877871 13 -1
1545073109025041 1500 -1
1545073109025054 1500 -1
1545073109025516 3998 -1
1545073109026305 4072 -1
1545073109026729 4072 -1
1545073109027844 1500 -1
1545073109027858 23 -1
1545073109027865 9 -1
1545073109428099 126 1
1545073109433328 13 -1
1545073109594326 1500 -1
1545073109594345 1500 -1
1545073109595043 8000 -1
1545073109596323 5525 -1
1545073109596339 1453 -1
1545073109596347 259 -1
1545073109996353 154 1
1545073109999643 13 -1
1545073110160362 1500 -1
1545073110160377 1500 -1
1545073110161190 8000 -1
1545073110162597 5548 -1
1545073110162616 1453 -1
1545073110162624 80 -1
1545073110563496 126 1
1545073110566329 13 -1
1545073110736839 1500 -1
1545073110736858 1500 -1
1545073110738739 3976 -1
1545073110739499 4072 -1
1545073110740114 2099 -1
1545073111140808 154 1
1545073111143943 13 -1
1545073111326957 1500 -1
1545073111326968 1500 -1
1545073111327265 3995 -1
1545073111328646 4072 -1
1545073111331463 1608 -1
1545073111731903 153 1
1545073111736050 13 -1
1545073111894052 1500 -1
1545073111894070 1500 -1
1545073111894630 3975 -1
1545073111895288 4072 -1
1545073111896243 4072 -1
1545073111896261 894 -1
1545073115954184 17 1
0 0 0
1545073098722741 52 -1
1545073100468836 299 1
1545073100472466 9 -1
1545073100489504 13 -1
1545073100627010 1500 -1
1545073100627027 1500 -1
1545073100631840 1500 -1
1545073100631854 2633 -1
1545073100633601 4072 -1
1545073100633613 519 -1
0 0 0
1545073098712225 52 -1
1545073100712150 272 1
1545073100716354 9 -1
1545073100716365 13 -1
1545073100923493 1500 -1
1545073100923530 1500 -1
1545073100924985 8000 -1
1545073100929855 5684 -1
1545073100929885 1453 -1
1545073100929893 1500 -1
1545073100931214 3778 -1
1545073100932145 1401 -1
0 0 0
1545073098690633 52 -1
1545073100687260 298 1
1545073100690396 9 -1
1545073100690403 13 -1
1545073100840740 1500 -1
1545073100840755 1500 -1
1545073100841697 1500 -1
1545073100841707 2632 -1
1545073100843352 4072 -1
1545073100845090 2999 -1
0 0 0
1545073098720267 52 -1
1545073102295524 298 1
1545073102298576 9 -1
1545073102298962 13 -1
1545073102449251 539 -1
1545073102449263 1500 -1
1545073102449393 1500 -1
1545073102450235 2328 -1
1545073102451255 4072 -1
1545073102451270 1008 -1
0 0 0
1545073098707745 52 -1
1545073100705127 299 1
1545073100711256 9 -1
1545073100711265 13 -1
1545073100901561 1500 -1
1545073100901575 1500 -1
1545073100902626 1500 -1
1545073100902640 2631 -1
1545073100904751 4072 -1
1545073100905620 4072 -1
1545073100907112 1500 -1
1545073100907621 1001 -1
1545073100907766 9 -1
