### "'13463 16196 19662 17664 15815 17215 10039 12180 16082 16786 14549 12022 12037 36773 16552 56565 10421 20124 29408 15139 14504 12720 17497 11239 10014 14871 19634 47730 28905 22030'"
0 0 0
1545239823156215 52 -1
1545239825170385 300 1
1545239825178650 9 -1
1545239825178658 13 -1
1545239825351231 1500 -1
1545239825379329 1500 -1
1545239825379341 1500 -1
1545239825386850 2641 -1
1545239825386867 2708 -1
0 0 0
1545239822961497 52 -1
1545239824974967 297 1
1545239824978397 9 -1
1545239824978405 13 -1
1545239825083211 1500 -1
1545239825083228 1694 -1
1545239825091971 1046 -1
1545239825491981 164 1
1545239825497734 13 -1
1545239825648495 1500 -1
1545239825648509 1500 -1
1545239825648693 3956 -1
1545239825649330 2048 -1
1545239826049342 166 1
1545239826052198 13 -1
1545239826413335 1500 -1
1545239826416041 1500 -1
1545239826416053 2895 -1
1545239826816060 164 1
1545239826819895 13 -1
1545239826996099 1500 -1
1545239826996845 1500 -1
1545239826997708 3958 -1
1545239826997719 243 -1
1545239827397723 167 1
1545239827400415 13 -1
1545239827617681 1500 -1
1545239827618371 1500 -1
1545239827619338 3976 -1
1545239827619349 143 -1
1545239828019352 154 1
1545239828022128 13 -1
1545239828192869 1500 -1
1545239828192880 1500 -1
1545239828194306 3998 -1
1545239828195316 4072 -1
1545239828195984 4072 -1
1545239828195992 837 -1
1545239828595998 154 1
1545239828598671 13 -1
1545239828729869 1500 -1
1545239828729877 1500 -1
1545239828731106 3971 -1
1545239828731119 701 -1
1545239829131125 163 1
1545239829133927 13 -1
1545239829281391 1500 -1
1545239829283260 1500 -1
1545239829283738 3981 -1
1545239829284255 4072 -1
1545239829286067 4072 -1
1545239829286076 1500 -1
1545239829286079 762 -1
1545239829286081 9 -1
1545239829686084 163 1
1545239829689576 13 -1
1545239829860036 1500 -1
1545239829860480 1500 -1
1545239829861408 3972 -1
1545239829861420 3208 -1
1545239830261424 155 1
1545239830264285 13 -1
1545239830426549 1500 -1
1545239830427819 1500 -1
1545239830428269 3972 -1
1545239830828276 153 1
1545239830831301 13 -1
1545239830912298 1500 -1
1545239830913140 1500 -1
1545239830913390 3976 -1
1545239830914033 4072 -1
1545239830914044 1274 -1
1545239831314053 154 1
1545239831317149 13 -1
1545239831516330 1500 -1
1545239831516344 401 -1
1545239831516866 1500 -1
1545239831519106 3604 -1
1545239831519822 4072 -1
1545239831520462 4072 -1
1545239831520471 1103 -1
1545239831920475 166 1
1545239831923233 13 -1
1545239832320485 166 1
1545239832323746 13 -1
1545239832412654 1500 -1
1545239832412661 385 -1
1545239832504261 1500 -1
1545239832504268 1500 -1
1545239832504606 3959 -1
1545239832505052 4072 -1
1545239832507295 3659 -1
1545239832550814 1500 -1
1545239832551496 3604 -1
1545239832551954 3040 -1
1545239832552653 2796 -1
1545239832554296 4072 -1
1545239832554302 61 -1
1545239832954306 166 1
1545239832957231 13 -1
1545239833115743 1500 -1
1545239833116239 1500 -1
1545239833116703 3981 -1
1545239833117095 4072 -1
1545239833117106 1132 -1
1545239833517112 9 1
1545239833517122 157 1
1545239833519768 13 -1
1545239833664199 1500 -1
1545239833664207 1500 -1
1545239833665050 3975 -1
1545239833665495 4072 -1
1545239833665506 1131 -1
1545239834065510 154 1
1545239834068362 13 -1
1545239834217233 1500 -1
1545239834217241 1500 -1
1545239834217919 8000 -1
1545239834219262 5548 -1
1545239834220426 1453 -1
1545239834220435 1500 -1
1545239834221062 8000 -1
1545239834222185 6893 -1
1545239834222191 1091 -1
1545239834222194 1488 -1
1545239834622196 154 1
1545239834624809 13 -1
1545239834803427 1500 -1
1545239834803914 1500 -1
1545239834804479 3972 -1
1545239834806160 4072 -1
1545239834807263 4072 -1
1545239834807272 1500 -1
1545239834807274 85 -1
1545239834807276 9 -1
1545239835207275 166 1
1545239835210104 13 -1
1545239835423109 1500 -1
1545239835423119 1500 -1
1545239835423489 8000 -1
1545239835426207 5547 -1
1545239835426218 1453 -1
1545239835426223 1500 -1
1545239835426579 8000 -1
1545239835426695 6893 -1
1545239835426701 1500 -1
1545239835426769 8000 -1
1545239835427252 6893 -1
1545239835427261 1500 -1
1545239835427671 3524 -1
1545239835427680 954 -1
1545239835827685 154 1
1545239835830176 13 -1
1545239835906326 1500 -1
1545239835907753 1500 -1
1545239835908621 3977 -1
1545239835908630 586 -1
1545239836308636 153 1
1545239836311274 13 -1
1545239836445628 1500 -1
1545239836445636 1500 -1
1545239836446494 4008 -1
1545239836447173 3576 -1
1545239836847185 154 1
1545239836851174 13 -1
1545239837056295 1500 -1
1545239837056301 1500 -1
1545239837057980 3997 -1
1545239837058924 2562 -1
1545239837458931 163 1
1545239837461633 13 -1
1545239837668802 1500 -1
1545239837669050 1500 -1
1545239837669374 8000 -1
1545239837670708 5524 -1
1545239837670719 1453 -1
1545239837671862 1500 -1
1545239837671870 805 -1
1545239838071875 164 1
1545239838074529 13 -1
1545239838289287 1500 -1
1545239838289306 1500 -1
1545239838289785 8000 -1
1545239838290768 5547 -1
1545239838290777 1453 -1
1545239838290780 1500 -1
1545239838291371 3764 -1
1545239838291886 4072 -1
1545239838292888 2253 -1
1545239839125871 164 1
1545239839129692 13 -1
1545239839525884 162 1
1545239839529179 13 -1
1545239839602692 1500 -1
1545239839602700 393 -1
1545239839698414 1500 -1
1545239839698421 1500 -1
1545239839698898 3978 -1
1545239839699273 4072 -1
1545239839699491 3600 -1
1545239839740662 1500 -1
1545239839741346 3604 -1
1545239839742535 4072 -1
1545239839743590 3162 -1
1545239839743596 1084 -1
1545239840143602 166 1
1545239840146870 13 -1
1545239840313729 1500 -1
1545239840315775 1500 -1
1545239840316294 3990 -1
1545239840317164 4072 -1
1545239840317170 1829 -1
1545239840717174 153 1
1545239840719823 13 -1
1545239840911098 1500 -1
1545239840911774 1500 -1
1545239840912343 3980 -1
1545239840912850 4072 -1
1545239840915135 4072 -1
1545239840915150 1500 -1
1545239840915154 1028 -1
1545239840915158 9 -1
1545239841315268 154 1
1545239841318560 13 -1
1545239841475009 1500 -1
1545239841475016 1500 -1
1545239841476272 4003 -1
1545239841476977 4072 -1
1545239841476989 335 -1
1545239841876993 164 1
1545239841880050 13 -1
1545239842036789 1500 -1
1545239842036796 1500 -1
1545239842038635 3985 -1
1545239842039507 3198 -1
1545239842439520 166 1
1545239842442930 13 -1
1545239842621936 1500 -1
1545239842623125 1500 -1
1545239842625184 3975 -1
1545239842626049 4072 -1
1545239842628997 3971 -1
1545239843029010 166 1
1545239843032764 13 -1
1545239843228411 1500 -1
1545239843230135 1500 -1
1545239843231950 8000 -1
1545239843233142 5553 -1
1545239843233154 1453 -1
1545239843233477 1500 -1
1545239843233486 315 -1
1545239843633600 166 1
1545239843636046 13 -1
1545239843820124 1500 -1
1545239843820135 1500 -1
1545239843821769 8000 -1
1545239843822190 5529 -1
1545239843822544 1453 -1
1545239843822554 1500 -1
1545239843823761 8000 -1
1545239843825302 6893 -1
1545239843825309 1073 -1
1545239843825312 1500 -1
1545239843825815 2581 -1
1545239843827672 4072 -1
1545239843830737 4072 -1
1545239843830753 238 -1
1545239844230756 167 1
1545239844234426 13 -1
1545239844413809 1500 -1
1545239844413821 1500 -1
1545239844416677 8000 -1
1545239844417631 5553 -1
1545239844417641 1453 -1
1545239844417646 1500 -1
1545239844422487 3763 -1
1545239844422936 4072 -1
1545239844423362 1751 -1
1545239844823373 167 1
1545239844826664 13 -1
1545239845028886 1500 -1
1545239845033296 1500 -1
1545239845037262 8000 -1
1545239845045193 5554 -1
1545239845045219 1453 -1
1545239845046970 1500 -1
1545239845046980 2711 -1
1545239845446985 164 1
1545239845450091 13 -1
0 0 0
1545239823180430 52 -1
1545239825179853 299 1
1545239825207506 9 -1
1545239825207515 13 -1
1545239825347015 1500 -1
1545239825351409 1500 -1
1545239825351418 1500 -1
1545239825371911 2643 -1
1545239825380568 4072 -1
1545239825381449 4072 -1
1545239825381461 1208 -1
0 0 0
1545239823220102 52 -1
1545239824964196 299 1
1545239824972538 9 -1
1545239824972548 13 -1
1545239825143684 1500 -1
1545239825143697 1500 -1
1545239825151942 1500 -1
1545239825151952 2644 -1
1545239825163400 4072 -1
1545239825173457 2546 -1
0 0 0
1545239823202181 52 -1
1545239826751296 299 1
1545239826754895 9 -1
1545239826754908 13 -1
1545239826919190 1500 -1
1545239826922353 1500 -1
1545239826922362 1500 -1
1545239826925908 2633 -1
1545239826931243 4072 -1
1545239826931375 4072 -1
1545239826931381 1500 -1
1545239826931386 1193 -1
1545239826931390 9 -1
0 0 0
1545239823171882 52 -1
1545239825179014 299 1
1545239825197355 9 -1
1545239825197364 13 -1
1545239825359658 1500 -1
1545239825359691 1500 -1
1545239825385204 8000 -1
1545239825390788 5681 -1
1545239825390800 1453 -1
1545239825390805 1500 -1
1545239825390812 343 -1
