### "'27416 20412 44332 29515 25017 37384 18267 23187 44022 20020 29882 32073 24478 35218 33586 29259 11488 23842 29219 15565 29161 28230 26433 24698'"
0 0 0
1545245680228681 52 -1
1545245682307591 295 1
1545245682314293 9 -1
1545245682314301 13 -1
1545245682314784 1500 -1
1545245682315036 6641 -1
1545245682715042 166 1
1545245682720621 13 -1
1545245682886518 1500 -1
1545245682889591 1500 -1
1545245682892122 8000 -1
1545245682894046 5567 -1
1545245682894055 1453 -1
1545245682897346 1500 -1
1545245682902295 3773 -1
1545245682902307 1925 -1
1545245683302313 155 1
1545245683305605 13 -1
1545245683464052 1500 -1
1545245683464271 1500 -1
1545245683465701 8000 -1
1545245683466735 5549 -1
1545245683466746 1453 -1
1545245683467571 1500 -1
1545245683468764 8000 -1
1545245683482927 6893 -1
1545245683484465 1098 -1
1545245683484488 1500 -1
1545245683484507 592 -1
1545245683884516 166 1
1545245683887212 13 -1
1545245684057877 1500 -1
1545245684059162 1500 -1
1545245684064983 8000 -1
1545245684065076 5547 -1
1545245684065082 1453 -1
1545245684065087 448 -1
1545245684465137 164 1
1545245684467915 13 -1
1545245684636553 1500 -1
1545245684637941 1500 -1
1545245684638272 8000 -1
1545245684640585 5527 -1
1545245684640594 1453 -1
1545245684641560 1500 -1
1545245684642046 8000 -1
1545245684642770 6893 -1
1545245684643759 1084 -1
1545245684643776 1500 -1
1545245684644484 2581 -1
1545245684645739 4072 -1
1545245684645753 591 -1
1545245685045859 166 1
1545245685049623 13 -1
1545245685067426 1500 -1
1545245685069632 8000 -1
1545245685070490 7046 -1
1545245685070501 333 -1
1545245685070506 1500 -1
1545245685072420 1500 -1
1545245685072429 321 -1
1545245685472434 155 1
1545245685475320 13 -1
1545245685495050 1500 -1
1545245685496215 8000 -1
1545245685497409 7024 -1
1545245685497418 350 -1
1545245685497421 1500 -1
1545245685497424 1500 -1
1545245685499909 3508 -1
1545245685500788 4072 -1
1545245685501670 2586 -1
1545245685901680 167 1
1545245685904349 13 -1
1545245686060835 1500 -1
1545245686061704 1500 -1
1545245686063098 8000 -1
1545245686064213 5547 -1
1545245686064220 1453 -1
1545245686065126 1500 -1
1545245686066334 3773 -1
1545245686066545 4072 -1
1545245686067276 4072 -1
1545245686067282 837 -1
1545245686467327 163 1
1545245686470425 13 -1
1545245686646046 1500 -1
1545245686647440 1500 -1
1545245686648199 8000 -1
1545245686648667 5524 -1
1545245686648673 1453 -1
1545245686648949 1500 -1
1545245686649434 3777 -1
1545245686649441 1382 -1
1545245687049448 168 1
1545245687052103 13 -1
1545245687230631 1500 -1
1545245687230639 394 -1
1545245687231289 1500 -1
1545245687232241 8000 -1
1545245687234027 6606 -1
1545245687234520 1500 -1
1545245687234952 8000 -1
1545245687235936 6893 -1
1545245687236779 1015 -1
1545245687636784 164 1
1545245687639653 13 -1
1545245687781835 1500 -1
1545245687782543 1500 -1
1545245687784060 8000 -1
1545245687785300 5525 -1
1545245687785308 1453 -1
1545245687785899 1500 -1
1545245687786096 3777 -1
1545245687786920 4072 -1
1545245687787565 4072 -1
1545245687787571 2346 -1
1545245688187574 163 1
1545245688190440 13 -1
1545245688326286 1500 -1
1545245688328807 8000 -1
1545245688330581 7049 -1
1545245688330588 339 -1
1545245688330592 1500 -1
1545245688331810 1500 -1
1545245688332718 3508 -1
1545245688333977 4072 -1
1545245688333985 1974 -1
1545245688733990 166 1
1545245688737400 13 -1
1545245688915388 355 -1
1545245688916141 1500 -1
1545245688916149 1500 -1
1545245688917585 2328 -1
1545245688919504 4072 -1
1545245688919511 1887 -1
1545245689319516 9 1
1545245689319527 169 1
1545245689322427 13 -1
1545245689480819 1500 -1
1545245689481612 1500 -1
1545245689482916 8000 -1
1545245689484485 5547 -1
1545245689484495 1453 -1
1545245689485179 1500 -1
1545245689485598 3775 -1
1545245689485606 748 -1
1545245689885609 155 1
1545245689888280 13 -1
1545245690285619 166 1
1545245690288841 13 -1
1545245690434277 390 -1
1545245690435527 1500 -1
1545245690435538 9 -1
1545245690518941 1500 -1
1545245690519527 1500 -1
1545245690520471 3958 -1
1545245690520920 4072 -1
1545245690522273 4072 -1
1545245690522283 603 -1
1545245690568710 1500 -1
1545245690569455 8000 -1
1545245690571323 6612 -1
1545245690571329 1500 -1
1545245690572168 1703 -1
1545245690572174 1500 -1
1545245690572596 2581 -1
1545245690574714 4072 -1
1545245690574721 53 -1
1545245690974720 166 1
1545245690977682 13 -1
1545245691122189 1500 -1
1545245691122825 1500 -1
1545245691123637 8000 -1
1545245691124566 5547 -1
1545245691124574 1453 -1
1545245691125012 1500 -1
1545245691127709 3774 -1
1545245691128019 4072 -1
1545245691128028 1996 -1
1545245691528032 167 1
1545245691530976 13 -1
1545245691692180 1500 -1
1545245691692790 1500 -1
1545245691693645 8000 -1
1545245691694496 5525 -1
1545245691694504 1453 -1
1545245691695273 1500 -1
1545245691695817 3773 -1
1545245691696250 4072 -1
1545245691696257 1066 -1
1545245692096264 166 1
1545245692099160 13 -1
1545245692199860 491 -1
1545245692200724 1500 -1
1545245692201743 8000 -1
1545245692202808 6893 -1
1545245692202815 1160 -1
1545245692202817 1500 -1
1545245692203884 2581 -1
1545245692204720 4072 -1
1545245692204727 428 -1
1545245692604730 164 1
1545245692608396 13 -1
1545245692770303 1500 -1
1545245692770313 1500 -1
1545245692771729 8000 -1
1545245692773291 5524 -1
1545245692773301 1453 -1
1545245692773304 1500 -1
1545245692774087 3775 -1
1545245692774411 1604 -1
1545245696823242 17 1
0 0 0
1545245680400225 52 -1
1545245682425690 310 1
1545245682443688 9 -1
1545245682458277 13 -1
1545245682530559 1500 -1
1545245682536204 8000 -1
1545245682543145 7185 -1
1545245682543158 335 -1
1545245682633758 1500 -1
1545245682650261 8000 -1
1545245682659004 6893 -1
1545245682659017 1500 -1
1545245682668311 1794 -1
1545245682669878 4072 -1
1545245682669890 3040 -1
1545245682673833 841 -1
0 0 0
1545245680418272 52 -1
1545245682251870 311 1
1545245682268175 9 -1
1545245682268184 13 -1
1545245682268187 1500 -1
1545245682285153 8000 -1
1545245682293287 7072 -1
1545245682293300 1500 -1
1545245682295768 8000 -1
1545245682295778 1541 -1
0 0 0
1545245680403942 52 -1
1545245682425123 308 1
1545245682429681 9 -1
1545245682431693 13 -1
1545245682530611 1500 -1
1545245682535651 8000 -1
1545245682540353 7183 -1
1545245682540363 336 -1
1545245682540367 1500 -1
1545245682540373 1500 -1
1545245682545956 3508 -1
1545245682559570 4072 -1
1545245682566435 2233 -1
0 0 0
1545245680394987 52 -1
1545245682374309 311 1
1545245682378471 9 -1
1545245682384441 13 -1
1545245682502905 1500 -1
1545245682510861 8000 -1
1545245682521926 7181 -1
1545245682521936 336 -1
1545245682521940 1500 -1
1545245682521945 1500 -1
1545245682526480 710 -1
0 0 0
1545245680410588 52 -1
1545245684018789 311 1
1545245684024405 9 -1
1545245684027197 13 -1
1545245684120155 1500 -1
1545245684127733 8000 -1
1545245684141162 7155 -1
1545245684141172 372 -1
1545245684141177 1500 -1
1545245684141183 1500 -1
1545245684142563 3449 -1
