### "'22937 19618 15962 43039 28553 12983 14893 24891 18283 17827 21932 16697 16622 27889 18884 21718 17586 28266 10005 35206 17132 16965 17086'"
0 0 0
1545246549927715 52 -1
1545246551936890 308 1
1545246551949412 9 -1
1545246551950917 13 -1
1545246552020825 1500 -1
1545246552020835 1500 -1
1545246552033272 1500 -1
1545246552033285 2628 -1
1545246552033951 2689 -1
0 0 0
1545246549911055 52 -1
1545246551921353 310 1
1545246551937967 9 -1
1545246551947561 13 -1
1545246552114455 1500 -1
1545246552114469 1500 -1
1545246552130608 1500 -1
1545246552130617 2627 -1
1545246552135151 4072 -1
1545246552145389 4072 -1
1545246552145463 989 -1
0 0 0
1545246549757132 52 -1
1545246551781801 296 1
1545246551796423 9 -1
1545246551796431 13 -1
1545246551796435 1500 -1
1545246551807640 4157 -1
1545246552207652 163 1
1545246552211010 13 -1
1545246552354856 1500 -1
1545246552357014 8000 -1
1545246552358165 7107 -1
1545246552358174 339 -1
1545246552358179 1500 -1
1545246552367041 8000 -1
1545246552369649 6893 -1
1545246552369656 1500 -1
1545246552369659 818 -1
1545246552374744 1500 -1
1545246552374757 2581 -1
1545246552380343 3560 -1
1545246552780353 167 1
1545246552783800 13 -1
1545246552978197 1500 -1
1545246552979970 1500 -1
1545246552982694 8000 -1
1545246552985080 5525 -1
1545246552985087 1453 -1
1545246553074846 1500 -1
1545246553080327 3766 -1
1545246553081090 3528 -1
1545246553081100 1940 -1
1545246553481108 153 1
1545246553491364 13 -1
1545246553598648 1500 -1
1545246553598659 1550 -1
1545246553601040 4072 -1
1545246553602336 4072 -1
1545246553608887 1952 -1
1545246554008896 163 1
1545246554011601 13 -1
1545246554105165 1500 -1
1545246554106209 8000 -1
1545246554107367 7048 -1
1545246554107378 338 -1
1545246554107383 1500 -1
1545246554107387 1500 -1
1545246554107698 3508 -1
1545246554108020 1679 -1
1545246554508031 154 1
1545246554510932 13 -1
1545246554617610 1500 -1
1545246554618425 8000 -1
1545246554619336 7025 -1
1545246554619343 354 -1
1545246554619995 1500 -1
1545246554620001 63 -1
1545246555020000 154 1
1545246555023232 13 -1
1545246555118148 508 -1
1545246555118643 1500 -1
1545246555119673 8000 -1
1545246555120903 6893 -1
1545246555120911 1107 -1
1545246555120914 9 -1
1545246555520917 155 1
1545246555523713 13 -1
1545246555664602 1500 -1
1545246555665441 8000 -1
1545246555667245 7025 -1
1545246555667257 352 -1
1545246555668211 1500 -1
1545246555668217 1500 -1
1545246555669227 2214 -1
1545246556069232 155 1
1545246556071790 13 -1
1545246556155193 1500 -1
1545246556156804 1552 -1
1545246556157386 4072 -1
1545246556157964 4072 -1
1545246556159374 4072 -1
1545246556159380 1500 -1
1545246556159383 103 -1
1545246556159385 9 -1
1545246556559669 167 1
1545246556562338 13 -1
1545246556658643 1500 -1
1545246556659999 1500 -1
1545246556660815 4065 -1
1545246556661573 4072 -1
1545246556662326 4072 -1
1545246556662338 1500 -1
1545246556662342 69 -1
1545246556662345 9 -1
1545246557062343 164 1
1545246557065337 13 -1
1545246557462353 154 1
1545246557462902 493 -1
1545246557465030 13 -1
1545246557561814 1500 -1
1545246557564222 8000 -1
1545246557565256 7024 -1
1545246557565263 350 -1
1545246557565265 1500 -1
1545246557565268 668 -1
1545246557595110 1500 -1
1545246557596197 8000 -1
1545246557597407 6893 -1
1545246557597413 1500 -1
1545246557597416 1500 -1
1545246557597944 3508 -1
1545246557598748 4072 -1
1545246557598754 604 -1
1545246557998758 155 1
1545246558001445 13 -1
1545246558094869 1500 -1
1545246558095780 8000 -1
1545246558096595 7046 -1
1545246558096604 353 -1
1545246558096608 1500 -1
1545246558097349 1500 -1
1545246558097357 1999 -1
1545246558497360 9 1
1545246558497369 157 1
1545246558499978 13 -1
1545246558776427 463 -1
1545246558867565 1500 -1
1545246558868168 8000 -1
1545246558869234 6893 -1
1545246558869240 890 -1
1545246558869242 9 -1
1545246559269241 164 1
1545246559272104 13 -1
1545246559369415 1500 -1
1545246559371007 8000 -1
1545246559372091 7047 -1
1545246559372099 341 -1
1545246559373221 1500 -1
1545246559373228 1500 -1
1545246559374019 3508 -1
1545246559375774 4072 -1
1545246559375782 979 -1
1545246559775785 154 1
1545246559778479 13 -1
1545246559878633 1500 -1
1545246559878641 1509 -1
1545246559879271 4072 -1
1545246559879804 3066 -1
1545246560279816 166 1
1545246560283414 13 -1
1545246560376565 1500 -1
1545246560378761 8000 -1
1545246560380412 7048 -1
1545246560380419 335 -1
1545246560380422 1500 -1
1545246560381005 8000 -1
1545246560381863 6893 -1
1545246560381869 1500 -1
1545246560382725 621 -1
1545246560382731 9 -1
1545246560782729 163 1
1545246560785610 13 -1
1545246560920069 1500 -1
1545246560921063 8000 -1
1545246560921818 7024 -1
1545246560921826 336 -1
1545246560921831 430 -1
1545246561321836 154 1
1545246561324458 13 -1
1545246561427693 1500 -1
1545246561428758 8000 -1
1545246561429349 7046 -1
1545246561429356 352 -1
1545246561429359 247 -1
1545246561829362 153 1
1545246561832458 13 -1
1545246561933805 1500 -1
1545246561936096 8000 -1
1545246561936650 7021 -1
1545246561936657 353 -1
1545246561936660 367 -1
1545246565992070 17 1
0 0 0
1545246549939729 52 -1
1545246551941463 298 1
1545246551945289 9 -1
1545246551954280 13 -1
1545246552052373 1500 -1
1545246552056795 8000 -1
1545246552067095 7182 -1
1545246552067103 353 -1
1545246552067107 1500 -1
1545246552067110 1399 -1
0 0 0
1545246549971072 52 -1
1545246551766395 298 1
1545246551785248 9 -1
1545246551786612 13 -1
1545246551887385 1500 -1
1545246551899304 8000 -1
1545246551924235 7182 -1
1545246551924246 353 -1
1545246551924251 1500 -1
1545246551931447 1500 -1
1545246551941111 3218 -1
0 0 0
1545246549954742 52 -1
1545246553574999 297 1
1545246553579214 9 -1
1545246553588780 13 -1
1545246553688377 1500 -1
1545246553688389 1687 -1
1545246553698953 4072 -1
1545246553702528 4072 -1
1545246553717458 3860 -1
