### "'18211 24619 19858 17203 31466 19545 33469 16980 34523 19161 17181 16095 18592 22573 21785 21412 22796 14263 21489 18864 21285 21587 11773 19287'"
0 0 0
1545246962143624 52 -1
1545246964137910 303 1
1545246964162950 9 -1
1545246964162962 13 -1
1545246964314029 1500 -1
1545246964314037 1500 -1
1545246964323901 1500 -1
1545246964323912 2643 -1
1545246964329646 4072 -1
1545246964331362 4072 -1
1545246964351534 1500 -1
1545246964351548 725 -1
1545246964351553 9 -1
0 0 0
1545246962126310 52 -1
1545246964117681 303 1
1545246964129319 9 -1
1545246964129325 13 -1
1545246964299253 1500 -1
1545246964299277 1500 -1
1545246964313848 8000 -1
1545246964316668 5683 -1
1545246964316677 1457 -1
1545246964316681 1500 -1
1545246964316685 535 -1
0 0 0
1545246962157080 52 -1
1545246965744271 303 1
1545246965756790 9 -1
1545246965761320 13 -1
1545246965872808 1500 -1
1545246965872817 1500 -1
1545246965876135 8000 -1
1545246965884605 5683 -1
1545246965884615 1453 -1
1545246965884620 1500 -1
1545246965887496 3788 -1
1545246965889348 4072 -1
1545246965896052 4072 -1
1545246965896970 2218 -1
0 0 0
1545246961967743 52 -1
1545246964033622 302 1
1545246964055043 9 -1
1545246964060653 13 -1
1545246964182563 1500 -1
1545246964196454 1701 -1
1545246964196468 2532 -1
1545246964596471 155 1
1545246964599062 13 -1
1545246964657014 1500 -1
1545246964660480 1500 -1
1545246964666416 8000 -1
1545246964670296 5543 -1
1545246964670313 1453 -1
1545246964671969 1500 -1
1545246964675239 3791 -1
1545246964676896 4072 -1
1545246964681688 4072 -1
1545246964681697 212 -1
1545246965081699 154 1
1545246965095363 13 -1
1545246965333124 1500 -1
1545246965333131 1500 -1
1545246965336731 8000 -1
1545246965342978 5547 -1
1545246965342985 1453 -1
1545246965342988 1500 -1
1545246965342991 226 -1
1545246965743028 153 1
1545246965745676 13 -1
1545246965894120 1500 -1
1545246965895753 1500 -1
1545246965896497 3974 -1
1545246965899964 4072 -1
1545246965900067 4072 -1
1545246965900074 1500 -1
1545246965900079 511 -1
1545246965900082 9 -1
1545246966300085 155 1
1545246966303148 13 -1
1545246966464854 1500 -1
1545246966464866 1500 -1
1545246966466928 8000 -1
1545246966467260 5547 -1
1545246966467338 1453 -1
1545246966467344 1500 -1
1545246966468867 8000 -1
1545246966469662 6893 -1
1545246966469667 320 -1
1545246966469669 9 -1
1545246966869671 154 1
1545246966872385 13 -1
1545246967023350 1500 -1
1545246967023736 1500 -1
1545246967024618 8000 -1
1545246967024796 5549 -1
1545246967024802 1453 -1
1545246967025754 1342 -1
1545246967425759 154 1
1545246967428473 13 -1
1545246967621296 1500 -1
1545246967622040 1500 -1
1545246967622918 3971 -1
1545246967623577 4072 -1
1545246967624869 4072 -1
1545246967624881 1500 -1
1545246967624885 715 -1
1545246967624888 9 -1
1545246968024889 153 1
1545246968027501 13 -1
1545246968209770 1500 -1
1545246968209777 1500 -1
1545246968211283 3997 -1
1545246968211500 4072 -1
1545246968211684 4072 -1
1545246968211691 1116 -1
1545246968611697 153 1
1545246968614798 13 -1
1545246968780367 1500 -1
1545246968783890 1500 -1
1545246968784261 8000 -1
1545246968784843 5525 -1
1545246968784850 1453 -1
1545246968784852 773 -1
1545246969184857 155 1
1545246969187508 13 -1
1545246969348045 1500 -1
1545246969348052 1500 -1
1545246969349034 8000 -1
1545246969351009 5548 -1
1545246969351706 1453 -1
1545246969351712 1500 -1
1545246969352147 3254 -1
1545246969752154 154 1
1545246969754867 13 -1
1545246969908596 1500 -1
1545246969908602 1500 -1
1545246969909510 8000 -1
1545246969909943 5524 -1
1545246969910387 1453 -1
1545246969910395 1500 -1
1545246969911623 2466 -1
1545246970311636 155 1
1545246970318766 13 -1
1545246970503248 1500 -1
1545246970503255 1500 -1
1545246970505166 8000 -1
1545246970506104 5548 -1
1545246970506914 1453 -1
1545246970506919 1500 -1
1545246970506922 2093 -1
1545246970906926 155 1
1545246970909469 13 -1
1545246970986615 1500 -1
1545246970987599 1500 -1
1545246970988652 8000 -1
1545246970989616 5524 -1
1545246970989622 1453 -1
1545246970990157 1500 -1
1545246970990162 3477 -1
1545246971390166 9 1
1545246971390174 157 1
1545246971393013 13 -1
1545246971554821 1500 -1
1545246971557311 1500 -1
1545246971557739 3997 -1
1545246971558760 4072 -1
1545246971558774 3357 -1
1545246971958779 154 1
1545246971962325 13 -1
1545246972153507 1500 -1
1545246972153518 1500 -1
1545246972154755 8000 -1
1545246972155927 5547 -1
1545246972155935 1453 -1
1545246972155938 1500 -1
1545246972156461 2170 -1
1545246972556467 154 1
1545246972559366 13 -1
1545246972747464 1500 -1
1545246972748778 1500 -1
1545246972750559 8000 -1
1545246972751277 5525 -1
1545246972751283 1453 -1
1545246972752260 1045 -1
1545246973152283 154 1
1545246973155393 13 -1
1545246973343498 1500 -1
1545246973343506 1500 -1
1545246973344274 8000 -1
1545246973345153 5546 -1
1545246973346728 1453 -1
1545246973346737 1500 -1
1545246973346739 1966 -1
1545246973746744 154 1
1545246973749733 13 -1
1545246973948546 1500 -1
1545246973949463 1500 -1
1545246973950541 8000 -1
1545246973951347 5525 -1
1545246973951353 1453 -1
1545246973951691 1500 -1
1545246973951698 2268 -1
1545246974351700 155 1
1545246974354936 13 -1
1545246974515934 1500 -1
1545246974515941 1500 -1
1545246974516366 3998 -1
1545246974517040 4072 -1
1545246974517050 869 -1
1545246974917053 154 1
1545246974920128 13 -1
1545246975124448 1500 -1
1545246975125275 1500 -1
1545246975125842 8000 -1
1545246975126646 5549 -1
1545246975126653 1453 -1
1545246975128297 1468 -1
1545246979185212 17 1
0 0 0
1545246962151827 52 -1
1545246964138811 301 1
1545246964149810 9 -1
1545246964149818 13 -1
1545246964300889 1500 -1
1545246964313080 1500 -1
1545246964314335 8000 -1
1545246964314717 5682 -1
1545246964314724 1453 -1
1545246964315977 1500 -1
1545246964329802 3785 -1
1545246964329810 1515 -1
0 0 0
1545246962173580 52 -1
1545246963972545 303 1
1545246963992550 9 -1
1545246964010723 13 -1
1545246964179953 1500 -1
1545246964179968 534 -1
1545246964179972 1500 -1
1545246964191276 8000 -1
1545246964208630 6601 -1
1545246964208644 392 -1
1545246964208649 9 -1
