### "'16034 18616 22227 14001 10899 29348 25671 17775 24586 22113 29592 32307 16933 23103 17825 24615 28890 34946 20505 28198 19566 23541 16803 24359 20766'"
0 0 0
1545253384996575 52 -1
1545253387014774 299 1
1545253387027978 9 -1
1545253387028054 13 -1
1545253387202871 1500 -1
1545253387202880 1500 -1
1545253387206006 1500 -1
1545253387206018 2642 -1
1545253387207452 4072 -1
1545253387209122 3086 -1
0 0 0
1545253385018156 52 -1
1545253387003808 298 1
1545253387017514 9 -1
1545253387031114 13 -1
1545253387119240 1500 -1
1545253387127429 8000 -1
1545253387143507 7184 -1
1545253387143520 354 -1
1545253387143524 1500 -1
1545253387143528 396 -1
0 0 0
1545253385022473 52 -1
1545253387012793 297 1
1545253387032039 9 -1
1545253387032047 13 -1
1545253387131943 1500 -1
1545253387138301 8000 -1
1545253387138429 7183 -1
1545253387138437 358 -1
1545253387138441 1500 -1
1545253387138447 1500 -1
1545253387138501 2503 -1
0 0 0
1545253385039393 52 -1
1545253386767389 299 1
1545253386786035 9 -1
1545253386786044 13 -1
1545253386927266 1500 -1
1545253386927274 1686 -1
1545253386933199 4072 -1
1545253386936613 4072 -1
1545253386949042 4072 -1
1545253386955284 931 -1
0 0 0
1545253384767482 52 -1
1545253386782486 296 1
1545253386797828 9 -1
1545253386797834 13 -1
1545253386797836 1500 -1
1545253386808238 7567 -1
1545253387208248 167 1
1545253387216932 13 -1
1545253387310990 1500 -1
1545253387311000 1592 -1
1545253387318442 4072 -1
1545253387323717 3959 -1
1545253387723733 166 1
1545253387727813 13 -1
1545253387844119 1500 -1
1545253387844131 1514 -1
1545253387850314 3610 -1
1545253388250326 166 1
1545253388254642 13 -1
1545253388350143 1500 -1
1545253388354773 1535 -1
1545253388355815 4072 -1
1545253388355830 1046 -1
1545253388755834 167 1
1545253388758404 13 -1
1545253388857386 1500 -1
1545253388857395 1512 -1
1545253388858316 3374 -1
1545253389258324 167 1
1545253389261459 13 -1
1545253389359043 1500 -1
1545253389360160 1534 -1
1545253389360529 4072 -1
1545253389360538 2034 -1
1545253389760545 167 1
1545253389764498 13 -1
1545253389796101 1500 -1
1545253389796111 1509 -1
1545253389797165 4072 -1
1545253389797180 62 -1
1545253390197178 167 1
1545253390199813 13 -1
1545253390597189 166 1
1545253390599907 13 -1
1545253390676664 1500 -1
1545253390676673 1500 -1
1545253390677464 3977 -1
1545253390678501 3010 -1
1545253390788879 1500 -1
1545253390789960 1500 -1
1545253390791123 3954 -1
1545253390791133 639 -1
1545253391191137 152 1
1545253391194610 13 -1
1545253391325866 1500 -1
1545253391326463 1500 -1
1545253391327391 8000 -1
1545253391328033 5548 -1
1545253391328046 1453 -1
1545253391328199 1500 -1
1545253391328525 3793 -1
1545253391328536 2559 -1
1545253391728539 154 1
1545253391731223 13 -1
1545253391812447 1500 -1
1545253391813019 1500 -1
1545253391814151 3974 -1
1545253391815073 4072 -1
1545253391815869 4072 -1
1545253391815879 1500 -1
1545253391815883 1305 -1
1545253391815885 9 -1
1545253392215888 154 1
1545253392218705 13 -1
1545253392355579 1500 -1
1545253392356186 1500 -1
1545253392357636 8000 -1
1545253392358677 5548 -1
1545253392358685 1453 -1
1545253392359773 1500 -1
1545253392360673 3791 -1
1545253392360680 1476 -1
1545253392760683 166 1
1545253392763212 13 -1
1545253392795073 1500 -1
1545253392796658 8000 -1
1545253392798697 7014 -1
1545253392798706 377 -1
1545253392798709 1500 -1
1545253392799909 1500 -1
1545253392799917 2370 -1
1545253393199922 155 1
1545253393202800 13 -1
1545253393599931 153 1
1545253393604531 13 -1
1545253393636298 1500 -1
1545253393636745 8000 -1
1545253393637544 7050 -1
1545253393637554 354 -1
1545253393637558 1500 -1
1545253393637563 1500 -1
1545253393637856 3508 -1
1545253393638102 4072 -1
1545253393638267 2292 -1
1545253393662837 385 -1
1545253393664621 1500 -1
1545253393664633 9 -1
1545253393801444 1500 -1
1545253393801895 8000 -1
1545253393802239 6591 -1
1545253393802245 1500 -1
1545253393802650 1724 -1
1545253393802656 1500 -1
1545253393802775 2581 -1
1545253393802963 4072 -1
1545253393802969 3120 -1
1545253394202977 167 1
1545253394205704 13 -1
1545253394377254 1500 -1
1545253394379588 1500 -1
1545253394380286 3991 -1
1545253394380484 4072 -1
1545253394381490 4072 -1
1545253394381502 1500 -1
1545253394381507 470 -1
1545253394381512 9 -1
1545253394781512 152 1
1545253394785249 13 -1
1545253395104600 1500 -1
1545253395104609 412 -1
1545253395198278 1500 -1
1545253395201990 8000 -1
1545253395206017 6586 -1
1545253395207629 1221 -1
1545253395207640 1500 -1
1545253395208089 2572 -1
1545253395608096 164 1
1545253395610803 13 -1
1545253395741237 1500 -1
1545253395742698 1500 -1
1545253395743402 3968 -1
1545253395743927 4072 -1
1545253395746934 4072 -1
1545253395746944 1500 -1
1545253395746948 1361 -1
1545253395746953 9 -1
1545253396146955 9 1
1545253396146969 169 1
1545253396149663 13 -1
1545253396343582 1500 -1
1545253396343590 1500 -1
1545253396344424 8000 -1
1545253396345263 5548 -1
1545253396346903 1453 -1
1545253396346915 1500 -1
1545253396348326 3775 -1
1545253396348335 1521 -1
1545253396748340 163 1
1545253396751771 13 -1
1545253396906300 1500 -1
1545253396907798 1500 -1
1545253396908156 8000 -1
1545253396908372 5526 -1
1545253396908388 1453 -1
1545253396909574 1500 -1
1545253396910039 3777 -1
1545253396910757 4072 -1
1545253396910764 1722 -1
1545253397310767 154 1
1545253397313526 13 -1
1545253397374731 1500 -1
1545253397375710 1500 -1
1545253397376472 8000 -1
1545253397377669 5547 -1
1545253397377677 1453 -1
1545253397378810 1500 -1
1545253397379912 8000 -1
1545253397380663 6893 -1
1545253397380670 743 -1
1545253397380674 9 -1
1545253397780675 153 1
1545253397783494 13 -1
1545253397909792 1500 -1
1545253397909799 1500 -1
1545253397911011 8000 -1
1545253397911746 5524 -1
1545253397912928 1453 -1
1545253397912935 1500 -1
1545253397912938 1186 -1
1545253398312941 166 1
1545253398316284 13 -1
1545253398663880 1500 -1
1545253398663889 397 -1
1545253398761649 1500 -1
1545253398763612 8000 -1
1545253398766312 6604 -1
1545253398766321 1500 -1
1545253398767426 1467 -1
1545253398767435 1500 -1
1545253398768363 2581 -1
1545253398769038 3340 -1
1545253399169046 153 1
1545253399171744 13 -1
1545253399333412 1500 -1
1545253399334044 1500 -1
1545253399334803 8000 -1
1545253399335875 5547 -1
1545253399335883 1457 -1
1545253399337436 1500 -1
1545253399337451 243 -1
1545253399737475 154 1
1545253399740820 13 -1
1545253399894533 1500 -1
1545253399895405 1500 -1
1545253399896245 8000 -1
1545253399896813 5526 -1
1545253399896821 1453 -1
1545253399897480 1500 -1
1545253399898028 3793 -1
1545253399898034 429 -1
1545253400298039 154 1
1545253400301702 13 -1
1545253400475135 414 -1
1545253400476452 1500 -1
1545253400476461 1500 -1
1545253400477339 2328 -1
1545253400477996 4072 -1
1545253400479191 4072 -1
1545253400480466 2921 -1
1545253400480472 181 -1
1545253400480475 9 -1
1545253400880476 166 1
1545253400883117 13 -1
1545253401033973 1500 -1
1545253401033981 1500 -1
1545253401034927 8000 -1
1545253401036839 5553 -1
1545253401037718 1453 -1
1545253401037726 1500 -1
1545253401038530 3776 -1
1545253401038538 1264 -1
1545253401438542 154 1
1545253401441583 13 -1
1545253401695718 1500 -1
1545253401697543 1500 -1
1545253401698963 8000 -1
1545253401699815 5529 -1
1545253401699824 1453 -1
1545253401701006 1500 -1
1545253401701016 1447 -1
1545253405761972 17 1
0 0 0
1545253385034738 52 -1
1545253388612751 299 1
1545253388620439 9 -1
1545253388620446 13 -1
1545253388649142 1500 -1
1545253388654207 8000 -1
1545253388669976 7183 -1
1545253388669988 351 -1
1545253388669993 1500 -1
1545253388669998 1500 -1
1545253388686058 3508 -1
1545253388691518 4072 -1
1545253388692134 2051 -1
