### "'29559 17208 24304 25661 28231 16423 17061 45704 13348 12531 16261 14329 12302 23272 16100 22610 22109 13202 16326 19014 23361 28653 15293 10563'"
0 0 0
1545253662121634 52 -1
1545253663896910 296 1
1545253663930671 9 -1
1545253663930679 13 -1
1545253664056021 1500 -1
1545253664056033 1500 -1
1545253664082115 8000 -1
1545253664082238 5683 -1
1545253664082244 1453 -1
1545253664082248 1500 -1
1545253664082298 3789 -1
1545253664082343 4072 -1
1545253664082385 2379 -1
0 0 0
1545253662072807 52 -1
1545253664095561 295 1
1545253664106137 9 -1
1545253664106143 13 -1
1545253664277860 1500 -1
1545253664277872 1500 -1
1545253664295502 8000 -1
1545253664302748 5683 -1
1545253664302760 1453 -1
1545253664302764 1500 -1
1545253664306798 3783 -1
1545253664315687 2559 -1
0 0 0
1545253661873503 52 -1
1545253663881531 293 1
1545253663904624 9 -1
1545253663904635 13 -1
1545253663997462 1500 -1
1545253664000039 1691 -1
1545253664005692 3686 -1
1545253664405704 154 1
1545253664411023 13 -1
1545253664633329 1500 -1
1545253664634011 1500 -1
1545253664637146 8000 -1
1545253664637953 5548 -1
1545253664637961 1453 -1
1545253664640639 1500 -1
1545253664642580 3778 -1
1545253664644873 4072 -1
1545253664644883 1062 -1
1545253665046034 153 1
1545253665048962 13 -1
1545253665213919 1500 -1
1545253665213928 1500 -1
1545253665217488 3997 -1
1545253665218963 4072 -1
1545253665223527 4072 -1
1545253665223536 1455 -1
1545253665223539 9 -1
1545253665628586 154 1
1545253665631303 13 -1
1545253665791352 1500 -1
1545253665791360 1500 -1
1545253665792283 3977 -1
1545253665793977 4072 -1
1545253665795502 4072 -1
1545253665796057 1500 -1
1545253665796065 593 -1
1545253665796069 9 -1
1545253666196070 155 1
1545253666199187 13 -1
1545253666291948 1500 -1
1545253666292771 1500 -1
1545253666293267 3997 -1
1545253666293909 4072 -1
1545253666293917 2443 -1
1545253666693922 153 1
1545253666696669 13 -1
1545253666858064 1500 -1
1545253666858073 380 -1
1545253666859397 1500 -1
1545253666859408 2450 -1
1545253666860307 4072 -1
1545253666860957 2778 -1
1545253667260965 154 1
1545253667264005 13 -1
1545253667434880 1500 -1
1545253667434888 1500 -1
1545253667435480 3995 -1
1545253667435811 4072 -1
1545253667436509 4072 -1
1545253667436520 1285 -1
1545253667836527 154 1
1545253667839207 13 -1
1545253668029497 1500 -1
1545253668030022 1500 -1
1545253668030691 4000 -1
1545253668030910 4072 -1
1545253668030919 3422 -1
1545253668430927 154 1
1545253668433581 13 -1
1545253668625454 1500 -1
1545253668626295 1500 -1
1545253668626954 3957 -1
1545253668627531 4072 -1
1545253668627540 1419 -1
1545253669027543 164 1
1545253669030589 13 -1
1545253669205712 1500 -1
1545253669205731 1500 -1
1545253669207927 8000 -1
1545253669209101 5548 -1
1545253669209777 1453 -1
1545253669209786 1500 -1
1545253669210419 3767 -1
1545253669210429 186 -1
1545253669610432 154 1
1545253669613161 13 -1
1545253669665341 1500 -1
1545253669666727 1500 -1
1545253669667688 3982 -1
1545253669669448 4072 -1
1545253669670392 4072 -1
1545253669670400 1112 -1
1545253670070403 154 1
1545253670073541 13 -1
1545253670268532 1500 -1
1545253670268540 400 -1
1545253670269385 1500 -1
1545253670269746 8000 -1
1545253670270120 6601 -1
1545253670271045 1500 -1
1545253670271053 1714 -1
1545253670271477 1577 -1
1545253670671485 153 1
1545253670674205 13 -1
1545253670839662 1500 -1
1545253670840206 1500 -1
1545253670842694 8000 -1
1545253670843567 5527 -1
1545253670843580 1453 -1
1545253670844432 1500 -1
1545253670844438 2790 -1
1545253671244442 9 1
1545253671244452 157 1
1545253671247382 13 -1
1545253671437360 1500 -1
1545253671437999 1500 -1
1545253671438821 3997 -1
1545253671439806 4072 -1
1545253671439816 2296 -1
1545253671839820 163 1
1545253671842604 13 -1
1545253672105047 1500 -1
1545253672105056 1500 -1
1545253672105332 3962 -1
1545253672105626 4072 -1
1545253672105978 4072 -1
1545253672105988 1386 -1
1545253672505994 153 1
1545253672508994 13 -1
1545253672674604 1500 -1
1545253672675840 1500 -1
1545253672677012 8000 -1
1545253672677647 5526 -1
1545253672677653 1457 -1
1545253672680313 1191 -1
1545253673080325 154 1
1545253673083615 13 -1
1545253673259021 1500 -1
1545253673259030 1500 -1
1545253673260002 8000 -1
1545253673261557 5548 -1
1545253673261564 1453 -1
1545253673261567 1500 -1
1545253673262267 3781 -1
1545253673262275 261 -1
1545253673662280 154 1
1545253673664778 13 -1
1545253673839216 1500 -1
1545253673839481 1500 -1
1545253673840873 8000 -1
1545253673841841 5526 -1
1545253673841849 1453 -1
1545253673842412 1500 -1
1545253673842787 3778 -1
1545253673843839 4072 -1
1545253673843846 1484 -1
1545253674243851 154 1
1545253674247197 13 -1
1545253674446312 1500 -1
1545253674446319 1500 -1
1545253674448172 3999 -1
1545253674448775 4072 -1
1545253674450251 4072 -1
1545253674450258 315 -1
1545253674850299 154 1
1545253674853051 13 -1
1545253675038550 1500 -1
1545253675038559 1500 -1
1545253675039463 3995 -1
1545253675040794 3730 -1
1545253679089355 17 1
0 0 0
1545253662086595 52 -1
1545253665703173 295 1
1545253665711916 9 -1
1545253665711923 13 -1
1545253665910169 1500 -1
1545253665910177 1500 -1
1545253665921600 8000 -1
1545253665945528 5682 -1
1545253665945535 1453 -1
1545253665945539 1500 -1
1545253665968266 8000 -1
1545253665971399 6893 -1
1545253665971408 1093 -1
1545253665971487 1500 -1
1545253665971493 2581 -1
1545253665971543 4072 -1
1545253665977481 2264 -1
0 0 0
1545253662056010 52 -1
1545253664072292 296 1
1545253664081146 9 -1
1545253664088575 13 -1
1545253664189920 1500 -1
1545253664189932 1500 -1
1545253664200722 1500 -1
1545253664200732 2630 -1
1545253664205441 4072 -1
1545253664222818 4072 -1
1545253664243230 1500 -1
1545253664243240 741 -1
1545253664243243 9 -1
0 0 0
1545253662056219 52 -1
1545253664048392 296 1
1545253664057176 9 -1
1545253664078900 13 -1
1545253664215995 1500 -1
1545253664228121 1500 -1
1545253664249048 8000 -1
1545253664257835 5683 -1
1545253664257866 1453 -1
1545253664264742 1500 -1
1545253664266340 3782 -1
1545253664266347 1203 -1
