### "'15565 15472 13684 14820 15788 18471 16917 9965 17643 17747 16113 14220 13897 12822 12110 11563 13023 14190 14302 14624 19181 11876 14564 20325'"
0 0 0
1545261806344799 52 -1
1545261808369038 297 1
1545261808372714 9 -1
1545261808384760 13 -1
1545261808384771 1500 -1
1545261808385546 5166 -1
1545261808785843 154 1
1545261808788625 13 -1
1545261808925775 546 -1
1545261808927490 1500 -1
1545261808927500 1500 -1
1545261808928260 3626 -1
1545261808929637 4072 -1
1545261808931910 4072 -1
1545261808931924 682 -1
1545261809331935 155 1
1545261809338159 13 -1
1545261809429370 1500 -1
1545261809433469 8000 -1
1545261809438249 7047 -1
1545261809438259 354 -1
1545261809438262 1500 -1
1545261809438264 251 -1
1545261809839187 154 1
1545261809842058 13 -1
1545261810016471 1500 -1
1545261810020022 1500 -1
1545261810025147 3999 -1
1545261810027698 4072 -1
1545261810027850 4072 -1
1545261810027857 1500 -1
1545261810027912 448 -1
1545261810027917 9 -1
1545261810427917 153 1
1545261810430851 13 -1
1545261810462792 1500 -1
1545261810464319 8000 -1
1545261810464463 7022 -1
1545261810464470 355 -1
1545261810464474 922 -1
1545261810864481 154 1
1545261810867035 13 -1
1545261811007010 1500 -1
1545261811007018 1500 -1
1545261811008037 3998 -1
1545261811008599 4072 -1
1545261811008837 4072 -1
1545261811008846 1500 -1
1545261811009518 1278 -1
1545261811009530 9 -1
1545261811409529 153 1
1545261811412327 13 -1
1545261811472502 1500 -1
1545261811473364 1500 -1
1545261811473467 3984 -1
1545261811473527 4072 -1
1545261811473727 4072 -1
1545261811473736 1125 -1
1545261811873742 164 1
1545261811876348 13 -1
1545261812050752 1500 -1
1545261812051593 1500 -1
1545261812052613 3991 -1
1545261812053371 4072 -1
1545261812053381 3319 -1
1545261812453528 154 1
1545261812456224 13 -1
1545261812605587 1500 -1
1545261812606727 1500 -1
1545261812606847 3975 -1
1545261812606958 4072 -1
1545261812606963 2991 -1
1545261813007023 163 1
1545261813009577 13 -1
1545261813161889 1500 -1
1545261813161896 1500 -1
1545261813162614 3987 -1
1545261813163058 4072 -1
1545261813163064 1928 -1
1545261813563069 153 1
1545261813565998 13 -1
1545261813733569 1500 -1
1545261813734430 1500 -1
1545261813734513 3985 -1
1545261813734582 4072 -1
1545261813734587 1194 -1
1545261814134593 155 1
1545261814137267 13 -1
1545261814279465 1500 -1
1545261814279473 1500 -1
1545261814280415 3996 -1
1545261814281548 4072 -1
1545261814281561 659 -1
1545261814681568 154 1
1545261814684136 13 -1
1545261814778035 1500 -1
1545261814778046 1530 -1
1545261814779132 4072 -1
1545261814780584 4072 -1
1545261814780601 1989 -1
1545261815180606 9 1
1545261815180616 157 1
1545261815183436 13 -1
1545261815276960 1500 -1
1545261815276966 1553 -1
1545261815277870 4072 -1
1545261815278498 4072 -1
1545261815278910 3155 -1
1545261815678920 153 1
1545261815681433 13 -1
1545261815836706 1500 -1
1545261815836714 1500 -1
1545261815837742 3976 -1
1545261815838325 4072 -1
1545261815839314 3396 -1
1545261816239335 155 1
1545261816242036 13 -1
1545261816415235 1500 -1
1545261816415245 1500 -1
1545261816416326 3995 -1
1545261816417060 4072 -1
1545261816418241 3720 -1
1545261816818591 155 1
1545261816821090 13 -1
1545261816961153 1500 -1
1545261816962271 8000 -1
1545261816963560 7026 -1
1545261816963568 354 -1
1545261816963571 1500 -1
1545261816964765 961 -1
1545261817364771 164 1
1545261817367567 13 -1
1545261817497391 1500 -1
1545261817497398 1500 -1
1545261817498725 3996 -1
1545261817499541 4072 -1
1545261817499550 971 -1
1545261817899555 153 1
1545261817902347 13 -1
1545261818018825 1500 -1
1545261818019132 1554 -1
1545261818019495 4072 -1
1545261818020448 4072 -1
1545261818020459 3529 -1
1545261818420463 163 1
1545261818423657 13 -1
1545261818575104 1500 -1
1545261818575112 1500 -1
1545261818575975 8000 -1
1545261818576223 5524 -1
1545261818576231 1453 -1
1545261818576235 1500 -1
1545261818576498 1006 -1
1545261822633442 17 1
0 0 0
1545261806521615 52 -1
1545261808528851 299 1
1545261808550785 9 -1
1545261808550795 13 -1
1545261808682756 1500 -1
1545261808682778 1691 -1
1545261808689835 4072 -1
1545261808690049 4072 -1
1545261808690113 2650 -1
0 0 0
1545261806541719 52 -1
1545261810151481 299 1
1545261810154359 9 -1
1545261810160672 13 -1
1545261810285344 1500 -1
1545261810293816 1500 -1
1545261810293828 1500 -1
1545261810303159 2642 -1
1545261810303177 3119 -1
0 0 0
1545261806518993 52 -1
1545261808522361 299 1
1545261808543408 9 -1
1545261808543418 13 -1
1545261808699243 1500 -1
1545261808699251 1500 -1
1545261808705764 1500 -1
1545261808705773 2645 -1
1545261808710325 4072 -1
1545261808710957 3901 -1
0 0 0
1545261806567180 52 -1
1545261808345584 300 1
1545261808367729 9 -1
1545261808367741 13 -1
1545261808419354 1500 -1
1545261808419367 1500 -1
1545261808430123 1500 -1
1545261808430131 2643 -1
1545261808439977 4072 -1
1545261808445512 4072 -1
1545261808445524 577 -1
0 0 0
1545261806500898 52 -1
1545261808501665 299 1
1545261808513599 9 -1
1545261808513608 13 -1
1545261808652297 1500 -1
1545261808652309 539 -1
1545261808658332 1500 -1
1545261808666231 3604 -1
1545261808679241 4072 -1
1545261808685027 4072 -1
1545261808685040 493 -1
