### "'38917 18722 17825 19504 24276 34580 35554 23927 34058 19408 15080 11010 23989 12394 24980 22914 22695 21488 25948 23559 22812 24210 20839 23264'"
0 0 0
1545262171751306 52 -1
1545262173753824 311 1
1545262173785398 9 -1
1545262173785407 13 -1
1545262173788227 1500 -1
1545262173790701 8000 -1
1545262173793492 7182 -1
1545262173793502 336 -1
1545262173793506 1500 -1
1545262173793510 520 -1
0 0 0
1545262171803614 52 -1
1545262175319118 307 1
1545262175321814 9 -1
1545262175335710 13 -1
1545262175474290 1500 -1
1545262175476165 8000 -1
1545262175476817 7181 -1
1545262175476823 339 -1
1545262175476826 1500 -1
1545262175479765 1500 -1
1545262175495362 3508 -1
1545262175495371 1063 -1
0 0 0
1545262171810009 52 -1
1545262173551174 307 1
1545262173571696 9 -1
1545262173571702 13 -1
1545262173571704 1500 -1
1545262173589191 8000 -1
1545262173608726 7072 -1
1545262173608738 1500 -1
1545262173637094 8000 -1
1545262173652703 6893 -1
1545262173652717 1500 -1
1545262173655701 4658 -1
0 0 0
1545262171728368 52 -1
1545262173748547 311 1
1545262173786336 9 -1
1545262173786340 13 -1
1545262173788583 1500 -1
1545262173792497 8000 -1
1545262173795491 7071 -1
1545262173795500 1450 -1
0 0 0
1545262171528004 52 -1
1545262173586780 295 1
1545262173617413 9 -1
1545262173617421 13 -1
1545262173617425 1500 -1
1545262173619343 3911 -1
1545262174019842 167 1
1545262174024796 13 -1
1545262174024803 1500 -1
1545262174027477 5816 -1
1545262174429086 167 1
1545262174440251 13 -1
1545262174443331 1500 -1
1545262174444671 5060 -1
1545262174844715 167 1
1545262174850023 13 -1
1545262174850029 1500 -1
1545262174851117 5533 -1
1545262175251126 166 1
1545262175256198 13 -1
1545262175256206 1500 -1
1545262175260772 6721 -1
1545262175660784 164 1
1545262175664789 13 -1
1545262175665234 1500 -1
1545262175666510 8000 -1
1545262175667606 6951 -1
1545262175667612 1500 -1
1545262175668894 8000 -1
1545262175670180 6893 -1
1545262175670191 1500 -1
1545262175670196 321 -1
1545262176070202 166 1
1545262176073198 13 -1
1545262176105956 1500 -1
1545262176107040 8000 -1
1545262176108358 7083 -1
1545262176108367 338 -1
1545262176108370 1500 -1
1545262176108506 8000 -1
1545262176109439 6893 -1
1545262176109451 1500 -1
1545262176109454 818 -1
1545262176109457 157 -1
1545262176509465 155 1
1545262176512570 13 -1
1545262176909476 166 1
1545262176912265 13 -1
1545262176958547 1500 -1
1545262176958555 387 -1
1545262177031965 1500 -1
1545262177032634 8000 -1
1545262177034116 7049 -1
1545262177034124 337 -1
1545262177034128 1500 -1
1545262177034887 8000 -1
1545262177036792 6893 -1
1545262177036809 971 -1
1545262177036815 9 -1
1545262177093298 1500 -1
1545262177094009 8000 -1
1545262177096330 6594 -1
1545262177096340 1213 -1
1545262177097181 1500 -1
1545262177097191 2581 -1
1545262177099538 823 -1
1545262177499550 164 1
1545262177502438 13 -1
1545262177520995 1500 -1
1545262177522100 8000 -1
1545262177522386 7026 -1
1545262177522395 339 -1
1545262177522398 1500 -1
1545262177522454 1203 -1
1545262177922459 164 1
1545262177925419 13 -1
1545262178114362 1500 -1
1545262178114369 1500 -1
1545262178115043 3990 -1
1545262178115636 4072 -1
1545262178116218 4072 -1
1545262178116225 107 -1
1545262178516224 166 1
1545262178518986 13 -1
1545262178623093 1500 -1
1545262178623565 1515 -1
1545262178623918 4072 -1
1545262178626207 4065 -1
1545262179026219 166 1
1545262179028854 13 -1
1545262179185220 1500 -1
1545262179186191 8000 -1
1545262179187486 7049 -1
1545262179187496 336 -1
1545262179187743 1500 -1
1545262179187750 1500 -1
1545262179189810 3508 -1
1545262179189824 779 -1
1545262179589832 153 1
1545262179592320 13 -1
1545262179709004 1500 -1
1545262179709030 1529 -1
1545262179709507 4072 -1
1545262179711147 4072 -1
1545262179711648 1362 -1
1545262180111656 166 1
1545262180114475 13 -1
1545262180233945 1500 -1
1545262180234814 8000 -1
1545262180237569 7038 -1
1545262180237578 374 -1
1545262180237581 1500 -1
1545262180238407 1500 -1
1545262180239199 3508 -1
1545262180239206 1732 -1
1545262180639210 9 1
1545262180639223 166 1
1545262180641831 13 -1
1545262180643299 1500 -1
1545262180644159 8000 -1
1545262180644282 6952 -1
1545262180644288 1500 -1
1545262180644925 5039 -1
1545262181044934 166 1
1545262181047944 13 -1
1545262181049242 1500 -1
1545262181051085 8000 -1
1545262181051972 6973 -1
1545262181056516 1500 -1
1545262181057331 4820 -1
1545262181457342 166 1
1545262181460348 13 -1
1545262181462290 1500 -1
1545262181463364 8000 -1
1545262181463738 6952 -1
1545262181465206 1500 -1
1545262181465215 3613 -1
1545262181865222 164 1
1545262181867986 13 -1
1545262181870705 1500 -1
1545262181871674 8000 -1
1545262181872058 6950 -1
1545262181872075 1500 -1
1545262181872716 8000 -1
1545262181872727 73 -1
1545262182272724 167 1
1545262182276166 13 -1
1545262182277016 1500 -1
1545262182277843 8000 -1
1545262182279252 6973 -1
1545262182279259 1500 -1
1545262182279564 5684 -1
1545262182679572 166 1
1545262182682345 13 -1
1545262182683108 1500 -1
1545262182683984 8000 -1
1545262182686972 6951 -1
1545262182687541 1500 -1
1545262182688801 4937 -1
1545262183088811 164 1
1545262183091896 13 -1
1545262183093998 1500 -1
1545262183094476 8000 -1
1545262183095777 6973 -1
1545262183096262 1500 -1
1545262183096733 6335 -1
1545262183496738 167 1
1545262183499762 13 -1
1545262183502087 1500 -1
1545262183502433 8000 -1
1545262183503424 6951 -1
1545262183503435 1500 -1
1545262183504064 2964 -1
1545262183904083 167 1
1545262183907064 13 -1
1545262183940426 1500 -1
1545262183941194 8000 -1
1545262183942924 7013 -1
1545262183942934 375 -1
1545262183942937 1500 -1
1545262183942941 1500 -1
1545262183943919 3508 -1
1545262183943928 15 -1
1545262187994179 17 1
1545262187997277 17 -1
0 0 0
1545262171766273 52 -1
1545262173787941 311 1
1545262173792754 9 -1
1545262173792761 13 -1
1545262173906733 1500 -1
1545262173909088 8000 -1
1545262173921684 7182 -1
1545262173921693 339 -1
1545262173921697 1500 -1
1545262173921702 1299 -1
