### "'23363 27234 29120 21399 19726 10648 30859 16470 28503 13976 16185 12996 15183 15175 12732 17852 16185 15378 19604 24944 18372 19780 23866 13747'"
0 0 0
1545265214941606 52 -1
1545265216903891 294 1
1545265216937587 9 -1
1545265216937595 13 -1
1545265217026813 1500 -1
1545265217034844 8000 -1
1545265217071825 7182 -1
1545265217071834 353 -1
1545265217071837 1500 -1
1545265217071840 1500 -1
1545265217081162 3508 -1
1545265217090975 4007 -1
0 0 0
1545265214960286 52 -1
1545265216919349 295 1
1545265216935563 9 -1
1545265216951709 13 -1
1545265217070173 1500 -1
1545265217090606 8000 -1
1545265217100688 7184 -1
1545265217100699 353 -1
1545265217100702 1500 -1
1545265217100708 1500 -1
1545265217115425 1680 -1
0 0 0
1545265214964609 52 -1
1545265216912516 296 1
1545265216923683 9 -1
1545265216942758 13 -1
1545265217061299 1500 -1
1545265217086255 8000 -1
1545265217102442 7179 -1
1545265217102452 351 -1
1545265217102456 1500 -1
1545265217102460 1500 -1
1545265217113408 3508 -1
1545265217115279 4072 -1
1545265217117487 1823 -1
0 0 0
1545265214650364 52 -1
1545265216670963 292 1
1545265216676189 9 -1
1545265216676766 13 -1
1545265216676772 1500 -1
1545265216678329 4789 -1
1545265217078557 154 1
1545265217093542 13 -1
1545265217114827 1500 -1
1545265217120415 8000 -1
1545265217126876 7086 -1
1545265217126889 354 -1
1545265217126894 1500 -1
1545265217126898 1500 -1
1545265217126901 6 -1
1545265217526902 153 1
1545265217529482 13 -1
1545265217627898 1500 -1
1545265217627906 1531 -1
1545265217628930 4072 -1
1545265217631348 3686 -1
1545265218033843 166 1
1545265218036812 13 -1
1545265218135426 1500 -1
1545265218137293 8000 -1
1545265218137686 7047 -1
1545265218137696 336 -1
1545265218137702 1500 -1
1545265218137707 1500 -1
1545265218138259 3508 -1
1545265218138731 4072 -1
1545265218141818 3577 -1
1545265218541828 164 1
1545265218553884 13 -1
1545265218578184 1500 -1
1545265218578193 1542 -1
1545265218579587 4072 -1
1545265218583240 4072 -1
1545265218604051 4072 -1
1545265218604061 1348 -1
1545265218604066 9 -1
1545265219004071 164 1
1545265219006533 13 -1
1545265219100508 1500 -1
1545265219101290 1539 -1
1545265219102597 4072 -1
1545265219106203 4072 -1
1545265219106213 2957 -1
1545265219506215 163 1
1545265219509465 13 -1
1545265219649501 1500 -1
1545265219650091 1518 -1
1545265219651552 4072 -1
1545265219652053 4072 -1
1545265219652816 4072 -1
1545265219652822 1093 -1
1545265220052826 164 1
1545265220055410 13 -1
1545265220194835 1500 -1
1545265220195102 1539 -1
1545265220195459 4072 -1
1545265220196033 4072 -1
1545265220196045 1977 -1
1545265220596051 163 1
1545265220599231 13 -1
1545265220600309 1500 -1
1545265220600887 8000 -1
1545265220601942 5755 -1
1545265221001951 154 1
1545265221004687 13 -1
1545265221168126 1500 -1
1545265221168136 1500 -1
1545265221168508 3995 -1
1545265221169439 4072 -1
1545265221169769 4072 -1
1545265221169777 199 -1
1545265221569782 167 1
1545265221572559 13 -1
1545265221674003 1500 -1
1545265221674012 1541 -1
1545265221674153 4072 -1
1545265221674964 4072 -1
1545265221674974 1676 -1
1545265222074976 166 1
1545265222077534 13 -1
1545265222225824 1500 -1
1545265222225833 1500 -1
1545265222226436 8000 -1
1545265222227172 5548 -1
1545265222228205 1453 -1
1545265222228217 33 -1
1545265222628215 164 1
1545265222631701 13 -1
1545265222769468 1500 -1
1545265222770232 1500 -1
1545265222771241 3969 -1
1545265222772122 4072 -1
1545265222772979 4072 -1
1545265222772987 1212 -1
1545265223172993 9 1
1545265223173007 167 1
1545265223179826 13 -1
1545265223207605 1500 -1
1545265223207615 1538 -1
1545265223208536 4072 -1
1545265223208748 4072 -1
1545265223209997 4072 -1
1545265223210008 286 -1
1545265223610014 154 1
1545265223613076 13 -1
1545265223729930 1500 -1
1545265223730737 8000 -1
1545265223732143 7024 -1
1545265223732153 354 -1
1545265223732156 1500 -1
1545265223732158 1384 -1
1545265224132162 166 1
1545265224134801 13 -1
1545265224228921 1500 -1
1545265224229705 8000 -1
1545265224230331 7047 -1
1545265224230337 336 -1
1545265224230340 1500 -1
1545265224231485 1500 -1
1545265224233657 3508 -1
1545265224233665 1734 -1
1545265224633670 164 1
1545265224636900 13 -1
1545265224740091 1500 -1
1545265224740958 8000 -1
1545265224741230 7023 -1
1545265224741237 336 -1
1545265224741240 1500 -1
1545265224741243 170 -1
1545265225141247 153 1
1545265225143941 13 -1
1545265225349928 1500 -1
1545265225350501 1500 -1
1545265225351246 8000 -1
1545265225352340 5545 -1
1545265225352347 1453 -1
1545265225352914 1500 -1
1545265225352922 461 -1
1545265225752924 166 1
1545265225755775 13 -1
1545265225854920 1500 -1
1545265225855322 8000 -1
1545265225859286 7024 -1
1545265225859294 339 -1
1545265225860359 1500 -1
1545265225860367 1500 -1
1545265225860873 3508 -1
1545265225860879 653 -1
1545265226260884 164 1
1545265226263684 13 -1
1545265226364256 1500 -1
1545265226364266 1537 -1
1545265226364816 4072 -1
1545265226365292 4072 -1
1545265226366521 2729 -1
1545265230424249 17 1
0 0 0
1545265214971927 52 -1
1545265216653715 305 1
1545265216670298 9 -1
1545265216670306 13 -1
1545265216756904 629 -1
1545265216756914 1500 -1
1545265216763478 8000 -1
1545265216779870 6893 -1
1545265216779883 1500 -1
1545265216779890 936 -1
1545265216784614 1500 -1
1545265216784635 2581 -1
1545265216784640 150 -1
0 0 0
1545265214965810 52 -1
1545265218491232 308 1
1545265218502935 9 -1
1545265218502958 13 -1
1545265218870703 628 -1
1545265218982205 1500 -1
1545265218982636 8000 -1
1545265218992895 6893 -1
1545265218992903 1500 -1
1545265218992907 936 -1
1545265218993712 1500 -1
1545265218993720 2581 -1
1545265218997608 4072 -1
1545265218998185 1219 -1
