### "'30642 24146 24379 20675 20288 18500 23263 22469 19257 31425 18434 18274 22630 16014 13790 26726 29897 10626 18754 19398 23940 25225 16681'"
0 0 0
1545266068122984 52 -1
1545266070138994 292 1
1545266070164424 9 -1
1545266070164430 13 -1
1545266070164432 1500 -1
1545266070177162 3978 -1
1545266070577179 164 1
1545266070580503 13 -1
1545266070734795 1500 -1
1545266070737659 1500 -1
1545266070738976 8000 -1
1545266070740493 5566 -1
1545266070740499 1453 -1
1545266070741559 1500 -1
1545266070741567 969 -1
1545266071141569 153 1
1545266071146202 13 -1
1545266071179473 1500 -1
1545266071180087 8000 -1
1545266071181511 7047 -1
1545266071181523 354 -1
1545266071183051 1500 -1
1545266071183059 280 -1
1545266071583063 166 1
1545266071585858 13 -1
1545266071773136 1500 -1
1545266071775405 1500 -1
1545266071775721 8000 -1
1545266071780530 5525 -1
1545266071780538 1453 -1
1545266071784024 1500 -1
1545266071784750 3775 -1
1545266071784761 169 -1
1545266072184765 154 1
1545266072187437 13 -1
1545266072313308 1500 -1
1545266072313796 1500 -1
1545266072314548 8000 -1
1545266072315682 5548 -1
1545266072315692 1453 -1
1545266072316343 1438 -1
1545266072716354 154 1
1545266072719184 13 -1
1545266072874519 1500 -1
1545266072875015 1500 -1
1545266072876029 8000 -1
1545266072877576 5525 -1
1545266072877584 1453 -1
1545266072878122 1500 -1
1545266072878980 3778 -1
1545266072879367 4072 -1
1545266072880413 4072 -1
1545266072880419 184 -1
1545266073280422 154 1
1545266073283445 13 -1
1545266073378201 510 -1
1545266073378588 1500 -1
1545266073380413 8000 -1
1545266073381859 6893 -1
1545266073381866 1500 -1
1545266073381868 215 -1
1545266073781873 154 1
1545266073784713 13 -1
1545266073965188 1500 -1
1545266073965195 1500 -1
1545266073967020 8000 -1
1545266073968414 5525 -1
1545266073969277 1453 -1
1545266073969283 455 -1
1545266074369290 154 1
1545266074372015 13 -1
1545266074466162 1500 -1
1545266074466679 8000 -1
1545266074468547 7049 -1
1545266074468559 352 -1
1545266074468887 1500 -1
1545266074468896 1500 -1
1545266074469039 2912 -1
1545266074869047 154 1
1545266074871799 13 -1
1545266075037818 1500 -1
1545266075037827 1500 -1
1545266075039625 4008 -1
1545266075039898 4072 -1
1545266075040592 4072 -1
1545266075040598 1025 -1
1545266075440609 153 1
1545266075443654 13 -1
1545266075781245 1500 -1
1545266075781252 381 -1
1545266075869418 1500 -1
1545266075869428 3604 -1
1545266075869933 3040 -1
1545266075871457 3914 -1
1545266076271467 155 1
1545266076274979 13 -1
1545266076484475 1500 -1
1545266076484935 1500 -1
1545266076486092 8000 -1
1545266076486430 5550 -1
1545266076486438 1453 -1
1545266076487499 1500 -1
1545266076488221 3778 -1
1545266076488228 3629 -1
1545266076888234 155 1
1545266076891312 13 -1
1545266077025081 1500 -1
1545266077025528 1500 -1
1545266077026440 8000 -1
1545266077027592 5546 -1
1545266077027601 1453 -1
1545266077028118 1500 -1
1545266077028751 3788 -1
1545266077030279 4072 -1
1545266077030286 2718 -1
1545266077430297 9 1
1545266077430326 156 1
1545266077433058 13 -1
1545266077602917 1500 -1
1545266077602925 1500 -1
1545266077604930 3984 -1
1545266077605684 3782 -1
1545266078005697 154 1
1545266078008652 13 -1
1545266078169823 1500 -1
1545266078170855 1500 -1
1545266078172186 8000 -1
1545266078173123 5551 -1
1545266078173130 1453 -1
1545266078173133 935 -1
1545266078573136 154 1
1545266078575876 13 -1
1545266078742148 1500 -1
1545266078742155 1500 -1
1545266078743526 8000 -1
1545266078744587 5525 -1
1545266078744596 1453 -1
1545266078744599 1500 -1
1545266078744601 79 -1
1545266079144600 155 1
1545266079147375 13 -1
1545266079322641 1500 -1
1545266079322661 1500 -1
1545266079322978 8000 -1
1545266079323515 5548 -1
1545266079323528 1453 -1
1545266079323531 1500 -1
1545266079324532 3779 -1
1545266079324544 842 -1
1545266079724547 153 1
1545266079727054 13 -1
1545266079916517 1500 -1
1545266079916535 1500 -1
1545266079917628 8000 -1
1545266079918541 5525 -1
1545266079919613 1453 -1
1545266079919619 1500 -1
1545266079920592 3780 -1
1545266079920598 2126 -1
1545266080320600 155 1
1545266080323282 13 -1
1545266080449795 1500 -1
1545266080449819 1500 -1
1545266080450554 4006 -1
1545266080451142 4072 -1
1545266080452243 4072 -1
1545266080452253 1500 -1
1545266080452256 202 -1
1545266080452258 9 -1
1545266080852258 154 1
1545266080854778 13 -1
1545266081016747 1500 -1
1545266081016756 1500 -1
1545266081017110 2727 -1
1545266085064344 17 1
0 0 0
1545266068395638 52 -1
1545266070417761 296 1
1545266070431351 9 -1
1545266070431358 13 -1
1545266070574074 1500 -1
1545266070574086 1500 -1
1545266070577977 8000 -1
1545266070584499 5683 -1
1545266070584507 1453 -1
1545266070584510 1500 -1
1545266070591646 1356 -1
0 0 0
1545266068388875 52 -1
1545266070367975 294 1
1545266070371125 9 -1
1545266070384232 13 -1
1545266070508579 1500 -1
1545266070508591 1500 -1
1545266070514425 8000 -1
1545266070525370 5682 -1
1545266070525382 1453 -1
1545266070525387 1500 -1
1545266070530979 3792 -1
1545266070541045 1268 -1
0 0 0
1545266068384735 52 -1
1545266070373650 295 1
1545266070393764 9 -1
1545266070393770 13 -1
1545266070462069 1500 -1
1545266070462080 1500 -1
1545266070475910 8000 -1
1545266070492114 5683 -1
1545266070492124 1453 -1
1545266070492130 1500 -1
1545266070494992 3781 -1
1545266070510665 1046 -1
0 0 0
1545266068396892 52 -1
1545266071925642 296 1
1545266071936828 9 -1
1545266071938020 13 -1
1545266072097627 1500 -1
1545266072097638 1500 -1
1545266072101259 8000 -1
1545266072105625 5683 -1
1545266072105637 1453 -1
1545266072105643 1500 -1
1545266072107651 3150 -1
0 0 0
1545266068412073 52 -1
1545266070134402 297 1
1545266070146396 9 -1
1545266070146405 13 -1
1545266070303084 1500 -1
1545266070303098 1500 -1
1545266070310308 8000 -1
1545266070318705 5682 -1
1545266070318715 1453 -1
1545266070318719 1500 -1
1545266070327449 3788 -1
1545266070328144 4072 -1
1545266070328983 3463 -1
