### "'29788 22579 27218 24006 31217 21391 35895 42130 29151 23357 42798 33987 40327 30687 24402 25508 37220 23192 24571 26776 27925 24809 27203 29779'"
0 0 0
1545271106309713 52 -1
1545271108299808 298 1
1545271108307808 9 -1
1545271108311110 13 -1
1545271108311118 1500 -1
1545271108316256 8000 -1
1545271108323016 7073 -1
1545271108323024 1500 -1
1545271108324914 4704 -1
0 0 0
1545271106355122 52 -1
1545271108047459 298 1
1545271108069213 9 -1
1545271108069224 13 -1
1545271108209775 1500 -1
1545271108225493 8000 -1
1545271108226289 7183 -1
1545271108226297 353 -1
1545271108226301 1500 -1
1545271108226306 1500 -1
1545271108236048 3508 -1
1545271108243118 4072 -1
1545271108244479 2489 -1
0 0 0
1545271106343590 52 -1
1545271109835435 311 1
1545271109839820 9 -1
1545271109843844 13 -1
1545271109843850 1500 -1
1545271109844998 8000 -1
1545271109846691 7073 -1
1545271109846702 1500 -1
1545271109847080 8000 -1
1545271109850269 5342 -1
0 0 0
1545271106053341 52 -1
1545271108080107 282 1
1545271108096087 9 -1
1545271108096094 13 -1
1545271108096096 1500 -1
1545271108106700 3946 -1
1545271108506712 166 1
1545271108511684 13 -1
1545271108642930 1500 -1
1545271108643102 1567 -1
1545271108643304 4072 -1
1545271108643312 1331 -1
1545271109043318 151 1
1545271109046839 13 -1
1545271109056120 1500 -1
1545271109056133 750 -1
1545271109456137 149 1
1545271109472278 13 -1
1545271109472285 1500 -1
1545271109472291 653 -1
1545271109872298 167 1
1545271109875590 13 -1
1545271110018223 1500 -1
1545271110019353 8000 -1
1545271110021311 7048 -1
1545271110021319 334 -1
1545271110022600 1500 -1
1545271110022606 1500 -1
1545271110022609 1691 -1
1545271110422612 154 1
1545271110425483 13 -1
1545271110518839 1500 -1
1545271110520498 8000 -1
1545271110522485 7025 -1
1545271110522493 355 -1
1545271110522497 1500 -1
1545271110523439 8000 -1
1545271110524167 6893 -1
1545271110524173 1500 -1
1545271110525498 818 -1
1545271110525506 481 -1
1545271110925514 154 1
1545271110928109 13 -1
1545271111063927 1500 -1
1545271111066238 8000 -1
1545271111067394 7047 -1
1545271111067401 353 -1
1545271111067404 1500 -1
1545271111068467 8000 -1
1545271111069170 6893 -1
1545271111069177 1500 -1
1545271111069748 818 -1
1545271111069755 1500 -1
1545271111070245 2581 -1
1545271111070250 2637 -1
1545271111470256 154 1
1545271111472949 13 -1
1545271111558824 1500 -1
1545271111559913 8000 -1
1545271111560797 7025 -1
1545271111560807 352 -1
1545271111561677 1500 -1
1545271111561686 1500 -1
1545271111562147 3508 -1
1545271111562824 4072 -1
1545271111562831 1853 -1
1545271111962835 154 1
1545271111965463 13 -1
1545271112058877 1500 -1
1545271112059835 8000 -1
1545271112061743 7046 -1
1545271112061761 352 -1
1545271112061764 1500 -1
1545271112062425 1500 -1
1545271112063058 3508 -1
1545271112063064 131 -1
1545271112463063 155 1
1545271112466298 13 -1
1545271112562086 1500 -1
1545271112563080 8000 -1
1545271112564471 7024 -1
1545271112564481 352 -1
1545271112564484 1500 -1
1545271112565485 8000 -1
1545271112566483 6893 -1
1545271112566489 1500 -1
1545271112567180 818 -1
1545271112567186 1500 -1
1545271112568119 2581 -1
1545271112568125 3306 -1
1545271112968132 154 1
1545271112971759 13 -1
1545271113108650 1500 -1
1545271113109973 8000 -1
1545271113111438 7046 -1
1545271113111450 351 -1
1545271113111455 1500 -1
1545271113112827 8000 -1
1545271113114131 6893 -1
1545271113114137 886 -1
1545271113114139 9 -1
1545271113514143 155 1
1545271113516761 13 -1
1545271113613961 1500 -1
1545271113614167 8000 -1
1545271113614906 7024 -1
1545271113614915 350 -1
1545271113615114 1500 -1
1545271113615833 8000 -1
1545271113616585 6893 -1
1545271113617339 1500 -1
1545271113617345 818 -1
1545271113617347 1500 -1
1545271113617842 2581 -1
1545271113617849 837 -1
1545271114017854 154 1
1545271114020645 13 -1
1545271114134963 1500 -1
1545271114135599 8000 -1
1545271114136295 7048 -1
1545271114136301 352 -1
1545271114136570 1500 -1
1545271114136577 1500 -1
1545271114136826 3508 -1
1545271114136963 4072 -1
1545271114137589 3389 -1
1545271114537598 166 1
1545271114540163 13 -1
1545271114636716 1500 -1
1545271114637718 8000 -1
1545271114638008 7014 -1
1545271114638014 374 -1
1545271114638018 1500 -1
1545271114638108 1500 -1
1545271114638962 3508 -1
1545271114638971 1154 -1
1545271115038975 153 1
1545271115041711 13 -1
1545271115060842 1500 -1
1545271115061769 8000 -1
1545271115063452 7048 -1
1545271115063461 353 -1
1545271115063465 1500 -1
1545271115063468 1500 -1
1545271115064340 3508 -1
1545271115065340 2281 -1
1545271115465348 9 1
1545271115465358 157 1
1545271115468525 13 -1
1545271115565181 1500 -1
1545271115565456 8000 -1
1545271115567508 7023 -1
1545271115567516 352 -1
1545271115567520 1500 -1
1545271115568235 8000 -1
1545271115570894 6893 -1
1545271115570903 1500 -1
1545271115571777 818 -1
1545271115571784 1500 -1
1545271115571787 309 -1
1545271115971790 152 1
1545271115974415 13 -1
1545271115975785 1500 -1
1545271115976150 8000 -1
1545271115977274 6945 -1
1545271115978695 1500 -1
1545271115979376 5317 -1
1545271116379384 153 1
1545271116382071 13 -1
1545271116482218 1500 -1
1545271116482703 8000 -1
1545271116484366 7048 -1
1545271116484375 356 -1
1545271116485740 1500 -1
1545271116485748 1500 -1
1545271116486742 3508 -1
1545271116486748 1341 -1
1545271116886757 154 1
1545271116889472 13 -1
1545271117059876 1500 -1
1545271117060817 8000 -1
1545271117061973 7047 -1
1545271117061985 351 -1
1545271117061990 1500 -1
1545271117063549 1500 -1
1545271117064262 3508 -1
1545271117064268 3551 -1
1545271117464270 154 1
1545271117467574 13 -1
1545271117660730 1500 -1
1545271117663094 8000 -1
1545271117665023 7025 -1
1545271117665029 353 -1
1545271117665032 1500 -1
1545271117666748 1500 -1
1545271117667508 3508 -1
1545271117668182 4072 -1
1545271117668188 626 -1
1545271118068193 153 1
1545271118072065 13 -1
1545271118167558 1500 -1
1545271118168937 8000 -1
1545271118169764 7046 -1
1545271118169774 352 -1
1545271118169777 1500 -1
1545271118170325 1500 -1
1545271118171920 3508 -1
1545271118171928 1583 -1
1545271118571931 166 1
1545271118574580 13 -1
1545271118671480 1500 -1
1545271118672127 8000 -1
1545271118673247 7025 -1
1545271118673256 339 -1
1545271118673259 1500 -1
1545271118673617 1500 -1
1545271118674126 3508 -1
1545271118674523 3990 -1
1545271119074535 153 1
1545271119077564 13 -1
1545271119196871 1500 -1
1545271119197569 8000 -1
1545271119198016 7039 -1
1545271119198029 394 -1
1545271119198207 1500 -1
1545271119198215 1500 -1
1545271119199135 3508 -1
1545271119200258 4072 -1
1545271119201109 2439 -1
1545271123252900 17 1
0 0 0
1545271106256026 52 -1
1545271108267012 297 1
1545271108279297 9 -1
1545271108279307 13 -1
1545271108312007 1500 -1
1545271108317085 8000 -1
1545271108337555 7073 -1
1545271108337562 1500 -1
1545271108348234 8000 -1
1545271108348245 1343 -1
0 0 0
1545271106355316 52 -1
1545271108337372 298 1
1545271108348061 9 -1
1545271108348068 13 -1
1545271108433516 1500 -1
1545271108445063 8000 -1
1545271108465781 7182 -1
1545271108465793 355 -1
1545271108465798 1500 -1
1545271108473197 1500 -1
1545271108478290 3508 -1
1545271108478297 777 -1
