### "'20944 25805 20344 25143 25971 20529 18899 21709 25463 24335 16487 16332 16370 29104 19195 26048 24252 17058 22711 12879 24699 24330 28938 23851'"
0 0 0
1545274537735552 52 -1
1545274541263861 297 1
1545274541280361 9 -1
1545274541280375 13 -1
1545274541280379 1500 -1
1545274541289423 8000 -1
1545274541299065 7072 -1
1545274541299074 1500 -1
1545274541299077 1024 -1
0 0 0
1545274537726430 52 -1
1545274539734516 311 1
1545274539741338 9 -1
1545274539741341 13 -1
1545274539842052 1500 -1
1545274539853193 8000 -1
1545274539866635 7181 -1
1545274539866647 333 -1
1545274539866652 1500 -1
1545274539866657 1500 -1
1545274539882286 3508 -1
1545274539889872 1936 -1
0 0 0
1545274537474048 52 -1
1545274539536497 282 1
1545274539544303 9 -1
1545274539552054 13 -1
1545274539552062 1500 -1
1545274539554175 6454 -1
1545274539954188 164 1
1545274539963490 13 -1
1545274540094567 1500 -1
1545274540098025 1576 -1
1545274540098038 2587 -1
1545274540499895 166 1
1545274540505862 13 -1
1545274540605919 464 -1
1545274540605928 1500 -1
1545274540607913 8000 -1
1545274540608749 6893 -1
1545274540608760 1500 -1
1545274540608765 1500 -1
1545274540613258 2720 -1
1545274540614337 3551 -1
1545274541014346 154 1
1545274541017079 13 -1
1545274541130659 1500 -1
1545274541133646 8000 -1
1545274541144590 7048 -1
1545274541144600 352 -1
1545274541144603 1500 -1
1545274541146984 1500 -1
1545274541146993 811 -1
1545274541547001 154 1
1545274541550339 13 -1
1545274541646149 1500 -1
1545274541648015 8000 -1
1545274541648517 7014 -1
1545274541648527 390 -1
1545274541648532 1500 -1
1545274541649755 1500 -1
1545274541649766 1953 -1
1545274542049770 153 1
1545274542052337 13 -1
1545274542168542 1500 -1
1545274542169370 8000 -1
1545274542170088 7047 -1
1545274542170098 354 -1
1545274542170444 1500 -1
1545274542170453 1500 -1
1545274542171310 3508 -1
1545274542171322 2235 -1
1545274542571499 166 1
1545274542574268 13 -1
1545274542748929 1500 -1
1545274542749480 8000 -1
1545274542750450 7025 -1
1545274542750458 337 -1
1545274542750461 1500 -1
1545274542751087 1500 -1
1545274542751900 3508 -1
1545274542751906 1124 -1
1545274543151911 166 1
1545274543155380 13 -1
1545274543295690 1500 -1
1545274543295698 1535 -1
1545274543296590 4072 -1
1545274543296898 4072 -1
1545274543296994 4072 -1
1545274543297000 1409 -1
1545274543297004 9 -1
1545274543697005 163 1
1545274543699891 13 -1
1545274543731548 1500 -1
1545274543732351 1517 -1
1545274543733295 4072 -1
1545274543734364 4072 -1
1545274543735557 4072 -1
1545274543735577 1240 -1
1545274544135856 154 1
1545274544139092 13 -1
1545274544256085 1500 -1
1545274544257114 1578 -1
1545274544259138 4072 -1
1545274544261106 4072 -1
1545274544262157 4072 -1
1545274544262164 1229 -1
1545274544662172 166 1
1545274544664753 13 -1
1545274544799384 1500 -1
1545274544800664 8000 -1
1545274544801582 7024 -1
1545274544801593 337 -1
1545274544801851 1500 -1
1545274544801858 1500 -1
1545274544802192 3508 -1
1545274544802419 4072 -1
1545274544802428 1821 -1
1545274545202430 164 1
1545274545205606 13 -1
1545274545308002 1500 -1
1545274545308878 8000 -1
1545274545310149 7047 -1
1545274545310160 337 -1
1545274545310165 1500 -1
1545274545311697 992 -1
1545274545711707 153 1
1545274545714311 13 -1
1545274545854209 1500 -1
1545274545854602 8000 -1
1545274545855722 7025 -1
1545274545855736 351 -1
1545274545856012 1500 -1
1545274545856022 1500 -1
1545274545856453 3508 -1
1545274545857890 2823 -1
1545274546257911 9 1
1545274546257921 170 1
1545274546260636 13 -1
1545274546357142 1500 -1
1545274546357973 8000 -1
1545274546358738 7049 -1
1545274546358749 333 -1
1545274546358754 1500 -1
1545274546359092 1500 -1
1545274546359966 3508 -1
1545274546359975 1045 -1
1545274546759978 166 1
1545274546762921 13 -1
1545274546891456 1500 -1
1545274546892295 8000 -1
1545274546893197 7024 -1
1545274546893208 336 -1
1545274546893213 356 -1
1545274547293218 153 1
1545274547295925 13 -1
1545274547436273 1500 -1
1545274547437090 8000 -1
1545274547437702 7038 -1
1545274547437712 393 -1
1545274547437716 1500 -1
1545274547439020 1500 -1
1545274547439030 2952 -1
1545274547839038 167 1
1545274547841828 13 -1
1545274547944456 1500 -1
1545274547944465 1512 -1
1545274547945894 4072 -1
1545274547946521 4072 -1
1545274547946529 1864 -1
1545274548346534 166 1
1545274548349275 13 -1
1545274548445731 1500 -1
1545274548447543 8000 -1
1545274548448929 7048 -1
1545274548448938 338 -1
1545274548448941 1500 -1
1545274548449427 1500 -1
1545274548450680 3508 -1
1545274548450687 1487 -1
1545274548850694 166 1
1545274548853564 13 -1
1545274548973328 1500 -1
1545274548974077 8000 -1
1545274548975369 7023 -1
1545274548975382 335 -1
1545274548975387 1500 -1
1545274548976241 1500 -1
1545274548977266 3508 -1
1545274548977273 1121 -1
1545274549377278 166 1
1545274549380032 13 -1
1545274549474145 1500 -1
1545274549475930 8000 -1
1545274549477193 7047 -1
1545274549477199 334 -1
1545274549477202 1500 -1
1545274549477205 1500 -1
1545274549477452 3508 -1
1545274549478114 4072 -1
1545274549478733 1658 -1
1545274549878738 164 1
1545274549882138 13 -1
1545274550029632 1500 -1
1545274550030824 8000 -1
1545274550032954 7047 -1
1545274550032964 336 -1
1545274550032967 1500 -1
1545274550034021 1500 -1
1545274550035189 3508 -1
1545274550035196 641 -1
1545274554085406 17 1
0 0 0
1545274537717280 52 -1
1545274539705338 311 1
1545274539708459 9 -1
1545274539708909 13 -1
1545274539713879 1500 -1
1545274539724639 8000 -1
1545274539741146 7072 -1
1545274539741155 1500 -1
1545274539759496 7930 -1
0 0 0
1545274537693134 52 -1
1545274539688499 298 1
1545274539705456 9 -1
1545274539705462 13 -1
1545274539835703 1500 -1
1545274539840725 8000 -1
1545274539848782 7185 -1
1545274539848790 354 -1
1545274539848792 1500 -1
1545274539848796 1500 -1
1545274539873983 624 -1
0 0 0
1545274537747527 52 -1
1545274539479128 310 1
1545274539485082 9 -1
1545274539485093 13 -1
1545274539625625 1500 -1
1545274539642721 8000 -1
1545274539665608 7184 -1
1545274539665616 334 -1
1545274539665619 1500 -1
1545274539665623 1500 -1
1545274539688662 1244 -1
