### "'30885 15539 19875 17445 24066 19834 17331 19164 11231 24204 14858 15465 19057 12292 19817 19399 30211 18971 19842 25335'"
0 0 0
1545274892905519 52 -1
1545274894655409 308 1
1545274894667723 9 -1
1545274894667729 13 -1
1545274894834000 1500 -1
1545274894834011 1500 -1
1545274894839853 8000 -1
1545274894862963 5682 -1
1545274894862972 1453 -1
1545274894862975 1500 -1
1545274894907305 3774 -1
1545274894943272 3528 -1
1545274894993860 2796 -1
1545274894993868 1468 -1
0 0 0
1545274892868260 52 -1
1545274894851001 296 1
1545274894896344 9 -1
1545274894896355 13 -1
1545274895050531 1500 -1
1545274895057448 8000 -1
1545274895066378 7183 -1
1545274895066393 351 -1
1545274895066396 1500 -1
1545274895066400 1500 -1
1545274895066402 158 -1
0 0 0
1545274892636341 52 -1
1545274894658553 292 1
1545274894682589 9 -1
1545274894682603 13 -1
1545274894777100 1500 -1
1545274894777110 1694 -1
1545274894781819 3349 -1
1545274895181829 166 1
1545274895185169 13 -1
1545274895329934 1500 -1
1545274895329941 1535 -1
1545274895333630 3928 -1
1545274895733638 164 1
1545274895736555 13 -1
1545274895834290 1500 -1
1545274895841267 1515 -1
1545274895841281 1848 -1
1545274896241776 166 1
1545274896244509 13 -1
1545274896422764 1500 -1
1545274896422772 1500 -1
1545274896424126 2415 -1
1545274896824139 167 1
1545274896826887 13 -1
1545274897224150 166 1
1545274897227154 13 -1
1545274897237189 1500 -1
1545274897237199 1500 -1
1545274897238072 3978 -1
1545274897238083 1035 -1
1545274897425201 1500 -1
1545274897426065 1500 -1
1545274897426073 3514 -1
1545274897826077 166 1
1545274897829253 13 -1
1545274898034143 1500 -1
1545274898035209 1500 -1
1545274898035225 798 -1
1545274898435233 164 1
1545274898437907 13 -1
1545274898587003 1500 -1
1545274898587495 1500 -1
1545274898587503 2254 -1
1545274898987508 164 1
1545274898990500 13 -1
1545274899132348 1500 -1
1545274899132355 1500 -1
1545274899133541 8000 -1
1545274899135784 5547 -1
1545274899135797 1453 -1
1545274899135799 1500 -1
1545274899135802 515 -1
1545274899535805 166 1
1545274899538548 13 -1
1545274899632516 1500 -1
1545274899634844 8000 -1
1545274899636169 7023 -1
1545274899636177 337 -1
1545274899636180 628 -1
1545274900036187 155 1
1545274900039176 13 -1
1545274900141950 1500 -1
1545274900144408 8000 -1
1545274900145302 7048 -1
1545274900145308 350 -1
1545274900145311 1500 -1
1545274900146325 948 -1
1545274900546331 154 1
1545274900549356 13 -1
1545274900721477 1500 -1
1545274900722053 1500 -1
1545274900723082 3986 -1
1545274900723380 4072 -1
1545274900723392 314 -1
1545274901123398 153 1
1545274901126483 13 -1
1545274901266644 1500 -1
1545274901268942 8000 -1
1545274901272248 7047 -1
1545274901272256 353 -1
1545274901272259 1500 -1
1545274901272262 1500 -1
1545274901272826 3508 -1
1545274901273197 977 -1
1545274901673205 155 1
1545274901676863 13 -1
1545274901801365 1500 -1
1545274901801373 1500 -1
1545274901802380 3985 -1
1545274901802391 17 -1
1545274902202595 154 1
1545274902211385 13 -1
1545274902339210 1500 -1
1545274902339224 1500 -1
1545274902339675 4008 -1
1545274902339833 4072 -1
1545274902340005 3942 -1
1545274902740013 164 1
1545274902742833 13 -1
1545274902875740 1500 -1
1545274902877421 1500 -1
1545274902877636 3972 -1
1545274902877888 4072 -1
1545274902878090 4072 -1
1545274902878096 491 -1
1545274903278102 154 1
1545274903281596 13 -1
1545274903410725 1500 -1
1545274903412824 1500 -1
1545274903413863 8000 -1
1545274903414483 5547 -1
1545274903414492 1453 -1
1545274903415571 1238 -1
1545274903815583 9 1
1545274903815596 156 1
1545274903818584 13 -1
1545274903998248 1500 -1
1545274903998523 1500 -1
1545274903998756 3987 -1
1545274903999035 4072 -1
1545274903999044 1374 -1
1545274904399808 154 1
1545274904403617 13 -1
1545274904488958 1500 -1
1545274904488971 243 -1
1545274904888976 154 1
1545274904892244 13 -1
1545274904957296 1500 -1
1545274904957920 1500 -1
1545274904958756 8000 -1
1545274904960003 5526 -1
1545274904960021 1453 -1
1545274904961543 1500 -1
1545274904961550 498 -1
1545274905361633 153 1
1545274905364439 13 -1
1545274905491184 1500 -1
1545274905491191 241 -1
1545274905891196 154 1
1545274905894306 13 -1
1545274906036389 1500 -1
1545274906036398 1500 -1
1545274906037324 8000 -1
1545274906040627 5548 -1
1545274906040639 1453 -1
1545274906040642 1500 -1
1545274906040645 80 -1
1545274906440726 164 1
1545274906443523 13 -1
1545274906645852 1500 -1
1545274906645861 1500 -1
1545274906646831 8000 -1
1545274906647545 5525 -1
1545274906647554 1453 -1
1545274906647559 1500 -1
1545274906648645 3775 -1
1545274906649207 4072 -1
1545274906649383 3045 -1
1545274907049391 153 1
1545274907052283 13 -1
1545274907215969 1500 -1
1545274907215978 1500 -1
1545274907217354 8000 -1
1545274907218615 5548 -1
1545274907218631 1453 -1
1545274907218634 1152 -1
1545274907618638 167 1
1545274907621584 13 -1
1545274907823640 1500 -1
1545274907824161 1500 -1
1545274907824935 8000 -1
1545274907825582 5527 -1
1545274907825591 1453 -1
1545274907827077 1500 -1
1545274907827086 523 -1
1545274908227090 166 1
1545274908229625 13 -1
1545274908408957 1500 -1
1545274908409888 1500 -1
1545274908411662 8000 -1
1545274908412774 5552 -1
1545274908412782 1453 -1
1545274908413960 1500 -1
1545274908414914 3773 -1
1545274908414920 2243 -1
1545274908814925 152 1
1545274908818075 13 -1
1545274908963817 1500 -1
1545274908963826 1500 -1
1545274908964356 3990 -1
1545274908964707 2419 -1
1545274913014632 17 1
0 0 0
1545274892885828 52 -1
1545274894930545 296 1
1545274894991907 9 -1
1545274895000916 13 -1
1545274895000922 1500 -1
1545274895000926 1688 -1
1545274895004390 4072 -1
1545274895009040 4072 -1
1545274895012637 4072 -1
1545274895012648 432 -1
0 0 0
1545274892902650 52 -1
1545274896450625 306 1
1545274896453603 9 -1
1545274896456750 13 -1
1545274896603435 1500 -1
1545274896603443 1500 -1
1545274896607854 8000 -1
1545274896608718 5682 -1
1545274896608725 1453 -1
1545274896608728 1500 -1
1545274896622335 3777 -1
1545274896622659 970 -1
0 0 0
1545274892887862 52 -1
1545274894896962 296 1
1545274894977819 9 -1
1545274894977826 13 -1
1545274895071287 1500 -1
1545274895071297 1500 -1
1545274895078064 1500 -1
1545274895078076 2642 -1
1545274895079443 4072 -1
1545274895086208 4072 -1
1545274895091534 1500 -1
1545274895091545 967 -1
1545274895091548 9 -1
