### "'29186 21989 17227 15727 19312 21113 21810 26688 19521 31755 17842 11131 21682 23806 17112 28238 15216 28596 17472 15854 22586 20983 27638 19147'"
0 0 0
1545275399200897 52 -1
1545275401210679 300 1
1545275401226891 9 -1
1545275401226910 13 -1
1545275401226915 1500 -1
1545275401235669 8000 -1
1545275401244974 7072 -1
1545275401244990 852 -1
0 0 0
1545275399223830 52 -1
1545275400979786 310 1
1545275401012055 9 -1
1545275401012063 13 -1
1545275401012067 1500 -1
1545275401021833 8000 -1
1545275401027259 7071 -1
1545275401027280 1500 -1
1545275401036715 8000 -1
1545275401054236 3311 -1
0 0 0
1545275399195485 52 -1
1545275401191851 301 1
1545275401211144 9 -1
1545275401230545 13 -1
1545275401230557 1500 -1
1545275401251506 8000 -1
1545275401253522 6414 -1
0 0 0
1545275399200352 52 -1
1545275401200461 300 1
1545275401216245 9 -1
1545275401218522 13 -1
1545275401218531 1500 -1
1545275401218673 8000 -1
1545275401221889 7092 -1
1545275401221904 1500 -1
1545275401222136 4114 -1
0 0 0
1545275399219996 52 -1
1545275402767433 309 1
1545275402777256 9 -1
1545275402777264 13 -1
1545275402913432 1500 -1
1545275402914092 8000 -1
1545275402918716 7184 -1
1545275402918726 340 -1
1545275402918730 1500 -1
1545275402918735 1106 -1
0 0 0
1545275398982656 52 -1
1545275400981107 297 1
1545275400983578 9 -1
1545275400983664 13 -1
1545275400984120 1500 -1
1545275400984174 5242 -1
1545275401384182 166 1
1545275401390985 13 -1
1545275401396017 1500 -1
1545275401396618 4915 -1
1545275401796630 164 1
1545275401799778 13 -1
1545275401898142 1500 -1
1545275401904152 1551 -1
1545275401904165 2550 -1
1545275402304168 166 1
1545275402307276 13 -1
1545275402317427 1500 -1
1545275402318195 3705 -1
1545275402718206 167 1
1545275402721207 13 -1
1545275402724996 1500 -1
1545275402726102 5116 -1
1545275403126114 154 1
1545275403131834 13 -1
1545275403131841 1500 -1
1545275403133842 8000 -1
1545275403134995 6975 -1
1545275403135004 1500 -1
1545275403143335 3238 -1
1545275403543371 164 1
1545275403546173 13 -1
1545275403547413 1500 -1
1545275403547843 8000 -1
1545275403549404 6951 -1
1545275403550116 1500 -1
1545275403550617 3935 -1
1545275403950626 166 1
1545275403953411 13 -1
1545275404056135 490 -1
1545275404057384 1500 -1
1545275404058530 8000 -1
1545275404059342 6893 -1
1545275404059352 1500 -1
1545275404059356 936 -1
1545275404060315 1500 -1
1545275404060323 2581 -1
1545275404062032 3478 -1
1545275404462044 154 1
1545275404464859 13 -1
1545275404465968 1500 -1
1545275404466935 8000 -1
1545275404467654 6957 -1
1545275404468842 1500 -1
1545275404468853 1646 -1
1545275404868858 154 1
1545275404871376 13 -1
1545275404873082 1500 -1
1545275404874489 8000 -1
1545275404875647 6951 -1
1545275404875656 1500 -1
1545275404877363 8000 -1
1545275404878147 5880 -1
1545275405278157 166 1
1545275405281232 13 -1
1545275405282275 1500 -1
1545275405282938 8000 -1
1545275405283475 6974 -1
1545275405283797 1467 -1
1545275405683803 154 1
1545275405686821 13 -1
1545275405687439 1500 -1
1545275405688680 8000 -1
1545275405688690 1699 -1
1545275406088694 155 1
1545275406091494 13 -1
1545275406092545 1500 -1
1545275406094148 8000 -1
1545275406094869 6973 -1
1545275406094877 1500 -1
1545275406095443 3807 -1
1545275406495449 164 1
1545275406498018 13 -1
1545275406517669 1500 -1
1545275406519867 8000 -1
1545275406521004 7025 -1
1545275406521012 336 -1
1545275406521015 1500 -1
1545275406521510 1500 -1
1545275406523429 3508 -1
1545275406523439 596 -1
1545275406923442 154 1
1545275406926288 13 -1
1545275407065478 1500 -1
1545275407066903 8000 -1
1545275407068319 7048 -1
1545275407068326 351 -1
1545275407068329 395 -1
1545275407468332 9 1
1545275407468341 169 1
1545275407471139 13 -1
1545275407574080 1500 -1
1545275407575145 8000 -1
1545275407576817 7024 -1
1545275407576826 334 -1
1545275407576829 1500 -1
1545275407577548 1500 -1
1545275407578007 3508 -1
1545275407578671 4072 -1
1545275407578678 958 -1
1545275407978682 154 1
1545275407981516 13 -1
1545275408075205 1500 -1
1545275408075566 1552 -1
1545275408076885 4072 -1
1545275408077530 4072 -1
1545275408078091 4072 -1
1545275408078099 112 -1
1545275408478100 154 1
1545275408480794 13 -1
1545275408619733 1500 -1
1545275408620787 8000 -1
1545275408621768 7026 -1
1545275408621780 352 -1
1545275408621787 1500 -1
1545275408622363 1500 -1
1545275408623406 3508 -1
1545275408623947 4072 -1
1545275408623953 1298 -1
1545275409023957 155 1
1545275409026483 13 -1
1545275409201240 1500 -1
1545275409201248 1500 -1
1545275409201912 4009 -1
1545275409203481 4072 -1
1545275409204335 4072 -1
1545275409204342 1500 -1
1545275409204896 993 -1
1545275409204901 9 -1
1545275409604902 153 1
1545275409607984 13 -1
1545275409728414 1500 -1
1545275409728821 1530 -1
1545275409729080 4072 -1
1545275409730677 4072 -1
1545275409731119 4072 -1
1545275409731130 749 -1
1545275410131135 155 1
1545275410133854 13 -1
1545275410274321 1500 -1
1545275410275353 8000 -1
1545275410275614 7050 -1
1545275410275621 353 -1
1545275410276494 1500 -1
1545275410276502 1500 -1
1545275410277305 2867 -1
1545275410677313 155 1
1545275410680226 13 -1
1545275410799316 1500 -1
1545275410800207 8000 -1
1545275410800920 7014 -1
1545275410800930 391 -1
1545275410801884 1500 -1
1545275410801890 1500 -1
1545275410801893 1226 -1
1545275411201898 155 1
1545275411205189 13 -1
1545275411301427 1500 -1
1545275411302297 8000 -1
1545275411302862 7049 -1
1545275411302870 349 -1
1545275411302873 1500 -1
1545275411304028 1500 -1
1545275411304982 3508 -1
1545275411306054 4072 -1
1545275411306059 343 -1
1545275411706063 154 1
1545275411708658 13 -1
1545275412113703 1500 -1
1545275412113713 399 -1
1545275412228508 1500 -1
1545275412229933 8000 -1
1545275412230872 6600 -1
1545275412230879 1328 -1
1545275412230883 9 -1
1545275416278058 17 1
