### "'10972 25478 21864 23675 17054 21058 11243 20392 13231 33379 13672 24117 12130 26138 20753 26649 12986 32302 26458 26121 22864 15260 16752 19852 18284'"
0 0 0
1545277578599996 52 -1
1545277582165606 299 1
1545277582178027 9 -1
1545277582181209 13 -1
1545277582377074 1500 -1
1545277582377082 1500 -1
1545277582383108 1500 -1
1545277582383117 2634 -1
1545277582384569 4072 -1
1545277582390628 2323 -1
0 0 0
1545277578622578 52 -1
1545277580393190 299 1
1545277580410009 9 -1
1545277580410018 13 -1
1545277580606548 1500 -1
1545277580606573 1500 -1
1545277580626507 8000 -1
1545277580642849 5682 -1
1545277580642858 1453 -1
1545277580642862 1500 -1
1545277580651532 3779 -1
1545277580653685 2380 -1
0 0 0
1545277578584615 52 -1
1545277580618781 299 1
1545277580655420 9 -1
1545277580655424 13 -1
1545277580808419 1500 -1
1545277580817034 8000 -1
1545277580821979 7181 -1
1545277580821985 353 -1
1545277580821988 335 -1
0 0 0
1545277578543408 52 -1
1545277580557366 299 1
1545277580568883 9 -1
1545277580568891 13 -1
1545277580669097 1500 -1
1545277580678731 8000 -1
1545277580692238 7184 -1
1545277580692249 351 -1
1545277580692252 1500 -1
1545277580692255 1500 -1
1545277580703330 2147 -1
0 0 0
1545277578555164 52 -1
1545277580592582 300 1
1545277580626580 9 -1
1545277580626588 13 -1
1545277580800369 1500 -1
1545277580800383 535 -1
1545277580808071 1500 -1
1545277580812450 8000 -1
1545277580812625 6599 -1
1545277580816260 1208 -1
1545277580816270 1500 -1
1545277580822361 2581 -1
1545277580822366 576 -1
0 0 0
1545277578387059 52 -1
1545277580402760 282 1
1545277580413238 9 -1
1545277580413247 13 -1
1545277580413255 1500 -1
1545277580425164 8000 -1
1545277580425179 1660 -1
1545277580845182 154 1
1545277580851907 13 -1
1545277581063161 1500 -1
1545277581064318 1500 -1
1545277581065373 8000 -1
1545277581065936 5583 -1
1545277581065944 1453 -1
1545277581069255 1500 -1
1545277581069266 1739 -1
1545277581469275 154 1
1545277581479319 13 -1
1545277581630143 1500 -1
1545277581630155 1500 -1
1545277581631216 3984 -1
1545277581633331 4072 -1
1545277581633345 328 -1
1545277582033398 155 1
1545277582036563 13 -1
1545277582202432 1500 -1
1545277582202440 1500 -1
1545277582209111 8000 -1
1545277582218854 5550 -1
1545277582218862 1453 -1
1545277582218865 1500 -1
1545277582227950 1073 -1
1545277582627960 155 1
1545277582631098 13 -1
1545277582845607 1500 -1
1545277582849615 1500 -1
1545277582852310 8000 -1
1545277582854968 5524 -1
1545277582854975 1453 -1
1545277582856279 1500 -1
1545277582857084 3779 -1
1545277582857142 4072 -1
1545277582857709 4072 -1
1545277582857719 2137 -1
1545277583257728 154 1
1545277583260278 13 -1
1545277583412022 1500 -1
1545277583412884 1500 -1
1545277583413192 4006 -1
1545277583413930 4072 -1
1545277583413942 2757 -1
1545277583813946 167 1
1545277583816696 13 -1
1545277584011766 1500 -1
1545277584012372 1500 -1
1545277584014218 8000 -1
1545277584015159 5547 -1
1545277584015166 1453 -1
1545277584015846 1500 -1
1545277584016276 3771 -1
1545277584016284 1027 -1
1545277584416286 153 1
1545277584419572 13 -1
1545277584577797 1500 -1
1545277584577806 1500 -1
1545277584578647 3977 -1
1545277584579890 4072 -1
1545277584579905 1223 -1
1545277584979909 154 1
1545277584982931 13 -1
1545277585154282 1500 -1
1545277585155088 1500 -1
1545277585156391 8000 -1
1545277585157632 5547 -1
1545277585157642 1453 -1
1545277585164430 1500 -1
1545277585165472 3780 -1
1545277585165480 3039 -1
1545277585565482 154 1
1545277585568296 13 -1
1545277585719907 1500 -1
1545277585719914 1500 -1
1545277585721031 8000 -1
1545277585721957 5525 -1
1545277585723339 1453 -1
1545277585723345 1500 -1
1545277585723348 1434 -1
1545277586123354 164 1
1545277586126029 13 -1
1545277586293438 1500 -1
1545277586295688 1500 -1
1545277586296164 8000 -1
1545277586296922 5548 -1
1545277586296928 1453 -1
1545277586297974 1500 -1
1545277586298921 3773 -1
1545277586298926 3557 -1
1545277586698932 153 1
1545277586701840 13 -1
1545277586779361 1500 -1
1545277586780338 1500 -1
1545277586780964 3975 -1
1545277586781826 4072 -1
1545277586781838 2079 -1
1545277587181843 164 1
1545277587184389 13 -1
1545277587361017 1500 -1
1545277587361038 1500 -1
1545277587361927 8000 -1
1545277587363311 5548 -1
1545277587363964 1453 -1
1545277587363970 1500 -1
1545277587364472 3772 -1
1545277587365060 4072 -1
1545277587365848 4072 -1
1545277587365854 1067 -1
1545277587765859 9 1
1545277587765868 169 1
1545277587768781 13 -1
1545277587955923 1500 -1
1545277587955931 1500 -1
1545277587956897 8000 -1
1545277587957954 5524 -1
1545277587957960 1453 -1
1545277587957963 1500 -1
1545277587959121 3764 -1
1545277587959472 3375 -1
1545277588359485 166 1
1545277588362287 13 -1
1545277588542265 1500 -1
1545277588542302 1500 -1
1545277588544407 8000 -1
1545277588544958 5548 -1
1545277588544969 1457 -1
1545277588544974 1500 -1
1545277588545445 3759 -1
1545277588546306 3039 -1
1545277588946313 154 1
1545277588949455 13 -1
1545277589107283 1500 -1
1545277589108185 1500 -1
1545277589108860 8000 -1
1545277589109532 5546 -1
1545277589109541 1453 -1
1545277589109711 1500 -1
1545277589109718 3545 -1
1545277589509722 153 1
1545277589512639 13 -1
1545277589695075 1500 -1
1545277589695083 1500 -1
1545277589695578 3974 -1
1545277589696626 4072 -1
1545277589697921 4072 -1
1545277589697930 282 -1
1545277590097935 154 1
1545277590100421 13 -1
1545277590289807 1500 -1
1545277590289815 402 -1
1545277590290424 1500 -1
1545277590291302 3604 -1
1545277590292080 4072 -1
1545277590292575 4072 -1
1545277590292586 1774 -1
1545277590692590 164 1
1545277590695435 13 -1
1545277590886148 1500 -1
1545277590886155 1500 -1
1545277590886593 8000 -1
1545277590888334 5524 -1
1545277590888343 1453 -1
1545277590888345 1500 -1
1545277590888348 533 -1
1545277591288352 152 1
1545277591291426 13 -1
1545277591424392 1500 -1
1545277591424404 1500 -1
1545277591425799 8000 -1
1545277591426010 5548 -1
1545277591428393 1453 -1
1545277591428404 465 -1
1545277595478015 17 1
