### "'13793 16123 21412 27538 19204 30200 11471 13809 11491 12196 28138 18943 17279 18926 10909 17351 29251 23224 14030 23508 18525 34215'"
0 0 0
1545277738752147 52 -1
1545277740782125 300 1
1545277740789347 9 -1
1545277740789354 13 -1
1545277740797813 1500 -1
1545277740800410 8000 -1
1545277740819617 7073 -1
1545277740819630 1500 -1
1545277740820765 3537 -1
0 0 0
1545277738542941 52 -1
1545277740589287 299 1
1545277740611400 9 -1
1545277740611405 13 -1
1545277740611407 1500 -1
1545277740619764 2858 -1
1545277741022024 168 1
1545277741025029 13 -1
1545277741027628 1500 -1
1545277741028361 3829 -1
1545277741428373 166 1
1545277741432050 13 -1
1545277741436358 1500 -1
1545277741441375 2668 -1
1545277741841392 168 1
1545277741844410 13 -1
1545277741847285 1500 -1
1545277741850102 8000 -1
1545277741853626 6956 -1
1545277741853637 1500 -1
1545277741853640 1329 -1
1545277742253643 154 1
1545277742256379 13 -1
1545277742257535 1500 -1
1545277742257977 8000 -1
1545277742258797 6975 -1
1545277742258808 1500 -1
1545277742260047 8000 -1
1545277742266044 4325 -1
1545277742666057 153 1
1545277742668878 13 -1
1545277742669920 1500 -1
1545277742675288 8000 -1
1545277742675299 2038 -1
1545277743075305 154 1
1545277743079167 13 -1
1545277743083354 1500 -1
1545277743084653 8000 -1
1545277743084980 4398 -1
1545277743484988 153 1
1545277743488095 13 -1
1545277743489516 1500 -1
1545277743489743 8000 -1
1545277743490551 2063 -1
1545277743890564 154 1
1545277743893294 13 -1
1545277743893932 1500 -1
1545277743894758 8000 -1
1545277743895594 2763 -1
1545277744295612 166 1
1545277744298298 13 -1
1545277744298884 1500 -1
1545277744299459 8000 -1
1545277744300391 6974 -1
1545277744300451 1500 -1
1545277744300520 8000 -1
1545277744300525 2263 -1
1545277744701020 153 1
1545277744703685 13 -1
1545277744704581 1500 -1
1545277744705658 8000 -1
1545277744707319 6952 -1
1545277744707886 1500 -1
1545277744707892 1068 -1
1545277745107894 154 1
1545277745110647 13 -1
1545277745111902 1500 -1
1545277745112714 8000 -1
1545277745114213 6974 -1
1545277745114225 904 -1
1545277745514230 164 1
1545277745517102 13 -1
1545277745517845 1495 -1
1545277745917851 164 1
1545277745921220 13 -1
1545277745921866 1500 -1
1545277745922541 8000 -1
1545277745923375 6950 -1
1545277745923381 1500 -1
1545277745923384 1051 -1
1545277746323390 9 1
1545277746323401 157 1
1545277746326077 13 -1
1545277746326889 1500 -1
1545277746328680 8000 -1
1545277746328689 1498 -1
1545277746728693 167 1
1545277746731614 13 -1
1545277746732009 1500 -1
1545277746733536 8000 -1
1545277746734660 6951 -1
1545277746734669 976 -1
1545277747134673 154 1
1545277747137262 13 -1
1545277747138736 1500 -1
1545277747140015 8000 -1
1545277747140901 6973 -1
1545277747141653 1500 -1
1545277747142750 8000 -1
1545277747142756 3376 -1
1545277747542763 153 1
1545277747545476 13 -1
1545277747546418 1500 -1
1545277747547707 8000 -1
1545277747548025 6952 -1
1545277747548033 1500 -1
1545277747548414 5349 -1
1545277747948426 166 1
1545277747951564 13 -1
1545277747953012 1500 -1
1545277747956015 8000 -1
1545277747956364 4597 -1
1545277748356373 166 1
1545277748359202 13 -1
1545277748360693 1500 -1
1545277748361416 8000 -1
1545277748362493 6974 -1
1545277748363286 1500 -1
1545277748363565 5633 -1
1545277748763575 162 1
1545277748766367 13 -1
1545277748767017 1500 -1
1545277748767772 8000 -1
1545277748768167 6951 -1
1545277748768176 1500 -1
1545277748768180 650 -1
1545277749168184 167 1
1545277749171449 13 -1
1545277749173656 1500 -1
1545277749174951 8000 -1
1545277749177063 6973 -1
1545277749177429 1500 -1
1545277749178065 8000 -1
1545277749178500 6893 -1
1545277749179511 1456 -1
1545277753242458 17 1
0 0 0
1545277738779792 52 -1
1545277740552343 311 1
1545277740595288 9 -1
1545277740595296 13 -1
1545277740595300 1500 -1
1545277740607559 8000 -1
1545277740612942 4482 -1
0 0 0
1545277738747313 52 -1
1545277740763445 313 1
1545277740813987 9 -1
1545277740813994 13 -1
1545277740813998 1500 -1
1545277740814154 8000 -1
1545277740814242 7073 -1
1545277740814247 1500 -1
1545277740816882 8000 -1
1545277740816899 1663 -1
0 0 0
1545277738777402 52 -1
1545277742321641 301 1
1545277742337319 9 -1
1545277742337325 13 -1
1545277742337328 1500 -1
1545277742338129 5351 -1
0 0 0
1545277738772286 52 -1
1545277740768590 300 1
1545277740784942 9 -1
1545277740784962 13 -1
1545277740784968 1500 -1
1545277740789458 8000 -1
1545277740805410 6812 -1
