### "'19929 23177 21916 20842 29101 35871 22761 15035 24311 26981 25475 24019 13720 19499 29199 19823 23537 16498 26418 21590 26868 28572 24292 28436'"
0 0 0
1545282832529681 52 -1
1545282834561572 291 1
1545282834564560 9 -1
1545282834565568 13 -1
1545282834567358 1500 -1
1545282834575435 4661 -1
1545282834975525 166 1
1545282834980238 13 -1
1545282835078608 1500 -1
1545282835081993 8000 -1
1545282835097526 7078 -1
1545282835097537 375 -1
1545282835097542 1500 -1
1545282835097547 1500 -1
1545282835103737 3508 -1
1545282835113321 4072 -1
1545282835120042 1780 -1
1545282835520054 166 1
1545282835524288 13 -1
1545282835663525 1500 -1
1545282835667512 8000 -1
1545282835667858 7024 -1
1545282835667866 335 -1
1545282835667870 1500 -1
1545282835668291 8000 -1
1545282835669856 6893 -1
1545282835669865 1500 -1
1545282835674282 818 -1
1545282835674296 477 -1
1545282836074550 154 1
1545282836077525 13 -1
1545282836174811 1500 -1
1545282836177418 8000 -1
1545282836184209 7048 -1
1545282836184222 351 -1
1545282836184227 1500 -1
1545282836187313 1500 -1
1545282836187324 3044 -1
1545282836587650 166 1
1545282836590416 13 -1
1545282836687411 1500 -1
1545282836688519 8000 -1
1545282836688965 7023 -1
1545282836688976 338 -1
1545282836688981 1500 -1
1545282836689281 1500 -1
1545282836689593 3508 -1
1545282836689604 1099 -1
1545282837089611 164 1
1545282837093047 13 -1
1545282837179491 1500 -1
1545282837180134 8000 -1
1545282837180541 7037 -1
1545282837180551 376 -1
1545282837180762 1500 -1
1545282837180770 1500 -1
1545282837180982 3508 -1
1545282837181121 3731 -1
1545282837581126 164 1
1545282837584244 13 -1
1545282837684222 1500 -1
1545282837685473 8000 -1
1545282837686016 7025 -1
1545282837686025 339 -1
1545282837686030 1500 -1
1545282837686034 1500 -1
1545282837686270 3508 -1
1545282837686407 2262 -1
1545282838086415 166 1
1545282838089477 13 -1
1545282838108038 1500 -1
1545282838108581 8000 -1
1545282838109345 7046 -1
1545282838109356 337 -1
1545282838109360 1500 -1
1545282838110449 1500 -1
1545282838111460 3508 -1
1545282838111467 808 -1
1545282838511469 166 1
1545282838514345 13 -1
1545282838644438 1500 -1
1545282838644446 1500 -1
1545282838645424 3969 -1
1545282838646790 4072 -1
1545282838647251 2821 -1
1545282839047682 166 1
1545282839051808 13 -1
1545282839199048 1500 -1
1545282839200241 8000 -1
1545282839201289 7049 -1
1545282839201299 339 -1
1545282839201304 1500 -1
1545282839201912 1294 -1
1545282839601922 166 1
1545282839604732 13 -1
1545282839636604 1500 -1
1545282839637229 8000 -1
1545282839640284 7025 -1
1545282839640299 335 -1
1545282839640303 1500 -1
1545282839640305 1500 -1
1545282839640986 3508 -1
1545282839641675 4072 -1
1545282839642585 1918 -1
1545282840042593 166 1
1545282840045359 13 -1
1545282840149650 1500 -1
1545282840150181 8000 -1
1545282840152205 7048 -1
1545282840152214 339 -1
1545282840153545 1500 -1
1545282840153552 1500 -1
1545282840153554 118 -1
1545282840553554 166 1
1545282840556688 13 -1
1545282840576054 1500 -1
1545282840576888 8000 -1
1545282840579440 7024 -1
1545282840579452 336 -1
1545282840579457 1500 -1
1545282840580741 1500 -1
1545282840581242 3508 -1
1545282840581252 327 -1
1545282840981255 9 1
1545282840981265 167 1
1545282840984313 13 -1
1545282841123607 1500 -1
1545282841123615 1536 -1
1545282841124156 4072 -1
1545282841125192 4072 -1
1545282841125802 4072 -1
1545282841126448 1420 -1
1545282841126460 9 -1
1545282841526460 163 1
1545282841529507 13 -1
1545282841666770 1500 -1
1545282841666777 1500 -1
1545282841667152 8000 -1
1545282841667710 5526 -1
1545282841667872 1453 -1
1545282841667880 1500 -1
1545282841668018 3774 -1
1545282841668123 3325 -1
1545282842068129 163 1
1545282842070940 13 -1
1545282842222205 1500 -1
1545282842222882 8000 -1
1545282842224757 7046 -1
1545282842224773 339 -1
1545282842225533 1500 -1
1545282842225545 1500 -1
1545282842225722 1885 -1
1545282842625730 163 1
1545282842628410 13 -1
1545282842723886 1500 -1
1545282842724619 8000 -1
1545282842725762 7026 -1
1545282842725771 339 -1
1545282842726383 1500 -1
1545282842726390 1500 -1
1545282842726885 3508 -1
1545282842727442 3655 -1
1545282843127449 166 1
1545282843130224 13 -1
1545282843248606 1500 -1
1545282843249671 8000 -1
1545282843249790 7039 -1
1545282843249796 377 -1
1545282843249800 1500 -1
1545282843250028 1500 -1
1545282843250533 3508 -1
1545282843251435 4072 -1
1545282843251441 1249 -1
1545282843651446 166 1
1545282843654514 13 -1
1545282843794675 1500 -1
1545282843795693 8000 -1
1545282843796784 7025 -1
1545282843796792 336 -1
1545282843796795 1500 -1
1545282843797245 1500 -1
1545282843797656 3508 -1
1545282843797667 1082 -1
1545282844197672 166 1
1545282844200755 13 -1
1545282844220232 1500 -1
1545282844221969 8000 -1
1545282844222995 7047 -1
1545282844223004 335 -1
1545282844223008 1500 -1
1545282844223012 1500 -1
1545282844223801 3508 -1
1545282844224702 4072 -1
1545282844225475 1155 -1
1545282848274998 17 1
0 0 0
1545282832776849 52 -1
1545282834539598 313 1
1545282834563390 9 -1
1545282834563398 13 -1
1545282834661810 1500 -1
1545282834665909 8000 -1
1545282834668826 7184 -1
1545282834668834 336 -1
1545282834668837 1500 -1
1545282834679753 1500 -1
1545282834679762 227 -1
0 0 0
1545282832763010 52 -1
1545282836337896 312 1
1545282836341156 9 -1
1545282836343785 13 -1
1545282836439856 1500 -1
1545282836452607 1670 -1
1545282836453115 4072 -1
1545282836456539 4072 -1
1545282836460118 4019 -1
0 0 0
1545282832745484 52 -1
1545282834751974 312 1
1545282834789890 9 -1
1545282834789896 13 -1
1545282834885185 1500 -1
1545282834898434 8000 -1
1545282834904773 7181 -1
1545282834904788 340 -1
1545282834904793 1500 -1
1545282834904798 1500 -1
1545282834922217 2210 -1
0 0 0
1545282832730966 52 -1
1545282834727074 310 1
1545282834737692 9 -1
1545282834737700 13 -1
1545282834832280 1500 -1
1545282834858303 8000 -1
1545282834872285 7183 -1
1545282834872319 338 -1
1545282834872332 1500 -1
1545282834872341 1500 -1
1545282834884975 3473 -1
0 0 0
1545282832762786 52 -1
1545282834765562 313 1
1545282834797484 9 -1
1545282834820809 13 -1
1545282834935053 1500 -1
1545282834937701 8000 -1
1545282834951474 7183 -1
1545282834951487 331 -1
1545282834951492 1500 -1
1545282834951496 1500 -1
1545282834959287 1145 -1
