### "'19088 17476 20486 15569 16666 13938 10052 12503 12239 13891 15867 24649 16433 23415 11939 12566 14881 24990 28082 24674 32251 30462 26765 22875'"
0 0 0
1545283134993480 52 -1
1545283138507136 299 1
1545283138520004 9 -1
1545283138520028 13 -1
1545283138520031 1500 -1
1545283138525748 8000 -1
1545283138526372 7072 -1
1545283138526378 291 -1
0 0 0
1545283134994336 52 -1
1545283136664703 310 1
1545283136692654 9 -1
1545283136692663 13 -1
1545283136692667 1500 -1
1545283136698843 8000 -1
1545283136721747 7072 -1
1545283136721786 1500 -1
1545283136721799 1213 -1
0 0 0
1545283134668132 52 -1
1545283136679395 296 1
1545283136697781 9 -1
1545283136697788 13 -1
1545283136697791 1500 -1
1545283136706499 4770 -1
1545283137108599 166 1
1545283137112034 13 -1
1545283137113221 1500 -1
1545283137115465 3045 -1
1545283137515474 164 1
1545283137519271 13 -1
1545283137524049 1240 -1
1545283137924311 167 1
1545283137935605 13 -1
1545283137936381 1275 -1
1545283138339798 164 1
1545283138346478 13 -1
1545283138352021 1500 -1
1545283138354935 3068 -1
1545283138754949 154 1
1545283138759309 13 -1
1545283138762463 1500 -1
1545283138764119 8000 -1
1545283138764479 4510 -1
1545283139164488 164 1
1545283139168337 13 -1
1545283139171305 1500 -1
1545283139172904 8000 -1
1545283139172916 646 -1
1545283139572920 163 1
1545283139575511 13 -1
1545283139579660 1500 -1
1545283139585562 8000 -1
1545283139586913 3070 -1
1545283139986939 166 1
1545283139989477 13 -1
1545283139991305 1500 -1
1545283139991606 8000 -1
1545283139992864 2806 -1
1545283140392876 167 1
1545283140395480 13 -1
1545283140396406 1500 -1
1545283140397224 8000 -1
1545283140397812 4480 -1
1545283140797819 167 1
1545283140800697 13 -1
1545283140801612 1500 -1
1545283140802424 8000 -1
1545283140803398 6438 -1
1545283141203457 166 1
1545283141206282 13 -1
1545283141206922 1500 -1
1545283141208034 8000 -1
1545283141210931 6980 -1
1545283141210940 1500 -1
1545283141211716 6774 -1
1545283141611725 163 1
1545283141614848 13 -1
1545283141615835 1500 -1
1545283141618563 8000 -1
1545283141619367 6951 -1
1545283141619373 58 -1
1545283142019374 167 1
1545283142022277 13 -1
1545283142023303 1500 -1
1545283142023877 8000 -1
1545283142024696 6973 -1
1545283142025819 1500 -1
1545283142026294 5540 -1
1545283142426310 163 1
1545283142428896 13 -1
1545283142628621 1500 -1
1545283142628629 1500 -1
1545283142630175 4006 -1
1545283142630774 4072 -1
1545283142630783 1039 -1
1545283143030787 9 1
1545283143030796 166 1
1545283143033548 13 -1
1545283143034851 1500 -1
1545283143035664 8000 -1
1545283143036110 3157 -1
1545283143436120 164 1
1545283143438712 13 -1
1545283143577946 1500 -1
1545283143577956 1517 -1
1545283143579022 4072 -1
1545283143579316 4072 -1
1545283143580084 3859 -1
1545283143980247 154 1
1545283143982911 13 -1
1545283143984783 1500 -1
1545283143986356 8000 -1
1545283143987360 6950 -1
1545283143988044 1500 -1
1545283143988673 7115 -1
1545283144388683 166 1
1545283144392249 13 -1
1545283144393777 1500 -1
1545283144394315 8000 -1
1545283144395109 6974 -1
1545283144395120 1500 -1
1545283144397288 8000 -1
1545283144397297 2207 -1
1545283144797303 152 1
1545283144799751 13 -1
1545283144800947 1500 -1
1545283144802759 8000 -1
1545283144804107 6951 -1
1545283144804503 1500 -1
1545283144805118 6799 -1
1545283145205127 166 1
1545283145207924 13 -1
1545283145209798 1500 -1
1545283145211309 8000 -1
1545283145214771 6974 -1
1545283145214782 1500 -1
1545283145215909 8000 -1
1545283145217823 6376 -1
1545283145617835 167 1
1545283145620422 13 -1
1545283145622441 1500 -1
1545283145623063 8000 -1
1545283145624509 6941 -1
1545283145624516 1500 -1
1545283145625547 8000 -1
1545283145626264 4587 -1
1545283146026270 168 1
1545283146028966 13 -1
1545283146030140 1500 -1
1545283146030751 8000 -1
1545283146031966 6975 -1
1545283146032608 1500 -1
1545283146033309 8000 -1
1545283146033315 890 -1
1545283146433318 166 1
1545283146436066 13 -1
1545283146438131 1500 -1
1545283146438974 8000 -1
1545283146439545 6950 -1
1545283146440353 1500 -1
1545283146441477 5000 -1
1545283150493602 17 1
0 0 0
1545283134970607 52 -1
1545283136957183 312 1
1545283136972382 9 -1
1545283136972391 13 -1
1545283136972396 1500 -1
1545283136987330 8000 -1
1545283136993230 7072 -1
1545283136993240 1500 -1
1545283136997328 2611 -1
0 0 0
1545283134983445 52 -1
1545283136984842 300 1
1545283136994385 9 -1
1545283136994392 13 -1
1545283136994396 1500 -1
1545283136997467 8000 -1
1545283136999486 6258 -1
0 0 0
1545283134945552 52 -1
1545283136940298 312 1
1545283136944158 9 -1
1545283136945332 13 -1
1545283136960783 1500 -1
1545283136963523 8000 -1
1545283136973014 7072 -1
1545283136973024 1101 -1
