### "'19303 24290 26272 17467 25143 23041 26428 21104 24152 23951 27270 25845 18111 14879 18691 19114 21359 17785 30859 12896 20471 21546 32464'"
0 0 0
1545284100489636 52 -1
1545284102463276 296 1
1545284102489753 9 -1
1545284102489824 13 -1
1545284102591928 1500 -1
1545284102610744 8000 -1
1545284102624778 7183 -1
1545284102624789 352 -1
1545284102624794 1500 -1
1545284102624799 1500 -1
1545284102627679 3508 -1
1545284102645395 1064 -1
0 0 0
1545284100272387 52 -1
1545284102317112 293 1
1545284102344642 9 -1
1545284102344649 13 -1
1545284102344652 1500 -1
1545284102347915 4884 -1
1545284102747930 164 1
1545284102750550 13 -1
1545284102857140 1500 -1
1545284102857149 1551 -1
1545284102859622 1815 -1
1545284103259636 166 1
1545284103262635 13 -1
1545284103382842 1500 -1
1545284103382853 1532 -1
1545284103392920 3726 -1
1545284103792935 164 1
1545284103795601 13 -1
1545284103881449 1500 -1
1545284103882188 1516 -1
1545284103883238 4072 -1
1545284103883250 1233 -1
1545284104283256 166 1
1545284104285810 13 -1
1545284104496868 1500 -1
1545284104496875 1500 -1
1545284104497764 3980 -1
1545284104497775 132 -1
1545284104897777 164 1
1545284104900869 13 -1
1545284104997426 1500 -1
1545284104997434 1513 -1
1545284104999399 4072 -1
1545284105000075 2595 -1
1545284105400080 167 1
1545284105403001 13 -1
1545284105595844 1500 -1
1545284105597093 1500 -1
1545284105597624 3975 -1
1545284105597633 350 -1
1545284105997637 166 1
1545284106000517 13 -1
1545284106397648 164 1
1545284106400579 13 -1
1545284106431915 1500 -1
1545284106431923 1536 -1
1545284106432716 2704 -1
1545284106491599 1500 -1
1545284106491607 1500 -1
1545284106491609 1980 -1
1545284106891615 166 1
1545284106894365 13 -1
1545284107034556 1500 -1
1545284107035556 8000 -1
1545284107036043 7048 -1
1545284107036049 338 -1
1545284107036052 1500 -1
1545284107036419 1500 -1
1545284107036854 3337 -1
1545284107436865 166 1
1545284107439318 13 -1
1545284107618824 1500 -1
1545284107618831 1500 -1
1545284107619692 8000 -1
1545284107619902 5524 -1
1545284107620782 1453 -1
1545284107620793 1500 -1
1545284107621374 3777 -1
1545284107622525 3332 -1
1545284108022538 167 1
1545284108045284 13 -1
1545284108145828 1500 -1
1545284108146509 8000 -1
1545284108147592 7050 -1
1545284108147601 334 -1
1545284108147603 1500 -1
1545284108147728 1500 -1
1545284108147735 1404 -1
1545284108547742 154 1
1545284108550470 13 -1
1545284108647296 1500 -1
1545284108648341 8000 -1
1545284108649249 7024 -1
1545284108649258 352 -1
1545284108649945 1500 -1
1545284108649952 1500 -1
1545284108650327 3508 -1
1545284108650334 926 -1
1545284109050339 164 1
1545284109053081 13 -1
1545284109189786 1500 -1
1545284109193906 8000 -1
1545284109195926 7047 -1
1545284109195955 337 -1
1545284109195965 1500 -1
1545284109195975 1500 -1
1545284109196363 3508 -1
1545284109196372 740 -1
1545284109596375 166 1
1545284109598992 13 -1
1545284109742463 1500 -1
1545284109742988 8000 -1
1545284109743735 7025 -1
1545284109743744 335 -1
1545284109743749 1500 -1
1545284109744042 1500 -1
1545284109744260 3508 -1
1545284109744471 4061 -1
1545284110144479 166 1
1545284110147518 13 -1
1545284110307854 1500 -1
1545284110310993 1500 -1
1545284110311440 8000 -1
1545284110311699 5547 -1
1545284110311711 1453 -1
1545284110311837 1500 -1
1545284110312064 3775 -1
1545284110312072 2751 -1
1545284110712144 153 1
1545284110714728 13 -1
1545284110850723 1500 -1
1545284110851423 8000 -1
1545284110853281 7026 -1
1545284110853292 351 -1
1545284110853296 1394 -1
1545284111253301 153 1
1545284111258667 13 -1
1545284111260252 1500 -1
1545284111262427 8000 -1
1545284111262932 5470 -1
1545284111662945 9 1
1545284111662959 157 1
1545284111665703 13 -1
1545284111796759 1500 -1
1545284111796771 1500 -1
1545284111798129 8000 -1
1545284111800088 5524 -1
1545284111801728 1453 -1
1545284111801740 872 -1
1545284112201744 154 1
1545284112204311 13 -1
1545284112357096 1500 -1
1545284112357104 1500 -1
1545284112359482 8000 -1
1545284112362758 5548 -1
1545284112362764 1453 -1
1545284112362767 1295 -1
1545284112762771 166 1
1545284112765816 13 -1
1545284112921644 1500 -1
1545284112921976 1500 -1
1545284112922300 8000 -1
1545284112924284 5524 -1
1545284112924294 1453 -1
1545284112924885 1500 -1
1545284112924893 2040 -1
1545284113324898 155 1
1545284113328016 13 -1
1545284113430625 1500 -1
1545284113431199 8000 -1
1545284113431795 7048 -1
1545284113431802 353 -1
1545284113431805 1066 -1
1545284113831810 166 1
1545284113834626 13 -1
1545284113835876 1500 -1
1545284113836143 8000 -1
1545284113836737 6950 -1
1545284113836969 1500 -1
1545284113837206 8000 -1
1545284113837553 4984 -1
1545284114237561 155 1
1545284114240575 13 -1
1545284114393605 1500 -1
1545284114393617 1500 -1
1545284114394292 4006 -1
1545284114394514 1128 -1
1545284114794525 155 1
1545284114799029 13 -1
1545284114917919 1500 -1
1545284114919556 1529 -1
1545284114920189 4072 -1
1545284114921065 4072 -1
1545284114921072 1865 -1
1545284115321562 166 1
1545284115324349 13 -1
1545284115343385 1500 -1
1545284115346731 8000 -1
1545284115348372 7047 -1
1545284115348384 337 -1
1545284115348389 1500 -1
1545284115349577 1500 -1
1545284115349590 768 -1
1545284115749596 153 1
1545284115752272 13 -1
1545284115872890 1500 -1
1545284115874120 8000 -1
1545284115875414 7027 -1
1545284115875421 351 -1
1545284115875423 1500 -1
1545284115875426 1500 -1
1545284115875877 1829 -1
1545284116275889 154 1
1545284116278894 13 -1
1545284116281209 1500 -1
1545284116281776 8000 -1
1545284116283337 6979 -1
1545284116283837 1500 -1
1545284116284740 8000 -1
1545284116285184 6589 -1
1545284120336455 17 1
0 0 0
1545284100567319 52 -1
1545284102271396 294 1
1545284102300148 9 -1
1545284102300155 13 -1
1545284102403510 1500 -1
1545284102405757 8000 -1
1545284102443612 7182 -1
1545284102443635 355 -1
1545284102443642 1500 -1
1545284102443649 1082 -1
0 0 0
1545284100531957 52 -1
1545284104059298 309 1
1545284104063278 9 -1
1545284104063283 13 -1
1545284104160499 1500 -1
1545284104171836 8000 -1
1545284104177276 7183 -1
1545284104177293 335 -1
1545284104177298 1500 -1
1545284104180724 1500 -1
1545284104188198 3508 -1
1545284104188210 1934 -1
0 0 0
1545284100526308 52 -1
1545284102527279 309 1
1545284102532267 9 -1
1545284102543789 13 -1
1545284102634216 1500 -1
1545284102653446 8000 -1
1545284102671264 7183 -1
1545284102671272 335 -1
1545284102671275 1500 -1
1545284102671278 1500 -1
1545284102683477 3508 -1
1545284102686914 3063 -1
0 0 0
1545284100521903 52 -1
1545284102503484 296 1
1545284102514570 9 -1
1545284102516696 13 -1
1545284102784740 1500 -1
1545284102788860 8000 -1
1545284102790740 7183 -1
1545284102790749 353 -1
1545284102792113 748 -1
