### "'19976 28028 18342 24837 20470 28047 20655 23267 17779 19059 24223 16100 11474 21331 13732 12771 28040 21640 31487 22363 14146 19079 15846 23383'"
0 0 0
1545284767892144 52 -1
1545284769626633 300 1
1545284769634389 9 -1
1545284769640594 13 -1
1545284769640603 1500 -1
1545284769667242 8000 -1
1545284769672575 7071 -1
1545284769672587 1500 -1
1545284769672592 2101 -1
0 0 0
1545284767842686 52 -1
1545284769845260 299 1
1545284769852296 9 -1
1545284769873386 13 -1
1545284769873414 1500 -1
1545284769894267 8000 -1
1545284769895138 7072 -1
1545284769895144 1500 -1
1545284769901682 8000 -1
1545284769901692 2153 -1
0 0 0
1545284767877909 52 -1
1545284769872830 299 1
1545284769883036 9 -1
1545284769890653 13 -1
1545284769890662 1500 -1
1545284769894302 8000 -1
1545284769894831 7072 -1
1545284769894837 1500 -1
1545284769900765 6962 -1
0 0 0
1545284767855167 52 -1
1545284769855582 298 1
1545284769862904 9 -1
1545284769882124 13 -1
1545284769882134 1500 -1
1545284769884650 8000 -1
1545284769894515 7072 -1
1545284769894522 1500 -1
1545284769894526 467 -1
0 0 0
1545284767600845 52 -1
1545284769671538 297 1
1545284769685293 9 -1
1545284769688717 13 -1
1545284769688725 1500 -1
1545284769701620 7110 -1
1545284770101633 166 1
1545284770104558 13 -1
1545284770108027 1500 -1
1545284770108909 3753 -1
1545284770508922 166 1
1545284770511515 13 -1
1545284770515524 1500 -1
1545284770518674 7095 -1
1545284770918690 163 1
1545284770922120 13 -1
1545284770927095 1500 -1
1545284770928588 7010 -1
1545284771328610 168 1
1545284771331697 13 -1
1545284771334027 1500 -1
1545284771337747 8000 -1
1545284771337785 88 -1
1545284771737773 164 1
1545284771740657 13 -1
1545284771741381 1500 -1
1545284771741934 6021 -1
1545284772141941 167 1
1545284772144753 13 -1
1545284772145636 1500 -1
1545284772146856 5068 -1
1545284772546868 164 1
1545284772549754 13 -1
1545284772550186 1500 -1
1545284772550669 5253 -1
1545284772950676 166 1
1545284772953300 13 -1
1545284772954650 1500 -1
1545284772955388 7079 -1
1545284773355395 163 1
1545284773358303 13 -1
1545284773359023 1500 -1
1545284773359522 8000 -1
1545284773361997 6973 -1
1545284773362007 1500 -1
1545284773363385 8000 -1
1545284773363395 2172 -1
1545284773763398 167 1
1545284773765949 13 -1
1545284773767590 1500 -1
1545284773768367 8000 -1
1545284773769255 6951 -1
1545284773770005 1500 -1
1545284773770012 2780 -1
1545284774170016 154 1
1545284774172759 13 -1
1545284774175338 1500 -1
1545284774176886 8000 -1
1545284774177336 6973 -1
1545284774177724 1500 -1
1545284774178335 5392 -1
1545284774578346 166 1
1545284774581288 13 -1
1545284774582397 1500 -1
1545284774583458 8000 -1
1545284774584071 6951 -1
1545284774584081 1404 -1
1545284774984085 167 1
1545284774986911 13 -1
1545284774987759 1500 -1
1545284774988349 8000 -1
1545284774989689 6951 -1
1545284774990165 1500 -1
1545284774990178 1184 -1
1545284775390182 153 1
1545284775393163 13 -1
1545284775393770 1500 -1
1545284775394790 8000 -1
1545284775396837 6973 -1
1545284775396846 1500 -1
1545284775397628 6348 -1
1545284775797637 164 1
1545284775800507 13 -1
1545284775801708 1500 -1
1545284775802678 8000 -1
1545284775803448 6668 -1
1545284776203457 155 1
1545284776206152 13 -1
1545284776207418 1500 -1
1545284776208791 8000 -1
1545284776208802 2064 -1
1545284776608807 154 1
1545284776611709 13 -1
1545284776612464 1500 -1
1545284776613116 8000 -1
1545284776614510 6951 -1
1545284776614612 1500 -1
1545284776614619 3456 -1
1545284777014625 9 1
1545284777014635 166 1
1545284777017426 13 -1
1545284777021624 1500 -1
1545284777022631 8000 -1
1545284777023225 4322 -1
1545284777423235 166 1
1545284777425823 13 -1
1545284777426328 1500 -1
1545284777426846 8000 -1
1545284777427753 3338 -1
1545284777827763 154 1
1545284777830591 13 -1
1545284777832570 1500 -1
1545284777835723 8000 -1
1545284777837786 6950 -1
1545284777837803 1500 -1
1545284777838838 8000 -1
1545284777838851 2165 -1
1545284778238858 155 1
1545284778241770 13 -1
1545284778242810 1500 -1
1545284778244824 8000 -1
1545284778245676 6974 -1
1545284778245681 1500 -1
1545284778246272 3765 -1
1545284778646280 167 1
1545284778648934 13 -1
1545284778650596 1500 -1
1545284778651842 8000 -1
1545284778652420 6941 -1
1545284778653136 1500 -1
1545284778655930 8000 -1
1545284778656888 5612 -1
1545284779056904 164 1
1545284779059542 13 -1
1545284779060724 1500 -1
1545284779061684 8000 -1
1545284779062193 6974 -1
1545284779062434 1500 -1
1545284779062578 4488 -1
1545284779462586 166 1
1545284779465509 13 -1
1545284779466585 1500 -1
1545284779467725 8000 -1
1545284779468182 4714 -1
1545284779868192 164 1
1545284779871025 13 -1
1545284779872542 1500 -1
1545284779874102 8000 -1
1545284779874472 6951 -1
1545284779874480 1500 -1
1545284779874485 1204 -1
1545284780274512 167 1
1545284780277445 13 -1
1545284780278010 1500 -1
1545284780279377 8000 -1
1545284780280041 6435 -1
1545284780680047 166 1
1545284780682855 13 -1
1545284780684370 1500 -1
1545284780685226 8000 -1
1545284780686066 6951 -1
1545284780686741 1500 -1
1545284780686988 5508 -1
1545284784743197 17 1
0 0 0
1545284767892917 52 -1
1545284771388188 299 1
1545284771437311 9 -1
1545284771437325 13 -1
1545284771437330 1500 -1
1545284771438525 8000 -1
1545284771452663 7073 -1
1545284771452674 1500 -1
1545284771453243 2595 -1
