### "'26384 27033 26899 16286 24511 23820 17794 12445 34798 20633 19342 36054 22764 24912 16281 19272 23086 29949 27455 22506 18441 16762 18058 29288'"
0 0 0
1545078434057523 52 -1
1545078435770422 308 1
1545078435775359 9 -1
1545078435778293 13 -1
1545078435914396 1500 -1
1545078435918461 8000 -1
1545078435929100 7181 -1
1545078435929217 340 -1
1545078435929225 1500 -1
1545078435929522 1500 -1
1545078435930137 3508 -1
1545078435932072 3170 -1
0 0 0
1545078434036040 52 -1
1545078436016402 310 1
1545078436025397 9 -1
1545078436025406 13 -1
1545078436134889 1500 -1
1545078436140289 8000 -1
1545078436140385 7183 -1
1545078436140392 339 -1
1545078436140397 1500 -1
1545078436140401 1500 -1
1545078436140455 3508 -1
1545078436140506 3686 -1
0 0 0
1545078434015478 52 -1
1545078436010591 280 1
1545078436014595 9 -1
1545078436014603 13 -1
1545078436130283 1500 -1
1545078436132182 8000 -1
1545078436138826 7183 -1
1545078436138847 335 -1
1545078436138854 1500 -1
1545078436138862 1500 -1
1545078436141155 3508 -1
1545078436141645 3824 -1
0 0 0
1545078434008970 52 -1
1545078436002876 299 1
1545078436006009 9 -1
1545078436006017 13 -1
1545078436403173 9 1
1545078436422342 645 -1
1545078436557205 1500 -1
1545078436557216 1500 -1
1545078436558474 3626 -1
1545078436560131 4072 -1
1545078436561682 4072 -1
1545078436561693 1180 -1
0 0 0
1545078434039990 52 -1
1545078437602390 308 1
1545078437606102 9 -1
1545078437606619 13 -1
1545078437744851 1500 -1
1545078437744864 1500 -1
1545078437746834 8000 -1
1545078437747728 5683 -1
1545078437747741 1453 -1
1545078437747749 1500 -1
1545078437748654 3775 -1
1545078437749244 1417 -1
0 0 0
1545078433768537 52 -1
1545078435764750 266 1
1545078435772513 9 -1
1545078435775673 13 -1
1545078435775683 1500 -1
1545078435778809 5842 -1
1545078436178821 166 1
1545078436182360 13 -1
1545078436182371 1500 -1
1545078436184128 4669 -1
1545078436584213 137 1
1545078436588883 13 -1
1545078436589268 1500 -1
1545078436593158 3693 -1
1545078436993186 166 1
1545078436996398 13 -1
1545078437112481 1500 -1
1545078437112497 1601 -1
1545078437115056 3243 -1
1545078437515085 168 1
1545078437518364 13 -1
1545078437519073 1500 -1
1545078437519358 4861 -1
1545078437920082 163 1
1545078437923560 13 -1
1545078437942002 1500 -1
1545078437942122 1516 -1
1545078437943231 3170 -1
1545078438343269 167 1
1545078438346900 13 -1
1545078438450325 1500 -1
1545078438450340 1537 -1
1545078438452905 2726 -1
1545078438853415 136 1
1545078438857690 13 -1
1545078438994923 1500 -1
1545078438994937 1513 -1
1545078438997149 1908 -1
1545078439397314 155 1
1545078439400475 13 -1
1545078439494684 1500 -1
1545078439495818 8000 -1
1545078439497044 7047 -1
1545078439497065 349 -1
1545078439497071 1500 -1
1545078439497078 1500 -1
1545078439498071 3508 -1
1545078439498084 597 -1
1545078439898889 163 1
1545078439903301 13 -1
1545078440078933 1500 -1
1545078440078945 1500 -1
1545078440080469 3993 -1
1545078440080742 4072 -1
1545078440082200 4072 -1
1545078440083858 1500 -1
1545078440084146 1329 -1
1545078440084153 9 -1
1545078440484300 152 1
1545078440487771 13 -1
1545078440608218 1500 -1
1545078440608231 1500 -1
1545078440611346 4013 -1
1545078440611962 4072 -1
1545078440612834 1490 -1
1545078441012977 136 1
1545078441016456 13 -1
1545078441048714 1500 -1
1545078441050516 8000 -1
1545078441051797 7047 -1
1545078441051812 336 -1
1545078441051820 1500 -1
1545078441057966 8000 -1
1545078441059339 6893 -1
1545078441059351 1500 -1
1545078441059358 212 -1
1545078441059364 9 -1
1545078441459419 164 1
1545078441463927 13 -1
1545078441497922 1500 -1
1545078441499037 8000 -1
1545078441502516 7024 -1
1545078441502545 337 -1
1545078441502553 1500 -1
1545078441502819 1500 -1
1545078441503806 930 -1
1545078441904736 154 1
1545078441908024 13 -1
1545078442007273 1500 -1
1545078442007985 8000 -1
1545078442009561 7037 -1
1545078442009582 390 -1
1545078442009589 1500 -1
1545078442009599 1086 -1
1545078442409831 136 1
1545078442413460 13 -1
1545078442506964 1500 -1
1545078442507865 8000 -1
1545078442510519 7026 -1
1545078442510536 337 -1
1545078442510543 1500 -1
1545078442511704 8000 -1
1545078442513100 6893 -1
1545078442513113 1500 -1
1545078442513122 818 -1
1545078442513127 658 -1
1545078442913461 166 1
1545078442917138 13 -1
1545078443011866 1500 -1
1545078443011880 1532 -1
1545078443013065 2983 -1
1545078443413166 166 1
1545078443416143 13 -1
1545078443596782 1500 -1
1545078443596795 1500 -1
1545078443597254 8000 -1
1545078443598523 5526 -1
1545078443598544 1453 -1
1545078443598551 1500 -1
1545078443598982 3445 -1
1545078443999895 167 1
1545078444004089 13 -1
1545078444021671 1500 -1
1545078444024725 8000 -1
1545078444026297 7049 -1
1545078444026315 332 -1
1545078444026575 1500 -1
1545078444026586 1500 -1
1545078444029066 3508 -1
1545078444029512 1706 -1
1545078444430388 9 1
1545078444430401 139 1
1545078444433738 13 -1
1545078444551599 1500 -1
1545078444551614 1515 -1
1545078444552362 4072 -1
1545078444552848 4072 -1
1545078444553632 4072 -1
1545078444554329 1191 -1
1545078444954354 155 1
1545078444959325 13 -1
1545078445095246 1500 -1
1545078445095757 8000 -1
1545078445097046 7047 -1
1545078445097063 350 -1
1545078445097070 1500 -1
1545078445097078 1056 -1
1545078445497114 125 1
1545078445501234 13 -1
1545078445640049 1500 -1
1545078445641891 8000 -1
1545078445644001 7023 -1
1545078445644011 353 -1
1545078445644111 1500 -1
1545078445644117 1500 -1
1545078445644863 3367 -1
1545078446045661 155 1
1545078446051880 13 -1
1545078446197184 1500 -1
1545078446197200 1500 -1
1545078446200021 8000 -1
1545078446200483 5547 -1
1545078446200493 1453 -1
1545078446200501 1500 -1
1545078446200976 3790 -1
1545078446202581 4072 -1
1545078446203412 2768 -1
1545078446604857 166 1
1545078446607491 13 -1
1545078446710457 468 -1
1545078446805218 1500 -1
1545078446805821 8000 -1
1545078446806836 6893 -1
1545078446806848 1500 -1
1545078446806855 936 -1
1545078446808880 1500 -1
1545078446808894 2581 -1
1545078446809582 4072 -1
1545078446809597 174 -1
1545078447209876 164 1
1545078447213209 13 -1
1545078447244181 1500 -1
1545078447244668 8000 -1
1545078447246038 7045 -1
1545078447246060 337 -1
1545078447246069 1500 -1
1545078447246077 1500 -1
1545078447246504 2803 -1
1545078447646647 126 1
1545078447649690 13 -1
1545078447733188 1500 -1
1545078447733860 8000 -1
1545078447734968 7023 -1
1545078447734985 351 -1
1545078447734992 1500 -1
1545078447734999 224 -1
1545078448135029 153 1
1545078448138662 13 -1
1545078448385176 1500 -1
1545078448385188 1500 -1
1545078448387273 3997 -1
1545078448387657 4072 -1
1545078448388531 4072 -1
1545078448390255 1500 -1
1545078448390264 293 -1
1545078448390307 9 -1
1545078448790401 164 1
1545078448793891 13 -1
1545078448978853 1500 -1
1545078448978872 1500 -1
1545078448980404 8000 -1
1545078448982546 5523 -1
1545078448982561 1453 -1
1545078448982568 239 -1
1545078449382920 136 1
1545078449385473 13 -1
1545078449479962 495 -1
1545078449480114 1500 -1
1545078449481413 8000 -1
1545078449483453 6893 -1
1545078449483468 1500 -1
1545078449483641 1500 -1
1545078449484381 2720 -1
1545078449484706 4072 -1
1545078449487441 2794 -1
1545078453543251 17 1
