### "'20788 23590 20200 21529 19042 19488 20895 21101 21510 17887 20653 13744 19152 19228 16643 22791 20165 20829 18244 18427 21376 26199 24534 20050'"
0 0 0
1545059947983958 52 -1
1545059949967569 307 1
1545059949972929 9 -1
1545059949972938 13 -1
1545059950064892 1500 -1
1545059950066921 8000 -1
1545059950071100 7181 -1
1545059950071113 335 -1
1545059950071418 1500 -1
1545059950071430 1500 -1
1545059950073766 3508 -1
1545059950073779 381 -1
0 0 0
1545059947980869 52 -1
1545059949970247 306 1
1545059949977140 9 -1
1545059949977150 13 -1
1545059950088194 1500 -1
1545059950092078 8000 -1
1545059950093508 7181 -1
1545059950093529 339 -1
1545059950093539 1500 -1
1545059950093633 1500 -1
1545059950095017 1824 -1
0 0 0
1545059947988064 52 -1
1545059951607103 306 1
1545059951611378 9 -1
1545059951611386 13 -1
1545059951919007 628 -1
1545059952020859 1500 -1
1545059952023172 8000 -1
1545059952025489 6893 -1
1545059952025500 1500 -1
1545059952027893 2822 -1
1545059952027986 74 -1
0 0 0
1545059947958510 52 -1
1545059949960884 305 1
1545059949966121 9 -1
1545059949966133 13 -1
1545059950089149 627 -1
1545059950089159 1500 -1
1545059950090077 8000 -1
1545059950090552 6893 -1
1545059950090564 1160 -1
1545059950090573 1500 -1
1545059950090654 844 -1
0 0 0
1545059947810685 52 -1
1545059949804603 266 1
1545059949815044 9 -1
1545059949815054 13 -1
1545059949815623 1500 -1
1545059949816137 4039 -1
1545059950216800 163 1
1545059950220119 13 -1
1545059950353030 1500 -1
1545059950357449 8000 -1
1545059950368570 7083 -1
1545059950368596 339 -1
1545059950368606 1500 -1
1545059950368615 837 -1
1545059950769364 163 1
1545059950773016 13 -1
1545059950871511 1500 -1
1545059950872519 8000 -1
1545059950875046 7024 -1
1545059950875059 341 -1
1545059950875065 1500 -1
1545059950875072 1281 -1
1545059951275322 166 1
1545059951278420 13 -1
1545059951416495 1500 -1
1545059951417636 8000 -1
1545059951418477 7048 -1
1545059951418496 336 -1
1545059951418503 1500 -1
1545059951418511 1500 -1
1545059951420038 1193 -1
1545059951820056 163 1
1545059951823173 13 -1
1545059951927782 1500 -1
1545059951929535 8000 -1
1545059951931504 7023 -1
1545059951931516 338 -1
1545059951931522 1500 -1
1545059951931527 1500 -1
1545059951932840 1806 -1
1545059952333119 135 1
1545059952336377 13 -1
1545059952536943 1500 -1
1545059952536956 1500 -1
1545059952538623 8000 -1
1545059952542566 5549 -1
1545059952542582 1453 -1
1545059952542591 68 -1
1545059952943014 135 1
1545059952947142 13 -1
1545059953099225 1500 -1
1545059953099236 1500 -1
1545059953101059 8000 -1
1545059953101240 5549 -1
1545059953101249 1453 -1
1545059953101254 1500 -1
1545059953102315 1334 -1
1545059953502369 166 1
1545059953505748 13 -1
1545059953734294 1500 -1
1545059953734305 1500 -1
1545059953734943 3959 -1
1545059953735273 4072 -1
1545059953735554 2854 -1
1545059954136054 162 1
1545059954141616 13 -1
1545059954302632 1500 -1
1545059954302642 387 -1
1545059954302649 1500 -1
1545059954303728 8000 -1
1545059954304244 6613 -1
1545059954304256 1333 -1
1545059954705197 162 1
1545059954708083 13 -1
1545059954869437 1500 -1
1545059954869449 1500 -1
1545059954870151 8000 -1
1545059954873240 5527 -1
1545059954873257 1453 -1
1545059954873264 1409 -1
1545059955273436 164 1
1545059955276747 13 -1
1545059955295628 1500 -1
1545059955295640 1538 -1
1545059955296488 4072 -1
1545059955296807 4072 -1
1545059955297808 4072 -1
1545059955300521 1500 -1
1545059955300540 61 -1
1545059955300547 9 -1
1545059955700589 166 1
1545059955703691 13 -1
1545059955930561 1500 -1
1545059955930574 1500 -1
1545059955933369 8000 -1
1545059955935450 5525 -1
1545059955935463 1453 -1
1545059955935471 1500 -1
1545059955935915 3472 -1
1545059956335975 166 1
1545059956338836 13 -1
1545059956547587 1500 -1
1545059956547603 1500 -1
1545059956548274 8000 -1
1545059956549293 5548 -1
1545059956549311 1453 -1
1545059956549534 1500 -1
1545059956550284 846 -1
1545059956950808 9 1
1545059956951081 166 1
1545059956953757 13 -1
1545059957150484 1500 -1
1545059957150498 1500 -1
1545059957151537 8000 -1
1545059957152361 5547 -1
1545059957152711 1453 -1
1545059957152717 1500 -1
1545059957154747 1510 -1
1545059957554863 135 1
1545059957558913 13 -1
1545059957745397 1500 -1
1545059957747712 1500 -1
1545059957748900 8000 -1
1545059957749935 5524 -1
1545059957749965 1453 -1
1545059957749973 425 -1
1545059958150290 163 1
1545059958153188 13 -1
1545059958494673 1500 -1
1545059958494685 388 -1
1545059958585876 1500 -1
1545059958586234 8000 -1
1545059958587345 6613 -1
1545059958588824 406 -1
1545059958588836 211 -1
1545059958988956 154 1
1545059958995318 13 -1
1545059959212626 1500 -1
1545059959212638 1500 -1
1545059959212822 8000 -1
1545059959213264 5549 -1
1545059959213278 1453 -1
1545059959213286 1500 -1
1545059959214081 2057 -1
1545059959614474 166 1
1545059959617670 13 -1
1545059959792892 1500 -1
1545059959792910 1500 -1
1545059959794382 8000 -1
1545059959795166 5524 -1
1545059959795177 1453 -1
1545059959795183 1500 -1
1545059959795373 3764 -1
1545059959798195 3116 -1
1545059960199167 164 1
1545059960202229 13 -1
1545059960397377 1500 -1
1545059960397394 1500 -1
1545059960398238 8000 -1
1545059960399433 5547 -1
1545059960399450 1453 -1
1545059960399459 1500 -1
1545059960399855 3775 -1
1545059960400356 1440 -1
1545059960801223 164 1
1545059960803974 13 -1
1545059961007519 1500 -1
1545059961007534 1500 -1
1545059961008373 8000 -1
1545059961010238 5547 -1
1545059961010263 1453 -1
1545059961010270 1500 -1
1545059961010314 731 -1
1545059965057455 17 1
0 0 0
1545059947998060 52 -1
1545059949804161 306 1
1545059949806751 9 -1
1545059949807749 13 -1
1545059949944184 1500 -1
1545059949945264 8000 -1
1545059949947334 7183 -1
1545059949947353 337 -1
1545059949947360 1500 -1
1545059949947368 1500 -1
1545059949948877 1085 -1
