### "'18276 15750 16851 15303 34904 25038 21227 23821 29087 10796 10924 13156 24482 18315 16025 13291 17242 14364 10894 14034 13672'"
0 0 0
1545082339902873 52 -1
1545082341899593 296 1
1545082341902723 9 -1
1545082341904690 13 -1
1545082341904696 1500 -1
1545082341906261 8000 -1
1545082341906786 6436 -1
0 0 0
1545082339654106 52 -1
1545082341663646 291 1
1545082341678494 9 -1
1545082341678509 13 -1
1545082341678516 1500 -1
1545082341678534 1464 -1
1545082342078593 166 1
1545082342082293 13 -1
1545082342083540 1500 -1
1545082342084888 6939 -1
1545082342485297 164 1
1545082342488961 13 -1
1545082342489728 1500 -1
1545082342490822 6187 -1
1545082342891117 166 1
1545082342893893 13 -1
1545082342894415 1500 -1
1545082342895636 5755 -1
1545082343296006 164 1
1545082343298949 13 -1
1545082343299886 1500 -1
1545082343301401 4239 -1
1545082343702077 135 1
1545082343705002 13 -1
1545082343706399 1500 -1
1545082343707659 6869 -1
1545082344107735 167 1
1545082344110405 13 -1
1545082344111590 1500 -1
1545082344112169 6400 -1
1545082344512181 164 1
1545082344514813 13 -1
1545082344515418 1500 -1
1545082344515743 5092 -1
1545082344915863 136 1
1545082344919097 13 -1
1545082345069311 1500 -1
1545082345069329 1500 -1
1545082345070309 2375 -1
1545082345470875 164 1
1545082345475133 13 -1
1545082345475142 1500 -1
1545082345475847 8000 -1
1545082345476318 6951 -1
1545082345476353 1500 -1
1545082345477024 8000 -1
1545082345479326 6893 -1
1545082345479341 1500 -1
1545082345479348 645 -1
1545082345879384 166 1
1545082345885872 13 -1
1545082345885879 1500 -1
1545082345886762 8000 -1
1545082345887713 6951 -1
1545082345887726 1500 -1
1545082345888698 7163 -1
1545082346288836 164 1
1545082346295293 13 -1
1545082346295303 1500 -1
1545082346297564 8000 -1
1545082346299183 6973 -1
1545082346299203 1500 -1
1545082346300423 3352 -1
1545082346700692 125 1
1545082346704051 13 -1
1545082346706942 1500 -1
1545082346708873 8000 -1
1545082346709219 6951 -1
1545082346709230 1500 -1
1545082346709927 5946 -1
1545082347109993 126 1
1545082347114760 13 -1
1545082347115342 1500 -1
1545082347115908 8000 -1
1545082347117421 6973 -1
1545082347117433 1500 -1
1545082347118851 8000 -1
1545082347121196 3212 -1
1545082347521414 154 1
1545082347525477 13 -1
1545082347525484 1500 -1
1545082347526847 8000 -1
1545082347526859 1363 -1
1545082347927045 154 1
1545082347932280 13 -1
1545082347932287 1500 -1
1545082347933135 8000 -1
1545082347933150 1490 -1
1545082348333256 154 1
1545082348338480 13 -1
1545082348339888 1500 -1
1545082348341056 8000 -1
1545082348341338 3745 -1
1545082348741453 154 1
1545082348745836 13 -1
1545082348746287 1500 -1
1545082348747020 8000 -1
1545082348747649 6951 -1
1545082348747663 1500 -1
1545082348748277 6607 -1
1545082349148346 9 1
1545082349148359 169 1
1545082349153434 13 -1
1545082349154849 1500 -1
1545082349155437 8000 -1
1545082349158152 6974 -1
1545082349158174 1500 -1
1545082349158191 440 -1
1545082349558220 166 1
1545082349561077 13 -1
1545082349563696 1500 -1
1545082349566752 8000 -1
1545082349567286 6592 -1
1545082349967853 126 1
1545082349972161 13 -1
1545082349973068 1500 -1
1545082349974700 8000 -1
1545082349975575 3858 -1
1545082350375605 153 1
1545082350379816 13 -1
1545082350379822 1500 -1
1545082350380762 8000 -1
1545082350381688 6973 -1
1545082350381712 867 -1
1545082350782729 164 1
1545082350787081 13 -1
1545082350787090 1500 -1
1545082350788171 8000 -1
1545082350789432 4932 -1
1545082351193105 153 1
1545082351197756 13 -1
1545082351198766 1500 -1
1545082351201336 8000 -1
1545082351201782 1483 -1
1545082351601818 154 1
1545082351606746 13 -1
1545082351606758 1500 -1
1545082351607205 6412 -1
1545082352007255 154 1
1545082352013340 13 -1
1545082352015159 1500 -1
1545082352015717 8000 -1
1545082352016887 4625 -1
1545082352417918 136 1
1545082352421081 13 -1
1545082352423056 1500 -1
1545082352423981 8000 -1
1545082352424773 4240 -1
1545082352825475 153 1
1545082352828910 13 -1
1545082352831031 1500 -1
1545082352832153 8000 -1
1545082352832173 144 -1
1545082356885833 17 1
0 0 0
1545082339930422 52 -1
1545082343501630 293 1
1545082343504652 9 -1
1545082343505175 13 -1
1545082343505181 1500 -1
1545082343506396 8000 -1
1545082343508469 5991 -1
0 0 0
1545082339968427 52 -1
1545082341652242 295 1
1545082341658035 9 -1
1545082341663223 13 -1
1545082341663803 1500 -1
1545082341664921 8000 -1
1545082341665035 7072 -1
1545082341665043 1500 -1
1545082341665048 401 -1
0 0 0
1545082339908425 52 -1
1545082341903995 267 1
1545082341908871 9 -1
1545082341908879 13 -1
1545082341910165 1500 -1
1545082341912624 8000 -1
1545082341915340 7073 -1
1545082341915355 476 -1
0 0 0
1545082339932055 52 -1
1545082341931259 294 1
1545082341935997 9 -1
1545082341936008 13 -1
1545082341936013 1500 -1
1545082341937051 8000 -1
1545082341937064 94 -1
