### "'20806 18329 19735 19973 18404 18340 23834 27225 18061 17417 19718 28296 25239 32111 16244 19742 20920 23967 21674 15246 27969 25463 17069'"
0 0 0
1545082853507793 52 -1
1545082855503040 306 1
1545082855516953 9 -1
1545082855517032 13 -1
1545082855517041 1500 -1
1545082855517054 1932 -1
1545082855917414 168 1
1545082855922044 13 -1
1545082855922083 1500 -1
1545082855922241 2581 -1
1545082856322256 166 1
1545082856326231 13 -1
1545082856326239 1500 -1
1545082856326631 8000 -1
1545082856327691 6974 -1
1545082856329088 1500 -1
1545082856329101 529 -1
1545082856729273 136 1
1545082856732909 13 -1
1545082856733922 1500 -1
1545082856734834 7860 -1
1545082857134889 163 1
1545082857138503 13 -1
1545082857140077 1500 -1
1545082857140687 8000 -1
1545082857141724 6974 -1
1545082857141738 1500 -1
1545082857141799 465 -1
1545082857542115 166 1
1545082857545567 13 -1
1545082857547440 1500 -1
1545082857547978 8000 -1
1545082857549411 6951 -1
1545082857549435 1500 -1
1545082857551288 8000 -1
1545082857551302 1350 -1
1545082857951597 164 1
1545082857955021 13 -1
1545082857956431 1500 -1
1545082857957301 8000 -1
1545082857959052 6950 -1
1545082857959070 1500 -1
1545082857959253 186 -1
1545082858360795 164 1
1545082858365856 13 -1
1545082858481432 1500 -1
1545082858482074 8000 -1
1545082858482570 7082 -1
1545082858482629 340 -1
1545082858482636 711 -1
1545082858883265 154 1
1545082858885843 13 -1
1545082858887909 1500 -1
1545082858888766 8000 -1
1545082858890076 6952 -1
1545082858890095 1500 -1
1545082858890793 1843 -1
1545082859292052 137 1
1545082859295982 13 -1
1545082859297884 1500 -1
1545082859298622 8000 -1
1545082859300501 6973 -1
1545082859300516 1500 -1
1545082859303604 8000 -1
1545082859303624 2421 -1
1545082859703632 167 1
1545082859707990 13 -1
1545082859708662 1500 -1
1545082859709328 8000 -1
1545082859710217 6951 -1
1545082859710825 1500 -1
1545082859711864 7364 -1
1545082860113097 164 1
1545082860117890 13 -1
1545082860117897 1500 -1
1545082860118272 8000 -1
1545082860118903 6978 -1
1545082860118922 1500 -1
1545082860120484 8000 -1
1545082860127548 6236 -1
1545082860529118 163 1
1545082860531878 13 -1
1545082860533018 1500 -1
1545082860534508 8000 -1
1545082860535433 6812 -1
1545082860936363 9 1
1545082860936376 167 1
1545082860940810 13 -1
1545082860940820 1500 -1
1545082860942403 8000 -1
1545082860947433 6951 -1
1545082860947445 1500 -1
1545082860947453 1867 -1
1545082861347696 126 1
1545082861350991 13 -1
1545082861352081 1500 -1
1545082861354297 8000 -1
1545082861355398 6974 -1
1545082861355411 1500 -1
1545082861355826 3045 -1
1545082861756390 163 1
1545082861759714 13 -1
1545082861759896 1500 -1
1545082861760572 8000 -1
1545082861761667 6952 -1
1545082861761684 1500 -1
1545082861763095 6092 -1
1545082862163344 155 1
1545082862167557 13 -1
1545082862169230 1500 -1
1545082862170076 8000 -1
1545082862171374 6974 -1
1545082862171392 1500 -1
1545082862171745 3799 -1
1545082862571844 167 1
1545082862574626 13 -1
1545082862575810 1500 -1
1545082862576919 8000 -1
1545082862577379 5813 -1
1545082862977509 166 1
1545082862981554 13 -1
1545082862982534 1500 -1
1545082862983109 8000 -1
1545082862984937 6950 -1
1545082862984956 1500 -1
1545082862986268 8000 -1
1545082862986281 2094 -1
1545082863387449 136 1
1545082863391907 13 -1
1545082863391915 1500 -1
1545082863393415 8000 -1
1545082863394630 6974 -1
1545082863394648 1500 -1
1545082863395403 7588 -1
1545082863795785 166 1
1545082863801330 13 -1
1545082863801340 1500 -1
1545082863803044 8000 -1
1545082863803912 6956 -1
1545082863803936 694 -1
1545082867859240 17 1
0 0 0
1545082853759728 52 -1
1545082855758808 315 1
1545082855762536 9 -1
1545082855764715 13 -1
1545082855764722 1500 -1
1545082855766005 8000 -1
1545082855769416 7072 -1
1545082855769429 1500 -1
1545082855769436 1860 -1
0 0 0
1545082853798381 52 -1
1545082855502473 307 1
1545082855506557 9 -1
1545082855510657 13 -1
1545082855510671 1500 -1
1545082855512774 8000 -1
1545082855514002 7073 -1
1545082855514352 1500 -1
1545082855514936 2931 -1
0 0 0
1545082853775462 52 -1
1545082855768836 317 1
1545082855775244 9 -1
1545082855775253 13 -1
1545082855776640 1500 -1
1545082855784040 8000 -1
1545082855784144 7072 -1
1545082855784151 1500 -1
1545082855784192 2098 -1
0 0 0
1545082853785838 52 -1
1545082857335036 307 1
1545082857339498 9 -1
1545082857339507 13 -1
1545082857339512 1500 -1
1545082857341482 8000 -1
1545082857343009 7073 -1
1545082857343019 1500 -1
1545082857343772 5959 -1
0 0 0
1545082853749851 52 -1
1545082855750883 279 1
1545082855754948 9 -1
1545082855754958 13 -1
1545082855754964 1500 -1
1545082855757669 8000 -1
1545082855760479 7073 -1
1545082855760493 1500 -1
1545082855761147 454 -1
