### "'21286 20718 29323 19723 22613 28796 20571 24240 19543 26230 18213 19872 40042 11527 11893 10089 34207 11183 32510 16044 39921'"
0 0 0
1545083981133209 52 -1
1545083983132610 313 1
1545083983134999 9 -1
1545083983135776 13 -1
1545083983484062 1500 -1
1545083983484075 1500 -1
1545083983485001 8000 -1
1545083983486118 5683 -1
1545083983486137 1453 -1
1545083983486144 1500 -1
1545083983486402 404 -1
0 0 0
1545083981169081 52 -1
1545083982911843 281 1
1545083982914672 9 -1
1545083982915913 13 -1
1545083983085986 1500 -1
1545083983086001 1500 -1
1545083983088184 8000 -1
1545083983091448 5682 -1
1545083983091462 1453 -1
1545083983091470 1500 -1
1545083983092716 1967 -1
0 0 0
1545083981128681 52 -1
1545083983122540 311 1
1545083983127803 9 -1
1545083983127812 13 -1
1545083983305739 1500 -1
1545083983305755 1500 -1
1545083983307260 8000 -1
1545083983310403 5683 -1
1545083983310414 1453 -1
1545083983310422 1500 -1
1545083983311720 1399 -1
0 0 0
1545083981142338 52 -1
1545083983159324 311 1
1545083983162915 9 -1
1545083983162924 13 -1
1545083983324321 1500 -1
1545083983324336 1500 -1
1545083983324603 8000 -1
1545083983327929 5683 -1
1545083983327940 1453 -1
1545083983327947 1500 -1
1545083983329623 3774 -1
1545083983330734 4072 -1
1545083983331934 2158 -1
0 0 0
1545083981161073 52 -1
1545083984724978 312 1
1545083984728132 9 -1
1545083984729026 13 -1
1545083984941431 1500 -1
1545083984941446 1500 -1
1545083984942212 8000 -1
1545083984943720 5684 -1
1545083984945106 1453 -1
1545083984945120 1500 -1
1545083984946656 3294 -1
0 0 0
1545083980914610 52 -1
1545083982919723 295 1
1545083982926936 9 -1
1545083982926945 13 -1
1545083982926951 1500 -1
1545083982943213 3950 -1
1545083983343601 168 1
1545083983347399 13 -1
1545083983570529 1500 -1
1545083983570542 1500 -1
1545083983570897 3348 -1
1545083983971192 164 1
1545083983974226 13 -1
1545083984127875 1500 -1
1545083984127887 195 -1
1545083984527896 166 1
1545083984531229 13 -1
1545083984664189 1500 -1
1545083984664912 1508 -1
1545083984664927 3125 -1
1545083985066198 166 1
1545083985069905 13 -1
1545083985089336 1500 -1
1545083985090601 8000 -1
1545083985090791 7049 -1
1545083985090848 336 -1
1545083985090858 1500 -1
1545083985091145 1500 -1
1545083985092236 3508 -1
1545083985093944 4072 -1
1545083985095134 1514 -1
1545083985495487 154 1
1545083985500932 13 -1
1545083985666699 1500 -1
1545083985666710 1500 -1
1545083985667161 8000 -1
1545083985667510 5524 -1
1545083985667521 1453 -1
1545083985667527 1500 -1
1545083985668071 1252 -1
1545083986068374 164 1
1545083986072544 13 -1
1545083986243010 1500 -1
1545083986243022 1500 -1
1545083986244552 8000 -1
1545083986245361 5549 -1
1545083986245372 1453 -1
1545083986245380 1500 -1
1545083986246176 3765 -1
1545083986246778 1156 -1
1545083986646824 166 1
1545083986651215 13 -1
1545083986834917 1500 -1
1545083986834936 1500 -1
1545083986835417 8000 -1
1545083986836407 5523 -1
1545083986836419 1453 -1
1545083986836425 1500 -1
1545083986836429 224 -1
1545083987237632 167 1
1545083987241476 13 -1
1545083987414495 394 -1
1545083987414505 1500 -1
1545083987414512 9 -1
1545083987415088 1500 -1
1545083987415662 8000 -1
1545083987416066 6604 -1
1545083987416617 1500 -1
1545083987416631 1500 -1
1545083987417115 2763 -1
1545083987418031 2648 -1
1545083987818137 166 1
1545083987821757 13 -1
1545083987967756 1500 -1
1545083987967771 1500 -1
1545083987969172 8000 -1
1545083987970964 5526 -1
1545083987970980 1453 -1
1545083987970990 394 -1
1545083988372200 166 1
1545083988378018 13 -1
1545083988546355 1500 -1
1545083988546367 1500 -1
1545083988548715 8000 -1
1545083988549954 5547 -1
1545083988549968 1453 -1
1545083988550084 1500 -1
1545083988550090 553 -1
1545083988950427 167 1
1545083988954481 13 -1
1545083989142550 1500 -1
1545083989142562 1500 -1
1545083989145205 8000 -1
1545083989147775 5547 -1
1545083989147792 1453 -1
1545083989239191 1500 -1
1545083989240086 8000 -1
1545083989241340 6893 -1
1545083989241351 1071 -1
1545083989241358 1500 -1
1545083989241941 2581 -1
1545083989241955 696 -1
1545083989642624 154 1
1545083989647778 13 -1
1545083990044131 153 1
1545083990048079 13 -1
1545083990061463 1500 -1
1545083990061478 401 -1
1545083990081442 1500 -1
1545083990081460 1559 -1
1545083990082103 4072 -1
1545083990082263 4072 -1
1545083990082274 819 -1
1545083990159356 1500 -1
1545083990159892 3604 -1
1545083990160968 3040 -1
1545083990160977 1655 -1
1545083990562321 153 1
1545083990566305 13 -1
1545083990707417 1500 -1
1545083990707486 1500 -1
1545083990707967 3973 -1
1545083990709499 3257 -1
1545083991109670 9 1
1545083991109682 157 1
1545083991112537 13 -1
1545083991312845 1500 -1
1545083991312856 1500 -1
1545083991313789 8000 -1
1545083991315299 5548 -1
1545083991315311 1453 -1
1545083991315315 1500 -1
1545083991317055 3780 -1
1545083991317620 4072 -1
1545083991317941 4072 -1
1545083991318360 2964 -1
1545083991718492 153 1
1545083991722757 13 -1
1545083991885388 1500 -1
1545083991885399 1500 -1
1545083991885592 3976 -1
1545083991886192 4072 -1
1545083991886207 275 -1
1545083992286487 153 1
1545083992290086 13 -1
1545083992476447 1500 -1
1545083992476461 1500 -1
1545083992477590 8000 -1
1545083992479907 5548 -1
1545083992479920 1453 -1
1545083992479927 1500 -1
1545083992481729 3791 -1
1545083992482234 4072 -1
1545083992483292 4072 -1
1545083992483753 1256 -1
1545083992886579 155 1
1545083992889707 13 -1
1545083993057048 1500 -1
1545083993057059 1500 -1
1545083993059167 3998 -1
1545083993059550 1166 -1
1545083993460929 153 1
1545083993464224 13 -1
1545083993607631 1500 -1
1545083993607641 1500 -1
1545083993608596 3977 -1
1545083993608684 2872 -1
1545083994010326 153 1
1545083994015146 13 -1
1545083994074417 1500 -1
1545083994074432 1500 -1
1545083994074576 4007 -1
1545083994076378 2875 -1
1545083994476738 163 1
1545083994482425 13 -1
1545083994642824 1500 -1
1545083994642835 1500 -1
1545083994643702 3961 -1
1545083994644270 4072 -1
1545083994645545 4072 -1
1545083994645559 1080 -1
1545083995045581 154 1
1545083995050181 13 -1
1545083995495775 1500 -1
1545083995495801 400 -1
1545083995609976 1500 -1
1545083995610864 8000 -1
1545083995611800 6599 -1
1545083995612544 1500 -1
1545083995613152 8000 -1
1545083995613791 6893 -1
1545083995664384 1500 -1
1545083995665345 2630 -1
1545083995665365 1588 -1
1545083999713930 17 1
