### "'213055 18693 67007 127658 8287 10458 9402 9698 9583 67007 313504 407525 310848 415003 375423 247049'"
0 0 0
1545401442278039 203 1
1545401442289871 39 -1
1545401442289878 13 -1
1545401442289881 9 -1
1545401442289885 311 -1
1545401442289892 9 -1
1545401442289895 3151 -1
1545401442335572 9 1
1545401442335585 17 1
0 0 0
1545401442256158 195 1
1545401442261993 39 -1
1545401442262481 13 -1
1545401442274713 9 -1
1545401442274718 307 -1
1545401442274724 9 -1
1545401442274730 9 1
1545401442281734 16383 -1
1545401442281746 1 -1
1545401442281751 9 -1
1545401442288487 16383 -1
1545401442288500 1 -1
1545401442288504 9 -1
1545401442290161 16382 -1
1545401442290171 2 -1
1545401442290175 9 -1
1545401442290271 16381 -1
1545401442290278 3 -1
1545401442290281 9 -1
1545401442290400 16383 -1
1545401442290406 1 -1
1545401442290410 9 -1
1545401442290511 16382 -1
1545401442290516 2 -1
1545401442290520 9 -1
1545401442290607 16381 -1
1545401442290613 3 -1
1545401442290616 9 -1
1545401442290694 16380 -1
1545401442290699 4 -1
1545401442290702 9 -1
1545401442290784 16383 -1
1545401442290788 1 -1
1545401442290790 9 -1
1545401442290854 16382 -1
1545401442290858 2 -1
1545401442290861 9 -1
1545401442290960 16381 -1
1545401442290966 3 -1
1545401442290969 9 -1
1545401442291095 16380 -1
1545401442291109 4 -1
1545401442291116 9 -1
1545401442291474 16379 -1
1545401442291502 5 -1
1545401442291507 9 -1
1545401442291513 63 -1
1545401442352231 90 1
1545401442363198 159 -1
1545401442363209 9 -1
1545401442369322 16383 -1
1545401442369336 1 -1
1545401442369341 9 -1
1545401442369455 16382 -1
1545401442369463 2 -1
1545401442369467 9 -1
1545401442370838 16381 -1
1545401442370849 3 -1
1545401442370853 9 -1
1545401442373310 16380 -1
1545401442373323 4 -1
1545401442373327 9 -1
1545401442373331 1471 -1
1545401443266476 78 1
1545401443266486 78 1
1545401443266489 77 1
1545401443266492 78 1
1545401443266495 78 1
1545401443272823 170 -1
1545401443272835 9 -1
1545401443274034 3507 -1
1545401443274047 148 -1
1545401443274052 9 -1
1545401443277450 2439 -1
1545401443277465 148 -1
1545401443277470 9 -1
1545401443278735 2439 -1
1545401443278749 148 -1
1545401443278753 9 -1
1545401443278757 2261 -1
1545401443278762 146 -1
1545401443278766 9 -1
1545401443284166 3329 -1
1545401443554763 63 1
1545401443554775 63 1
1545401443554780 62 1
1545401443554785 63 1
1545401443554789 63 1
1545401443554793 63 1
1545401443561483 128 -1
1545401443561508 9 -1
1545401443562546 8287 -1
1545401443562560 129 -1
1545401443562564 9 -1
1545401443574458 7227 -1
1545401443574472 130 -1
1545401443574477 9 -1
1545401443575778 10458 -1
1545401443575791 234 -1
1545401443576443 9 -1
1545401443579302 9402 -1
1545401443579314 125 -1
1545401443579318 9 -1
1545401443579736 9698 -1
1545401443583027 130 -1
1545401443583035 9 -1
1545401443583930 9583 -1
1545401445951998 87 1
1545401445959197 182 -1
1545401445959210 9 -1
1545401445959369 16383 -1
1545401445959377 1 -1
1545401445959381 9 -1
1545401445959495 16383 -1
1545401445959501 1 -1
1545401445959504 9 -1
1545401445959660 16382 -1
1545401445959666 2 -1
1545401445959670 9 -1
1545401445961083 16381 -1
1545401445961096 3 -1
1545401445961100 9 -1
1545401445961104 1471 -1
1545401446754703 78 1
1545401446769823 166 -1
1545401446769837 9 -1
1545401446769842 3151 -1
1545401447159237 407 1
1545401447167174 157 -1
1545401447171374 9 -1
1545401447175411 16383 -1
1545401447175424 1 -1
1545401447175428 9 -1
1545401447175971 16382 -1
1545401447175987 2 -1
1545401447175990 9 -1
1545401447179905 16381 -1
1545401447179919 3 -1
1545401447179924 9 -1
1545401447181703 16380 -1
1545401447181716 4 -1
1545401447181721 9 -1
1545401447183310 16379 -1
1545401447183322 5 -1
1545401447183328 9 -1
1545401447197003 16378 -1
1545401447197019 6 -1
1545401447197025 9 -1
1545401447204546 408 1
1545401447213091 16377 -1
1545401447213106 7 -1
1545401447213112 9 -1
1545401447218841 16376 -1
1545401447218857 8 -1
1545401447218863 9 -1
1545401447225913 16383 -1
1545401447225968 1 -1
1545401447226011 9 -1
1545401447233317 16382 -1
1545401447233332 2 -1
1545401447233337 9 -1
1545401447239518 16381 -1
1545401447239532 3 -1
1545401447239537 9 -1
1545401447244345 16380 -1
1545401447244357 4 -1
1545401447244361 9 -1
1545401447250742 16379 -1
1545401447250779 5 -1
1545401447250785 9 -1
1545401447255244 16378 -1
1545401447255258 6 -1
1545401447255263 9 -1
1545401447266181 16377 -1
1545401447266197 7 -1
1545401447266202 9 -1
1545401447271028 16376 -1
1545401447271045 8 -1
1545401447271050 9 -1
1545401447277591 16375 -1
1545401447277603 9 -1
1545401447277606 9 -1
1545401447285197 16374 -1
1545401447285211 10 -1
1545401447285215 9 -1
1545401447295155 16373 -1
1545401447295167 11 -1
1545401447295171 9 -1
1545401447296414 2208 -1
1545401447296420 138 -1
1545401447296423 9 -1
1545401447299431 16383 -1
1545401447299442 1 -1
1545401447299446 9 -1
1545401447300669 16382 -1
1545401447300679 2 -1
1545401447300683 9 -1
1545401447303181 16383 -1
1545401447303203 1 -1
1545401447303208 9 -1
1545401447312078 16382 -1
1545401447312093 2 -1
1545401447312100 9 -1
1545401447314196 16381 -1
1545401447314209 3 -1
1545401447314214 9 -1
1545401447337962 16380 -1
1545401447337976 4 -1
1545401447337981 9 -1
1545401447341032 16379 -1
1545401447341044 5 -1
1545401447341049 9 -1
1545401447344527 406 1
1545401447349338 16378 -1
1545401447349349 6 -1
1545401447349353 9 -1
1545401447353232 16377 -1
1545401447353250 7 -1
1545401447353255 9 -1
1545401447359483 16376 -1
1545401447359497 8 -1
1545401447359502 9 -1
1545401447364905 16375 -1
1545401447364915 9 -1
1545401447364921 9 -1
1545401447368575 16374 -1
1545401447368583 10 -1
1545401447368586 9 -1
1545401447381727 16373 -1
1545401447381740 11 -1
1545401447381745 9 -1
1545401447387458 16372 -1
1545401447387466 12 -1
1545401447387470 9 -1
1545401447393428 16371 -1
1545401447393439 13 -1
1545401447393442 9 -1
1545401447395882 16370 -1
1545401447395889 14 -1
1545401447395892 9 -1
1545401447400265 16383 -1
1545401447400274 1 -1
1545401447400279 9 -1
1545401447406156 16382 -1
1545401447406166 2 -1
1545401447406170 9 -1
1545401447411983 16381 -1
1545401447411995 3 -1
1545401447412000 9 -1
1545401447415663 16380 -1
1545401447415671 4 -1
1545401447415674 9 -1
1545401447419773 16379 -1
1545401447419784 5 -1
1545401447419789 9 -1
1545401447423738 16378 -1
1545401447423750 6 -1
1545401447423754 9 -1
1545401447431653 16377 -1
1545401447431666 7 -1
1545401447431671 9 -1
1545401447435540 16376 -1
1545401447435548 8 -1
1545401447435551 9 -1
1545401447439329 14309 -1
1545401447439343 137 -1
1545401447439348 9 -1
1545401447443784 16383 -1
1545401447443794 1 -1
1545401447443797 9 -1
1545401447446469 16383 -1
1545401447446476 1 -1
1545401447446479 9 -1
1545401447455702 16382 -1
1545401447455715 2 -1
1545401447455720 9 -1
1545401447459057 16381 -1
1545401447459072 3 -1
1545401447459077 9 -1
1545401447470638 16383 -1
1545401447470650 1 -1
1545401447470655 9 -1
1545401447474533 16383 -1
1545401447474548 1 -1
1545401447474553 9 -1
1545401447475674 16382 -1
1545401447475687 2 -1
1545401447475691 9 -1
1545401447475987 16381 -1
1545401447475996 3 -1
1545401447476000 9 -1
1545401447476251 16380 -1
1545401447476259 4 -1
1545401447476262 9 -1
1545401447476513 16379 -1
1545401447476519 5 -1
1545401447476524 9 -1
1545401447476930 16378 -1
1545401447476937 6 -1
1545401447476941 9 -1
1545401447477380 16383 -1
1545401447477388 1 -1
1545401447477392 9 -1
1545401447478678 16383 -1
1545401447478688 1 -1
1545401447478693 9 -1
1545401447481482 16383 -1
1545401447481490 1 -1
1545401447481492 9 -1
1545401447483988 16382 -1
1545401447483999 2 -1
1545401447484004 9 -1
1545401447486893 16381 -1
1545401447486901 3 -1
1545401447486904 9 -1
1545401447488573 16383 -1
1545401447488583 1 -1
1545401447488587 9 -1
1545401447493701 16382 -1
1545401447493711 2 -1
1545401447493714 9 -1
1545401447499498 15936 -1
1545401450014729 407 1
1545401450022376 157 -1
1545401450022386 9 -1
1545401450032702 16383 -1
1545401450032713 1 -1
1545401450032715 9 -1
1545401450035808 16382 -1
1545401450035822 2 -1
1545401450035827 9 -1
1545401450049601 406 1
1545401450054681 16381 -1
1545401450054695 3 -1
1545401450054700 9 -1
1545401450069717 16383 -1
1545401450069729 1 -1
1545401450069732 9 -1
1545401450071383 16382 -1
1545401450071393 2 -1
1545401450071396 9 -1
1545401450073873 16381 -1
1545401450073887 3 -1
1545401450073892 9 -1
1545401450074308 16380 -1
1545401450074321 4 -1
1545401450074326 9 -1
1545401450079561 16379 -1
1545401450079580 5 -1
1545401450079586 9 -1
1545401450085172 16378 -1
1545401450085184 6 -1
1545401450085187 9 -1
1545401450094314 16377 -1
1545401450094329 7 -1
1545401450094333 9 -1
1545401450099466 16376 -1
1545401450099479 8 -1
1545401450099482 9 -1
1545401450105230 16375 -1
1545401450105241 9 -1
1545401450105244 9 -1
1545401450105372 16374 -1
1545401450105379 10 -1
1545401450105383 9 -1
1545401450105488 16373 -1
1545401450105495 11 -1
1545401450105499 9 -1
1545401450105596 16372 -1
1545401450105602 12 -1
1545401450105605 9 -1
1545401450105742 16371 -1
1545401450105748 13 -1
1545401450105751 9 -1
1545401450105828 16370 -1
1545401450105832 14 -1
1545401450105835 9 -1
1545401450105905 16369 -1
1545401450105909 15 -1
1545401450105912 9 -1
1545401450106005 16368 -1
1545401450106010 16 -1
1545401450106014 9 -1
1545401450106681 16383 -1
1545401450106693 1 -1
1545401450106697 9 -1
1545401450106805 16382 -1
1545401450106811 2 -1
1545401450106814 9 -1
1545401450106903 16381 -1
1545401450106908 3 -1
1545401450106911 9 -1
1545401450107027 16380 -1
1545401450107032 4 -1
1545401450107035 9 -1
1545401450107144 16379 -1
1545401450107150 5 -1
1545401450107153 9 -1
1545401450107251 16378 -1
1545401450107256 6 -1
1545401450107259 9 -1
1545401450107309 5403 -1
1545401450107314 138 -1
1545401450107317 9 -1
1545401450107404 16383 -1
1545401450107409 1 -1
1545401450107414 9 -1
1545401450107496 16383 -1
1545401450107501 1 -1
1545401450107504 9 -1
1545401450107603 16382 -1
1545401450107609 2 -1
1545401450107612 9 -1
1545401450107696 16381 -1
1545401450107700 3 -1
1545401450107704 9 -1
1545401450107784 16380 -1
1545401450107789 4 -1
1545401450107792 9 -1
1545401450108035 16379 -1
1545401450108041 5 -1
1545401450108044 9 -1
1545401450108140 16383 -1
1545401450108145 1 -1
1545401450108148 9 -1
1545401450108228 16382 -1
1545401450108233 2 -1
1545401450108236 9 -1
1545401450108317 16381 -1
1545401450108322 3 -1
1545401450108326 9 -1
1545401450108407 16380 -1
1545401450108412 4 -1
1545401450108415 9 -1
1545401450108501 16379 -1
1545401450108506 5 -1
1545401450108510 9 -1
1545401450108605 16378 -1
1545401450108611 6 -1
1545401450108614 9 -1
1545401450122746 16377 -1
1545401450122811 7 -1
1545401450122817 9 -1
1545401450123870 16376 -1
1545401450123880 8 -1
1545401450123883 9 -1
1545401450126775 16375 -1
1545401450126784 9 -1
1545401450126787 9 -1
1545401450127876 16374 -1
1545401450127886 10 -1
1545401450127890 9 -1
1545401450130270 16383 -1
1545401450130280 1 -1
1545401450130574 9 -1
1545401450132100 16382 -1
1545401450132111 2 -1
1545401450132115 9 -1
1545401450133111 16381 -1
1545401450133121 3 -1
1545401450133125 9 -1
1545401450137082 16380 -1
1545401450137092 4 -1
1545401450137098 9 -1
1545401450139778 16379 -1
1545401450139792 5 -1
1545401450139798 9 -1
1545401450140248 16378 -1
1545401450140259 6 -1
1545401450140263 9 -1
1545401450140350 14975 -1
1545401450236058 407 1
1545401450243346 200 -1
1545401450243358 9 -1
1545401450246017 16383 -1
1545401450246026 1 -1
1545401450246029 9 -1
1545401450252083 16382 -1
1545401450252098 2 -1
1545401450252104 9 -1
1545401450255842 16383 -1
1545401450255856 1 -1
1545401450255861 9 -1
1545401450264139 16382 -1
1545401450264157 2 -1
1545401450264161 9 -1
1545401450270663 16381 -1
1545401450270682 3 -1
1545401450270685 9 -1
1545401450278007 16380 -1
1545401450278021 4 -1
1545401450278025 9 -1
1545401450283314 16379 -1
1545401450283325 5 -1
1545401450283328 9 -1
1545401450286641 16378 -1
1545401450286653 6 -1
1545401450286657 9 -1
1545401450293513 16383 -1
1545401450293526 1 -1
1545401450293530 9 -1
1545401450297886 16382 -1
1545401450297897 2 -1
1545401450297901 9 -1
1545401450302101 16381 -1
1545401450302109 3 -1
1545401450302112 9 -1
1545401450309977 16380 -1
1545401450310009 4 -1
1545401450310017 9 -1
1545401450316018 16379 -1
1545401450316047 5 -1
1545401450316055 9 -1
1545401450318120 16378 -1
1545401450318130 6 -1
1545401450318134 9 -1
1545401450326750 16377 -1
1545401450326767 7 -1
1545401450326772 9 -1
1545401450326776 1289 -1
1545401456432947 17 1
0 0 0
1545401442371303 183 1
1545401442372792 39 -1
1545401442372798 13 -1
1545401442375084 9 1
1545401442377687 9 -1
1545401442382513 295 -1
1545401442382526 9 -1
1545401442386238 16383 -1
1545401442386260 1 -1
1545401442386265 9 -1
1545401442398640 16382 -1
1545401442398662 2 -1
1545401442398669 9 -1
1545401442405648 16383 -1
1545401442405662 1 -1
1545401442405666 9 -1
1545401442407094 16382 -1
1545401442407107 2 -1
1545401442407111 9 -1
1545401442413950 16381 -1
1545401442413965 3 -1
1545401442413971 9 -1
1545401442416398 16380 -1
1545401442416413 4 -1
1545401442416419 9 -1
1545401442430052 16379 -1
1545401442430067 5 -1
1545401442430072 9 -1
1545401442438092 12970 -1
1545401442451718 17 1
0 0 0
1545401442334531 203 1
1545401442360984 39 -1
1545401442360991 13 -1
1545401442360994 9 -1
1545401442360996 309 -1
1545401442361002 9 -1
1545401442361004 2187 -1
1545401442361960 9 1
1545401442361970 17 1
0 0 0
1545401442274522 203 1
1545401442284551 39 -1
1545401442284557 13 -1
1545401442296671 9 -1
1545401442296679 311 -1
1545401442296687 9 -1
1545401442299251 9 1
1545401442309476 16383 -1
1545401442309488 1 -1
1545401442309492 9 -1
1545401442309503 2309 -1
1545401442354775 17 1
0 0 0
1545401442358517 183 1
