### "'213055 67007 8287 9402 9698 9583 10458 67007 313504 407525 192631 415003 375423 79404 68194 76770 79656 128788 280217 334040'"
0 0 0
1545401706122580 203 1
0 0 0
1545401706147786 195 1
1545401706148481 39 -1
1545401706148488 13 -1
1545401706157229 9 -1
1545401706157237 307 -1
1545401706157244 9 -1
1545401706158152 16383 -1
1545401706158163 1 -1
1545401706158167 9 -1
1545401706160141 9 1
1545401706160302 16382 -1
1545401706160310 2 -1
1545401706160314 9 -1
1545401706160440 16383 -1
1545401706160447 1 -1
1545401706160463 9 -1
1545401706160593 16382 -1
1545401706160600 2 -1
1545401706160603 9 -1
1545401706161766 16381 -1
1545401706161774 3 -1
1545401706161776 9 -1
1545401706165063 16380 -1
1545401706165077 4 -1
1545401706165082 9 -1
1545401706165211 16379 -1
1545401706165218 5 -1
1545401706165222 9 -1
1545401706165568 16378 -1
1545401706165575 6 -1
1545401706165582 9 -1
1545401706165783 16383 -1
1545401706165792 1 -1
1545401706165796 9 -1
1545401706166075 16382 -1
1545401706166088 2 -1
1545401706166094 9 -1
1545401706166339 16381 -1
1545401706166364 3 -1
1545401706166369 9 -1
1545401706166574 16380 -1
1545401706166584 4 -1
1545401706166587 9 -1
1545401706167412 16379 -1
1545401706167423 5 -1
1545401706167427 9 -1
1545401706167431 63 -1
1545401706183118 90 1
1545401706192752 159 -1
1545401706192765 9 -1
1545401706194439 16383 -1
1545401706194445 1 -1
1545401706194449 9 -1
1545401706209862 16383 -1
1545401706209876 1 -1
1545401706209880 9 -1
1545401706213302 16382 -1
1545401706213315 2 -1
1545401706213318 9 -1
1545401706219337 16381 -1
1545401706219348 3 -1
1545401706219351 9 -1
1545401706219354 1471 -1
1545401707012862 78 1
1545401707012873 78 1
1545401707013776 77 1
1545401707015068 78 1
1545401707017109 78 1
1545401707022789 170 -1
1545401707022811 9 -1
1545401707022819 3507 -1
1545401707022825 148 -1
1545401707022830 9 -1
1545401707026308 2439 -1
1545401707026321 148 -1
1545401707026326 9 -1
1545401707032454 2439 -1
1545401707032468 148 -1
1545401707032472 9 -1
1545401707032476 2261 -1
1545401707032481 146 -1
1545401707032485 9 -1
1545401707037175 3329 -1
1545401707184137 63 1
1545401707184150 63 1
1545401707184155 62 1
1545401707184160 63 1
1545401707184165 63 1
1545401707184170 63 1
1545401707193954 128 -1
1545401707193963 9 -1
1545401707199503 8287 -1
1545401707199518 129 -1
1545401707199523 9 -1
1545401707204347 7227 -1
1545401707204365 130 -1
1545401707204370 9 -1
1545401707213186 9402 -1
1545401707213199 229 -1
1545401707213204 9 -1
1545401707214715 9698 -1
1545401707214729 130 -1
1545401707214734 9 -1
1545401707220241 9583 -1
1545401707220253 130 -1
1545401707220257 9 -1
1545401707221038 10458 -1
1545401709691005 87 1
1545401709699311 182 -1
1545401709699325 9 -1
1545401709700392 15835 -1
1545401709700995 549 -1
1545401709701006 9 -1
1545401709703459 16383 -1
1545401709703472 1 -1
1545401709703477 9 -1
1545401709714087 16382 -1
1545401709714101 2 -1
1545401709714106 9 -1
1545401709726508 16383 -1
1545401709726529 1 -1
1545401709726534 9 -1
1545401709726539 1471 -1
1545401710568052 78 1
1545401710582729 166 -1
1545401710582740 9 -1
1545401710584294 3151 -1
1545401710942596 407 1
1545401710949143 134 -1
1545401710949152 9 -1
1545401710957672 16383 -1
1545401710957687 1 -1
1545401710957692 9 -1
1545401710960718 16383 -1
1545401710960731 1 -1
1545401710960736 9 -1
1545401710962956 16382 -1
1545401710962964 2 -1
1545401710962967 9 -1
1545401710967749 16381 -1
1545401710967764 3 -1
1545401710967770 9 -1
1545401710971640 16383 -1
1545401710971672 1 -1
1545401710971679 9 -1
1545401710974166 16382 -1
1545401710974177 2 -1
1545401710974181 9 -1
1545401710976556 16383 -1
1545401710976574 1 -1
1545401710976577 9 -1
1545401710979272 16382 -1
1545401710979283 2 -1
1545401710979288 9 -1
1545401710981346 16381 -1
1545401710981357 3 -1
1545401710981360 9 -1
1545401710986219 16383 -1
1545401710986232 1 -1
1545401710986237 9 -1
1545401710990525 16382 -1
1545401710990568 2 -1
1545401710990573 9 -1
1545401710992615 16381 -1
1545401710992628 3 -1
1545401710992633 9 -1
1545401710995349 16383 -1
1545401710995360 1 -1
1545401710995364 9 -1
1545401710999226 16382 -1
1545401710999237 2 -1
1545401710999242 9 -1
1545401711008624 16381 -1
1545401711008636 3 -1
1545401711008639 9 -1
1545401711010657 16380 -1
1545401711010667 4 -1
1545401711010671 9 -1
1545401711011574 16379 -1
1545401711011583 5 -1
1545401711011586 9 -1
1545401711012957 16378 -1
1545401711012967 6 -1
1545401711012970 9 -1
1545401711015452 16377 -1
1545401711015462 7 -1
1545401711015465 9 -1
1545401711015472 2208 -1
1545401711141100 408 1
1545401711148196 161 -1
1545401711148209 9 -1
1545401711149944 16383 -1
1545401711149954 1 -1
1545401711149957 9 -1
1545401711153215 16383 -1
1545401711153226 1 -1
1545401711153229 9 -1
1545401711154305 16382 -1
1545401711154311 2 -1
1545401711154314 9 -1
1545401711155886 16383 -1
1545401711155892 1 -1
1545401711155895 9 -1
1545401711157051 16383 -1
1545401711157063 1 -1
1545401711157067 9 -1
1545401711157676 16382 -1
1545401711157685 2 -1
1545401711157688 9 -1
1545401711158972 16383 -1
1545401711158980 1 -1
1545401711158983 9 -1
1545401711160747 16382 -1
1545401711160754 2 -1
1545401711160756 9 -1
1545401711161422 16383 -1
1545401711161430 1 -1
1545401711161433 9 -1
1545401711163295 16383 -1
1545401711163303 1 -1
1545401711163305 9 -1
1545401711164946 16383 -1
1545401711164958 1 -1
1545401711164962 9 -1
1545401711167395 16382 -1
1545401711167405 2 -1
1545401711167408 9 -1
1545401711171020 16383 -1
1545401711171030 1 -1
1545401711171033 9 -1
1545401711172253 16383 -1
1545401711172259 1 -1
1545401711172262 9 -1
1545401711174334 16382 -1
1545401711174341 2 -1
1545401711174343 9 -1
1545401711176514 16381 -1
1545401711176520 3 -1
1545401711176523 9 -1
1545401711178439 16383 -1
1545401711178447 1 -1
1545401711178450 9 -1
1545401711182714 16382 -1
1545401711182724 2 -1
1545401711182727 9 -1
1545401711184551 16381 -1
1545401711184558 3 -1
1545401711184561 9 -1
1545401711185906 16380 -1
1545401711185912 4 -1
1545401711185915 9 -1
1545401711189177 16379 -1
1545401711189185 5 -1
1545401711189188 9 -1
1545401711190887 16378 -1
1545401711190894 6 -1
1545401711190897 9 -1
1545401711193520 16377 -1
1545401711193528 7 -1
1545401711193532 9 -1
1545401711194948 16383 -1
1545401711194953 1 -1
1545401711194956 9 -1
1545401711196084 14309 -1
1545401713854315 406 1
1545401713863259 161 -1
1545401713863273 9 -1
1545401713872423 16383 -1
1545401713872436 1 -1
1545401713872441 9 -1
1545401713888446 16383 -1
1545401713888467 1 -1
1545401713888473 9 -1
1545401713893695 16382 -1
1545401713893712 2 -1
1545401713893717 9 -1
1545401713895261 16381 -1
1545401713895276 3 -1
1545401713895281 9 -1
1545401713906309 16383 -1
1545401713906364 1 -1
1545401713906377 9 -1
1545401713916387 16382 -1
1545401713916403 2 -1
1545401713916408 9 -1
1545401713920379 16381 -1
1545401713920448 3 -1
1545401713920457 9 -1
1545401713929859 16380 -1
1545401713929910 4 -1
1545401713929924 9 -1
1545401713940247 16383 -1
1545401713940263 1 -1
1545401713940268 9 -1
1545401713947692 16382 -1
1545401713947713 2 -1
1545401713947718 9 -1
1545401713966147 16381 -1
1545401713966164 3 -1
1545401713966170 9 -1
1545401713984520 12407 -1
1545401714107560 407 1
1545401714117356 157 -1
1545401714117371 9 -1
1545401714121465 16383 -1
1545401714121479 1 -1
1545401714121483 9 -1
1545401714125255 16383 -1
1545401714125272 1 -1
1545401714125277 9 -1
1545401714126841 16382 -1
1545401714126858 2 -1
1545401714126863 9 -1
1545401714129738 16383 -1
1545401714129751 1 -1
1545401714129756 9 -1
1545401714130846 16383 -1
1545401714130859 1 -1
1545401714130863 9 -1
1545401714147129 16383 -1
1545401714147148 1 -1
1545401714147153 9 -1
1545401714155049 16382 -1
1545401714155065 2 -1
1545401714155070 9 -1
1545401714185366 16383 -1
1545401714185384 1 -1
1545401714185390 9 -1
1545401714202083 16383 -1
1545401714202102 1 -1
1545401714202107 9 -1
1545401714205243 16383 -1
1545401714205263 1 -1
1545401714205268 9 -1
1545401714206601 16382 -1
1545401714206614 2 -1
1545401714206619 9 -1
1545401714208667 16381 -1
1545401714208703 3 -1
1545401714208708 9 -1
1545401714213406 16383 -1
1545401714213421 1 -1
1545401714213426 9 -1
1545401714213671 16382 -1
1545401714213682 2 -1
1545401714213686 9 -1
1545401714214015 16381 -1
1545401714214025 3 -1
1545401714214030 9 -1
1545401714215896 16380 -1
1545401714215909 4 -1
1545401714215913 9 -1
1545401714218145 16383 -1
1545401714218168 1 -1
1545401714218173 9 -1
1545401714221896 16382 -1
1545401714221910 2 -1
1545401714221915 9 -1
1545401714222792 16381 -1
1545401714222813 3 -1
1545401714222817 9 -1
1545401714248130 16380 -1
1545401714248149 4 -1
1545401714248154 9 -1
1545401714250919 16383 -1
1545401714250931 1 -1
1545401714250936 9 -1
1545401714252464 16382 -1
1545401714252478 2 -1
1545401714252483 9 -1
1545401714255732 16381 -1
1545401714255748 3 -1
1545401714255753 9 -1
1545401714258201 16380 -1
1545401714258216 4 -1
1545401714258222 9 -1
1545401714260924 16379 -1
1545401714260939 5 -1
1545401714260944 9 -1
1545401714261517 5403 -1
1545401714328017 406 1
1545401714358884 138 -1
1545401714358899 9 -1
1545401714363499 16383 -1
1545401714363515 1 -1
1545401714363520 9 -1
1545401714366398 16382 -1
1545401714366412 2 -1
1545401714366417 9 -1
1545401714368562 16381 -1
1545401714368585 3 -1
1545401714368590 9 -1
1545401714371838 16380 -1
1545401714371862 4 -1
1545401714371868 9 -1
1545401714373751 16379 -1
1545401714373764 5 -1
1545401714373769 9 -1
1545401714381255 16378 -1
1545401714381316 6 -1
1545401714381326 9 -1
1545401714388796 16377 -1
1545401714388810 7 -1
1545401714388814 9 -1
1545401714391399 16383 -1
1545401714391413 1 -1
1545401714391419 9 -1
1545401714394298 16382 -1
1545401714394309 2 -1
1545401714394312 9 -1
1545401714400574 16381 -1
1545401714400591 3 -1
1545401714400596 9 -1
1545401714404436 16380 -1
1545401714404449 4 -1
1545401714404453 9 -1
1545401714408043 16379 -1
1545401714408056 5 -1
1545401714408059 9 -1
1545401714408518 16378 -1
1545401714408529 6 -1
1545401714408534 9 -1
1545401714418753 16377 -1
1545401714418770 7 -1
1545401714418775 9 -1
1545401714422193 16376 -1
1545401714422205 8 -1
1545401714422208 9 -1
1545401714425115 16375 -1
1545401714425128 9 -1
1545401714425132 9 -1
1545401714426346 16374 -1
1545401714426359 10 -1
1545401714426363 9 -1
1545401714427716 16373 -1
1545401714427726 11 -1
1545401714427729 9 -1
1545401714441267 16372 -1
1545401714441281 12 -1
1545401714441286 9 -1
1545401714444485 16371 -1
1545401714444498 13 -1
1545401714444502 9 -1
1545401714447809 16370 -1
1545401714447825 14 -1
1545401714447830 9 -1
1545401714449118 16383 -1
1545401714449133 1 -1
1545401714449138 9 -1
1545401714450644 14975 -1
1545401716689458 58 1
1545401716689467 59 1
1545401716689470 59 1
1545401716689473 59 1
1545401716704961 166 -1
1545401716704970 9 -1
1545401716711911 15874 -1
1545401716713847 510 -1
1545401716713858 9 -1
1545401716714441 15873 -1
1545401716715371 511 -1
1545401716715381 9 -1
1545401716716007 15872 -1
1545401716716647 512 -1
1545401716716662 9 -1
1545401716722300 15871 -1
1545401716722317 513 -1
1545401716722323 9 -1
1545401716723997 13868 -1
1545401716724018 163 -1
1545401716724024 9 -1
1545401716724633 15874 -1
1545401716724653 510 -1
1545401716724659 9 -1
1545401716732567 15873 -1
1545401716732582 511 -1
1545401716732588 9 -1
1545401716738527 15872 -1
1545401716738536 512 -1
1545401716738540 9 -1
1545401716739010 15871 -1
1545401716739026 513 -1
1545401716739030 9 -1
1545401716739212 2658 -1
1545401716739227 130 -1
1545401716739231 9 -1
1545401716739555 15874 -1
1545401716739571 510 -1
1545401716739576 9 -1
1545401716739779 15873 -1
1545401716739788 511 -1
1545401716739792 9 -1
1545401716740007 15872 -1
1545401716740016 512 -1
1545401716740020 9 -1
1545401716740212 15871 -1
1545401716740218 513 -1
1545401716740223 9 -1
1545401716740307 11234 -1
1545401716740312 130 -1
1545401716740316 9 -1
1545401716740412 15874 -1
1545401716740418 510 -1
1545401716740422 9 -1
1545401716740512 15873 -1
1545401716740517 511 -1
1545401716740521 9 -1
1545401716740609 15872 -1
1545401716740614 512 -1
1545401716740618 9 -1
1545401716741628 15871 -1
1545401716741642 513 -1
1545401716741647 9 -1
1545401716741917 14120 -1
1545401716793348 88 1
1545401716801244 158 -1
1545401716801254 9 -1
1545401716805055 16383 -1
1545401716805067 1 -1
1545401716805070 9 -1
1545401716805612 16383 -1
1545401716805620 1 -1
1545401716805623 9 -1
1545401716806218 16382 -1
1545401716806231 2 -1
1545401716806233 9 -1
1545401716808228 16381 -1
1545401716808237 3 -1
1545401716808240 9 -1
1545401716812845 16383 -1
1545401716812857 1 -1
1545401716812861 9 -1
1545401716814098 16382 -1
1545401716814109 2 -1
1545401716814113 9 -1
1545401716815257 16381 -1
1545401716815267 3 -1
1545401716815271 9 -1
1545401716816316 14100 -1
1545401716896779 407 1
1545401716896794 406 1
1545401716903248 137 -1
1545401716903261 9 -1
1545401716903429 16383 -1
1545401716903437 1 -1
1545401716903441 9 -1
1545401716905594 16383 -1
1545401716905624 1 -1
1545401716905629 9 -1
1545401716905847 16382 -1
1545401716905855 2 -1
1545401716905859 9 -1
1545401716911982 16381 -1
1545401716911996 3 -1
1545401716912001 9 -1
1545401716918421 16380 -1
1545401716918440 4 -1
1545401716918446 9 -1
1545401716925962 16383 -1
1545401716925983 1 -1
1545401716925989 9 -1
1545401716928773 16382 -1
1545401716928794 2 -1
1545401716928800 9 -1
1545401716935007 16381 -1
1545401716935020 3 -1
1545401716935025 9 -1
1545401716945442 16380 -1
1545401716945458 4 -1
1545401716945462 9 -1
1545401716947420 16379 -1
1545401716947436 5 -1
1545401716947442 9 -1
1545401716951005 16378 -1
1545401716951019 6 -1
1545401716951023 9 -1
1545401716955996 16377 -1
1545401716956011 7 -1
1545401716956017 9 -1
1545401716962144 16376 -1
1545401716962157 8 -1
1545401716962162 9 -1
1545401716968938 16375 -1
1545401716968948 9 -1
1545401716968951 9 -1
1545401716971649 16374 -1
1545401716971668 10 -1
1545401716971674 9 -1
1545401716973040 16373 -1
1545401716973053 11 -1
1545401716973057 9 -1
1545401716978488 16372 -1
1545401716978502 12 -1
1545401716978506 9 -1
1545401716981758 1689 -1
1545401716981774 146 -1
1545401716981780 9 -1
1545401716994413 15848 -1
1545401716994430 536 -1
1545401716994436 9 -1
1545401717004935 15847 -1
1545401717004948 537 -1
1545401717004952 9 -1
1545401717010932 15846 -1
1545401717010978 538 -1
1545401717010992 9 -1
1545401717022652 15845 -1
1545401717022673 539 -1
1545401717022681 9 -1
1545401717027894 15844 -1
1545401717027909 540 -1
1545401717027915 9 -1
1545401717029532 15843 -1
1545401717029545 541 -1
1545401717029552 9 -1
1545401717037725 15842 -1
1545401717038268 542 -1
1545401717038275 9 -1
1545401717045086 15841 -1
1545401717045106 543 -1
1545401717045111 9 -1
1545401717049586 15840 -1
1545401717049601 544 -1
1545401717049607 9 -1
1545401717051944 15839 -1
1545401717051954 545 -1
1545401717051958 9 -1
1545401717056794 15838 -1
1545401717056812 546 -1
1545401717056820 9 -1
1545401717065459 15837 -1
1545401717065473 547 -1
1545401717065478 9 -1
1545401717069450 15836 -1
1545401717069460 548 -1
1545401717069463 9 -1
1545401717074545 15835 -1
1545401717074554 549 -1
1545401717074559 9 -1
1545401717079016 15834 -1
1545401717079025 550 -1
1545401717079031 9 -1
1545401717087291 15833 -1
1545401717087305 551 -1
1545401717087311 9 -1
1545401717090273 15832 -1
1545401717090305 552 -1
1545401717090313 9 -1
1545401717092523 15831 -1
1545401717092544 9 -1
1545401717096362 16383 -1
1545401717096377 1 -1
1545401717096383 9 -1
1545401717099112 16382 -1
1545401717099124 2 -1
1545401717099134 9 -1
1545401717106133 6913 -1
1545401723281695 17 1
0 0 0
1545401706194297 183 1
0 0 0
1545401706185161 203 1
0 0 0
1545401706143088 183 1
0 0 0
1545401706168286 203 1
1545401706178993 39 -1
1545401706179000 13 -1
1545401706182683 9 -1
1545401706182690 309 -1
1545401706182697 9 -1
1545401706182700 2187 -1
1545401706190688 9 1
1545401706190699 17 1
