### "'142946 27239 9182 8464 8788 9980 12149 9191 323050 131384 91961 153747 138950 174643 112024 64639 17199 25938 20710 69947 39488 118904 104005 43122'"
0 0 0
1546580370632192 39 -1
1546580370632380 13 -1
1546580370633730 186 1
1546580370634052 9 1
1546580370639539 9 -1
1546580370640419 294 -1
1546580370640500 9 -1
1546580370652064 15873 -1
1546580370652087 511 -1
1546580370652097 9 -1
1546580370664290 15872 -1
1546580370664311 512 -1
1546580370664319 9 -1
1546580370667947 16383 -1
1546580370667966 1 -1
1546580370667975 9 -1
1546580370670135 16382 -1
1546580370670155 2 -1
1546580370670371 9 -1
1546580370674690 16383 -1
1546580370674710 1 -1
1546580370674716 9 -1
1546580370686265 16382 -1
1546580370686281 2 -1
1546580370686287 9 -1
1546580370691010 16381 -1
1546580370691031 3 -1
1546580370691038 9 -1
1546580370697709 16380 -1
1546580370697728 4 -1
1546580370697783 9 -1
1546580370712093 11874 -1
1546580370742709 17 1
0 0 0
1546580372095379 190 1
1546580372095428 63 1
1546580372095439 63 1
1546580372095447 63 1
1546580372095456 63 1
1546580372095465 64 1
1546580372101176 39 -1
1546580372101185 13 -1
1546580372101968 9 1
1546580372109751 9 -1
1546580372109764 291 -1
1546580372109777 9 -1
1546580372110851 9182 -1
1546580372110867 129 -1
1546580372110967 9 -1
1546580372114197 8464 -1
1546580372114274 106 -1
1546580372114282 9 -1
1546580372115627 8788 -1
1546580372115653 130 -1
1546580372115661 9 -1
1546580372118377 9980 -1
1546580372118433 129 -1
1546580372118439 9 -1
1546580372136447 12149 -1
1546580372136469 128 -1
1546580372136479 9 -1
1546580372137929 9191 -1
1546580372313629 81 1
1546580372313653 59 1
1546580372313661 78 1
1546580372313671 78 1
1546580372313680 58 1
1546580372313821 77 1
1546580372314523 78 1
1546580372316976 58 1
1546580372322462 148 -1
1546580372322482 9 -1
1546580372322488 3151 -1
1546580372322498 131 -1
1546580372322503 9 -1
1546580372327099 15873 -1
1546580372327118 511 -1
1546580372327143 9 -1
1546580372332444 15872 -1
1546580372332464 512 -1
1546580372332473 9 -1
1546580372337552 15871 -1
1546580372337571 513 -1
1546580372337581 9 -1
1546580372338220 16383 -1
1546580372338241 1 -1
1546580372338247 9 -1
1546580372339290 16383 -1
1546580372339309 1 -1
1546580372339315 9 -1
1546580372340749 58 1
1546580372345449 16382 -1
1546580372345471 2 -1
1546580372345478 9 -1
1546580372347931 16381 -1
1546580372347952 3 -1
1546580372347958 9 -1
1546580372351283 16380 -1
1546580372351301 4 -1
1546580372351309 9 -1
1546580372363449 16379 -1
1546580372363470 5 -1
1546580372363476 9 -1
1546580372367487 16378 -1
1546580372367543 6 -1
1546580372367919 73 -1
1546580372367989 147 -1
1546580372368000 132 -1
1546580372368007 275 -1
1546580372371137 147 -1
1546580372371326 113 -1
1546580372371430 9 -1
1546580372374174 16383 -1
1546580372374336 1 -1
1546580372374344 9 -1
1546580372374352 2263 -1
1546580372374625 9 -1
1546580372376118 2795 -1
1546580372376138 9 -1
1546580372376150 78 1
1546580372383360 15873 -1
1546580372383383 511 -1
1546580372383391 9 -1
1546580372384062 1551 -1
1546580372384078 9 -1
1546580372386673 3685 -1
1546580372386695 9 -1
1546580372391989 16383 -1
1546580372392010 1 -1
1546580372392258 9 -1
1546580372396987 59 1
1546580372397865 16382 -1
1546580372397886 2 -1
1546580372397892 9 -1
1546580372400315 78 1
1546580372403246 15872 -1
1546580372403266 512 -1
1546580372403275 9 -1
1546580372403499 58 1
1546580372406051 78 1
1546580372408829 78 1
1546580372414293 59 1
1546580372414869 88 1
1546580372415783 16382 -1
1546580372415834 2 -1
1546580372415901 9 -1
1546580372424357 16381 -1
1546580372424376 3 -1
1546580372424385 9 -1
1546580372425978 15871 -1
1546580372425994 513 -1
1546580372426001 9 -1
1546580372434584 16381 -1
1546580372434730 3 -1
1546580372434737 9 -1
1546580372454780 16380 -1
1546580372454797 4 -1
1546580372454804 9 -1
1546580372455804 15870 -1
1546580372455819 514 -1
1546580372455825 9 -1
1546580372468281 16380 -1
1546580372468683 4 -1
1546580372468693 9 -1
1546580372469624 68 1
1546580372469644 67 1
1546580372469654 67 1
1546580372470417 87 1
1546580372472388 89 1
1546580372478922 16379 -1
1546580372478942 5 -1
1546580372479049 9 -1
1546580372479616 88 1
1546580372481368 88 1
1546580372488702 15869 -1
1546580372488721 515 -1
1546580372488731 9 -1
1546580372499705 16379 -1
1546580372500278 5 -1
1546580372500290 9 -1
1546580372511552 16378 -1
1546580372511573 6 -1
1546580372511580 9 -1
1546580372519401 15868 -1
1546580372519427 516 -1
1546580372519437 9 -1
1546580372525706 10041 -1
1546580372525727 9 -1
1546580372543740 16377 -1
1546580372543763 7 -1
1546580372543895 9 -1
1546580372547186 15867 -1
1546580372547297 517 -1
1546580372547306 9 -1
1546580372571677 16376 -1
1546580372571697 8 -1
1546580372571703 9 -1
1546580372612210 15866 -1
1546580372612226 518 -1
1546580372612234 9 -1
1546580372613706 16375 -1
1546580372613725 9 -1
1546580372613731 9 -1
1546580372613736 312 -1
1546580372614041 9 -1
1546580372628216 11754 -1
1546580372628233 131 -1
1546580372628267 148 -1
1546580372628966 131 -1
1546580372629070 149 -1
1546580372629078 127 -1
1546580372631538 146 -1
1546580372636730 148 -1
1546580372636747 131 -1
1546580372636754 285 -1
1546580372636871 156 -1
1546580372636879 142 -1
1546580372636885 156 -1
1546580372636929 143 -1
1546580372636991 159 -1
1546580372637355 160 -1
1546580372637364 158 -1
1546580372637440 9 -1
1546580372657894 16383 -1
1546580372657912 1 -1
1546580372657917 9 -1
1546580372664035 2795 -1
1546580372664050 9 -1
1546580372675332 16383 -1
1546580372675388 1 -1
1546580372675394 9 -1
1546580372675750 2617 -1
1546580372675789 9 -1
1546580372699616 16383 -1
1546580372700601 1 -1
1546580372700612 9 -1
1546580372702720 3151 -1
1546580372703171 9 -1
1546580372706505 2111 -1
1546580372707434 9 -1
1546580372756055 16383 -1
1546580372756075 1 -1
1546580372756104 9 -1
1546580372761542 15835 -1
1546580372761733 549 -1
1546580372761743 9 -1
1546580372772004 16383 -1
1546580372772043 1 -1
1546580372772050 9 -1
1546580372786451 16383 -1
1546580372786991 1 -1
1546580372787001 9 -1
1546580372794631 16383 -1
1546580372794745 1 -1
1546580372794862 9 -1
1546580372802493 16383 -1
1546580372802513 1 -1
1546580372802519 9 -1
1546580372809367 16383 -1
1546580372809576 1 -1
1546580372809583 9 -1
1546580372815197 16383 -1
1546580372815217 1 -1
1546580372815223 9 -1
1546580372827561 15834 -1
1546580372827580 550 -1
1546580372827589 9 -1
1546580372839513 16382 -1
1546580372839530 2 -1
1546580372839630 9 -1
1546580372854548 16382 -1
1546580372854565 2 -1
1546580372854571 9 -1
1546580372857277 16382 -1
1546580372857287 2 -1
1546580372857292 9 -1
1546580372873308 16382 -1
1546580372873328 2 -1
1546580372873334 9 -1
1546580372885757 15834 -1
1546580372885773 550 -1
1546580372886174 9 -1
1546580372886827 815 -1
1546580372886838 9 -1
1546580372892090 9554 -1
1546580372892196 9 -1
1546580372900271 4326 -1
1546580372900291 9 -1
1546580372913631 16382 -1
1546580372913649 2 -1
1546580372913657 9 -1
1546580372925363 16382 -1
1546580372925377 2 -1
1546580372925382 9 -1
1546580372941967 16382 -1
1546580372941986 2 -1
1546580372941992 9 -1
1546580372958466 16383 -1
1546580372958485 1 -1
1546580372958492 9 -1
1546580372969263 16381 -1
1546580372969279 3 -1
1546580372969285 9 -1
1546580372988026 16381 -1
1546580372988087 3 -1
1546580372988092 9 -1
1546580373009046 16381 -1
1546580373009065 3 -1
1546580373009071 9 -1
1546580373025359 16381 -1
1546580373025375 3 -1
1546580373025381 9 -1
1546580373040946 16383 -1
1546580373042601 1 -1
1546580373042609 9 -1
1546580373058072 16381 -1
1546580373058086 3 -1
1546580373058091 9 -1
1546580373059453 6720 -1
1546580373059468 9 -1
1546580373068895 16381 -1
1546580373068911 3 -1
1546580373068918 9 -1
1546580373080051 16382 -1
1546580373080066 2 -1
1546580373080070 9 -1
1546580373093454 16380 -1
1546580373093469 4 -1
1546580373093473 9 -1
1546580373109237 16380 -1
1546580373109251 4 -1
1546580373109256 9 -1
1546580373126427 16380 -1
1546580373126442 4 -1
1546580373126505 9 -1
1546580373138753 16380 -1
1546580373138781 4 -1
1546580373138787 9 -1
1546580373155701 15487 -1
1546580373155718 9 -1
1546580373165694 16380 -1
1546580373165712 4 -1
1546580373165717 9 -1
1546580373182059 16380 -1
1546580373182079 4 -1
1546580373182853 9 -1
1546580373209665 16381 -1
1546580373209682 3 -1
1546580373209687 9 -1
1546580373248917 16379 -1
1546580373249174 5 -1
1546580373249181 9 -1
1546580373292664 16379 -1
1546580373292683 5 -1
1546580373292689 9 -1
1546580373320835 16379 -1
1546580373320851 5 -1
1546580373321194 9 -1
1546580373353214 16379 -1
1546580373353229 5 -1
1546580373353234 9 -1
1546580373353802 4411 -1
1546580373353812 9 -1
1546580373376834 16379 -1
1546580373376850 5 -1
1546580373376856 9 -1
1546580373387469 16380 -1
1546580373387495 4 -1
1546580373387501 9 -1
1546580373402076 16378 -1
1546580373402091 6 -1
1546580373402095 9 -1
1546580373419735 16378 -1
1546580373419751 6 -1
1546580373419755 9 -1
1546580373430247 16378 -1
1546580373430266 6 -1
1546580373430272 9 -1
1546580373446899 16378 -1
1546580373446923 6 -1
1546580373446930 9 -1
1546580373463378 16378 -1
1546580373463393 6 -1
1546580373463721 9 -1
1546580373479272 16379 -1
1546580373479288 5 -1
1546580373479292 9 -1
1546580373501010 16377 -1
1546580373501026 7 -1
1546580373501032 9 -1
1546580373503828 16377 -1
1546580373504038 7 -1
1546580373504042 9 -1
1546580373519442 16377 -1
1546580373519457 7 -1
1546580373519512 9 -1
1546580373530411 13720 -1
1546580373530425 9 -1
1546580373547087 16377 -1
1546580373547103 7 -1
1546580373547108 9 -1
1546580373548130 5701 -1
1546580373548143 9 -1
1546580373568189 16376 -1
1546580373568209 8 -1
1546580373568412 9 -1
1546580373570573 16376 -1
1546580373570590 8 -1
1546580373570598 9 -1
1546580373582632 16376 -1
1546580373582650 8 -1
1546580373583016 9 -1
1546580373586534 4216 -1
1546580373586780 9 -1
1546580373605148 16375 -1
1546580373605172 9 -1
1546580373605178 9 -1
1546580373607419 7878 -1
1546580373607435 9 -1
1546580373620639 16375 -1
1546580373620654 9 -1
1546580373620660 9 -1
1546580373626111 6291 -1
1546580373626126 9 -1
1546580373650117 16374 -1
1546580373650139 10 -1
1546580373650146 9 -1
1546580373660516 10803 -1
1546580374528582 88 1
1546580374535799 182 -1
1546580374536284 9 -1
1546580374551986 16383 -1
1546580374552012 1 -1
1546580374552019 9 -1
1546580374569693 16383 -1
1546580374569714 1 -1
1546580374569723 9 -1
1546580374598934 10354 -1
1546580378050115 17 1
0 0 0
1546580371785398 205 1
1546580371785441 79 1
1546580371786119 78 1
1546580371786129 79 1
1546580371786393 78 1
0 0 0
1546580370624329 39 -1
1546580370624337 13 -1
1546580370624764 205 1
1546580370630061 9 -1
1546580370631344 310 -1
1546580370631363 9 -1
1546580370632237 2795 -1
1546580370632814 9 1
1546580370677006 17 1
0 0 0
1546580370552415 197 1
1546580370552428 59 1
1546580370552436 59 1
1546580370552446 78 1
1546580370552453 58 1
1546580370552460 78 1
1546580370552467 59 1
1546580370552475 78 1
1546580370552484 59 1
1546580370552491 78 1
1546580370552530 59 1
1546580370552748 59 1
1546580370552760 58 1
1546580370552847 58 1
1546580370552858 59 1
1546580370552867 78 1
1546580370552879 59 1
1546580370552891 59 1
1546580370554575 59 1
1546580370554589 59 1
1546580370554598 58 1
1546580370554635 58 1
1546580370554643 59 1
1546580370554650 59 1
1546580370554658 59 1
1546580370554760 59 1
1546580370554769 59 1
1546580370554777 59 1
1546580370554785 58 1
0 0 0
1546580370725096 215 1
1546580370725112 88 1
0 0 0
1546580370560205 185 1
0 0 0
1546580370633421 205 1
1546580370638313 39 -1
1546580370638321 13 -1
1546580370639141 9 1
1546580370642555 9 -1
1546580370643786 310 -1
1546580370643805 9 -1
1546580370644357 1959 -1
1546580370685823 17 1
0 0 0
1546580370620566 39 -1
1546580370621287 13 -1
1546580370621310 206 1
1546580370627451 9 -1
1546580370628239 311 -1
1546580370628256 9 -1
1546580370631509 9 1
1546580370633894 16383 -1
1546580370633909 1 -1
1546580370633915 9 -1
1546580370635118 10855 -1
1546580370672859 17 1
