### "'110866 58332 67596 58332 125086 34945 24290 32254 99354 62220 117660 99354 84474 36088 79822 123694 29025 61440 8108 8702 19722 96771 23709 44368 44479 40844 32025'"
0 0 0
1546581933710874 205 1
1546581933719790 39 -1
1546581933719797 13 -1
1546581933720184 9 1
1546581933722535 9 -1
1546581933722563 309 -1
1546581933722577 9 -1
1546581933746012 3329 -1
1546581933764040 17 1
0 0 0
1546581933638905 205 1
1546581933642688 58 1
1546581933644404 58 1
1546581933644416 77 1
1546581933644422 59 1
1546581933644494 39 -1
1546581933644504 13 -1
1546581933648822 9 -1
1546581933649601 312 -1
1546581933649616 9 -1
1546581933649841 2187 -1
1546581933654871 132 -1
1546581933654880 9 -1
1546581933656112 58 1
1546581933656123 59 1
1546581933658391 15873 -1
1546581933658971 511 -1
1546581933659060 9 -1
1546581933659116 9 1
1546581933666158 16383 -1
1546581933666175 1 -1
1546581933666179 9 -1
1546581933666189 91 1
1546581933666301 16382 -1
1546581933666309 2 -1
1546581933666313 9 -1
1546581933666403 16381 -1
1546581933666411 3 -1
1546581933666414 130 -1
1546581933666419 9 -1
1546581933667842 16383 -1
1546581933667858 1 -1
1546581933667865 9 -1
1546581933668466 16382 -1
1546581933668831 2 -1
1546581933669079 9 -1
1546581933669339 16381 -1
1546581933669348 3 -1
1546581933669353 9 -1
1546581933670258 9180 -1
1546581933671741 131 -1
1546581933672005 146 -1
1546581933672015 9 -1
1546581933673498 16383 -1
1546581933673514 1 -1
1546581933673520 9 -1
1546581933677568 3151 -1
1546581933677581 9 -1
1546581933680488 15874 -1
1546581933680738 510 -1
1546581933680987 9 -1
1546581933682113 16382 -1
1546581933682127 2 -1
1546581933682132 9 -1
1546581933682232 15873 -1
1546581933682241 511 -1
1546581933682246 9 -1
1546581933689550 12562 -1
1546581933689571 9 -1
1546581933692306 15872 -1
1546581933692329 512 -1
1546581933692338 9 -1
1546581933695105 15871 -1
1546581933695128 513 -1
1546581933695134 9 -1
1546581933695141 2060 -1
1546581933695147 130 -1
1546581933695259 130 -1
1546581933695265 9 -1
1546581933696341 16383 -1
1546581933696362 1 -1
1546581933696367 9 -1
1546581933697614 15873 -1
1546581933698477 511 -1
1546581933698491 9 -1
1546581933700650 16382 -1
1546581933700667 2 -1
1546581933700673 9 -1
1546581933703122 16383 -1
1546581933703250 1 -1
1546581933703257 9 -1
1546581933704648 16381 -1
1546581933704665 3 -1
1546581933704671 9 -1
1546581933705923 16382 -1
1546581933705933 2 -1
1546581933705939 9 -1
1546581933706027 9180 -1
1546581933706036 9 -1
1546581933721331 16381 -1
1546581933721349 3 -1
1546581933721355 9 -1
1546581933722613 16380 -1
1546581933722685 4 -1
1546581933722693 9 -1
1546581933723814 16379 -1
1546581933723834 5 -1
1546581933723841 9 -1
1546581933732170 16378 -1
1546581933732190 6 -1
1546581933732197 9 -1
1546581933736234 10398 -1
1546581933736251 158 -1
1546581933736258 9 -1
1546581933741865 87 1
1546581933746216 16383 -1
1546581933746650 1 -1
1546581933746657 9 -1
1546581933749420 88 1
1546581933753038 15870 -1
1546581933753055 158 -1
1546581933753063 9 -1
1546581933758519 88 1
1546581933762842 16383 -1
1546581933762860 1 -1
1546581933762941 9 -1
1546581933777697 16383 -1
1546581933777819 1 -1
1546581933777831 9 -1
1546581933790990 16382 -1
1546581933791009 2 -1
1546581933791015 9 -1
1546581933798500 16381 -1
1546581933798518 3 -1
1546581933798523 9 -1
1546581933813118 16383 -1
1546581933813136 1 -1
1546581933813141 9 -1
1546581933828428 16382 -1
1546581933828445 2 -1
1546581933828450 9 -1
1546581933828710 1050 -1
1546581933828719 159 -1
1546581933829158 286 -1
1546581933829164 9 -1
1546581933838117 16383 -1
1546581933838134 1 -1
1546581933838140 9 -1
1546581933848582 16383 -1
1546581933848600 1 -1
1546581933848694 9 -1
1546581933858514 16382 -1
1546581933858565 2 -1
1546581933858573 9 -1
1546581933867422 16382 -1
1546581933867442 2 -1
1546581933867448 9 -1
1546581933874263 16381 -1
1546581933874283 3 -1
1546581933874290 9 -1
1546581933882979 16381 -1
1546581933882998 3 -1
1546581933883003 9 -1
1546581933892613 13068 -1
1546581933892630 9 -1
1546581933897422 16380 -1
1546581933897443 4 -1
1546581933897447 9 -1
1546581933915463 16379 -1
1546581933915531 5 -1
1546581933915538 9 -1
1546581933923734 16378 -1
1546581933923759 6 -1
1546581933923765 9 -1
1546581933935665 16377 -1
1546581933935687 7 -1
1546581933935693 9 -1
1546581933938581 2972 -1
1546581934918332 79 1
1546581934918345 77 1
1546581934918353 78 1
1546581934918360 78 1
1546581934918366 78 1
1546581934924636 167 -1
1546581934924689 9 -1
1546581934924695 2973 -1
1546581934929295 149 -1
1546581934929312 9 -1
1546581934929319 1794 -1
1546581934929460 148 -1
1546581934929469 9 -1
1546581934931060 3151 -1
1546581934931080 148 -1
1546581934931087 9 -1
1546581934932941 2973 -1
1546581934932960 149 -1
1546581934932970 9 -1
1546581934933567 3329 -1
1546581935114795 63 1
1546581935116478 63 1
1546581935128666 153 -1
1546581935128690 9 -1
1546581935129371 64 1
1546581935129385 63 1
1546581935129952 63 1
1546581935129965 63 1
1546581935130328 4535 -1
1546581935130349 130 -1
1546581935130354 9 -1
1546581935133473 4638 -1
1546581935137276 128 -1
1546581935137288 9 -1
1546581935138551 4779 -1
1546581935138570 116 -1
1546581935138865 9 -1
1546581935141108 3139 -1
1546581935141135 183 -1
1546581935141211 9 -1
1546581935144180 5971 -1
1546581935144208 150 -1
1546581935144216 9 -1
1546581935147144 4914 -1
1546581937539424 87 1
1546581937546218 181 -1
1546581937546237 9 -1
1546581937552074 16383 -1
1546581937552095 1 -1
1546581937552101 9 -1
1546581937556552 16382 -1
1546581937556572 2 -1
1546581937556578 9 -1
1546581937566967 16383 -1
1546581937566989 1 -1
1546581937567104 9 -1
1546581937578355 16382 -1
1546581937579420 2 -1
1546581937579587 9 -1
1546581937581204 16381 -1
1546581937581223 3 -1
1546581937581280 9 -1
1546581937592889 16380 -1
1546581937592909 4 -1
1546581937593605 9 -1
1546581937593820 1050 -1
1546581938382549 78 1
1546581938384247 58 1
1546581938385407 79 1
1546581938389103 58 1
1546581938389309 78 1
1546581938392724 169 -1
1546581938392740 9 -1
1546581938393617 58 1
1546581938393698 78 1
1546581938393707 58 1
1546581938394419 77 1
1546581938394430 58 1
1546581938399916 3329 -1
1546581938400011 149 -1
1546581938400021 9 -1
1546581938400027 2617 -1
1546581938400036 72 -1
1546581938400040 9 -1
1546581938414005 15874 -1
1546581938414098 510 -1
1546581938414170 9 -1
1546581938423472 15873 -1
1546581938423490 511 -1
1546581938423499 9 -1
1546581938436461 16383 -1
1546581938436477 1 -1
1546581938436483 9 -1
1546581938446444 16383 -1
1546581938446467 1 -1
1546581938446474 9 -1
1546581938458947 16383 -1
1546581938458967 1 -1
1546581938458974 9 -1
1546581938462578 88 1
1546581938465482 88 1
1546581938466714 88 1
1546581938470508 2554 -1
1546581938470527 74 -1
1546581938470534 143 -1
1546581938470540 72 -1
1546581938470546 131 -1
1546581938470851 149 -1
1546581938471271 130 -1
1546581938471280 220 -1
1546581938471287 9 -1
1546581938476216 89 1
1546581938476234 88 1
1546581938476244 88 1
1546581938476253 87 1
1546581938477267 89 1
1546581938477860 88 1
1546581938478934 16383 -1
1546581938478952 1 -1
1546581938478959 9 -1
1546581938480395 2617 -1
1546581938480462 9 -1
1546581938484004 88 1
1546581938485235 15874 -1
1546581938488122 510 -1
1546581938488140 9 -1
1546581938489899 2617 -1
1546581938489928 9 -1
1546581938497663 15873 -1
1546581938500754 511 -1
1546581938500773 9 -1
1546581938500779 2261 -1
1546581938500788 9 -1
1546581938510704 15874 -1
1546581938510724 510 -1
1546581938510731 9 -1
1546581938527507 16382 -1
1546581938527529 2 -1
1546581938527538 9 -1
1546581938528718 15873 -1
1546581938528738 511 -1
1546581938528746 9 -1
1546581938538839 15872 -1
1546581938538857 512 -1
1546581938538862 9 -1
1546581938549944 12641 -1
1546581938549959 9 -1
1546581938550762 3320 -1
1546581938550776 9 -1
1546581938572515 15872 -1
1546581938572530 512 -1
1546581938572537 9 -1
1546581938587048 15871 -1
1546581938587520 513 -1
1546581938587537 9 -1
1546581938603142 15871 -1
1546581938603213 513 -1
1546581938603452 9 -1
1546581938615122 16383 -1
1546581938615142 1 -1
1546581938615148 9 -1
1546581938623599 14286 -1
1546581938623615 9 -1
1546581938638528 16382 -1
1546581938638553 2 -1
1546581938638558 9 -1
1546581938650436 16381 -1
1546581938650601 3 -1
1546581938650610 9 -1
1546581938672812 16380 -1
1546581938672826 4 -1
1546581938672832 9 -1
1546581938678346 9006 -1
1546581938678359 187 -1
1546581938678364 144 -1
1546581938679901 180 -1
1546581938679909 146 -1
1546581938685979 159 -1
1546581938685995 159 -1
1546581938686301 158 -1
1546581938686309 158 -1
1546581938686960 153 -1
1546581938686968 230 -1
1546581938686973 9 -1
1546581938698271 16383 -1
1546581938698287 1 -1
1546581938698292 9 -1
1546581938702596 8108 -1
1546581938702826 9 -1
1546581938709182 8702 -1
1546581938709197 9 -1
1546581938719354 16383 -1
1546581938719544 1 -1
1546581938719549 9 -1
1546581938728503 16383 -1
1546581938728522 1 -1
1546581938728527 9 -1
1546581938735587 16383 -1
1546581938735603 1 -1
1546581938735607 9 -1
1546581938744846 15835 -1
1546581938744857 549 -1
1546581938744862 9 -1
1546581938750621 16383 -1
1546581938750634 1 -1
1546581938750639 9 -1
1546581938756060 16383 -1
1546581938756077 1 -1
1546581938756082 9 -1
1546581938761498 16383 -1
1546581938761571 1 -1
1546581938761576 9 -1
1546581938766918 16382 -1
1546581938766948 2 -1
1546581938766955 9 -1
1546581938770331 3338 -1
1546581938770389 9 -1
1546581938779585 16382 -1
1546581938780517 2 -1
1546581938780524 9 -1
1546581938781514 7325 -1
1546581938781526 9 -1
1546581938787835 15834 -1
1546581938787853 550 -1
1546581938787861 9 -1
1546581938798470 16382 -1
1546581938798484 2 -1
1546581938798852 9 -1
1546581938812272 16382 -1
1546581938812287 2 -1
1546581938812292 9 -1
1546581938826428 15641 -1
1546581938826447 9 -1
1546581938837175 16381 -1
1546581938837186 3 -1
1546581938837292 9 -1
1546581938850083 16381 -1
1546581938850101 3 -1
1546581938850882 9 -1
1546581938855407 11600 -1
1546581938855431 9 -1
1546581938861759 11711 -1
1546581938861778 9 -1
1546581938867291 8076 -1
1546581938867336 9 -1
1546581938871116 12288 -1
1546581938871131 9 -1
1546581938878097 16380 -1
1546581938878112 4 -1
1546581938878119 9 -1
1546581938883962 16379 -1
1546581938883981 5 -1
1546581938883988 9 -1
1546581938913484 14851 -1
1546581944933680 17 1
0 0 0
1546581933920556 194 1
0 0 0
1546581933661568 39 -1
1546581933661576 13 -1
1546581933661599 204 1
1546581933662312 9 1
1546581933668569 9 -1
1546581933669182 312 -1
1546581933669220 9 -1
1546581933669413 2261 -1
1546581933671673 17 1
0 0 0
1546581933689065 198 1
1546581933693741 39 -1
1546581933693961 13 -1
1546581933696781 9 1
1546581933699355 9 -1
1546581933700048 307 -1
1546581933700134 9 -1
1546581933705836 16383 -1
1546581933705876 1 -1
1546581933705883 9 -1
1546581933706845 7906 -1
1546581933741815 17 1
0 0 0
1546581933651625 39 -1
1546581933651638 13 -1
1546581933657774 206 1
1546581933668619 9 1
1546581933672668 9 -1
1546581933672676 311 -1
1546581933672688 9 -1
1546581933674027 16383 -1
1546581933674046 1 -1
1546581933674051 9 -1
1546581933675159 16383 -1
1546581933675172 1 -1
1546581933675178 9 -1
1546581933675213 2177 -1
1546581933720316 17 1
