### "'307289 317656 64928 27599 63999 8074 118665 182256 172810 129483 184744 226810 133670 191448 231195 92354 72961 78128 156263 220591 208595 280970 245712 305428 61042 98940 11030 44499 44741 42697 52605'"
0 0 0
1546511808227048 183 1
1546511808229413 39 -1
1546511808229423 13 -1
1546511808232712 9 1
1546511808233189 9 -1
1546511808233715 295 -1
1546511808234079 9 -1
1546511808252931 16383 -1
1546511808252952 1 -1
1546511808252959 9 -1
1546511808254857 16382 -1
1546511808254875 2 -1
1546511808254883 9 -1
1546511808256528 16383 -1
1546511808258381 1 -1
1546511808258421 9 -1
1546511808259132 16382 -1
1546511808259160 2 -1
1546511808259165 9 -1
1546511808266881 16381 -1
1546511808266934 3 -1
1546511808266940 9 -1
1546511808291285 16380 -1
1546511808291304 4 -1
1546511808291310 9 -1
1546511808293447 16379 -1
1546511808293462 5 -1
1546511808293467 9 -1
1546511808303402 16378 -1
1546511808303422 6 -1
1546511808303428 9 -1
1546511808307522 16377 -1
1546511808307536 7 -1
1546511808307838 9 -1
1546511808331641 16376 -1
1546511808331664 8 -1
1546511808331670 9 -1
1546511808533980 16383 -1
1546511808533999 1 -1
1546511808534005 9 -1
1546511808536899 16382 -1
1546511808536919 2 -1
1546511808536925 9 -1
1546511808537460 16381 -1
1546511808537525 3 -1
1546511808537532 9 -1
1546511808539088 16380 -1
1546511808539106 4 -1
1546511808539112 9 -1
1546511808540520 16379 -1
1546511808540537 5 -1
1546511808540542 9 -1
1546511808550846 16378 -1
1546511808550865 6 -1
1546511808550871 9 -1
1546511808562581 16377 -1
1546511808562604 7 -1
1546511808562610 9 -1
1546511808573151 16376 -1
1546511808573170 8 -1
1546511808573176 9 -1
1546511808787466 16375 -1
1546511808787486 9 -1
1546511808787493 9 -1
1546511808787616 6360 -1
1546511808788748 17 1
0 0 0
1546511808227332 183 1
1546511808230313 39 -1
1546511808230610 13 -1
1546511808234223 9 1
1546511808241642 9 -1
1546511808241667 293 -1
1546511808241682 9 -1
1546511808243639 16383 -1
1546511808243662 1 -1
1546511808243669 9 -1
1546511808247399 16383 -1
1546511808247876 1 -1
1546511808248167 9 -1
1546511808249947 16382 -1
1546511808249960 2 -1
1546511808249966 9 -1
1546511808251052 16381 -1
1546511808251386 3 -1
1546511808251395 9 -1
1546511808263630 16383 -1
1546511808263656 1 -1
1546511808263663 9 -1
1546511808265154 16383 -1
1546511808265169 1 -1
1546511808265175 9 -1
1546511808281994 16382 -1
1546511808282012 2 -1
1546511808282018 9 -1
1546511808288798 16383 -1
1546511808288817 1 -1
1546511808288824 9 -1
1546511808292564 16382 -1
1546511808292578 2 -1
1546511808292586 9 -1
1546511808304287 16381 -1
1546511808304307 3 -1
1546511808304315 9 -1
1546511808308163 16380 -1
1546511808308181 4 -1
1546511808308188 9 -1
1546511808320097 16379 -1
1546511808320118 5 -1
1546511808320125 9 -1
1546511808332548 16378 -1
1546511808332640 6 -1
1546511808332648 9 -1
1546511808348370 16377 -1
1546511808348390 7 -1
1546511808348430 9 -1
1546511808368274 16376 -1
1546511808368292 8 -1
1546511808368298 9 -1
1546511808383126 16375 -1
1546511808383149 9 -1
1546511808383156 9 -1
1546511808414075 16374 -1
1546511808414369 10 -1
1546511808414859 9 -1
1546511808437943 16373 -1
1546511808444918 11 -1
1546511808445287 9 -1
1546511808459920 12377 -1
1546511808463073 17 1
0 0 0
1546511808233571 202 1
1546511808239758 39 -1
1546511808239811 13 -1
1546511808241752 9 1
1546511808247323 9 -1
1546511808247421 310 -1
1546511808247969 9 -1
1546511808248377 2617 -1
1546511808249659 17 1
0 0 0
1546511808269895 194 1
1546511808275201 39 -1
1546511808275209 13 -1
1546511808279033 9 1
1546511808280656 9 -1
1546511808280665 305 -1
1546511808280678 9 -1
1546511808298767 16383 -1
1546511808298787 1 -1
1546511808298794 9 -1
1546511808304342 16383 -1
1546511808304716 1 -1
1546511808304725 9 -1
1546511808307292 16382 -1
1546511808307312 2 -1
1546511808307481 9 -1
1546511808308781 15776 -1
1546511808331046 17 1
0 0 0
1546511808281221 202 1
0 0 0
1546511808208823 202 1
1546511808208994 59 1
1546511808209226 59 1
1546511808209400 58 1
1546511808210062 58 1
1546511808210252 58 1
1546511808210263 58 1
1546511808210274 58 1
1546511808210436 59 1
1546511808210608 58 1
1546511808211473 58 1
1546511808211486 58 1
1546511808211497 58 1
1546511808211506 58 1
1546511808211516 58 1
1546511808211525 59 1
1546511808211534 58 1
0 0 0
1546511808311780 212 1
1546511808311796 88 1
1546511808320280 39 -1
1546511808320285 13 -1
1546511808321955 9 1
1546511808322604 9 -1
1546511808331358 321 -1
1546511808331373 9 -1
1546511808335675 16383 -1
1546511808335694 1 -1
1546511808335700 9 -1
1546511808338316 11215 -1
1546511808338334 160 -1
1546511808338427 9 -1
1546511808367774 15835 -1
1546511808367795 549 -1
1546511808367804 9 -1
1546511808370799 15834 -1
1546511808370817 550 -1
1546511808370825 9 -1
1546511808374116 15833 -1
1546511808374486 551 -1
1546511808374495 9 -1
1546511808376960 14847 -1
1546511812797871 82 1
1546511812798664 78 1
1546511812799846 78 1
1546511812800241 78 1
1546511812800651 78 1
1546511812804998 171 -1
1546511812805016 9 -1
1546511812806274 2439 -1
1546511812810563 148 -1
1546511812810629 9 -1
1546511812810715 2617 -1
1546511812810723 134 -1
1546511812810727 9 -1
1546511812810784 3685 -1
1546511812810791 148 -1
1546511812810796 9 -1
1546511812810925 2261 -1
1546511812810933 148 -1
1546511812810978 9 -1
1546511812811317 2973 -1
1546511812901488 63 1
1546511812902776 63 1
1546511812905363 64 1
1546511812905377 63 1
1546511812905740 63 1
1546511812907564 63 1
1546511812908821 130 -1
1546511812908831 9 -1
1546511812922670 7853 -1
1546511812922689 111 -1
1546511812922694 9 -1
1546511812923752 6106 -1
1546511812923769 129 -1
1546511812923774 9 -1
1546511812925326 6371 -1
1546511812925347 129 -1
1546511812925353 9 -1
1546511812926072 5985 -1
1546511812926089 235 -1
1546511812926154 9 -1
1546511812927277 8074 -1
1546511812927369 125 -1
1546511812927458 9 -1
1546511812929325 6158 -1
1546511813196251 78 1
1546511813197620 59 1
1546511813199638 58 1
1546511813199710 78 1
1546511813199751 58 1
1546511813199842 58 1
1546511813201404 58 1
1546511813206333 170 -1
1546511813206354 9 -1
1546511813209004 2617 -1
1546511813209400 58 1
1546511813209418 59 1
1546511813209427 59 1
1546511813211597 132 -1
1546511813211609 9 -1
1546511813211684 59 1
1546511813211697 59 1
1546511813212515 58 1
1546511813213865 58 1
1546511813214180 58 1
1546511813214196 58 1
1546511813217914 58 1
1546511813217934 58 1
1546511813221249 58 1
1546511813221270 58 1
1546511813228140 16383 -1
1546511813228156 1 -1
1546511813228163 9 -1
1546511813230192 16382 -1
1546511813230230 2 -1
1546511813230235 9 -1
1546511813230720 16383 -1
1546511813230732 1 -1
1546511813230738 9 -1
1546511813233729 16382 -1
1546511813233745 2 -1
1546511813233751 9 -1
1546511813237059 16383 -1
1546511813237076 1 -1
1546511813237082 9 -1
1546511813247899 16382 -1
1546511813247921 2 -1
1546511813247928 9 -1
1546511813249921 16381 -1
1546511813249937 3 -1
1546511813249941 9 -1
1546511813265190 3977 -1
1546511813265210 107 -1
1546511813265214 144 -1
1546511813265221 131 -1
1546511813265478 132 -1
1546511813265484 109 -1
1546511813265807 131 -1
1546511813265813 130 -1
1546511813265817 175 -1
1546511813265999 9 -1
1546511813266811 16383 -1
1546511813266824 1 -1
1546511813266828 9 -1
1546511813267231 2973 -1
1546511813267246 9 -1
1546511813290483 15873 -1
1546511813290501 511 -1
1546511813290731 9 -1
1546511813294199 88 1
1546511813295460 88 1
1546511813297825 15873 -1
1546511813297843 511 -1
1546511813297849 9 -1
1546511813297857 88 1
1546511813301096 88 1
1546511813302367 88 1
1546511813303766 87 1
1546511813304666 88 1
1546511813316533 15873 -1
1546511813316907 511 -1
1546511813316918 9 -1
1546511813336592 16383 -1
1546511813336612 1 -1
1546511813336619 9 -1
1546511813350279 16383 -1
1546511813350311 1 -1
1546511813350319 9 -1
1546511813368854 16383 -1
1546511813368871 1 -1
1546511813369057 9 -1
1546511813376824 16382 -1
1546511813376988 2 -1
1546511813376994 9 -1
1546511813386814 15872 -1
1546511813386833 512 -1
1546511813386841 9 -1
1546511813399188 15872 -1
1546511813399209 512 -1
1546511813399217 9 -1
1546511813404925 15872 -1
1546511813404946 512 -1
1546511813404954 9 -1
1546511813417359 16382 -1
1546511813419274 2 -1
1546511813419285 9 -1
1546511813426181 16382 -1
1546511813426197 2 -1
1546511813426202 9 -1
1546511813433728 16382 -1
1546511813433744 2 -1
1546511813433749 9 -1
1546511813447037 16381 -1
1546511813447054 3 -1
1546511813447059 9 -1
1546511813464066 15871 -1
1546511813464082 513 -1
1546511813464089 9 -1
1546511813492457 15871 -1
1546511813492477 513 -1
1546511813492486 9 -1
1546511813526022 15871 -1
1546511813530586 513 -1
1546511813531025 9 -1
1546511813564643 16381 -1
1546511813564970 3 -1
1546511813564977 9 -1
1546511813604758 16381 -1
1546511813604774 3 -1
1546511813604779 9 -1
1546511813642968 16381 -1
1546511813642986 3 -1
1546511813642991 9 -1
1546511813670807 16380 -1
1546511813670821 4 -1
1546511813670825 9 -1
1546511813703415 15870 -1
1546511813703430 514 -1
1546511813703436 9 -1
1546511813714363 15870 -1
1546511813714380 514 -1
1546511813714387 9 -1
1546511813928595 15870 -1
1546511813928609 514 -1
1546511813928665 9 -1
1546511813930161 16380 -1
1546511813930173 4 -1
1546511813930179 9 -1
1546511813931962 16380 -1
1546511813931977 4 -1
1546511813931983 9 -1
1546511813933587 16380 -1
1546511813933600 4 -1
1546511813933604 9 -1
1546511813935132 16379 -1
1546511813935146 5 -1
1546511813935304 9 -1
1546511813945204 15869 -1
1546511813946173 515 -1
1546511813946182 9 -1
1546511813973173 15869 -1
1546511813984532 515 -1
1546511813984546 9 -1
1546511814000553 15869 -1
1546511814000568 515 -1
1546511814000574 165 -1
1546511814000580 130 -1
1546511814000584 155 -1
1546511814002728 109 -1
1546511814002735 131 -1
1546511814002738 108 -1
1546511814002931 132 -1
1546511814003157 107 -1
1546511814003161 95 -1
1546511814003164 96 -1
1546511814003169 9 -1
1546511814016857 16379 -1
1546511814016874 5 -1
1546511814016878 9 -1
1546511814043809 16379 -1
1546511814043825 5 -1
1546511814043871 9 -1
1546511814066528 16379 -1
1546511814066546 5 -1
1546511814066552 9 -1
1546511814094100 16378 -1
1546511814094120 6 -1
1546511814094126 9 -1
1546511814116515 15868 -1
1546511814116531 516 -1
1546511814116536 9 -1
1546511814138666 15868 -1
1546511814138684 516 -1
1546511814138690 9 -1
1546511814165711 15868 -1
1546511814165726 516 -1
1546511814165731 159 -1
1546511814165738 230 -1
1546511814165742 191 -1
1546511814166219 159 -1
1546511814171957 169 -1
1546511814171969 159 -1
1546511814172022 154 -1
1546511814172026 9 -1
1546511814196824 16378 -1
1546511814196838 6 -1
1546511814196982 9 -1
1546511814222656 16378 -1
1546511814222672 6 -1
1546511814222676 9 -1
1546511814239731 16378 -1
1546511814239762 6 -1
1546511814239769 9 -1
1546511814256366 16377 -1
1546511814256381 7 -1
1546511814256386 9 -1
1546511814268736 15867 -1
1546511814270030 517 -1
1546511814270090 9 -1
1546511814280043 15867 -1
1546511814280059 517 -1
1546511814280067 9 -1
1546511814286818 15867 -1
1546511814286833 517 -1
1546511814287272 9 -1
1546511814305311 16377 -1
1546511814305328 7 -1
1546511814305391 9 -1
1546511814338941 16377 -1
1546511814338961 7 -1
1546511814338967 9 -1
1546511814355887 16377 -1
1546511814355905 7 -1
1546511814355911 9 -1
1546511814369534 16376 -1
1546511814369753 8 -1
1546511814369760 9 -1
1546511814385628 15866 -1
1546511814386297 518 -1
1546511814386306 9 -1
1546511814392750 14795 -1
1546511814392761 9 -1
1546511814419762 15866 -1
1546511814419777 518 -1
1546511814419783 9 -1
1546511814436788 16376 -1
1546511814436808 8 -1
1546511814436815 9 -1
1546511814442662 16376 -1
1546511814442678 8 -1
1546511814442683 9 -1
1546511814452860 16376 -1
1546511814452877 8 -1
1546511814452883 9 -1
1546511814465175 16375 -1
1546511814465298 9 -1
1546511814465304 9 -1
1546511814474294 15865 -1
1546511814474309 519 -1
1546511814474313 9 -1
1546511814481323 16383 -1
1546511814483004 1 -1
1546511814483013 9 -1
1546511814491358 16375 -1
1546511814491376 9 -1
1546511814491381 9 -1
1546511814491386 2598 -1
1546511814491591 9 -1
1546511814503334 16375 -1
1546511814503487 9 -1
1546511814503493 9 -1
1546511814513665 16374 -1
1546511814513730 10 -1
1546511814513735 9 -1
1546511814521246 15864 -1
1546511814522012 520 -1
1546511814522025 9 -1
1546511814539823 16382 -1
1546511814539839 2 -1
1546511814539844 9 -1
1546511814555530 16374 -1
1546511814555548 10 -1
1546511814555555 9 -1
1546511814570464 16374 -1
1546511814570480 10 -1
1546511814570487 9 -1
1546511814581795 16373 -1
1546511814581807 11 -1
1546511814582041 9 -1
1546511814584840 8970 -1
1546511814585380 9 -1
1546511814599481 16381 -1
1546511814599503 3 -1
1546511814599510 9 -1
1546511814612196 16373 -1
1546511814612211 11 -1
1546511814612217 9 -1
1546511814620132 16373 -1
1546511814620147 11 -1
1546511814620152 9 -1
1546511814621159 2032 -1
1546511814621173 9 -1
1546511814622976 4520 -1
1546511814622991 9 -1
1546511814635166 16372 -1
1546511814635253 12 -1
1546511814635260 9 -1
1546511814641842 11224 -1
1546511814641861 9 -1
1546511814663579 16371 -1
1546511814663645 13 -1
1546511814663658 9 -1
1546511814686003 13818 -1
1546511814686023 9 -1
1546511814704371 15873 -1
1546511814707001 511 -1
1546511814707018 9 -1
1546511814718022 15874 -1
1546511814718041 510 -1
1546511814718048 9 -1
1546511814740277 15874 -1
1546511814745189 510 -1
1546511814745658 9 -1
1546511814757835 16383 -1
1546511814757858 1 -1
1546511814757865 9 -1
1546511814773347 15873 -1
1546511814775278 511 -1
1546511814775296 9 -1
1546511814795464 15873 -1
1546511814797288 511 -1
1546511814797308 9 -1
1546511814812991 15873 -1
1546511814813064 511 -1
1546511814813074 9 -1
1546511814824888 15873 -1
1546511814824907 511 -1
1546511814824912 9 -1
1546511814836749 16383 -1
1546511814837005 1 -1
1546511814837012 9 -1
1546511814843832 16383 -1
1546511814843849 1 -1
1546511814843855 9 -1
1546511814855049 16383 -1
1546511814855066 1 -1
1546511814855071 9 -1
1546511814866604 16383 -1
1546511814866617 1 -1
1546511814866623 9 -1
1546511814872043 11030 -1
1546511814872092 9 -1
1546511814878734 15835 -1
1546511814879086 549 -1
1546511814879096 9 -1
1546511814886657 15835 -1
1546511814890509 549 -1
1546511814890584 9 -1
1546511814893837 16383 -1
1546511814893855 1 -1
1546511814893861 9 -1
1546511814908100 15835 -1
1546511814908117 549 -1
1546511814908364 9 -1
1546511814911384 15872 -1
1546511814911400 512 -1
1546511814911407 9 -1
1546511814927113 15873 -1
1546511814927129 511 -1
1546511814927134 9 -1
1546511814935821 15873 -1
1546511814935840 511 -1
1546511814935848 9 -1
1546511814949265 16382 -1
1546511814949281 2 -1
1546511814949285 9 -1
1546511814965405 15872 -1
1546511814965418 512 -1
1546511814965690 9 -1
1546511814977661 15872 -1
1546511814977679 512 -1
1546511814977687 9 -1
1546511814990357 15872 -1
1546511814990373 512 -1
1546511814990379 9 -1
1546511815003551 15872 -1
1546511815003568 512 -1
1546511815003575 9 -1
1546511815015048 16382 -1
1546511815015067 2 -1
1546511815015073 9 -1
1546511815026151 16382 -1
1546511815026165 2 -1
1546511815026169 9 -1
1546511815033623 16382 -1
1546511815033637 2 -1
1546511815033644 9 -1
1546511815046553 16382 -1
1546511815046572 2 -1
1546511815046578 9 -1
1546511815061182 15834 -1
1546511815061196 550 -1
1546511815061202 9 -1
1546511815069213 15834 -1
1546511815069230 550 -1
1546511815069497 9 -1
1546511815079828 16382 -1
1546511815079846 2 -1
1546511815079852 9 -1
1546511815085022 16383 -1
1546511815085038 1 -1
1546511815085046 9 -1
1546511815096923 15871 -1
1546511815096944 513 -1
1546511815096953 9 -1
1546511815105032 15872 -1
1546511815105053 512 -1
1546511815105061 9 -1
1546511815115510 15872 -1
1546511815115525 512 -1
1546511815115531 9 -1
1546511815123830 16381 -1
1546511815123846 3 -1
1546511815123851 9 -1
1546511815138004 15871 -1
1546511815138019 513 -1
1546511815138025 9 -1
1546511815151051 15871 -1
1546511815151070 513 -1
1546511815151581 9 -1
1546511815168628 15871 -1
1546511815168645 513 -1
1546511815168652 9 -1
1546511815183015 15871 -1
1546511815183032 513 -1
1546511815183038 9 -1
1546511815201571 16381 -1
1546511815201591 3 -1
1546511815201597 9 -1
1546511815244822 16381 -1
1546511815244838 3 -1
1546511815244843 9 -1
1546511815277573 16381 -1
1546511815277718 3 -1
1546511815277725 9 -1
1546511815299232 16381 -1
1546511815299250 3 -1
1546511815299256 9 -1
1546511815310672 11731 -1
1546511815310691 9 -1
1546511815318272 11973 -1
1546511815318287 9 -1
1546511815327010 9929 -1
1546511815327092 9 -1
1546511815339137 16382 -1
1546511815339153 2 -1
1546511815339158 9 -1
1546511815355835 15870 -1
1546511815355856 514 -1
1546511815355865 9 -1
1546511815358692 15871 -1
1546511815358707 513 -1
1546511815358923 9 -1
1546511815368491 15871 -1
1546511815368509 513 -1
1546511815368515 9 -1
1546511815384057 16380 -1
1546511815384073 4 -1
1546511815384150 9 -1
1546511815398192 15870 -1
1546511815398207 514 -1
1546511815398214 9 -1
1546511815416264 15870 -1
1546511815416281 514 -1
1546511815416289 9 -1
1546511815437313 15870 -1
1546511815437332 514 -1
1546511815437339 9 -1
1546511815449197 15870 -1
1546511815455784 514 -1
1546511815455797 9 -1
1546511815467527 16380 -1
1546511815467544 4 -1
1546511815467551 9 -1
1546511815474637 16380 -1
1546511815474839 4 -1
1546511815474845 9 -1
1546511815481111 11890 -1
1546511815481131 9 -1
1546511815489675 16380 -1
1546511815489693 4 -1
1546511815489699 9 -1
1546511815492202 3453 -1
1546511815492349 9 -1
1546511815502575 15869 -1
1546511815502591 515 -1
1546511815502597 9 -1
1546511815510142 15870 -1
1546511815510350 514 -1
1546511815510359 9 -1
1546511815513124 7425 -1
1546511815513142 9 -1
1546511815519195 12592 -1
1546511815519215 9 -1
1546511815528128 15869 -1
1546511815528145 515 -1
1546511815528152 9 -1
1546511815539290 15869 -1
1546511815539310 515 -1
1546511815539317 9 -1
1546511815558914 15869 -1
1546511815558931 515 -1
1546511815558937 9 -1
1546511815568712 15869 -1
1546511815571502 515 -1
1546511815571512 9 -1
1546511815582618 16379 -1
1546511815582683 5 -1
1546511815582689 9 -1
1546511815598414 16379 -1
1546511815598433 5 -1
1546511815598439 9 -1
1546511815608465 16379 -1
1546511815608484 5 -1
1546511815608490 9 -1
1546511815618064 15868 -1
1546511815618080 516 -1
1546511815618086 9 -1
1546511815624096 10434 -1
1546511815624115 9 -1
1546511815635554 15868 -1
1546511815635572 516 -1
1546511815635580 9 -1
1546511815642599 15868 -1
1546511815642615 516 -1
1546511815642622 9 -1
1546511815655540 15868 -1
1546511815655555 516 -1
1546511815655756 9 -1
1546511815657178 15868 -1
1546511815657188 516 -1
1546511815657252 9 -1
1546511815665589 16378 -1
1546511815665603 6 -1
1546511815666533 9 -1
1546511815672765 16378 -1
1546511815672784 6 -1
1546511815672790 9 -1
1546511815683906 16378 -1
1546511815683921 6 -1
1546511815683926 9 -1
1546511815700602 15867 -1
1546511815700712 517 -1
1546511815700720 9 -1
1546511815705367 15867 -1
1546511815706854 517 -1
1546511815706869 9 -1
1546511815717448 15867 -1
1546511815717464 517 -1
1546511815717472 9 -1
1546511815729705 15867 -1
1546511815731779 517 -1
1546511815731930 9 -1
1546511815742626 15867 -1
1546511815742644 517 -1
1546511815742653 9 -1
1546511815751337 16377 -1
1546511815751356 7 -1
1546511815751362 9 -1
1546511815757333 16377 -1
1546511815757346 7 -1
1546511815757352 9 -1
1546511815757356 636 -1
1546511815757439 9 -1
1546511815764519 15866 -1
1546511815766405 518 -1
1546511815766425 9 -1
1546511815774519 15866 -1
1546511815774538 518 -1
1546511815774548 9 -1
1546511815782217 15866 -1
1546511815782234 518 -1
1546511815782241 9 -1
1546511815787378 15866 -1
1546511815788268 518 -1
1546511815788324 9 -1
1546511815797515 15866 -1
1546511815799478 518 -1
1546511815799492 9 -1
1546511815805263 16376 -1
1546511815805275 8 -1
1546511815805805 9 -1
1546511815814503 16376 -1
1546511815814518 8 -1
1546511815814524 9 -1
1546511815828304 15865 -1
1546511815828320 519 -1
1546511815828325 9 -1
1546511815837448 15865 -1
1546511815837466 519 -1
1546511815837475 9 -1
1546511815854263 15865 -1
1546511815854278 519 -1
1546511815854284 9 -1
1546511815868395 15865 -1
1546511815868411 519 -1
1546511815868417 9 -1
1546511815883473 15865 -1
1546511815886036 519 -1
1546511815886050 9 -1
1546511815906182 16375 -1
1546511815906200 9 -1
1546511815906206 9 -1
1546511815917902 16375 -1
1546511815917919 9 -1
1546511815917929 9 -1
1546511815944674 15864 -1
1546511815944690 520 -1
1546511815944696 9 -1
1546511815960802 8807 -1
1546511815960817 9 -1
1546511815988289 15864 -1
1546511815988309 520 -1
1546511815988317 9 -1
1546511816010667 15864 -1
1546511816010684 520 -1
1546511816010949 9 -1
1546511816045259 15864 -1
1546511816045278 520 -1
1546511816045286 9 -1
1546511816067424 16374 -1
1546511816067702 10 -1
1546511816067709 9 -1
1546511816084145 16374 -1
1546511816084165 10 -1
1546511816084171 9 -1
1546511816101002 15863 -1
1546511816101017 521 -1
1546511816101290 9 -1
1546511816123425 15863 -1
1546511816126803 521 -1
1546511816126815 9 -1
1546511816134904 15863 -1
1546511816134919 521 -1
1546511816135069 9 -1
1546511816157375 15863 -1
1546511816158236 521 -1
1546511816158382 9 -1
1546511816175347 16373 -1
1546511816175557 11 -1
1546511816175563 9 -1
1546511816192878 16373 -1
1546511816192893 11 -1
1546511816193085 9 -1
1546511816200871 15862 -1
1546511816202174 522 -1
1546511816202186 9 -1
1546511816218402 15862 -1
1546511816218415 522 -1
1546511816218482 9 -1
1546511816230077 15862 -1
1546511816230091 522 -1
1546511816230470 9 -1
1546511816246535 16383 -1
1546511816246550 1 -1
1546511816246555 9 -1
1546511816262327 16372 -1
1546511816262345 12 -1
1546511816262351 9 -1
1546511816274681 16372 -1
1546511816274699 12 -1
1546511816274705 9 -1
1546511816290743 15861 -1
1546511816290878 523 -1
1546511816290914 9 -1
1546511816301998 15861 -1
1546511816302014 523 -1
1546511816302020 9 -1
1546511816318795 11987 -1
1546511816318807 9 -1
1546511816341367 16382 -1
1546511816341383 2 -1
1546511816341388 9 -1
1546511816352933 16371 -1
1546511816352949 13 -1
1546511816352954 9 -1
1546511816370080 16371 -1
1546511816370099 13 -1
1546511816370105 9 -1
1546511816390787 16383 -1
1546511816391499 1 -1
1546511816391504 9 -1
1546511816396669 7599 -1
1546511816398720 9 -1
1546511816409452 16381 -1
1546511816409465 3 -1
1546511816409603 9 -1
1546511816432137 16370 -1
1546511816432152 14 -1
1546511816432159 9 -1
1546511816448873 16370 -1
1546511816448890 14 -1
1546511816448897 9 -1
1546511816450846 1819 -1
1546511816450856 9 -1
1546511816467255 16380 -1
1546511816467271 4 -1
1546511816467275 9 -1
1546511816478941 16369 -1
1546511816478957 15 -1
1546511816478963 9 -1
1546511816486124 16336 -1
1546511816486141 9 -1
1546511816502570 16379 -1
1546511816502588 5 -1
1546511816502594 9 -1
1546511816518325 16368 -1
1546511816518340 16 -1
1546511816518345 9 -1
1546511816534530 16378 -1
1546511816534547 6 -1
1546511816534552 9 -1
1546511816534911 2442 -1
1546511816534999 9 -1
1546511816553801 16383 -1
1546511816553816 1 -1
1546511816553821 9 -1
1546511816561098 16382 -1
1546511816561113 2 -1
1546511816561118 9 -1
1546511816568139 10516 -1
1546511819792788 17 1
