### "'31446 195119 215091 99597 199820 117214 140242 148609 92855 115060 61579 87529 89540 159802 117438 133169 8767 8029 102338 61579'"
0 0 0
1546588412681628 203 1
1546588412681642 59 1
1546588412681651 59 1
1546588412681659 79 1
1546588412681666 59 1
1546588412681918 59 1
1546588412681929 58 1
1546588412685800 59 1
1546588412687439 78 1
1546588412689313 39 -1
1546588412689327 13 -1
1546588412690172 59 1
1546588412690485 9 1
1546588412691841 62 1
1546588412693068 9 -1
1546588412694086 312 -1
1546588412694175 9 -1
1546588412695407 15847 -1
1546588412695792 537 -1
1546588412695803 9 -1
1546588412697002 15062 -1
1546588412697016 148 -1
1546588412697025 9 -1
1546588412697305 2795 -1
1546588412697321 131 -1
1546588412698044 9 -1
1546588412720729 15873 -1
1546588412720747 511 -1
1546588412720757 9 -1
1546588412722092 15872 -1
1546588412722108 512 -1
1546588412722115 9 -1
1546588412724348 15871 -1
1546588412724369 513 -1
1546588412724377 9 -1
1546588412726154 15870 -1
1546588412726173 514 -1
1546588412726181 9 -1
1546588412727423 15869 -1
1546588412727441 515 -1
1546588412727448 9 -1
1546588412729695 15868 -1
1546588412729707 516 -1
1546588412729716 9 -1
1546588412732715 15867 -1
1546588412732786 517 -1
1546588412732793 9 -1
1546588412735208 15866 -1
1546588412735384 518 -1
1546588412735395 9 -1
1546588412738396 15865 -1
1546588412738416 519 -1
1546588412738426 9 -1
1546588412744577 15864 -1
1546588412744597 520 -1
1546588412744603 9 -1
1546588412744770 16383 -1
1546588412744782 1 -1
1546588412744786 9 -1
1546588412744980 14895 -1
1546588412744993 131 -1
1546588412744998 131 -1
1546588412745002 129 -1
1546588412745008 106 -1
1546588412745013 126 -1
1546588412745017 147 -1
1546588412745023 131 -1
1546588412745027 130 -1
1546588412745032 9 -1
1546588412749685 15874 -1
1546588412750730 510 -1
1546588412750853 9 -1
1546588412753796 15873 -1
1546588412754628 511 -1
1546588412754704 9 -1
1546588412755905 15873 -1
1546588412755918 511 -1
1546588412755926 9 -1
1546588412758140 15873 -1
1546588412758152 511 -1
1546588412758159 9 -1
1546588412759498 15873 -1
1546588412759509 511 -1
1546588412759515 9 -1
1546588412764283 3507 -1
1546588412764300 9 -1
1546588412765029 15874 -1
1546588412765045 510 -1
1546588412765052 9 -1
1546588412766409 15873 -1
1546588412766422 511 -1
1546588412766429 9 -1
1546588412767715 15873 -1
1546588412767726 511 -1
1546588412767732 9 -1
1546588412769211 15872 -1
1546588412769227 512 -1
1546588412769235 9 -1
1546588412770518 15872 -1
1546588412770534 512 -1
1546588412770540 9 -1
1546588412775275 15872 -1
1546588412775294 512 -1
1546588412775301 9 -1
1546588412775964 15872 -1
1546588412779084 512 -1
1546588412779101 9 -1
1546588412786497 87 1
1546588412787653 15873 -1
1546588412787675 511 -1
1546588412787683 9 -1
1546588412788285 87 1
1546588412791304 58 1
1546588412792588 67 1
1546588412798426 15872 -1
1546588412798448 512 -1
1546588412798463 9 -1
1546588412800381 15872 -1
1546588412800433 512 -1
1546588412800463 9 -1
1546588412802729 15871 -1
1546588412802770 513 -1
1546588412802777 9 -1
1546588412804317 59 1
1546588412805734 59 1
1546588412808267 15871 -1
1546588412808289 513 -1
1546588412808297 9 -1
1546588412813387 15871 -1
1546588412813401 513 -1
1546588412813408 9 -1
1546588412826126 15871 -1
1546588412826146 513 -1
1546588412826154 9 -1
1546588412827702 15872 -1
1546588412827718 512 -1
1546588412827902 9 -1
1546588412837743 15871 -1
1546588412837762 513 -1
1546588412837770 9 -1
1546588412844303 15871 -1
1546588412844319 513 -1
1546588412844668 9 -1
1546588412859394 15870 -1
1546588412859411 514 -1
1546588412859418 9 -1
1546588412862126 15870 -1
1546588412862141 514 -1
1546588412862148 9 -1
1546588412871366 15870 -1
1546588412873529 514 -1
1546588412873555 9 -1
1546588412883616 15870 -1
1546588412883633 514 -1
1546588412883641 9 -1
1546588412907960 15871 -1
1546588412907978 513 -1
1546588412907987 9 -1
1546588412913288 15870 -1
1546588412913308 514 -1
1546588412913316 9 -1
1546588412922820 15870 -1
1546588412922838 514 -1
1546588412922845 9 -1
1546588412927994 15869 -1
1546588412928014 515 -1
1546588412928024 9 -1
1546588412933686 15869 -1
1546588412933706 515 -1
1546588412933714 9 -1
1546588412939674 15869 -1
1546588412939695 515 -1
1546588412939704 9 -1
1546588412953751 15869 -1
1546588412953771 515 -1
1546588412953781 9 -1
1546588412961917 16383 -1
1546588412961936 1 -1
1546588412961944 9 -1
1546588412973426 16383 -1
1546588412973447 1 -1
1546588412973454 9 -1
1546588412988628 15869 -1
1546588412988648 515 -1
1546588412988657 9 -1
1546588413003082 15868 -1
1546588413003103 516 -1
1546588413003112 9 -1
1546588413017357 15868 -1
1546588413017995 516 -1
1546588413018037 9 -1
1546588413036462 15868 -1
1546588413037314 516 -1
1546588413037325 9 -1
1546588413041170 15868 -1
1546588413046214 516 -1
1546588413046235 9 -1
1546588413046483 10935 -1
1546588413046917 9 -1
1546588413058417 16382 -1
1546588413058439 2 -1
1546588413058446 9 -1
1546588413058710 1293 -1
1546588413058726 9 -1
1546588413065811 15867 -1
1546588413065832 517 -1
1546588413065841 9 -1
1546588413072953 15867 -1
1546588413072969 517 -1
1546588413073041 9 -1
1546588413078081 15867 -1
1546588413082234 517 -1
1546588413082249 9 -1
1546588413083107 15867 -1
1546588413083121 517 -1
1546588413083127 9 -1
1546588413088677 16381 -1
1546588413088704 3 -1
1546588413088710 9 -1
1546588413104965 15866 -1
1546588413104993 518 -1
1546588413105000 9 -1
1546588413105629 15866 -1
1546588413105691 518 -1
1546588413105700 9 -1
1546588413124334 15866 -1
1546588413124352 518 -1
1546588413124396 9 -1
1546588413124404 2526 -1
1546588413124442 9 -1
1546588413124449 372 -1
1546588413124521 9 -1
1546588413133327 15865 -1
1546588413133347 519 -1
1546588413133357 275 -1
1546588413133386 9 -1
1546588413138171 9170 -1
1546588413138187 157 -1
1546588413138192 129 -1
1546588413138198 158 -1
1546588413138203 9 -1
1546588413154195 15865 -1
1546588413154211 519 -1
1546588413154218 131 -1
1546588413154224 9 -1
1546588413164186 15864 -1
1546588413164206 520 -1
1546588413164214 9 -1
1546588413168288 1153 -1
1546588413168301 9 -1
1546588413180186 15863 -1
1546588413180201 521 -1
1546588413180207 131 -1
1546588413180348 9 -1
1546588413188516 15862 -1
1546588413188532 522 -1
1546588413188539 9 -1
1546588413189445 3212 -1
1546588413189463 9 -1
1546588413198394 16383 -1
1546588413198411 1 -1
1546588413198416 9 -1
1546588413209520 16383 -1
1546588413209537 1 -1
1546588413209543 9 -1
1546588413224940 16383 -1
1546588413224992 1 -1
1546588413224997 9 -1
1546588413237104 16383 -1
1546588413237123 1 -1
1546588413237130 9 -1
1546588413251784 16383 -1
1546588413251805 1 -1
1546588413251927 9 -1
1546588413263942 16383 -1
1546588413263960 1 -1
1546588413264047 9 -1
1546588413278477 16382 -1
1546588413278495 2 -1
1546588413278516 9 -1
1546588413289020 16382 -1
1546588413289037 2 -1
1546588413289147 9 -1
1546588413299053 16382 -1
1546588413299209 2 -1
1546588413299215 9 -1
1546588413317141 16382 -1
1546588413317165 2 -1
1546588413317171 9 -1
1546588413322797 16382 -1
1546588413322814 2 -1
1546588413322820 9 -1
1546588413342524 16382 -1
1546588413342549 2 -1
1546588413342555 9 -1
1546588413355486 16381 -1
1546588413355501 3 -1
1546588413355505 9 -1
1546588413375583 16381 -1
1546588413375604 3 -1
1546588413375610 9 -1
1546588413390427 16381 -1
1546588413390442 3 -1
1546588413390448 9 -1
1546588413416077 16381 -1
1546588413416151 3 -1
1546588413416300 9 -1
1546588413450046 16381 -1
1546588413450222 3 -1
1546588413450227 9 -1
1546588413489323 16381 -1
1546588413489340 3 -1
1546588413489346 9 -1
1546588413503857 12427 -1
1546588413503873 9 -1
1546588413529118 16380 -1
1546588413529198 4 -1
1546588413529204 9 -1
1546588413550025 16380 -1
1546588413550042 4 -1
1546588413550047 9 -1
1546588413559546 16380 -1
1546588413559566 4 -1
1546588413559602 9 -1
1546588413569538 16380 -1
1546588413569561 4 -1
1546588413569593 9 -1
1546588413579180 16380 -1
1546588413579297 4 -1
1546588413579304 9 -1
1546588413586248 16379 -1
1546588413586325 5 -1
1546588413586426 9 -1
1546588413592154 16379 -1
1546588413592174 5 -1
1546588413592180 9 -1
1546588413596822 16379 -1
1546588413596842 5 -1
1546588413596848 9 -1
1546588413603714 16379 -1
1546588413603735 5 -1
1546588413603741 9 -1
1546588413611558 16379 -1
1546588413611577 5 -1
1546588413611776 9 -1
1546588413612599 5609 -1
1546588413612615 9 -1
1546588413613519 7620 -1
1546588413613534 9 -1
1546588413621190 16378 -1
1546588413621211 6 -1
1546588413621220 9 -1
1546588413628411 16378 -1
1546588413628433 6 -1
1546588413628439 9 -1
1546588413629715 16378 -1
1546588413629731 6 -1
1546588413629737 9 -1
1546588413634064 16377 -1
1546588413634083 7 -1
1546588413634088 9 -1
1546588413644070 16377 -1
1546588413644097 7 -1
1546588413644426 9 -1
1546588413644824 16377 -1
1546588413644842 7 -1
1546588413644847 9 -1
1546588413649999 16376 -1
1546588413650020 8 -1
1546588413650027 9 -1
1546588413660216 16376 -1
1546588413660335 8 -1
1546588413660342 9 -1
1546588413660821 2750 -1
1546588413660837 9 -1
1546588413668156 16375 -1
1546588413668175 9 -1
1546588413668180 9 -1
1546588413669014 2097 -1
1546588413669094 9 -1
1546588413674014 12346 -1
1546588414136360 79 1
1546588414136378 78 1
1546588414136388 78 1
1546588414136396 78 1
1546588414136768 78 1
1546588414144575 171 -1
1546588414144594 9 -1
1546588414144599 2261 -1
1546588414144606 143 -1
1546588414144613 9 -1
1546588414144921 2617 -1
1546588414148508 149 -1
1546588414148525 9 -1
1546588414148532 2617 -1
1546588414148537 148 -1
1546588414150805 9 -1
1546588414151360 4575 -1
1546588414151437 217 -1
1546588414151444 9 -1
1546588414151869 3151 -1
1546588414369399 63 1
1546588414369414 63 1
1546588414369455 63 1
1546588414369468 63 1
1546588414369546 63 1
1546588414369557 63 1
1546588414376705 161 -1
1546588414376725 9 -1
1546588414387067 8767 -1
1546588414387089 129 -1
1546588414387095 9 -1
1546588414388123 7012 -1
1546588414388170 125 -1
1546588414388521 9 -1
1546588414391440 7545 -1
1546588414391458 129 -1
1546588414391463 9 -1
1546588414391693 8029 -1
1546588414391704 128 -1
1546588414391709 9 -1
1546588414399574 7199 -1
1546588414399598 115 -1
1546588414399907 9 -1
1546588414403029 6952 -1
1546588414582362 397 1
1546588414591746 156 -1
1546588414591871 9 -1
1546588414597793 16383 -1
1546588414597812 1 -1
1546588414597818 9 -1
1546588414612283 16383 -1
1546588414612299 1 -1
1546588414612345 9 -1
1546588414623320 16382 -1
1546588414623339 2 -1
1546588414623344 9 -1
1546588414637396 16381 -1
1546588414637412 3 -1
1546588414637418 9 -1
1546588414648784 16380 -1
1546588414648798 4 -1
1546588414649023 9 -1
1546588414662887 16383 -1
1546588414662903 1 -1
1546588414662907 9 -1
1546588414664392 4034 -1
1546588417016292 87 1
1546588417028234 184 -1
1546588417028253 9 -1
1546588417028580 16383 -1
1546588417028593 1 -1
1546588417028598 9 -1
1546588417037714 16383 -1
1546588417037734 1 -1
1546588417037741 9 -1
1546588417045231 16382 -1
1546588417045266 2 -1
1546588417045275 9 -1
1546588417054775 12427 -1
1546588421464240 17 1
0 0 0
1546588412754125 195 1
0 0 0
1546588412693108 202 1
1546588412700283 39 -1
1546588412700289 13 -1
1546588412701647 9 1
1546588412704269 9 -1
1546588412706084 312 -1
1546588412706097 9 -1
1546588412706102 2263 -1
1546588412750487 17 1
0 0 0
1546588412752468 183 1
0 0 0
1546588412962200 202 1
0 0 0
1546588412689569 183 1
1546588412694931 39 -1
1546588412694938 13 -1
1546588412697069 9 1
1546588412699992 9 -1
1546588412700002 291 -1
1546588412700015 9 -1
1546588412701226 16383 -1
1546588412701283 1 -1
1546588412701290 9 -1
1546588412722451 16383 -1
1546588412722470 1 -1
1546588412722476 9 -1
1546588412725217 16382 -1
1546588412725238 2 -1
1546588412725245 9 -1
1546588412726795 16381 -1
1546588412726811 3 -1
1546588412726817 9 -1
1546588412728544 16380 -1
1546588412728626 4 -1
1546588412728633 9 -1
1546588412729487 16383 -1
1546588412729504 1 -1
1546588412729510 9 -1
1546588412730547 16382 -1
1546588412730566 2 -1
1546588412730572 9 -1
1546588412732012 16381 -1
1546588412732032 3 -1
1546588412732038 9 -1
1546588412732658 16380 -1
1546588412732678 4 -1
1546588412732726 9 -1
1546588412735323 16379 -1
1546588412735504 5 -1
1546588412735511 9 -1
1546588412749354 16378 -1
1546588412749375 6 -1
1546588412749382 9 -1
1546588412751165 16383 -1
1546588412751182 1 -1
1546588412751189 9 -1
1546588412752809 16382 -1
1546588412752826 2 -1
1546588412752832 9 -1
1546588412760790 2099 -1
1546588412792077 17 1
