### "'183102 188697 29171 95222 142732 156211 78626 201224 142877 44223 161562 143580 55784 54135 93111 93659 93386 47178 182115 100924 116281 43832 83144 59846 56269 56576 27525 24707 55784'"
0 0 0
1546588539257768 183 1
1546588539264899 39 -1
1546588539265104 13 -1
1546588539267795 9 -1
1546588539269097 294 -1
1546588539269107 9 -1
1546588539270310 9 1
1546588539284487 16383 -1
1546588539284503 1 -1
1546588539284550 9 -1
1546588539288948 16383 -1
1546588539288969 1 -1
1546588539288977 9 -1
1546588539295368 16382 -1
1546588539295382 2 -1
1546588539295388 9 -1
1546588539303889 16383 -1
1546588539303909 1 -1
1546588539303914 9 -1
1546588539308598 16383 -1
1546588539309334 1 -1
1546588539309349 9 -1
1546588539317565 16383 -1
1546588539317582 1 -1
1546588539317587 9 -1
1546588539328191 16383 -1
1546588539328215 1 -1
1546588539328220 9 -1
1546588539333852 16382 -1
1546588539333871 2 -1
1546588539333877 9 -1
1546588539353139 16381 -1
1546588539353156 3 -1
1546588539353161 9 -1
1546588539361708 16380 -1
1546588539361721 4 -1
1546588539361727 9 -1
1546588539377715 16379 -1
1546588539377736 5 -1
1546588539377742 9 -1
1546588539401631 16378 -1
1546588539401649 6 -1
1546588539401656 9 -1
1546588539402644 4616 -1
1546588539404142 17 1
0 0 0
1546588539203887 184 1
0 0 0
1546588539186409 39 -1
1546588539186420 13 -1
1546588539203186 202 1
1546588539204131 58 1
1546588539205176 59 1
1546588539205359 58 1
1546588539205370 9 1
1546588539205380 61 1
1546588539205945 58 1
1546588539212457 9 -1
1546588539214631 86 1
1546588539216462 293 -1
1546588539216480 9 -1
1546588539216491 87 1
1546588539216500 58 1
1546588539216581 87 1
1546588539216635 15873 -1
1546588539216684 511 -1
1546588539216691 9 -1
1546588539216753 15872 -1
1546588539216798 512 -1
1546588539216804 9 -1
1546588539220740 58 1
1546588539223865 15871 -1
1546588539223882 513 -1
1546588539223891 9 -1
1546588539228199 15870 -1
1546588539228222 514 -1
1546588539228230 9 -1
1546588539231384 15869 -1
1546588539231481 515 -1
1546588539231491 9 -1
1546588539235315 15868 -1
1546588539235956 516 -1
1546588539235972 9 -1
1546588539237483 15867 -1
1546588539237502 517 -1
1546588539237509 9 -1
1546588539243386 15866 -1
1546588539243492 518 -1
1546588539243501 9 -1
1546588539246793 15865 -1
1546588539246818 519 -1
1546588539246963 9 -1
1546588539249701 15864 -1
1546588539249719 520 -1
1546588539249728 9 -1
1546588539252619 15863 -1
1546588539252949 521 -1
1546588539252960 9 -1
1546588539255065 2878 -1
1546588539255078 130 -1
1546588539255083 132 -1
1546588539255087 131 -1
1546588539255144 130 -1
1546588539255149 142 -1
1546588539255158 9 -1
1546588539257184 2567 -1
1546588539257204 9 -1
1546588539259389 15873 -1
1546588539259407 511 -1
1546588539259416 9 -1
1546588539259555 15873 -1
1546588539259735 511 -1
1546588539259743 9 -1
1546588539264392 15874 -1
1546588539264410 510 -1
1546588539264417 9 -1
1546588539264549 15874 -1
1546588539264564 510 -1
1546588539264570 9 -1
1546588539264769 15872 -1
1546588539264782 512 -1
1546588539264788 9 -1
1546588539268048 15872 -1
1546588539268066 512 -1
1546588539268111 9 -1
1546588539270472 15873 -1
1546588539270513 511 -1
1546588539270522 9 -1
1546588539272500 15873 -1
1546588539272520 511 -1
1546588539272528 9 -1
1546588539282220 15871 -1
1546588539282246 513 -1
1546588539282255 9 -1
1546588539292694 15871 -1
1546588539292716 513 -1
1546588539292724 9 -1
1546588539295092 15872 -1
1546588539295113 512 -1
1546588539295124 9 -1
1546588539295453 15872 -1
1546588539295670 512 -1
1546588539295679 9 -1
1546588539296878 15870 -1
1546588539296894 514 -1
1546588539296901 9 -1
1546588539296998 15870 -1
1546588539297007 514 -1
1546588539297012 9 -1
1546588539297393 15871 -1
1546588539297405 513 -1
1546588539297412 9 -1
1546588539306754 15871 -1
1546588539306775 513 -1
1546588539306783 9 -1
1546588539310456 15869 -1
1546588539310530 515 -1
1546588539310542 9 -1
1546588539322497 15869 -1
1546588539322518 515 -1
1546588539322528 9 -1
1546588539330516 15870 -1
1546588539330547 514 -1
1546588539330562 9 -1
1546588539338290 13090 -1
1546588539338307 9 -1
1546588539351079 15868 -1
1546588539351097 516 -1
1546588539351346 9 -1
1546588539361220 15868 -1
1546588539361246 516 -1
1546588539361253 9 -1
1546588539367347 13302 -1
1546588539367367 9 -1
1546588539395626 15867 -1
1546588539395656 517 -1
1546588539395666 9 -1
1546588539410666 15867 -1
1546588539410682 517 -1
1546588539410687 9 -1
1546588539422226 15866 -1
1546588539422242 518 -1
1546588539422250 9 -1
1546588539435058 15866 -1
1546588539435073 518 -1
1546588539435208 9 -1
1546588539448206 15865 -1
1546588539448223 519 -1
1546588539448229 9 -1
1546588539456302 11660 -1
1546588539456320 9 -1
1546588539463021 8755 -1
1546588539463037 162 -1
1546588539463981 162 -1
1546588539463989 158 -1
1546588539463995 130 -1
1546588539464066 117 -1
1546588539464071 9 -1
1546588539481689 16383 -1
1546588539481709 1 -1
1546588539481808 9 -1
1546588539490111 16383 -1
1546588539490133 1 -1
1546588539490140 9 -1
1546588539504233 15874 -1
1546588539504252 510 -1
1546588539504260 9 -1
1546588539515778 15831 -1
1546588539518905 553 -1
1546588539518923 9 -1
1546588539538144 15874 -1
1546588539538164 510 -1
1546588539538172 9 -1
1546588539544486 16382 -1
1546588539544502 2 -1
1546588539544554 9 -1
1546588539560815 16382 -1
1546588539560881 2 -1
1546588539561154 9 -1
1546588539585622 15873 -1
1546588539585642 511 -1
1546588539585650 9 -1
1546588539596871 15830 -1
1546588539603219 554 -1
1546588539603233 9 -1
1546588539620223 15873 -1
1546588539620238 511 -1
1546588539620248 9 -1
1546588539646616 16381 -1
1546588539646720 3 -1
1546588539646729 9 -1
1546588539680489 16381 -1
1546588539680540 3 -1
1546588539680546 9 -1
1546588539692619 11455 -1
1546588539692639 9 -1
1546588539709408 15829 -1
1546588539709430 555 -1
1546588539709438 9 -1
1546588539726625 15872 -1
1546588539726645 512 -1
1546588539726676 9 -1
1546588539738254 16380 -1
1546588539738368 4 -1
1546588539738376 9 -1
1546588539755453 16380 -1
1546588539755480 4 -1
1546588539755487 9 -1
1546588539772137 16383 -1
1546588539772160 1 -1
1546588539772168 9 -1
1546588539783538 6632 -1
1546588539783557 9 -1
1546588539806101 16379 -1
1546588539806117 5 -1
1546588539806121 9 -1
1546588539839918 16379 -1
1546588539839938 5 -1
1546588539839945 9 -1
1546588539851066 16382 -1
1546588539851084 2 -1
1546588539851399 9 -1
1546588539868230 16378 -1
1546588539868262 6 -1
1546588539868270 9 -1
1546588539880668 16378 -1
1546588539880688 6 -1
1546588539880694 9 -1
1546588539891878 16381 -1
1546588539891898 3 -1
1546588539891904 9 -1
1546588539901027 16377 -1
1546588539901048 7 -1
1546588539901056 9 -1
1546588539917411 16377 -1
1546588539917431 7 -1
1546588539917437 9 -1
1546588539925759 16380 -1
1546588539925777 4 -1
1546588539925782 9 -1
1546588539948434 16376 -1
1546588539948449 8 -1
1546588539948543 9 -1
1546588539975939 16376 -1
1546588539975957 8 -1
1546588539975963 9 -1
1546588540003280 16379 -1
1546588540003324 5 -1
1546588540003332 9 -1
1546588540019865 11805 -1
1546588540019883 9 -1
1546588540036204 16375 -1
1546588540036225 9 -1
1546588540036619 9 -1
1546588540042611 12508 -1
1546588540042671 9 -1
1546588540053068 14106 -1
1546588540425708 78 1
1546588540428573 78 1
1546588540428590 78 1
1546588540428698 77 1
1546588540428709 77 1
1546588540433502 273 -1
1546588540433605 9 -1
1546588540435229 5465 -1
1546588540439818 155 -1
1546588540439837 9 -1
1546588540446092 2973 -1
1546588540446107 147 -1
1546588540446111 9 -1
1546588540446116 2439 -1
1546588540446121 147 -1
1546588540446126 9 -1
1546588540447923 2973 -1
1546588540447942 147 -1
1546588540448841 9 -1
1546588540449790 3151 -1
1546588540473156 63 1
1546588540474412 62 1
1546588540480965 63 1
1546588540480982 63 1
1546588540481663 63 1
1546588540481725 62 1
1546588540482760 117 -1
1546588540482766 9 -1
1546588540491037 6735 -1
1546588540491054 128 -1
1546588540491059 9 -1
1546588540493790 7393 -1
1546588540493805 128 -1
1546588540501402 9 -1
1546588540502433 6822 -1
1546588540502454 129 -1
1546588540502459 9 -1
1546588540518221 6196 -1
1546588540518239 129 -1
1546588540518245 9 -1
1546588540523694 5880 -1
1546588540523711 128 -1
1546588540528897 9 -1
1546588540529434 5990 -1
1546588540710314 406 1
1546588540718072 254 -1
1546588540718086 9 -1
1546588540747504 16383 -1
1546588540747524 1 -1
1546588540747530 9 -1
1546588540774385 16383 -1
1546588540774401 1 -1
1546588540774407 9 -1
1546588540813708 16382 -1
1546588540813724 2 -1
1546588540813730 9 -1
1546588540814282 4983 -1
1546588543445114 77 1
1546588543448052 59 1
1546588543448064 58 1
1546588543448149 58 1
1546588543448729 58 1
1546588543453290 179 -1
1546588543453318 9 -1
1546588543458960 4219 -1
1546588543458978 130 -1
1546588543458983 9 -1
1546588543477782 16383 -1
1546588543478071 1 -1
1546588543478078 9 -1
1546588543504743 16382 -1
1546588543504764 2 -1
1546588543504770 130 -1
1546588543504775 9 -1
1546588543520919 59 1
1546588543520935 87 1
1546588543524610 86 1
1546588543524635 87 1
1546588543525317 58 1
1546588543525332 57 1
1546588543527846 15874 -1
1546588543527879 58 1
1546588543529716 58 1
1546588543543825 510 -1
1546588543543840 9 -1
1546588543567249 15873 -1
1546588543567268 511 -1
1546588543567276 9 -1
1546588543596801 15872 -1
1546588543596819 512 -1
1546588543596827 9 -1
1546588543613171 408 1
1546588543616156 15871 -1
1546588543618939 513 -1
1546588543618953 9 -1
1546588543651850 16383 -1
1546588543651871 1 -1
1546588543651877 9 -1
1546588543661732 11739 -1
1546588543672051 131 -1
1546588543672130 118 -1
1546588543672136 131 -1
1546588543672141 148 -1
1546588543672153 161 -1
1546588543673430 158 -1
1546588543673444 131 -1
1546588543673452 225 -1
1546588543673581 164 -1
1546588543673721 126 -1
1546588543673725 9 -1
1546588543692099 16383 -1
1546588543692116 1 -1
1546588543692124 9 -1
1546588543710140 15874 -1
1546588543710157 510 -1
1546588543710163 9 -1
1546588543724782 15873 -1
1546588543725270 511 -1
1546588543725434 9 -1
1546588543738230 16383 -1
1546588543738248 1 -1
1546588543738256 9 -1
1546588543754074 16383 -1
1546588543754092 1 -1
1546588543754097 9 -1
1546588543761028 15831 -1
1546588543761044 553 -1
1546588543761049 9 -1
1546588543771697 16383 -1
1546588543771791 1 -1
1546588543771832 9 -1
1546588543783790 15874 -1
1546588543793707 510 -1
1546588543793722 9 -1
1546588543803643 15874 -1
1546588543803664 510 -1
1546588543803670 9 -1
1546588543813815 16383 -1
1546588543813834 1 -1
1546588543813943 9 -1
1546588543828302 15874 -1
1546588543831198 510 -1
1546588543831209 9 -1
1546588543845556 16382 -1
1546588543845575 2 -1
1546588543845991 9 -1
1546588543863794 15873 -1
1546588543863812 511 -1
1546588543863819 9 -1
1546588543878189 15872 -1
1546588543878206 512 -1
1546588543878211 9 -1
1546588543891970 16382 -1
1546588543891990 2 -1
1546588543891995 9 -1
1546588543906859 16382 -1
1546588543906881 2 -1
1546588543906888 9 -1
1546588543927509 15830 -1
1546588543927531 554 -1
1546588543927540 9 -1
1546588543934122 16382 -1
1546588543934141 2 -1
1546588543934545 9 -1
1546588543950384 15873 -1
1546588543950403 511 -1
1546588543950410 9 -1
1546588543963607 15873 -1
1546588543963622 511 -1
1546588543963982 9 -1
1546588543983479 16382 -1
1546588543983500 2 -1
1546588543983506 9 -1
1546588543998128 15873 -1
1546588543998142 511 -1
1546588543998205 9 -1
1546588544005692 407 1
1546588544012099 16381 -1
1546588544012118 3 -1
1546588544012123 9 -1
1546588544038228 15872 -1
1546588544038247 512 -1
1546588544038254 9 -1
1546588544054958 15871 -1
1546588544054975 513 -1
1546588544054984 9 -1
1546588544067210 14410 -1
1546588544067223 9 -1
1546588544084923 16381 -1
1546588544084940 3 -1
1546588544085186 9 -1
1546588544106059 16383 -1
1546588544106081 1 -1
1546588544106088 9 -1
1546588544122411 16381 -1
1546588544122429 3 -1
1546588544123313 9 -1
1546588544134139 11064 -1
1546588544134155 9 -1
1546588544151143 15872 -1
1546588544151162 512 -1
1546588544151169 9 -1
1546588544159893 16381 -1
1546588544159906 3 -1
1546588544160026 9 -1
1546588544170327 15872 -1
1546588544170346 512 -1
1546588544170354 9 -1
1546588544175883 11191 -1
1546588544175905 9 -1
1546588544186753 15871 -1
1546588544186770 513 -1
1546588544192274 137 -1
1546588544192388 9 -1
1546588544194747 15870 -1
1546588544195342 514 -1
1546588544195412 9 -1
1546588544206483 16380 -1
1546588544206504 4 -1
1546588544206510 9 -1
1546588544212785 16382 -1
1546588544212801 2 -1
1546588544212806 9 -1
1546588544222848 16380 -1
1546588544222869 4 -1
1546588544222876 9 -1
1546588544224446 10694 -1
1546588544224458 9 -1
1546588544229147 7117 -1
1546588544229164 9 -1
1546588544234685 7424 -1
1546588544234701 9 -1
1546588544242481 15870 -1
1546588544242495 514 -1
1546588544242500 9 -1
1546588544262305 15869 -1
1546588544262326 515 -1
1546588544262334 9 -1
1546588544265861 16379 -1
1546588544265879 5 -1
1546588544265885 9 -1
1546588544280217 16381 -1
1546588544280230 3 -1
1546588544280235 9 -1
1546588544285526 16379 -1
1546588544285543 5 -1
1546588544285549 9 -1
1546588544301945 11466 -1
1546588544301964 9 -1
1546588544313478 15868 -1
1546588544313493 516 -1
1546588544313501 9 -1
1546588544326450 16378 -1
1546588544326470 6 -1
1546588544326476 9 -1
1546588544341433 16380 -1
1546588544341451 4 -1
1546588544341516 9 -1
1546588544341759 1224 -1
1546588544341770 9 -1
1546588544347677 15867 -1
1546588544353359 517 -1
1546588544353375 9 -1
1546588544354232 2620 -1
1546588544354244 9 -1
1546588544363123 16379 -1
1546588544363147 5 -1
1546588544363153 9 -1
1546588544375393 15866 -1
1546588544375407 518 -1
1546588544375415 9 -1
1546588544379930 1593 -1
1546588544379947 9 -1
1546588544393214 15865 -1
1546588544393234 519 -1
1546588544393305 9 -1
1546588544413576 15864 -1
1546588544413593 520 -1
1546588544413601 9 -1
1546588544431689 15863 -1
1546588544435513 521 -1
1546588544435527 9 -1
1546588544435801 1891 -1
1546588544435813 161 -1
1546588544435818 9 -1
1546588544464832 16383 -1
1546588544464848 1 -1
1546588544464853 9 -1
1546588544470754 16383 -1
1546588544470768 1 -1
1546588544470773 9 -1
1546588544481422 11141 -1
1546588544481437 9 -1
1546588544486512 8323 -1
1546588545770272 58 1
1546588545777847 153 -1
1546588545777865 9 -1
1546588545788683 16383 -1
1546588545788699 1 -1
1546588545788704 9 -1
1546588545794575 16383 -1
1546588545794590 1 -1
1546588545794595 9 -1
1546588545805569 16382 -1
1546588545805587 2 -1
1546588545805591 9 -1
1546588545810444 6632 -1
1546588550085494 17 1
0 0 0
1546588539207655 202 1
1546588539215681 39 -1
1546588539215689 13 -1
1546588539217981 9 1
1546588539221173 9 -1
1546588539223317 310 -1
1546588539223335 9 -1
1546588539223407 4219 -1
1546588539269039 17 1
0 0 0
1546588539177745 39 -1
1546588539177753 13 -1
1546588539202502 203 1
1546588539202523 9 1
1546588539208765 9 -1
1546588539209195 311 -1
1546588539209213 9 -1
1546588539217049 16383 -1
1546588539217074 1 -1
1546588539217137 9 -1
1546588539221449 12787 -1
1546588539257478 17 1
0 0 0
1546588539202894 195 1
1546588539206098 39 -1
1546588539206126 13 -1
1546588539207400 9 1
1546588539209746 9 -1
1546588539214929 307 -1
1546588539214942 9 -1
1546588539215203 16383 -1
1546588539215215 1 -1
1546588539215221 9 -1
1546588539220652 16382 -1
1546588539220668 2 -1
1546588539220675 9 -1
1546588539229881 16383 -1
1546588539229900 1 -1
1546588539229906 9 -1
1546588539231667 16382 -1
1546588539231679 2 -1
1546588539231686 9 -1
1546588539239529 16381 -1
1546588539239549 3 -1
1546588539239556 9 -1
1546588539241136 16380 -1
1546588539241156 4 -1
1546588539241162 9 -1
1546588539243113 16383 -1
1546588539243131 1 -1
1546588539243243 9 -1
1546588539247038 16382 -1
1546588539247049 2 -1
1546588539247054 9 -1
1546588539248379 16381 -1
1546588539248397 3 -1
1546588539248406 9 -1
1546588539249754 16383 -1
1546588539249768 1 -1
1546588539249994 9 -1
1546588539252416 16382 -1
1546588539252433 2 -1
1546588539252442 9 -1
1546588539254998 8473 -1
1546588539289753 17 1
