### "'70573 183102 201224 188697 29171 156211 95222 142732 78626 142877 161562 44223 143580 55784 54135'"
0 0 0
1546589064886976 184 1
1546589064886992 58 1
1546589064887048 59 1
1546589064887330 58 1
1546589064887340 58 1
1546589064888427 58 1
1546589064893790 39 -1
1546589064893799 13 -1
1546589064894610 9 1
1546589064895776 9 -1
1546589064897307 293 -1
1546589064897322 9 -1
1546589064902074 15874 -1
1546589064902597 510 -1
1546589064902728 9 -1
1546589064907715 15873 -1
1546589064907732 511 -1
1546589064907740 9 -1
1546589064914910 89 1
1546589064916432 15872 -1
1546589064916459 512 -1
1546589064916466 9 -1
1546589064916476 87 1
1546589064916605 16383 -1
1546589064916616 1 -1
1546589064916620 9 -1
1546589064916964 5037 -1
1546589064917020 130 -1
1546589064917025 9 -1
1546589064918695 58 1
1546589064922501 15873 -1
1546589064922521 511 -1
1546589064922528 9 -1
1546589064922539 87 1
1546589064922679 15872 -1
1546589064922688 512 -1
1546589064922694 9 -1
1546589064923278 58 1
1546589064926119 15871 -1
1546589064926137 513 -1
1546589064926146 9 -1
1546589064927884 15870 -1
1546589064927910 514 -1
1546589064927919 9 -1
1546589064930512 15869 -1
1546589064930526 515 -1
1546589064930533 9 -1
1546589064934275 15868 -1
1546589064934293 516 -1
1546589064934301 9 -1
1546589064936226 15867 -1
1546589064936391 517 -1
1546589064936401 9 -1
1546589064946605 15866 -1
1546589064946623 518 -1
1546589064947406 9 -1
1546589064949438 15865 -1
1546589064949453 519 -1
1546589064949745 9 -1
1546589064952429 15864 -1
1546589064952580 520 -1
1546589064952799 9 -1
1546589064954235 15863 -1
1546589064954243 521 -1
1546589064954249 9 -1
1546589064954314 2878 -1
1546589064954322 131 -1
1546589064958473 132 -1
1546589064959119 130 -1
1546589064959124 130 -1
1546589064959129 162 -1
1546589064959139 162 -1
1546589064959146 9 -1
1546589064960302 15873 -1
1546589064960331 511 -1
1546589064960643 9 -1
1546589064970568 15873 -1
1546589064970588 511 -1
1546589064970595 9 -1
1546589064977979 15874 -1
1546589064977999 510 -1
1546589064978187 9 -1
1546589064979385 15874 -1
1546589064979404 510 -1
1546589064979411 9 -1
1546589064997966 16383 -1
1546589064997985 1 -1
1546589064997991 9 -1
1546589065015642 16383 -1
1546589065015668 1 -1
1546589065015688 9 -1
1546589065020751 15872 -1
1546589065020781 512 -1
1546589065021056 9 -1
1546589065039240 16383 -1
1546589065039258 1 -1
1546589065039264 9 -1
1546589065044424 15873 -1
1546589065044440 511 -1
1546589065044449 9 -1
1546589065054454 15873 -1
1546589065058959 511 -1
1546589065059168 9 -1
1546589065064515 16382 -1
1546589065064542 2 -1
1546589065064753 9 -1
1546589065071441 16382 -1
1546589065071531 2 -1
1546589065071578 9 -1
1546589065078645 15871 -1
1546589065079573 513 -1
1546589065079711 9 -1
1546589065086984 16382 -1
1546589065087125 2 -1
1546589065087135 9 -1
1546589065102297 15872 -1
1546589065102389 512 -1
1546589065102398 9 -1
1546589065102932 15872 -1
1546589065102946 512 -1
1546589065102953 9 -1
1546589065113749 16381 -1
1546589065113765 3 -1
1546589065113771 9 -1
1546589065127679 16381 -1
1546589065127699 3 -1
1546589065127705 9 -1
1546589065140531 15870 -1
1546589065140545 514 -1
1546589065140592 9 -1
1546589065154040 16381 -1
1546589065154057 3 -1
1546589065154062 9 -1
1546589065164156 15871 -1
1546589065171326 513 -1
1546589065171344 9 -1
1546589065176995 15871 -1
1546589065177025 513 -1
1546589065177035 9 -1
1546589065187046 16380 -1
1546589065187064 4 -1
1546589065187116 9 -1
1546589065196932 16380 -1
1546589065196992 4 -1
1546589065196999 9 -1
1546589065203484 15869 -1
1546589065204392 515 -1
1546589065204408 9 -1
1546589065216264 16380 -1
1546589065216285 4 -1
1546589065216292 9 -1
1546589065218026 15870 -1
1546589065221004 514 -1
1546589065221021 9 -1
1546589065226539 13090 -1
1546589065226559 9 -1
1546589065241694 16379 -1
1546589065241715 5 -1
1546589065241721 9 -1
1546589065245823 16379 -1
1546589065245852 5 -1
1546589065245860 9 -1
1546589065254820 15868 -1
1546589065254871 516 -1
1546589065254938 9 -1
1546589065264918 16379 -1
1546589065264941 5 -1
1546589065264950 9 -1
1546589065276097 13302 -1
1546589065276261 9 -1
1546589065284287 16378 -1
1546589065285040 6 -1
1546589065285045 130 -1
1546589065285758 158 -1
1546589065286013 117 -1
1546589065286017 9 -1
1546589065292296 16378 -1
1546589065292315 6 -1
1546589065292321 9 -1
1546589065298791 15867 -1
1546589065298807 517 -1
1546589065298812 9 -1
1546589065308681 16378 -1
1546589065308701 6 -1
1546589065308709 9 -1
1546589065319389 16377 -1
1546589065319410 7 -1
1546589065319417 9 -1
1546589065333370 16377 -1
1546589065333386 7 -1
1546589065333392 9 -1
1546589065340098 15866 -1
1546589065340128 518 -1
1546589065340137 9 -1
1546589065350771 16377 -1
1546589065350790 7 -1
1546589065350796 9 -1
1546589065365049 16376 -1
1546589065365069 8 -1
1546589065365074 9 -1
1546589065376694 16376 -1
1546589065376713 8 -1
1546589065376720 9 -1
1546589065384163 15865 -1
1546589065385315 519 -1
1546589065385327 9 -1
1546589065391071 11660 -1
1546589065391086 9 -1
1546589065396358 11805 -1
1546589065396376 9 -1
1546589065409447 16375 -1
1546589065409471 9 -1
1546589065409477 9 -1
1546589065410876 8755 -1
1546589065410890 9 -1
1546589065421104 14106 -1
1546589065421123 9 -1
1546589065436010 16383 -1
1546589065436112 1 -1
1546589065436125 9 -1
1546589065446074 16383 -1
1546589065446089 1 -1
1546589065446430 9 -1
1546589065459625 16383 -1
1546589065459642 1 -1
1546589065459652 9 -1
1546589065473059 16382 -1
1546589065473076 2 -1
1546589065473081 9 -1
1546589065487902 16382 -1
1546589065487922 2 -1
1546589065487992 9 -1
1546589065523520 16382 -1
1546589065523562 2 -1
1546589065523570 9 -1
1546589065533796 11455 -1
1546589065533813 9 -1
1546589065567953 16381 -1
1546589065567972 3 -1
1546589065567977 9 -1
1546589065601318 16381 -1
1546589065601334 3 -1
1546589065601339 9 -1
1546589065622473 16380 -1
1546589065622488 4 -1
1546589065622493 9 -1
1546589065632438 6632 -1
1546589065632465 9 -1
1546589065656831 16379 -1
1546589065656846 5 -1
1546589065656996 9 -1
1546589065671838 16378 -1
1546589065671856 6 -1
1546589065671861 9 -1
1546589065681394 16377 -1
1546589065681417 7 -1
1546589065681423 9 -1
1546589065695698 16376 -1
1546589065695717 8 -1
1546589065695722 9 -1
1546589065700952 12508 -1
1546589066375444 78 1
1546589066377713 78 1
1546589066382406 273 -1
1546589066382423 9 -1
1546589066382434 78 1
1546589066382442 77 1
1546589066383876 77 1
1546589066384877 5465 -1
1546589066386646 155 -1
1546589066386664 9 -1
1546589066389901 2973 -1
1546589066392717 147 -1
1546589066392735 9 -1
1546589066400513 2973 -1
1546589066400529 147 -1
1546589066400537 9 -1
1546589066400542 2439 -1
1546589066400549 147 -1
1546589066400555 9 -1
1546589066405785 3151 -1
1546589066446259 63 1
1546589066447690 62 1
1546589066450020 63 1
1546589066451445 63 1
1546589066453442 63 1
1546589066454496 62 1
1546589066459786 117 -1
1546589066459799 9 -1
1546589066473645 6735 -1
1546589066473665 128 -1
1546589066473671 9 -1
1546589066478099 6822 -1
1546589066478117 128 -1
1546589066478443 9 -1
1546589066484547 7393 -1
1546589066484577 128 -1
1546589066484584 9 -1
1546589066488350 5990 -1
1546589066488379 129 -1
1546589066488385 9 -1
1546589066492292 5880 -1
1546589066492309 129 -1
1546589066492316 9 -1
1546589066494637 6196 -1
1546589066684251 406 1
1546589066691124 254 -1
1546589066691152 9 -1
1546589066701398 16383 -1
1546589066701418 1 -1
1546589066701425 9 -1
1546589066715761 16383 -1
1546589066715776 1 -1
1546589066715782 9 -1
1546589066730915 16382 -1
1546589066730935 2 -1
1546589066730941 9 -1
1546589066731204 4983 -1
1546589073138012 17 1
0 0 0
1546589064889259 183 1
1546589064895499 39 -1
1546589064895524 13 -1
1546589064897478 9 1
1546589064899595 9 -1
1546589064900762 294 -1
1546589064900775 9 -1
1546589064917800 16383 -1
1546589064917821 1 -1
1546589064917829 9 -1
1546589064930027 16383 -1
1546589064930102 1 -1
1546589064930108 9 -1
1546589064939208 16382 -1
1546589064939423 2 -1
1546589064939479 9 -1
1546589064944175 16383 -1
1546589064944191 1 -1
1546589064944197 9 -1
1546589064947586 16383 -1
1546589064947597 1 -1
1546589064947655 9 -1
1546589064950405 16383 -1
1546589064950419 1 -1
1546589064950425 9 -1
1546589064951776 16383 -1
1546589064951793 1 -1
1546589064951798 9 -1
1546589064954143 16382 -1
1546589064954154 2 -1
1546589064954159 9 -1
1546589064957128 16383 -1
1546589064957183 1 -1
1546589064957190 9 -1
1546589064957949 16382 -1
1546589064957967 2 -1
1546589064957973 9 -1
1546589064958445 16381 -1
1546589064958640 3 -1
1546589064958647 9 -1
1546589064960350 16380 -1
1546589064960592 4 -1
1546589064960878 9 -1
1546589064961781 4616 -1
1546589064964953 17 1
0 0 0
1546589064931449 202 1
0 0 0
1546589064943932 202 1
0 0 0
1546589064913519 195 1
1546589064952128 39 -1
1546589064952134 13 -1
1546589064952246 9 -1
1546589064952250 307 -1
1546589064952486 9 -1
1546589064954097 9 1
1546589064958153 16383 -1
1546589064958167 1 -1
1546589064958172 9 -1
1546589064958301 16383 -1
1546589064958311 1 -1
1546589064958316 9 -1
1546589064964133 16382 -1
1546589064964153 2 -1
1546589064964375 9 -1
1546589064978600 16381 -1
1546589064978618 3 -1
1546589064978625 9 -1
1546589064980147 16380 -1
1546589064980164 4 -1
1546589064980169 9 -1
1546589064981510 16379 -1
1546589064981528 5 -1
1546589064981534 9 -1
1546589064983450 16383 -1
1546589064984338 1 -1
1546589064984347 9 -1
1546589064991509 16382 -1
1546589064991527 2 -1
1546589064991585 9 -1
1546589064993460 16381 -1
1546589064993497 3 -1
1546589064993504 9 -1
1546589064998959 16380 -1
1546589064998979 4 -1
1546589064998986 9 -1
1546589065013768 16379 -1
1546589065013924 5 -1
1546589065014083 9 -1
1546589065014490 8473 -1
1546589065040692 17 1
0 0 0
1546589064915305 203 1
1546589064917977 39 -1
1546589064917983 13 -1
1546589064918921 9 1
1546589064924435 9 -1
1546589064924542 311 -1
1546589064924557 9 -1
1546589064930587 16383 -1
1546589064931001 1 -1
1546589064931008 9 -1
1546589064934975 12787 -1
1546589064976094 17 1
