### "'145490 109738 100714 85036 105483 83191 263167 16298 108191 130488 146872 133254 230006 164468 86253 196977 38684 8878 16298 16298'"
0 0 0
1546589576299653 207 1
1546589576299671 59 1
1546589576299682 58 1
1546589576299691 59 1
1546589576299700 59 1
1546589576299709 77 1
1546589576300887 59 1
1546589576300898 59 1
1546589576300907 58 1
1546589576300916 59 1
1546589576300924 59 1
1546589576300933 59 1
1546589576300942 59 1
1546589576300989 58 1
1546589576300998 58 1
1546589576301006 77 1
1546589576302954 59 1
1546589576302968 58 1
1546589576304354 39 -1
1546589576304367 13 -1
1546589576309696 9 1
1546589576311638 9 -1
1546589576311756 310 -1
1546589576311772 9 -1
1546589576311779 2973 -1
1546589576313142 133 -1
1546589576313152 9 -1
1546589576318666 15873 -1
1546589576319489 511 -1
1546589576319501 9 -1
1546589576323962 15872 -1
1546589576323982 512 -1
1546589576324454 9 -1
1546589576327067 15871 -1
1546589576327337 513 -1
1546589576327570 9 -1
1546589576328646 15870 -1
1546589576330921 514 -1
1546589576331718 9 -1
1546589576334099 15869 -1
1546589576334999 515 -1
1546589576335202 9 -1
1546589576336575 15868 -1
1546589576338481 516 -1
1546589576338520 9 -1
1546589576340179 15867 -1
1546589576341278 517 -1
1546589576342602 9 -1
1546589576346604 15866 -1
1546589576347127 518 -1
1546589576347316 9 -1
1546589576352669 14418 -1
1546589576352871 132 -1
1546589576353125 131 -1
1546589576353392 131 -1
1546589576353412 147 -1
1546589576353477 130 -1
1546589576353584 130 -1
1546589576353751 131 -1
1546589576354682 131 -1
1546589576367200 131 -1
1546589576373853 259 -1
1546589576373872 126 -1
1546589576373877 130 -1
1546589576374495 131 -1
1546589576374726 148 -1
1546589576374738 131 -1
1546589576375017 130 -1
1546589576375023 9 -1
1546589576383452 15873 -1
1546589576383710 511 -1
1546589576383722 9 -1
1546589576388567 91 1
1546589576389216 15873 -1
1546589576389225 511 -1
1546589576389305 9 -1
1546589576389772 15874 -1
1546589576389783 510 -1
1546589576389789 9 -1
1546589576389807 2083 -1
1546589576390141 9 -1
1546589576391553 15873 -1
1546589576391569 511 -1
1546589576391576 9 -1
1546589576392590 15874 -1
1546589576392605 510 -1
1546589576392612 9 -1
1546589576406801 15873 -1
1546589576406823 511 -1
1546589576407331 9 -1
1546589576417624 15873 -1
1546589576417652 511 -1
1546589576417661 9 -1
1546589576434214 15873 -1
1546589576434278 511 -1
1546589576434288 9 -1
1546589576448590 15873 -1
1546589576448707 511 -1
1546589576448882 9 -1
1546589576465972 15873 -1
1546589576467873 511 -1
1546589576467889 9 -1
1546589576512709 15873 -1
1546589576512731 511 -1
1546589576512740 9 -1
1546589576551708 15873 -1
1546589576551730 511 -1
1546589576551739 9 -1
1546589576555697 2261 -1
1546589576555745 9 -1
1546589576583041 15874 -1
1546589576583321 510 -1
1546589576588903 9 -1
1546589576612350 15873 -1
1546589576612372 511 -1
1546589576612382 9 -1
1546589576631128 15872 -1
1546589576631149 512 -1
1546589576631157 9 -1
1546589576648413 15872 -1
1546589576648433 512 -1
1546589576648446 9 -1
1546589576687639 15873 -1
1546589576687694 511 -1
1546589576687742 9 -1
1546589576726776 15872 -1
1546589576726842 512 -1
1546589576726885 9 -1
1546589576755552 15873 -1
1546589576755603 511 -1
1546589576755732 9 -1
1546589576766785 15872 -1
1546589576766813 512 -1
1546589576766825 9 -1
1546589576793652 15872 -1
1546589576793672 512 -1
1546589576793680 9 -1
1546589576818258 15872 -1
1546589576818273 512 -1
1546589576818311 9 -1
1546589576840741 15872 -1
1546589576840762 512 -1
1546589576840771 9 -1
1546589576881125 15872 -1
1546589576881144 512 -1
1546589576881152 9 -1
1546589576909706 15872 -1
1546589576909726 512 -1
1546589576909734 9 -1
1546589576926334 15872 -1
1546589576926520 512 -1
1546589576926528 9 -1
1546589576937794 15873 -1
1546589576938662 511 -1
1546589576938680 9 -1
1546589576950811 15872 -1
1546589576950830 512 -1
1546589576950838 9 -1
1546589576972800 15871 -1
1546589576974661 513 -1
1546589576974672 9 -1
1546589576983296 15871 -1
1546589576983310 513 -1
1546589576983317 9 -1
1546589576996770 15872 -1
1546589576996786 512 -1
1546589576996794 9 -1
1546589577008486 15871 -1
1546589577033585 513 -1
1546589577033605 9 -1
1546589577040127 15872 -1
1546589577040142 512 -1
1546589577040149 9 -1
1546589577057114 15871 -1
1546589577057133 513 -1
1546589577057250 9 -1
1546589577068939 15871 -1
1546589577069142 513 -1
1546589577069803 9 -1
1546589577090907 15871 -1
1546589577091504 513 -1
1546589577091515 9 -1
1546589577107686 15871 -1
1546589577107705 513 -1
1546589577107715 9 -1
1546589577125314 15871 -1
1546589577125335 513 -1
1546589577125343 9 -1
1546589577150479 15871 -1
1546589577150500 513 -1
1546589577150509 9 -1
1546589577160708 15871 -1
1546589577162658 513 -1
1546589577162677 9 -1
1546589577174277 15872 -1
1546589577174416 512 -1
1546589577174425 9 -1
1546589577194472 15871 -1
1546589577194492 513 -1
1546589577194500 154 -1
1546589577194612 9 -1
1546589577203300 15870 -1
1546589577204444 514 -1
1546589577204578 9 -1
1546589577214520 15870 -1
1546589577214539 514 -1
1546589577214549 9 -1
1546589577230777 15871 -1
1546589577230796 513 -1
1546589577230803 9 -1
1546589577252027 15870 -1
1546589577252086 514 -1
1546589577252095 9 -1
1546589577269479 15871 -1
1546589577269500 513 -1
1546589577269509 9 -1
1546589577281289 15870 -1
1546589577281311 514 -1
1546589577281326 9 -1
1546589577292515 15870 -1
1546589577292532 514 -1
1546589577292541 9 -1
1546589577309311 15870 -1
1546589577309334 514 -1
1546589577309343 9 -1
1546589577328878 15870 -1
1546589577328900 514 -1
1546589577328909 9 -1
1546589577347065 15870 -1
1546589577347086 514 -1
1546589577347096 9 -1
1546589577365550 15870 -1
1546589577365572 514 -1
1546589577365582 9 -1
1546589577381609 15870 -1
1546589577381629 514 -1
1546589577381637 9 -1
1546589577400057 15871 -1
1546589577400080 513 -1
1546589577400088 9 -1
1546589577408890 15870 -1
1546589577408911 514 -1
1546589577408921 9 -1
1546589577420783 15869 -1
1546589577420928 515 -1
1546589577420939 9 -1
1546589577433114 15869 -1
1546589577435997 515 -1
1546589577436018 9 -1
1546589577450927 15870 -1
1546589577450948 514 -1
1546589577450956 9 -1
1546589577464863 15869 -1
1546589577465582 515 -1
1546589577465875 9 -1
1546589577487853 15870 -1
1546589577487872 514 -1
1546589577488071 9 -1
1546589577505600 15869 -1
1546589577506805 515 -1
1546589577506820 9 -1
1546589577524339 15869 -1
1546589577524362 515 -1
1546589577524374 9 -1
1546589577539407 15869 -1
1546589577539431 515 -1
1546589577539441 9 -1
1546589577550434 15869 -1
1546589577550455 515 -1
1546589577550464 9 -1
1546589577560044 15869 -1
1546589577560522 515 -1
1546589577560539 9 -1
1546589577573735 15869 -1
1546589577573753 515 -1
1546589577574117 9 -1
1546589577578438 15869 -1
1546589577579790 515 -1
1546589577579810 9 -1
1546589577589387 15870 -1
1546589577589406 514 -1
1546589577589467 9 -1
1546589577613599 15869 -1
1546589577613617 515 -1
1546589577613624 9 -1
1546589577623943 15868 -1
1546589577625702 516 -1
1546589577625949 9 -1
1546589577649528 15868 -1
1546589577649551 516 -1
1546589577649559 9 -1
1546589577650548 3116 -1
1546589577650572 9 -1
1546589577669837 15868 -1
1546589577669860 516 -1
1546589577669871 9 -1
1546589577669877 1271 -1
1546589577669886 9 -1
1546589577684907 15868 -1
1546589577684928 516 -1
1546589577684937 9 -1
1546589577697565 15868 -1
1546589577697594 516 -1
1546589577697685 9 -1
1546589577717525 15868 -1
1546589577717546 516 -1
1546589577717555 9 -1
1546589577722714 15868 -1
1546589577722733 516 -1
1546589577722743 9 -1
1546589577741301 15868 -1
1546589577741322 516 -1
1546589577744948 9 -1
1546589577753961 15868 -1
1546589577753979 516 -1
1546589577754287 9 -1
1546589577783903 15868 -1
1546589577783923 516 -1
1546589577783932 9 -1
1546589577783996 63 1
1546589577784404 63 1
1546589577784432 63 1
1546589577784678 63 1
1546589577784833 63 1
1546589577785017 63 1
1546589577786350 4333 -1
1546589577786367 9 -1
1546589577813119 15868 -1
1546589577813140 516 -1
1546589577813149 9 -1
1546589577813162 79 1
1546589577813172 78 1
1546589577813861 73 1
1546589577813923 77 1
1546589577814128 80 1
1546589577820825 11434 -1
1546589577820847 9 -1
1546589577821396 2410 -1
1546589577821410 9 -1
1546589577832293 7179 -1
1546589577832314 9 -1
1546589577844004 15867 -1
1546589577844022 517 -1
1546589577844033 9 -1
1546589577854860 9887 -1
1546589577854878 9 -1
1546589577877954 15867 -1
1546589577877975 517 -1
1546589577878110 9 -1
1546589577894737 15867 -1
1546589577894757 517 -1
1546589577894765 9 -1
1546589577923930 15867 -1
1546589577923949 517 -1
1546589577923956 9 -1
1546589577935889 15867 -1
1546589577936001 517 -1
1546589577936008 9 -1
1546589577943416 16383 -1
1546589577943434 1 -1
1546589577946370 9 -1
1546589577955734 15867 -1
1546589577955751 517 -1
1546589577955759 9 -1
1546589577967332 15866 -1
1546589577967350 518 -1
1546589577967356 9 -1
1546589577977251 15800 -1
1546589577977267 9 -1
1546589577983430 15866 -1
1546589577984003 518 -1
1546589577984017 9 -1
1546589577995342 15866 -1
1546589577995358 518 -1
1546589577995364 9 -1
1546589578004117 15866 -1
1546589578004231 518 -1
1546589578004244 9 -1
1546589578012323 16382 -1
1546589578012340 2 -1
1546589578012346 9 -1
1546589578022591 15866 -1
1546589578022607 518 -1
1546589578022612 9 -1
1546589578034783 15865 -1
1546589578034800 519 -1
1546589578037585 9 -1
1546589578057680 15800 -1
1546589578057698 9 -1
1546589578061741 2182 -1
1546589578061759 9 -1
1546589578074229 15865 -1
1546589578074246 519 -1
1546589578074349 9 -1
1546589578091324 16381 -1
1546589578091457 3 -1
1546589578091463 9 -1
1546589578104337 15865 -1
1546589578104356 519 -1
1546589578104364 9 -1
1546589578115139 15864 -1
1546589578115155 520 -1
1546589578115165 9 -1
1546589578125796 15864 -1
1546589578125812 520 -1
1546589578125819 9 -1
1546589578137540 16380 -1
1546589578137884 4 -1
1546589578138285 9 -1
1546589578154062 15864 -1
1546589578154079 520 -1
1546589578154085 9 -1
1546589578166376 15863 -1
1546589578166388 521 -1
1546589578166649 9 -1
1546589578180276 15863 -1
1546589578180292 521 -1
1546589578180299 9 -1
1546589578180304 628 -1
1546589578180311 9 -1
1546589578190336 15863 -1
1546589578190356 521 -1
1546589578190364 9 -1
1546589578197620 15862 -1
1546589578197637 522 -1
1546589578197647 9 -1
1546589578209157 15862 -1
1546589578209180 522 -1
1546589578209291 9 -1
1546589578214705 15862 -1
1546589578214724 522 -1
1546589578214731 9 -1
1546589578229396 15861 -1
1546589578229410 523 -1
1546589578229418 9 -1
1546589578233108 15861 -1
1546589578233129 523 -1
1546589578233137 9 -1
1546589578233144 369 -1
1546589578234381 9 -1
1546589578248697 15860 -1
1546589578254005 524 -1
1546589578254018 9 -1
1546589578259821 15860 -1
1546589578259832 524 -1
1546589578259986 152 -1
1546589578259994 129 -1
1546589578261613 129 -1
1546589578261620 233 -1
1546589578261628 130 -1
1546589578261632 126 -1
1546589578261689 9 -1
1546589578283510 15859 -1
1546589578283525 525 -1
1546589578283532 147 -1
1546589578283837 149 -1
1546589578283850 138 -1
1546589578283860 148 -1
1546589578283866 119 -1
1546589578283872 9 -1
1546589578284342 630 -1
1546589578284349 9 -1
1546589578310494 15858 -1
1546589578316429 526 -1
1546589578316443 9 -1
1546589578316446 1023 -1
1546589578316553 9 -1
1546589578349200 16383 -1
1546589578349220 1 -1
1546589578349226 9 -1
1546589578350268 8878 -1
1546589578350287 9 -1
1546589578360148 5606 -1
1546589578360169 9 -1
1546589578368280 5655 -1
1546589578368296 9 -1
1546589578384855 4087 -1
1546589578384872 9 -1
1546589578389941 6700 -1
1546589578389959 9 -1
1546589578395935 6264 -1
1546589578395951 9 -1
1546589578401576 2973 -1
1546589578401596 9 -1
1546589578407216 3151 -1
1546589578407232 9 -1
1546589578434265 16298 -1
1546589578434293 9 -1
1546589578441121 2795 -1
1546589578441136 9 -1
1546589578454022 16298 -1
1546589578454040 9 -1
1546589578466084 16382 -1
1546589578466104 2 -1
1546589578466168 9 -1
1546589578471308 5916 -1
1546589584885840 17 1
0 0 0
1546589576307208 187 1
0 0 0
1546589576371275 196 1
1546589576376833 39 -1
1546589576376843 13 -1
1546589576383479 9 -1
1546589576389106 304 -1
1546589576389120 9 -1
1546589576390284 16298 -1
1546589576416435 9 1
1546589576416452 17 1
0 0 0
1546589576526684 199 1
0 0 0
1546589576339620 207 1
0 0 0
1546589576534186 208 1
