### "'81729 98117 67197 74031 83815 82539 75814 125837 107061 81348 8198 74031 107061 81348 83038 69988 67188 103263 191438 193803 198474 180501 145724 184671 271066 43762 119183 147829 273508 100150 104545 156104 157450 168866 154730 23460 16916 33511 131341 14262 64432 44566'"
0 0 0
1546512837231530 207 1
0 0 0
1546512837187330 39 -1
1546512837187668 13 -1
1546512837195180 187 1
1546512837210239 9 -1
1546512837210246 293 -1
1546512837210540 9 -1
1546512837210554 9 1
1546512837212478 16383 -1
1546512837212488 1 -1
1546512837212492 9 -1
1546512837240197 16382 -1
1546512837240211 2 -1
1546512837240376 9 -1
1546512837243162 16383 -1
1546512837243183 1 -1
1546512837243189 9 -1
1546512837245189 16382 -1
1546512837245207 2 -1
1546512837245213 9 -1
1546512837250325 16381 -1
1546512837250352 3 -1
1546512837250359 9 -1
1546512837252713 16197 -1
1546512837290973 17 1
0 0 0
1546512837196206 188 1
1546512837209778 39 -1
1546512837209789 13 -1
1546512837209795 9 -1
1546512837209884 293 -1
1546512837209902 9 -1
1546512837212596 16383 -1
1546512837212611 1 -1
1546512837212617 9 -1
1546512837216106 9 1
1546512837218114 16383 -1
1546512837218135 1 -1
1546512837218140 9 -1
1546512837220059 16382 -1
1546512837220076 2 -1
1546512837220081 9 -1
1546512837220204 16381 -1
1546512837220215 3 -1
1546512837220219 9 -1
1546512837220305 16193 -1
1546512837221383 17 1
0 0 0
1546512837176753 199 1
1546512837176769 59 1
1546512837176779 78 1
1546512837176842 78 1
1546512837176851 58 1
1546512837176859 77 1
1546512837177278 58 1
1546512837177296 78 1
1546512837180251 58 1
1546512837180264 58 1
1546512837180317 78 1
1546512837180328 87 1
0 0 0
1546512837212440 206 1
1546512837218518 39 -1
1546512837218528 13 -1
1546512837219661 9 1
1546512837223629 9 -1
1546512837225771 310 -1
1546512837226301 9 -1
1546512837250397 3329 -1
1546512837269875 17 1
0 0 0
1546512837299554 197 1
1546512837299610 58 1
1546512837299749 58 1
1546512837299825 59 1
1546512837299896 88 1
1546512837300020 87 1
1546512837300070 87 1
1546512837300111 88 1
1546512837305599 39 -1
1546512837305817 13 -1
1546512837306113 9 1
1546512837313423 9 -1
1546512837313433 292 -1
1546512837313446 9 -1
1546512837329332 15874 -1
1546512837329876 510 -1
1546512837329891 9 -1
1546512837330186 15873 -1
1546512837330474 511 -1
1546512837330484 9 -1
1546512837334726 15872 -1
1546512837334746 512 -1
1546512837334945 9 -1
1546512837335568 15871 -1
1546512837336051 513 -1
1546512837336059 9 -1
1546512837337382 1661 -1
1546512837337405 156 -1
1546512837337416 9 -1
1546512837340319 15838 -1
1546512837340335 546 -1
1546512837340342 9 -1
1546512837350559 15837 -1
1546512837350575 547 -1
1546512837350582 9 -1
1546512837351296 15836 -1
1546512837351361 548 -1
1546512837351369 9 -1
1546512837357961 15835 -1
1546512837357978 549 -1
1546512837357984 9 -1
1546512837362077 8495 -1
1546512837362095 130 -1
1546512837362189 130 -1
1546512837362195 159 -1
1546512837362234 159 -1
1546512837362241 157 -1
1546512837362248 146 -1
1546512837362601 9 -1
1546512837377218 15874 -1
1546512837379767 510 -1
1546512837379786 9 -1
1546512837389995 15875 -1
1546512837390016 509 -1
1546512837390023 9 -1
1546512837403813 15836 -1
1546512837404587 548 -1
1546512837404604 9 -1
1546512837415974 15835 -1
1546512837416275 549 -1
1546512837416290 9 -1
1546512837436214 15835 -1
1546512837436231 549 -1
1546512837436238 9 -1
1546512837447597 15836 -1
1546512837447614 548 -1
1546512837447620 9 -1
1546512837458856 15873 -1
1546512837458872 511 -1
1546512837458881 9 -1
1546512837469442 15874 -1
1546512837469460 510 -1
1546512837469467 9 -1
1546512837481324 15835 -1
1546512837481466 549 -1
1546512837481478 9 -1
1546512837491584 15834 -1
1546512837491602 550 -1
1546512837491619 9 -1
1546512837503442 15834 -1
1546512837503790 550 -1
1546512837503868 9 -1
1546512837515335 15835 -1
1546512837515355 549 -1
1546512837515364 9 -1
1546512837531865 15872 -1
1546512837531885 512 -1
1546512837531893 9 -1
1546512837534828 15873 -1
1546512837537678 511 -1
1546512837537697 9 -1
1546512837545510 15834 -1
1546512837545528 550 -1
1546512837545537 9 -1
1546512837556944 15833 -1
1546512837556963 551 -1
1546512837556969 9 -1
1546512837565529 15833 -1
1546512837565563 551 -1
1546512837565572 9 -1
1546512837576379 15834 -1
1546512837576395 550 -1
1546512837576400 9 -1
1546512837582652 15871 -1
1546512837582671 513 -1
1546512837582678 9 -1
1546512837588341 15872 -1
1546512837588361 512 -1
1546512837588367 9 -1
1546512837604445 15833 -1
1546512837604461 551 -1
1546512837604467 9 -1
1546512837622552 15832 -1
1546512837622569 552 -1
1546512837622636 9 -1
1546512837649166 15832 -1
1546512837649182 552 -1
1546512837649187 9 -1
1546512837667921 15833 -1
1546512837672961 551 -1
1546512837672973 9 -1
1546512837694823 15870 -1
1546512837694842 514 -1
1546512837694849 9 -1
1546512837723251 15871 -1
1546512837723271 513 -1
1546512837723278 9 -1
1546512837964840 10278 -1
1546512837964860 9 -1
1546512837997585 15831 -1
1546512837997605 553 -1
1546512837997613 9 -1
1546512838009536 15831 -1
1546512838009558 553 -1
1546512838009567 9 -1
1546512838020898 15812 -1
1546512838021128 9 -1
1546512838026284 1895 -1
1546512838026308 9 -1
1546512838026314 619 -1
1546512838026363 9 -1
1546512838033119 15830 -1
1546512838033138 554 -1
1546512838033148 9 -1
1546512838046151 15830 -1
1546512838046170 554 -1
1546512838046255 9 -1
1546512838052160 15829 -1
1546512838052180 555 -1
1546512838052189 9 -1
1546512838057710 8757 -1
1546512838057728 9 -1
1546512838062684 11149 -1
1546512838316245 82 1
1546512838320662 78 1
1546512838320678 78 1
1546512838321042 78 1
1546512838321135 78 1
1546512838323085 167 -1
1546512838323101 9 -1
1546512838323106 2439 -1
1546512838329699 148 -1
1546512838329770 9 -1
1546512838335138 2617 -1
1546512838340432 253 -1
1546512838340485 9 -1
1546512838340490 2617 -1
1546512838340532 147 -1
1546512838340538 9 -1
1546512838367041 2617 -1
1546512838367058 148 -1
1546512838367065 9 -1
1546512838372300 2261 -1
1546512838579355 63 1
1546512838585320 63 1
1546512838585337 63 1
1546512838587055 63 1
1546512838587070 63 1
1546512838587079 63 1
1546512838588303 129 -1
1546512838588314 9 -1
1546512838600624 6669 -1
1546512838600645 129 -1
1546512838600650 9 -1
1546512838606575 7414 -1
1546512838606591 130 -1
1546512838606596 9 -1
1546512838626283 8198 -1
1546512838626299 106 -1
1546512838626304 9 -1
1546512838627547 7206 -1
1546512838627564 107 -1
1546512838627599 9 -1
1546512838638239 7764 -1
1546512838638282 105 -1
1546512838638288 9 -1
1546512838651852 7597 -1
1546512840912772 68 1
1546512840921365 166 -1
1546512840921382 9 -1
1546512840947495 16383 -1
1546512840947509 1 -1
1546512840947514 9 -1
1546512840970103 16383 -1
1546512840970139 1 -1
1546512840970172 9 -1
1546512840989641 16382 -1
1546512840989659 2 -1
1546512840989731 9 -1
1546512841003171 16381 -1
1546512841003190 3 -1
1546512841003195 9 -1
1546512841013246 8495 -1
1546512841512479 87 1
1546512841519718 180 -1
1546512841519737 9 -1
1546512841536594 16383 -1
1546512841536610 1 -1
1546512841536614 9 -1
1546512841542029 16383 -1
1546512841542047 1 -1
1546512841542054 9 -1
1546512841545137 88 1
1546512841554054 16382 -1
1546512841554070 2 -1
1546512841554075 9 -1
1546512841566265 16381 -1
1546512841566283 3 -1
1546512841566541 9 -1
1546512841577681 16380 -1
1546512841577697 4 -1
1546512841577702 9 -1
1546512841587304 16379 -1
1546512841587324 5 -1
1546512841587331 9 -1
1546512841601631 8757 -1
1546512841601650 250 -1
1546512841601659 9 -1
1546512841606942 16383 -1
1546512841606987 1 -1
1546512841606994 9 -1
1546512841624131 16383 -1
1546512841624150 1 -1
1546512841624155 9 -1
1546512841638423 16382 -1
1546512841638449 2 -1
1546512841638461 9 -1
1546512841649053 16381 -1
1546512841649073 3 -1
1546512841649128 9 -1
1546512841692469 15812 -1
1546512841868195 77 1
1546512841868551 78 1
1546512841868570 59 1
1546512841868579 78 1
1546512841868588 78 1
1546512841868596 59 1
1546512841868603 59 1
1546512841869465 58 1
1546512841872746 59 1
1546512841874116 59 1
1546512841874463 59 1
1546512841877663 147 -1
1546512841877684 9 -1
1546512841877695 59 1
1546512841877704 58 1
1546512841880973 58 1
1546512841882872 59 1
1546512841882924 58 1
1546512841883311 59 1
1546512841883323 59 1
1546512841883331 59 1
1546512841883337 59 1
1546512841883560 3329 -1
1546512841883572 135 -1
1546512841883632 9 -1
1546512841885866 59 1
1546512841889998 59 1
1546512841890014 59 1
1546512841890931 3507 -1
1546512841890949 130 -1
1546512841890956 9 -1
1546512841892387 58 1
1546512841893981 59 1
1546512841926287 16383 -1
1546512841926304 1 -1
1546512841926310 9 -1
1546512841954197 16382 -1
1546512841954214 2 -1
1546512841954219 9 -1
1546512841960175 85 1
1546512841963143 86 1
1546512841963781 59 1
1546512841965992 88 1
1546512841969533 58 1
1546512841970845 88 1
1546512841983462 16381 -1
1546512841983479 3 -1
1546512841983483 147 -1
1546512841983489 9 -1
1546512841988805 2617 -1
1546512841988823 130 -1
1546512841988828 9 -1
1546512842017429 15875 -1
1546512842017446 509 -1
1546512842017453 9 -1
1546512842045448 15874 -1
1546512842045469 510 -1
1546512842045477 9 -1
1546512842079841 15873 -1
1546512842079862 511 -1
1546512842079868 9 -1
1546512842105047 15872 -1
1546512842105069 512 -1
1546512842105077 9 -1
1546512842113083 4452 -1
1546512842113105 149 -1
1546512842113114 130 -1
1546512842113119 131 -1
1546512842113124 131 -1
1546512842113319 155 -1
1546512842113328 212 -1
1546512842113804 107 -1
1546512842113813 108 -1
1546512842113971 130 -1
1546512842129714 108 -1
1546512842130309 106 -1
1546512842130314 95 -1
1546512842130319 131 -1
1546512842130387 108 -1
1546512842140714 107 -1
1546512842140724 131 -1
1546512842140732 107 -1
1546512842140736 131 -1
1546512842143922 212 -1
1546512842143946 108 -1
1546512842143951 160 -1
1546512842144061 160 -1
1546512842144069 125 -1
1546512842144074 159 -1
1546512842144080 159 -1
1546512842144087 129 -1
1546512842144092 9 -1
1546512842171030 16383 -1
1546512842171050 1 -1
1546512842171057 9 -1
1546512842171926 2439 -1
1546512842171945 9 -1
1546512842194436 15875 -1
1546512842194453 509 -1
1546512842194460 9 -1
1546512842210722 16383 -1
1546512842211599 1 -1
1546512842211607 9 -1
1546512842224185 16383 -1
1546512842224203 1 -1
1546512842224207 9 -1
1546512842235581 15874 -1
1546512842235599 510 -1
1546512842235605 9 -1
1546512842241522 15874 -1
1546512842242431 510 -1
1546512842242448 9 -1
1546512842253596 16383 -1
1546512842258078 1 -1
1546512842258085 9 -1
1546512842272521 16383 -1
1546512842272537 1 -1
1546512842272544 9 -1
1546512842289022 15874 -1
1546512842289041 510 -1
1546512842289046 9 -1
1546512842291204 16383 -1
1546512842291221 1 -1
1546512842291230 9 -1
1546512842307087 16383 -1
1546512842307107 1 -1
1546512842307113 9 -1
1546512842313126 15874 -1
1546512842313148 510 -1
1546512842313156 9 -1
1546512842332220 15874 -1
1546512842332239 510 -1
1546512842332248 9 -1
1546512842347586 15874 -1
1546512842347603 510 -1
1546512842347610 9 -1
1546512842364593 15874 -1
1546512842364608 510 -1
1546512842364615 9 -1
1546512842388223 16383 -1
1546512842388237 1 -1
1546512842388241 9 -1
1546512842398625 16383 -1
1546512842398644 1 -1
1546512842398650 9 -1
1546512842411845 15874 -1
1546512842411863 510 -1
1546512842411869 9 -1
1546512842427262 15874 -1
1546512842427280 510 -1
1546512842427285 9 -1
1546512842444270 16383 -1
1546512842444291 1 -1
1546512842444297 9 -1
1546512842461524 16383 -1
1546512842461544 1 -1
1546512842461552 9 -1
1546512842471605 16383 -1
1546512842471622 1 -1
1546512842471627 9 -1
1546512842485913 16383 -1
1546512842485927 1 -1
1546512842485932 9 -1
1546512842500456 16383 -1
1546512842500483 1 -1
1546512842500489 9 -1
1546512842518907 16383 -1
1546512842518926 1 -1
1546512842518932 9 -1
1546512842533016 14262 -1
1546512842533047 9 -1
1546512842549914 16382 -1
1546512842549931 2 -1
1546512842549935 9 -1
1546512842568644 15874 -1
1546512842568663 510 -1
1546512842568673 9 -1
1546512842583837 16382 -1
1546512842583852 2 -1
1546512842583856 9 -1
1546512842590567 16382 -1
1546512842590587 2 -1
1546512842590767 9 -1
1546512842599699 16383 -1
1546512842600152 1 -1
1546512842600156 9 -1
1546512842609649 15873 -1
1546512842611706 511 -1
1546512842611725 9 -1
1546512842621337 16382 -1
1546512842621351 2 -1
1546512842621356 9 -1
1546512842632926 16382 -1
1546512842640108 2 -1
1546512842640118 9 -1
1546512842645134 15873 -1
1546512842645150 511 -1
1546512842645155 9 -1
1546512842657534 16382 -1
1546512842657549 2 -1
1546512842657554 9 -1
1546512842668113 16382 -1
1546512842668127 2 -1
1546512842668131 9 -1
1546512842681140 15873 -1
1546512842681155 511 -1
1546512842681159 9 -1
1546512842696522 15873 -1
1546512842697188 511 -1
1546512842697200 9 -1
1546512842706951 15873 -1
1546512842706961 511 -1
1546512842706969 9 -1
1546512842730896 15873 -1
1546512842731901 511 -1
1546512842731919 9 -1
1546512842746398 16382 -1
1546512842746413 2 -1
1546512842746417 9 -1
1546512842763643 16382 -1
1546512842763663 2 -1
1546512842763667 9 -1
1546512842804409 15873 -1
1546512842804425 511 -1
1546512842804430 9 -1
1546512842850036 15873 -1
1546512842850354 511 -1
1546512842850362 9 -1
1546512842889653 16382 -1
1546512842889669 2 -1
1546512842889981 9 -1
1546512842899718 7076 -1
1546512842899737 9 -1
1546512842899742 532 -1
1546512842899750 9 -1
1546512842944197 16382 -1
1546512842944212 2 -1
1546512842944216 9 -1
1546512842955712 16382 -1
1546512842955726 2 -1
1546512842956290 9 -1
1546512842973414 16382 -1
1546512842973429 2 -1
1546512842973433 9 -1
1546512842973436 1118 -1
1546512842973442 9 -1
1546512842990372 15873 -1
1546512842990389 511 -1
1546512842990395 9 -1
1546512843021507 16381 -1
1546512843021528 3 -1
1546512843021534 9 -1
1546512843050365 16381 -1
1546512843050379 3 -1
1546512843050383 9 -1
1546512843061188 16382 -1
1546512843061203 2 -1
1546512843061274 9 -1
1546512843079036 16383 -1
1546512843079051 1 -1
1546512843079056 9 -1
1546512843106577 16381 -1
1546512843106592 3 -1
1546512843106597 9 -1
1546512843134681 16381 -1
1546512843134698 3 -1
1546512843135278 9 -1
1546512843151203 15872 -1
1546512843152316 512 -1
1546512843152326 9 -1
1546512843162537 16381 -1
1546512843162549 3 -1
1546512843162553 9 -1
1546512843169326 10994 -1
1546512843169342 9 -1
1546512843181361 15872 -1
1546512843181375 512 -1
1546512843181382 9 -1
1546512843192514 15872 -1
1546512843192581 512 -1
1546512843192591 9 -1
1546512843205496 15872 -1
1546512843205512 512 -1
1546512843205520 9 -1
1546512843212379 15872 -1
1546512843212393 512 -1
1546512843212523 9 -1
1546512843222944 16381 -1
1546512843222955 3 -1
1546512843222960 9 -1
1546512843231808 16381 -1
1546512843231823 3 -1
1546512843231827 9 -1
1546512843247575 15872 -1
1546512843247589 512 -1
1546512843247594 9 -1
1546512843264736 15872 -1
1546512843264972 512 -1
1546512843264982 9 -1
1546512843280980 16381 -1
1546512843280995 3 -1
1546512843281155 9 -1
1546512843281655 743 -1
1546512843281666 9 -1
1546512843300600 16381 -1
1546512843300615 3 -1
1546512843300619 9 -1
1546512843322647 16381 -1
1546512843322666 3 -1
1546512843322672 9 -1
1546512843333476 16383 -1
1546512843333493 1 -1
1546512843333499 9 -1
1546512843346546 16380 -1
1546512843347114 4 -1
1546512843347124 9 -1
1546512843359795 16380 -1
1546512843359810 4 -1
1546512843359815 9 -1
1546512843374183 16381 -1
1546512843374198 3 -1
1546512843374203 9 -1
1546512843385945 16382 -1
1546512843385964 2 -1
1546512843385969 9 -1
1546512843402383 16380 -1
1546512843407183 4 -1
1546512843407191 9 -1
1546512843420574 16380 -1
1546512843420593 4 -1
1546512843420598 9 -1
1546512843435142 16383 -1
1546512843435160 1 -1
1546512843435632 9 -1
1546512843451845 16380 -1
1546512843451861 4 -1
1546512843451865 9 -1
1546512843464527 15871 -1
1546512843464545 513 -1
1546512843464934 9 -1
1546512843484400 15871 -1
1546512843484416 513 -1
1546512843484422 9 -1
1546512843491463 15871 -1
1546512843496509 513 -1
1546512843496523 9 -1
1546512843508810 15871 -1
1546512843508827 513 -1
1546512843508837 9 -1
1546512843525168 16380 -1
1546512843525184 4 -1
1546512843525188 9 -1
1546512843538447 16380 -1
1546512843538466 4 -1
1546512843538472 9 -1
1546512843554969 15871 -1
1546512843554989 513 -1
1546512843554996 9 -1
1546512843570793 15871 -1
1546512843570809 513 -1
1546512843570819 9 -1
1546512843582940 16380 -1
1546512843582955 4 -1
1546512843582961 9 -1
1546512843601237 16380 -1
1546512843601252 4 -1
1546512843601256 9 -1
1546512843615785 15280 -1
1546512843615801 9 -1
1546512843617413 1652 -1
1546512843617424 9 -1
1546512843631684 16379 -1
1546512843631703 5 -1
1546512843631710 9 -1
1546512843642967 16379 -1
1546512843642985 5 -1
1546512843642991 9 -1
1546512843655550 16380 -1
1546512843655566 4 -1
1546512843655571 9 -1
1546512843666700 16381 -1
1546512843666715 3 -1
1546512843666719 9 -1
1546512843681118 16379 -1
1546512843681136 5 -1
1546512843681142 9 -1
1546512843698463 16379 -1
1546512843698480 5 -1
1546512843698485 9 -1
1546512843711028 16382 -1
1546512843711343 2 -1
1546512843711351 9 -1
1546512843732273 16379 -1
1546512843732289 5 -1
1546512843733315 9 -1
1546512843739285 15870 -1
1546512843744853 514 -1
1546512843744866 9 -1
1546512843756436 15870 -1
1546512843756494 514 -1
1546512843756506 9 -1
1546512843772277 15870 -1
1546512843772296 514 -1
1546512843772304 9 -1
1546512843790247 15870 -1
1546512843790263 514 -1
1546512843790272 9 -1
1546512843814479 16379 -1
1546512843814499 5 -1
1546512843814504 9 -1
1546512843835659 16379 -1
1546512843835677 5 -1
1546512843835682 9 -1
1546512843859443 16383 -1
1546512843859462 1 -1
1546512843859468 9 -1
1546512843897145 15870 -1
1546512843897160 514 -1
1546512843897834 9 -1
1546512843927237 16379 -1
1546512843927722 5 -1
1546512843927728 9 -1
1546512843933378 16379 -1
1546512843933394 5 -1
1546512843933400 9 -1
1546512843945736 16378 -1
1546512843945751 6 -1
1546512843945758 9 -1
1546512843964491 16378 -1
1546512843964513 6 -1
1546512843964520 9 -1
1546512843970548 16379 -1
1546512843970566 5 -1
1546512843970571 9 -1
1546512843976941 16380 -1
1546512843976958 4 -1
1546512843977124 9 -1
1546512843999335 16378 -1
1546512843999358 6 -1
1546512843999366 9 -1
1546512844002736 16378 -1
1546512844002752 6 -1
1546512844002759 9 -1
1546512844013523 16381 -1
1546512844013830 3 -1
1546512844013836 9 -1
1546512844025607 16378 -1
1546512844025622 6 -1
1546512844025628 9 -1
1546512844041741 15869 -1
1546512844041783 515 -1
1546512844041794 9 -1
1546512844054878 15869 -1
1546512844054893 515 -1
1546512844054900 9 -1
1546512844070690 15869 -1
1546512844070708 515 -1
1546512844070714 9 -1
1546512844076303 15869 -1
1546512844077371 515 -1
1546512844077385 9 -1
1546512844088572 16378 -1
1546512844088589 6 -1
1546512844088596 9 -1
1546512844099426 16378 -1
1546512844099440 6 -1
1546512844099444 9 -1
1546512844111355 16382 -1
1546512844111373 2 -1
1546512844111379 9 -1
1546512844120562 15869 -1
1546512844120578 515 -1
1546512844120585 9 -1
1546512844135060 16378 -1
1546512844135079 6 -1
1546512844135086 9 -1
1546512844146361 16378 -1
1546512844146381 6 -1
1546512844146387 9 -1
1546512844148295 4959 -1
1546512844148309 9 -1
1546512844159654 16377 -1
1546512844159668 7 -1
1546512844159673 9 -1
1546512844171868 16378 -1
1546512844171885 6 -1
1546512844171892 9 -1
1546512844181568 16379 -1
1546512844181586 5 -1
1546512844181592 9 -1
1546512844190803 16377 -1
1546512844190823 7 -1
1546512844190829 9 -1
1546512844198977 16377 -1
1546512844198993 7 -1
1546512844198998 9 -1
1546512844206566 16380 -1
1546512844206815 4 -1
1546512844206820 9 -1
1546512844216042 16377 -1
1546512844216057 7 -1
1546512844216062 9 -1
1546512844225648 15868 -1
1546512844229320 516 -1
1546512844229337 9 -1
1546512844235734 15868 -1
1546512844235755 516 -1
1546512844235762 9 -1
1546512844241302 15868 -1
1546512844241321 516 -1
1546512844241379 9 -1
1546512844242193 1846 -1
1546512844242211 9 -1
1546512844255604 16377 -1
1546512844255621 7 -1
1546512844256131 9 -1
1546512844256911 6241 -1
1546512844256926 9 -1
1546512844265730 16381 -1
1546512844265750 3 -1
1546512844265756 9 -1
1546512844276225 15868 -1
1546512844276243 516 -1
1546512844276249 9 -1
1546512844287426 16377 -1
1546512844287450 7 -1
1546512844287458 9 -1
1546512844297895 16377 -1
1546512844297917 7 -1
1546512844298198 9 -1
1546512844303245 16376 -1
1546512844303261 8 -1
1546512844303267 9 -1
1546512844312363 16377 -1
1546512844312456 7 -1
1546512844312464 9 -1
1546512844318751 16378 -1
1546512844318769 6 -1
1546512844318774 9 -1
1546512844326132 16376 -1
1546512844326150 8 -1
1546512844326156 9 -1
1546512844334512 16376 -1
1546512844334531 8 -1
1546512844334537 9 -1
1546512844338937 16379 -1
1546512844338952 5 -1
1546512844338956 9 -1
1546512844344856 16376 -1
1546512844344872 8 -1
1546512844344877 9 -1
1546512844348526 4495 -1
1546512844348544 9 -1
1546512844353593 15867 -1
1546512844353608 517 -1
1546512844353696 9 -1
1546512844358952 15867 -1
1546512844359270 517 -1
1546512844359279 9 -1
1546512844364803 16376 -1
1546512844364819 8 -1
1546512844364825 9 -1
1546512844370736 16380 -1
1546512844370757 4 -1
1546512844370764 9 -1
1546512844384431 15867 -1
1546512844385676 517 -1
1546512844385691 9 -1
1546512844387449 16376 -1
1546512844387464 8 -1
1546512844387470 9 -1
1546512844389103 16376 -1
1546512844389115 8 -1
1546512844389648 9 -1
1546512844395826 16375 -1
1546512844395843 9 -1
1546512844395849 9 -1
1546512844408718 16376 -1
1546512844408737 8 -1
1546512844408743 9 -1
1546512844414239 16377 -1
1546512844414253 7 -1
1546512844414259 9 -1
1546512844430403 16375 -1
1546512844430418 9 -1
1546512844430425 9 -1
1546512844441225 14652 -1
1546512844441245 9 -1
1546512844456883 16378 -1
1546512844456901 6 -1
1546512844457068 9 -1
1546512844492770 16375 -1
1546512844492792 9 -1
1546512844492798 9 -1
1546512844515306 15866 -1
1546512844515321 518 -1
1546512844515326 9 -1
1546512844541529 15866 -1
1546512844546493 518 -1
1546512844546509 9 -1
1546512844570103 16375 -1
1546512844570196 9 -1
1546512844570204 9 -1
1546512844590829 16379 -1
1546512844590849 5 -1
1546512844590856 9 -1
1546512844626747 16383 -1
1546512844626766 1 -1
1546512844626773 9 -1
1546512844661711 16375 -1
1546512844661728 9 -1
1546512844661732 9 -1
1546512844661736 269 -1
1546512844663801 9 -1
1546512844690669 396 1
1546512844693757 16374 -1
1546512844693847 10 -1
1546512844694126 9 -1
1546512844709778 16375 -1
1546512844709795 9 -1
1546512844709800 9 -1
1546512844721054 16376 -1
1546512844721072 8 -1
1546512844721078 9 -1
1546512844746671 16374 -1
1546512844746687 10 -1
1546512844746693 9 -1
1546512844753863 16377 -1
1546512844753880 7 -1
1546512844753886 9 -1
1546512844789962 16374 -1
1546512844789979 10 -1
1546512844789985 9 -1
1546512844807818 15865 -1
1546512844807837 519 -1
1546512844807845 9 -1
1546512844807852 373 -1
1546512844807931 9 -1
1546512844826770 8648 -1
1546512844826789 9 -1
1546512844840663 9994 -1
1546512844840678 9 -1
1546512844856173 16382 -1
1546512844856191 2 -1
1546512844856285 9 -1
1546512844862280 7274 -1
1546512844862295 9 -1
1546512844889774 16373 -1
1546512844889789 11 -1
1546512844889868 9 -1
1546512844895409 16374 -1
1546512844895427 10 -1
1546512844895434 9 -1
1546512844907056 16375 -1
1546512844907071 9 -1
1546512844907298 9 -1
1546512844918769 16373 -1
1546512844918789 11 -1
1546512844918796 9 -1
1546512844928411 16376 -1
1546512844928573 8 -1
1546512844928581 9 -1
1546512844939612 16373 -1
1546512844939627 11 -1
1546512844939632 9 -1
1546512844946207 15864 -1
1546512844946225 520 -1
1546512844946233 9 -1
1546512844947340 13 1
1546512844950744 5026 -1
1546512844950759 9 -1
1546512844956388 11214 -1
1546512844956405 9 -1
1546512844962547 13579 -1
1546512844962646 9 -1
1546512844979978 16374 -1
1546512844979997 10 -1
1546512844980003 9 -1
1546512844980009 277 -1
1546512844980085 9 -1
1546512844981943 16375 -1
1546512844981955 9 -1
1546512844982513 9 -1
1546512844983300 4447 -1
1546512844983308 9 -1
1546512844988635 15863 -1
1546512844989400 521 -1
1546512844989410 9 -1
1546512844989414 1866 -1
1546512844989419 9 -1
1546512845001545 16374 -1
1546512845001640 10 -1
1546512845001851 9 -1
1546512845017717 15862 -1
1546512845018378 522 -1
1546512845018391 9 -1
1546512845024201 16373 -1
1546512845024218 11 -1
1546512845024223 9 -1
1546512845032918 15861 -1
1546512845032947 523 -1
1546512845032956 9 -1
1546512845041408 16372 -1
1546512845041425 12 -1
1546512845041432 9 -1
1546512845053512 15860 -1
1546512845053533 524 -1
1546512845053542 9 -1
1546512845061310 16371 -1
1546512845061326 13 -1
1546512845061333 9 -1
1546512845068236 15859 -1
1546512845068251 525 -1
1546512845068256 9 -1
1546512845080448 8922 -1
1546512845080462 160 -1
1546512845081047 9 -1
1546512845085368 11364 -1
1546512845085391 9 -1
1546512845097192 16383 -1
1546512845097288 1 -1
1546512845097295 9 -1
1546512845109537 16382 -1
1546512845109558 2 -1
1546512845109565 9 -1
1546512845140759 11798 -1
1546512848274327 17 1
0 0 0
1546512837183820 206 1
1546512837189209 39 -1
1546512837189287 13 -1
1546512837191607 9 -1
1546512837197350 311 -1
1546512837197364 9 -1
1546512837197621 2111 -1
1546512837210050 9 1
1546512837210175 17 1
