### "'42764 98118 47003 166031 81729 98117 62799 99492 119902 69454 74031 67197 83815 82539 75814 125837 81348 107061 8198 74031'"
0 0 0
1546512631221822 207 1
1546512631222024 59 1
1546512631224041 78 1
1546512631225939 78 1
1546512631225952 58 1
1546512631228746 77 1
1546512631228760 58 1
1546512631228770 78 1
1546512631229869 39 -1
1546512631229878 13 -1
1546512631232617 9 -1
1546512631235472 310 -1
1546512631235487 9 -1
1546512631235493 3151 -1
1546512631235499 149 -1
1546512631235506 9 -1
1546512631235775 58 1
1546512631235789 9 1
1546512631239115 15848 -1
1546512631245082 536 -1
1546512631245204 9 -1
1546512631247676 61 1
1546512631259823 15847 -1
1546512631259840 537 -1
1546512631259848 9 -1
1546512631260266 78 1
1546512631260279 87 1
1546512631262440 9996 -1
1546512631262505 131 -1
1546512631262512 9 -1
1546512631265187 16383 -1
1546512631265197 1 -1
1546512631265303 9 -1
1546512631267033 16382 -1
1546512631267046 2 -1
1546512631267053 9 -1
1546512631268916 14235 -1
1546512631268930 131 -1
1546512631268936 9 -1
1546512631270604 16383 -1
1546512631270616 1 -1
1546512631270623 9 -1
1546512631279290 16383 -1
1546512631279401 1 -1
1546512631279407 9 -1
1546512631279419 68 1
1546512631281505 16382 -1
1546512631281524 2 -1
1546512631281798 9 -1
1546512631299729 16381 -1
1546512631299785 3 -1
1546512631299791 9 -1
1546512631301720 16380 -1
1546512631301790 4 -1
1546512631301845 9 -1
1546512631304166 58 1
1546512631304367 58 1
1546512631307660 16379 -1
1546512631307681 5 -1
1546512631307688 146 -1
1546512631307697 148 -1
1546512631307703 128 -1
1546512631307709 148 -1
1546512631307714 131 -1
1546512631308093 130 -1
1546512631308099 148 -1
1546512631308110 285 -1
1546512631308118 9 -1
1546512631308129 59 1
1546512631309523 3863 -1
1546512631309539 9 -1
1546512631309551 88 1
1546512631310243 16383 -1
1546512631310490 1 -1
1546512631310503 9 -1
1546512631311762 87 1
1546512631312933 2795 -1
1546512631313335 9 -1
1546512631313820 87 1
1546512631318153 88 1
1546512631326638 15875 -1
1546512631326658 509 -1
1546512631326668 9 -1
1546512631327157 3151 -1
1546512631327238 9 -1
1546512631334810 16383 -1
1546512631334825 1 -1
1546512631334976 9 -1
1546512631344187 16383 -1
1546512631344204 1 -1
1546512631344209 9 -1
1546512631354147 3329 -1
1546512631354163 9 -1
1546512631359745 16383 -1
1546512631359762 1 -1
1546512631359768 9 -1
1546512631371319 16382 -1
1546512631371335 2 -1
1546512631371341 9 -1
1546512631383787 15874 -1
1546512631383805 510 -1
1546512631383813 9 -1
1546512631395310 16382 -1
1546512631395374 2 -1
1546512631395502 9 -1
1546512631411454 16382 -1
1546512631411474 2 -1
1546512631411480 9 -1
1546512631428074 16381 -1
1546512631428095 3 -1
1546512631428101 9 -1
1546512631434554 15873 -1
1546512631438605 511 -1
1546512631438744 9 -1
1546512631455769 16381 -1
1546512631455791 3 -1
1546512631455798 9 -1
1546512631477491 16381 -1
1546512631477510 3 -1
1546512631477515 9 -1
1546512631489659 16380 -1
1546512631489675 4 -1
1546512631489681 9 -1
1546512631505659 13647 -1
1546512631505703 9 -1
1546512631520263 16380 -1
1546512631520280 4 -1
1546512631520287 9 -1
1546512631532031 16380 -1
1546512631532049 4 -1
1546512631532054 9 -1
1546512631535481 2191 -1
1546512631535495 9 -1
1546512631548224 16379 -1
1546512631548246 5 -1
1546512631548252 9 -1
1546512631585417 16379 -1
1546512631585436 5 -1
1546512631585443 9 -1
1546512631597008 16378 -1
1546512631597027 6 -1
1546512631597034 9 -1
1546512631608247 16378 -1
1546512631608265 6 -1
1546512631608272 9 -1
1546512631609435 1188 -1
1546512631609450 9 -1
1546512631626903 16377 -1
1546512631626974 7 -1
1546512631626981 9 -1
1546512631631786 5214 -1
1546512631631803 156 -1
1546512631631812 129 -1
1546512631632364 130 -1
1546512631632376 130 -1
1546512631632381 159 -1
1546512631632396 159 -1
1546512631632402 153 -1
1546512631632408 146 -1
1546512631632414 9 -1
1546512631655168 16383 -1
1546512631655185 1 -1
1546512631655193 9 -1
1546512631677670 16383 -1
1546512631677689 1 -1
1546512631677695 9 -1
1546512631699000 16383 -1
1546512631699016 1 -1
1546512631699022 9 -1
1546512631721582 16383 -1
1546512631721601 1 -1
1546512631721608 9 -1
1546512631760530 16383 -1
1546512631760546 1 -1
1546512631760552 9 -1
1546512631805910 15836 -1
1546512631805927 548 -1
1546512631805986 9 -1
1546512631818074 16383 -1
1546512631818091 1 -1
1546512631818097 9 -1
1546512631834960 16383 -1
1546512631834977 1 -1
1546512631834982 9 -1
1546512631853157 16383 -1
1546512631853176 1 -1
1546512631853182 9 -1
1546512631864415 16382 -1
1546512631864434 2 -1
1546512631864445 9 -1
1546512631875938 16382 -1
1546512631875957 2 -1
1546512631875963 9 -1
1546512631897789 16382 -1
1546512631897811 2 -1
1546512631897817 9 -1
1546512631918810 16382 -1
1546512631918827 2 -1
1546512631918833 9 -1
1546512631932194 16382 -1
1546512631932214 2 -1
1546512631936516 9 -1
1546512631961922 15835 -1
1546512631962646 549 -1
1546512631962665 9 -1
1546512631968804 16382 -1
1546512631968823 2 -1
1546512631968830 9 -1
1546512631990193 16382 -1
1546512631990247 2 -1
1546512631990255 9 -1
1546512631996095 16382 -1
1546512631996116 2 -1
1546512631996122 9 -1
1546512632012173 16381 -1
1546512632012192 3 -1
1546512632012264 9 -1
1546512632039692 16381 -1
1546512632039710 3 -1
1546512632039719 9 -1
1546512632056613 16381 -1
1546512632056633 3 -1
1546512632056639 9 -1
1546512632072506 16381 -1
1546512632072524 3 -1
1546512632072529 9 -1
1546512632096766 16381 -1
1546512632096789 3 -1
1546512632096795 9 -1
1546512632111724 16383 -1
1546512632111745 1 -1
1546512632111752 9 -1
1546512632133767 16381 -1
1546512632133789 3 -1
1546512632133796 9 -1
1546512632150040 16381 -1
1546512632150122 3 -1
1546512632150133 9 -1
1546512632172479 16381 -1
1546512632172500 3 -1
1546512632172506 9 -1
1546512632173371 3918 -1
1546512632173387 9 -1
1546512632195347 16380 -1
1546512632195368 4 -1
1546512632195373 9 -1
1546512632219349 16380 -1
1546512632219370 4 -1
1546512632219376 9 -1
1546512632252805 16380 -1
1546512632252927 4 -1
1546512632252934 9 -1
1546512632300330 16380 -1
1546512632300351 4 -1
1546512632300410 9 -1
1546512632314925 16382 -1
1546512632314947 2 -1
1546512632314955 9 -1
1546512632330972 16380 -1
1546512632330990 4 -1
1546512632330996 9 -1
1546512632342796 16380 -1
1546512632342870 4 -1
1546512632342960 9 -1
1546512632358835 16380 -1
1546512632358856 4 -1
1546512632358863 9 -1
1546512632371557 8495 -1
1546512632371574 9 -1
1546512632372044 1661 -1
1546512632372057 9 -1
1546512632388541 79 1
1546512632391519 16379 -1
1546512632391539 5 -1
1546512632391544 9 -1
1546512632393949 78 1
1546512632394660 78 1
1546512632395940 78 1
1546512632403465 78 1
1546512632409333 16379 -1
1546512632409354 5 -1
1546512632409361 9 -1
1546512632425748 10278 -1
1546512632425764 9 -1
1546512632437403 16379 -1
1546512632437418 5 -1
1546512632437424 9 -1
1546512632459694 16379 -1
1546512632459712 5 -1
1546512632459717 9 -1
1546512632476237 15812 -1
1546512632476254 9 -1
1546512632476309 1895 -1
1546512632476318 9 -1
1546512632480986 619 -1
1546512632481002 9 -1
1546512632493063 16378 -1
1546512632493081 6 -1
1546512632493087 9 -1
1546512632504975 16378 -1
1546512632504995 6 -1
1546512632505030 9 -1
1546512632522398 16377 -1
1546512632522419 7 -1
1546512632523133 9 -1
1546512632532227 8757 -1
1546512632532248 9 -1
1546512632550276 11149 -1
1546512632550297 167 -1
1546512632550305 219 -1
1546512632550314 182 -1
1546512632550321 148 -1
1546512632550329 147 -1
1546512632553173 9 -1
1546512632553423 2439 -1
1546512632553439 9 -1
1546512632555450 2617 -1
1546512632555470 9 -1
1546512632555476 2617 -1
1546512632555485 9 -1
1546512632562078 2261 -1
1546512632562099 9 -1
1546512632563228 2617 -1
1546512632737257 63 1
1546512632737272 63 1
1546512632737280 63 1
1546512632737286 63 1
1546512632737293 63 1
1546512632737299 63 1
1546512632745575 129 -1
1546512632745585 9 -1
1546512632751323 6669 -1
1546512632751339 130 -1
1546512632751443 9 -1
1546512632762345 8198 -1
1546512632762364 129 -1
1546512632763600 9 -1
1546512632768475 7414 -1
1546512632768495 106 -1
1546512632768501 9 -1
1546512632777563 7206 -1
1546512632777581 105 -1
1546512632777587 9 -1
1546512632790696 7597 -1
1546512632790714 107 -1
1546512632790721 9 -1
1546512632794341 7764 -1
1546512635085702 68 1
1546512635094001 166 -1
1546512635094019 9 -1
1546512635121194 16383 -1
1546512635121210 1 -1
1546512635121218 9 -1
1546512635132707 16383 -1
1546512635132727 1 -1
1546512635132733 9 -1
1546512635154819 16382 -1
1546512635155002 2 -1
1546512635155009 9 -1
1546512635177667 16381 -1
1546512635177768 3 -1
1546512635178031 9 -1
1546512635179965 8495 -1
1546512639433654 17 1
0 0 0
1546512631226083 39 -1
1546512631226090 13 -1
1546512631226213 199 1
1546512631235225 9 -1
1546512631236091 306 -1
1546512631236103 9 -1
1546512631248048 9 1
1546512631261395 16383 -1
1546512631261412 1 -1
1546512631261419 9 -1
1546512631263764 16383 -1
1546512631263775 1 -1
1546512631263780 9 -1
1546512631266053 16382 -1
1546512631266151 2 -1
1546512631266157 9 -1
1546512631267883 16381 -1
1546512631267898 3 -1
1546512631267904 9 -1
1546512631270536 16383 -1
1546512631270558 1 -1
1546512631270726 9 -1
1546512631281739 16198 -1
1546512631317205 17 1
0 0 0
1546512631300792 39 -1
1546512631300800 13 -1
1546512631308696 187 1
1546512631314923 9 -1
1546512631316632 9 1
1546512631322263 293 -1
1546512631322278 9 -1
1546512631333273 16383 -1
1546512631333291 1 -1
1546512631333298 9 -1
1546512631335259 16383 -1
1546512631335269 1 -1
1546512631335274 9 -1
1546512631336497 16382 -1
1546512631336511 2 -1
1546512631336516 9 -1
1546512631344717 16381 -1
1546512631344802 3 -1
1546512631344841 9 -1
1546512631349603 16380 -1
1546512631349619 4 -1
1546512631349624 9 -1
1546512631354820 16197 -1
1546512631389590 17 1
0 0 0
1546512631310417 39 -1
1546512631310629 13 -1
1546512631310641 206 1
1546512631316739 9 -1
1546512631318393 311 -1
1546512631318760 9 -1
1546512631318949 2111 -1
1546512631356882 9 1
1546512631356961 17 1
0 0 0
1546512631242787 39 -1
1546512631242797 13 -1
1546512631248442 206 1
1546512631258053 9 -1
1546512631258110 9 1
1546512631260146 310 -1
1546512631261069 9 -1
1546512631261078 3329 -1
1546512631310433 17 1
0 0 0
1546512631259446 188 1
1546512631265499 39 -1
1546512631265504 13 -1
1546512631266308 9 1
1546512631271041 9 -1
1546512631272931 293 -1
1546512631273040 9 -1
1546512631277199 16383 -1
1546512631277667 1 -1
1546512631278138 9 -1
1546512631285987 16382 -1
1546512631286006 2 -1
1546512631286174 9 -1
1546512631294467 16381 -1
1546512631296048 3 -1
1546512631296160 9 -1
1546512631299446 16383 -1
1546512631299468 1 -1
1546512631299473 9 -1
1546512631300813 16193 -1
1546512631341283 17 1
