### "'98117 81729 42764 74031 82539 67197 83815 75814 125837 107061 81348 8198 74031 107061 67188 83038 69988 103263 191438 193803 180501 198474 145724 271066 43762 119183 273508 147829 100150 156104 104545 157450 154730 168866 23460 81348 16916 33511 14262 131341 184671 44566 64432'"
0 0 0
1546512724803968 197 1
1546512724803978 58 1
1546512724803986 58 1
1546512724803993 59 1
1546512724804028 88 1
1546512724804743 87 1
1546512724804757 87 1
1546512724804765 88 1
1546512724808067 39 -1
1546512724808076 13 -1
1546512724808953 9 1
1546512724814724 9 -1
1546512724815451 319 -1
1546512724815465 9 -1
1546512724821410 15838 -1
1546512724821425 546 -1
1546512724821431 9 -1
1546512724823557 15837 -1
1546512724823571 547 -1
1546512724823577 9 -1
1546512724824806 15836 -1
1546512724825469 548 -1
1546512724825486 9 -1
1546512724843535 15835 -1
1546512724843552 549 -1
1546512724843560 9 -1
1546512724844306 8495 -1
1546512724844319 130 -1
1546512724844324 9 -1
1546512724845666 15875 -1
1546512724845676 509 -1
1546512724845736 9 -1
1546512724846568 15874 -1
1546512724846584 510 -1
1546512724846591 9 -1
1546512724850311 15873 -1
1546512724850329 511 -1
1546512724850336 9 -1
1546512724862508 15872 -1
1546512724862530 512 -1
1546512724862538 9 -1
1546512724863449 15871 -1
1546512724863466 513 -1
1546512724863474 9 -1
1546512724863564 619 -1
1546512724863571 130 -1
1546512724863677 159 -1
1546512724863687 159 -1
1546512724863692 157 -1
1546512724863697 146 -1
1546512724863702 129 -1
1546512724863706 9 -1
1546512724867047 16383 -1
1546512724867061 1 -1
1546512724867066 9 -1
1546512724872734 15874 -1
1546512724876721 510 -1
1546512724876736 9 -1
1546512724877723 15836 -1
1546512724881787 548 -1
1546512724881806 9 -1
1546512724883948 15835 -1
1546512724883967 549 -1
1546512724883974 9 -1
1546512724889557 15835 -1
1546512724889645 549 -1
1546512724889654 9 -1
1546512724905686 15836 -1
1546512724905705 548 -1
1546512724905713 9 -1
1546512724909490 16382 -1
1546512724909509 2 -1
1546512724909515 9 -1
1546512724917881 15873 -1
1546512724917900 511 -1
1546512724917909 9 -1
1546512724923886 15835 -1
1546512724923924 549 -1
1546512724923933 9 -1
1546512724929658 15834 -1
1546512724932086 550 -1
1546512724932103 9 -1
1546512724941011 15834 -1
1546512724941030 550 -1
1546512724941038 9 -1
1546512724946712 15835 -1
1546512724946730 549 -1
1546512724946738 9 -1
1546512724960688 16381 -1
1546512724960711 3 -1
1546512724960717 9 -1
1546512724962216 15872 -1
1546512724962235 512 -1
1546512724962245 9 -1
1546512724969256 15834 -1
1546512724969409 550 -1
1546512724969419 9 -1
1546512724986226 15833 -1
1546512724986249 551 -1
1546512724986258 9 -1
1546512724995119 15833 -1
1546512724995139 551 -1
1546512724995147 9 -1
1546512725006327 15834 -1
1546512725006747 550 -1
1546512725006761 9 -1
1546512725026406 16380 -1
1546512725026424 4 -1
1546512725026429 9 -1
1546512725044223 15871 -1
1546512725044244 513 -1
1546512725044253 9 -1
1546512725056300 15833 -1
1546512725060347 551 -1
1546512725060365 9 -1
1546512725083475 15832 -1
1546512725083492 552 -1
1546512725083499 9 -1
1546512725111225 15832 -1
1546512725111242 552 -1
1546512725111251 9 -1
1546512725139698 15833 -1
1546512725139715 551 -1
1546512725139721 9 -1
1546512725139780 1661 -1
1546512725139787 9 -1
1546512725161654 15870 -1
1546512725161672 514 -1
1546512725161682 9 -1
1546512725172929 10278 -1
1546512725172946 9 -1
1546512725197089 15831 -1
1546512725197105 553 -1
1546512725197112 9 -1
1546512725223695 15831 -1
1546512725223712 553 -1
1546512725223718 9 -1
1546512725255686 15812 -1
1546512725255703 9 -1
1546512725261418 1895 -1
1546512725261434 9 -1
1546512725276661 15830 -1
1546512725276689 554 -1
1546512725276724 9 -1
1546512725298376 15830 -1
1546512725298395 554 -1
1546512725298403 9 -1
1546512725347440 15829 -1
1546512725353064 555 -1
1546512725353109 9 -1
1546512725380125 8757 -1
1546512725380172 9 -1
1546512725397314 11149 -1
1546512726258171 82 1
1546512726258188 78 1
1546512726258351 78 1
1546512726258365 78 1
1546512726258444 78 1
1546512726270198 171 -1
1546512726272250 9 -1
1546512726272479 63 1
1546512726272642 63 1
1546512726272652 63 1
1546512726272662 63 1
1546512726272671 63 1
1546512726272993 63 1
1546512726273634 2617 -1
1546512726273646 149 -1
1546512726273691 9 -1
1546512726273697 2617 -1
1546512726274306 248 -1
1546512726278764 9 -1
1546512726278772 2439 -1
1546512726278784 148 -1
1546512726278915 9 -1
1546512726282474 2261 -1
1546512726282491 147 -1
1546512726282499 9 -1
1546512726298392 2617 -1
1546512726298761 129 -1
1546512726298770 9 -1
1546512726310400 6669 -1
1546512726310418 130 -1
1546512726310423 9 -1
1546512726321220 8198 -1
1546512726321546 107 -1
1546512726321736 9 -1
1546512726345239 7764 -1
1546512726345441 105 -1
1546512726345448 9 -1
1546512726357062 7597 -1
1546512726357081 106 -1
1546512726357086 9 -1
1546512726378281 7206 -1
1546512726378305 129 -1
1546512726378311 9 -1
1546512726383073 7414 -1
1546512728574458 68 1
1546512728582268 166 -1
1546512728582289 9 -1
1546512728608888 16383 -1
1546512728608904 1 -1
1546512728608910 9 -1
1546512728620016 16382 -1
1546512728620034 2 -1
1546512728620039 9 -1
1546512728649915 16383 -1
1546512728650002 1 -1
1546512728650387 9 -1
1546512728669224 16382 -1
1546512728669345 2 -1
1546512728669351 9 -1
1546512728677891 8495 -1
1546512729201428 87 1
1546512729208726 180 -1
1546512729208775 9 -1
1546512729219810 16383 -1
1546512729219826 1 -1
1546512729219972 9 -1
1546512729232336 16383 -1
1546512729232354 1 -1
1546512729233260 9 -1
1546512729241736 16382 -1
1546512729241757 2 -1
1546512729241764 9 -1
1546512729254103 16381 -1
1546512729254122 3 -1
1546512729254130 9 -1
1546512729272904 16380 -1
1546512729272924 4 -1
1546512729273068 9 -1
1546512729286184 16379 -1
1546512729286207 5 -1
1546512729286214 9 -1
1546512729293308 8757 -1
1546512729397637 77 1
1546512729412999 251 -1
1546512729413020 9 -1
1546512729413032 78 1
1546512729413260 59 1
1546512729413391 78 1
1546512729413672 78 1
1546512729413683 59 1
1546512729413835 59 1
1546512729414180 58 1
1546512729434431 3329 -1
1546512729434453 149 -1
1546512729434461 9 -1
1546512729435763 2439 -1
1546512729435782 135 -1
1546512729435788 9 -1
1546512729437187 3507 -1
1546512729437207 147 -1
1546512729437662 9 -1
1546512729437673 2617 -1
1546512729437831 130 -1
1546512729438096 9 -1
1546512729439543 59 1
1546512729455311 16383 -1
1546512729455497 1 -1
1546512729455644 9 -1
1546512729456466 59 1
1546512729459031 59 1
1546512729461324 59 1
1546512729461339 58 1
1546512729463451 58 1
1546512729464021 59 1
1546512729473469 58 1
1546512729473486 59 1
1546512729474298 59 1
1546512729474909 59 1
1546512729485476 16383 -1
1546512729486158 1 -1
1546512729486165 9 -1
1546512729491028 59 1
1546512729491044 59 1
1546512729491053 59 1
1546512729491138 59 1
1546512729492171 58 1
1546512729492264 59 1
1546512729497177 16382 -1
1546512729497199 2 -1
1546512729497206 9 -1
1546512729502505 16381 -1
1546512729502527 3 -1
1546512729502534 9 -1
1546512729507553 1652 -1
1546512729507572 130 -1
1546512729507578 130 -1
1546512729507583 131 -1
1546512729507738 9 -1
1546512729528145 16383 -1
1546512729528303 1 -1
1546512729528429 9 -1
1546512729536397 88 1
1546512729545365 16383 -1
1546512729545874 1 -1
1546512729546008 9 -1
1546512729546135 85 1
1546512729550277 86 1
1546512729557280 16383 -1
1546512729557822 1 -1
1546512729557953 9 -1
1546512729560642 59 1
1546512729562324 88 1
1546512729563747 58 1
1546512729567265 88 1
1546512729575719 16382 -1
1546512729575742 2 -1
1546512729575750 9 -1
1546512729583062 16382 -1
1546512729583081 2 -1
1546512729583760 9 -1
1546512729594268 16382 -1
1546512729594288 2 -1
1546512729594294 9 -1
1546512729603893 16381 -1
1546512729603916 3 -1
1546512729603923 9 -1
1546512729613710 16381 -1
1546512729613729 3 -1
1546512729613737 9 -1
1546512729627715 16381 -1
1546512729627735 3 -1
1546512729627742 9 -1
1546512729634699 16380 -1
1546512729634720 4 -1
1546512729634727 9 -1
1546512729643361 16380 -1
1546512729643438 4 -1
1546512729643445 9 -1
1546512729649831 16380 -1
1546512729649852 4 -1
1546512729650822 9 -1
1546512729658798 16379 -1
1546512729658818 5 -1
1546512729658898 9 -1
1546512729660990 4452 -1
1546512729661006 9 -1
1546512729668827 16379 -1
1546512729668846 5 -1
1546512729668854 9 -1
1546512729677974 1118 -1
1546512729677999 9 -1
1546512729685991 16378 -1
1546512729686013 6 -1
1546512729686019 9 -1
1546512729691475 4959 -1
1546512729691546 131 -1
1546512729691553 132 -1
1546512729691558 131 -1
1546512729691563 212 -1
1546512729691570 107 -1
1546512729691574 130 -1
1546512729691580 106 -1
1546512729691585 95 -1
1546512729691591 131 -1
1546512729691595 108 -1
1546512729691599 131 -1
1546512729691604 107 -1
1546512729691608 108 -1
1546512729693060 107 -1
1546512729693070 108 -1
1546512729693074 131 -1
1546512729693077 263 -1
1546512729693089 160 -1
1546512729693095 160 -1
1546512729693100 159 -1
1546512729693104 159 -1
1546512729693109 112 -1
1546512729693112 9 -1
1546512729700666 16383 -1
1546512729700688 1 -1
1546512729700695 9 -1
1546512729717490 16383 -1
1546512729717509 1 -1
1546512729717733 9 -1
1546512729732561 16383 -1
1546512729732578 1 -1
1546512729732583 9 -1
1546512729754177 16383 -1
1546512729754225 1 -1
1546512729754231 9 -1
1546512729762595 16383 -1
1546512729762617 1 -1
1546512729762624 9 -1
1546512729777483 16383 -1
1546512729777503 1 -1
1546512729777586 9 -1
1546512729794815 16383 -1
1546512729794833 1 -1
1546512729794839 9 -1
1546512729815813 16383 -1
1546512729815829 1 -1
1546512729815834 9 -1
1546512729833626 16383 -1
1546512729833646 1 -1
1546512729833652 9 -1
1546512729846778 16383 -1
1546512729846798 1 -1
1546512729846804 9 -1
1546512729859581 16383 -1
1546512729859603 1 -1
1546512729859610 9 -1
1546512729869973 16383 -1
1546512729869995 1 -1
1546512729870003 9 -1
1546512729892609 16383 -1
1546512729892631 1 -1
1546512729892637 9 -1
1546512729908706 16383 -1
1546512729908725 1 -1
1546512729908732 9 -1
1546512729926424 16383 -1
1546512729926444 1 -1
1546512729926451 9 -1
1546512729945937 16383 -1
1546512729945957 1 -1
1546512729945964 9 -1
1546512729963297 16383 -1
1546512729963319 1 -1
1546512729963326 9 -1
1546512729986077 16383 -1
1546512729986098 1 -1
1546512729986104 9 -1
1546512730008373 16383 -1
1546512730008392 1 -1
1546512730008398 9 -1
1546512730025041 16383 -1
1546512730025064 1 -1
1546512730025073 9 -1
1546512730046830 16383 -1
1546512730047221 1 -1
1546512730047228 9 -1
1546512730051569 14262 -1
1546512730052001 9 -1
1546512730066665 16382 -1
1546512730066681 2 -1
1546512730066685 9 -1
1546512730081360 16382 -1
1546512730081382 2 -1
1546512730081389 9 -1
1546512730094827 16382 -1
1546512730094844 2 -1
1546512730094849 9 -1
1546512730110757 16382 -1
1546512730110779 2 -1
1546512730111217 9 -1
1546512730125658 16382 -1
1546512730125679 2 -1
1546512730125685 9 -1
1546512730147258 16382 -1
1546512730147277 2 -1
1546512730147546 9 -1
1546512730164154 16382 -1
1546512730164168 2 -1
1546512730164173 9 -1
1546512730176408 16382 -1
1546512730176421 2 -1
1546512730180725 9 -1
1546512730197812 16382 -1
1546512730197826 2 -1
1546512730197830 9 -1
1546512730211257 16382 -1
1546512730211272 2 -1
1546512730211277 9 -1
1546512730222073 16382 -1
1546512730222487 2 -1
1546512730222493 9 -1
1546512730238055 16382 -1
1546512730238073 2 -1
1546512730238077 9 -1
1546512730257090 16382 -1
1546512730257110 2 -1
1546512730257116 9 -1
1546512730487113 16382 -1
1546512730487134 2 -1
1546512730487140 9 -1
1546512730488975 16382 -1
1546512730489044 2 -1
1546512730489069 9 -1
1546512730491101 16382 -1
1546512730491120 2 -1
1546512730491126 131 -1
1546512730491132 9 -1
1546512730493912 16382 -1
1546512730493928 2 -1
1546512730494235 9 -1
1546512730495685 7076 -1
1546512730495699 9 -1
1546512730497026 532 -1
1546512730497042 9 -1
1546512730498781 16382 -1
1546512730499085 2 -1
1546512730499090 9 -1
1546512730527316 16382 -1
1546512730527335 2 -1
1546512730527341 9 -1
1546512730567910 16381 -1
1546512730567924 3 -1
1546512730567990 9 -1
1546512730602768 16381 -1
1546512730602783 3 -1
1546512730602789 9 -1
1546512730635051 16381 -1
1546512730635067 3 -1
1546512730635072 9 -1
1546512730670856 16381 -1
1546512730670871 3 -1
1546512730670875 136 -1
1546512730671179 9 -1
1546512730682292 16381 -1
1546512730682306 3 -1
1546512730682310 9 -1
1546512730698915 16381 -1
1546512730698929 3 -1
1546512730698933 9 -1
1546512730705914 10994 -1
1546512730705929 9 -1
1546512730721827 16381 -1
1546512730721839 3 -1
1546512730721918 9 -1
1546512730733720 16381 -1
1546512730733732 3 -1
1546512730734437 9 -1
1546512730745062 16381 -1
1546512730745078 3 -1
1546512730745083 9 -1
1546512730767307 16381 -1
1546512730767323 3 -1
1546512730767328 9 -1
1546512730769044 16381 -1
1546512730769057 3 -1
1546512730769061 9 -1
1546512730780226 16381 -1
1546512730780238 3 -1
1546512730780683 9 -1
1546512730797530 16381 -1
1546512730797552 3 -1
1546512730797558 9 -1
1546512730813151 16381 -1
1546512730813170 3 -1
1546512730813175 9 -1
1546512730825582 16381 -1
1546512730825597 3 -1
1546512730825602 9 -1
1546512730848896 16381 -1
1546512730848912 3 -1
1546512730848916 9 -1
1546512730848919 743 -1
1546512730849626 9 -1
1546512730868135 16381 -1
1546512730868152 3 -1
1546512730868158 9 -1
1546512730891166 16380 -1
1546512730891180 4 -1
1546512730891185 9 -1
1546512730930629 16380 -1
1546512730930642 4 -1
1546512730930648 9 -1
1546512730963694 16380 -1
1546512730963709 4 -1
1546512730963713 9 -1
1546512730980830 16380 -1
1546512730980842 4 -1
1546512730981085 9 -1
1546512730996573 16380 -1
1546512730996587 4 -1
1546512730996591 9 -1
1546512731008497 16380 -1
1546512731008512 4 -1
1546512731009064 9 -1
1546512731014551 16380 -1
1546512731014564 4 -1
1546512731014567 9 -1
1546512731036057 16380 -1
1546512731036071 4 -1
1546512731036075 9 -1
1546512731048722 16380 -1
1546512731048735 4 -1
1546512731048740 9 -1
1546512731065910 16380 -1
1546512731065924 4 -1
1546512731065929 9 -1
1546512731083059 16380 -1
1546512731083075 4 -1
1546512731083080 9 -1
1546512731097107 16380 -1
1546512731097123 4 -1
1546512731097344 9 -1
1546512731106522 16380 -1
1546512731106535 4 -1
1546512731106541 9 -1
1546512731124556 16380 -1
1546512731124636 4 -1
1546512731124641 9 -1
1546512731141083 16380 -1
1546512731141097 4 -1
1546512731141103 9 -1
1546512731365535 16380 -1
1546512731365551 4 -1
1546512731365555 9 -1
1546512731373649 16380 -1
1546512731373735 4 -1
1546512731373894 9 -1
1546512731377224 16379 -1
1546512731377243 5 -1
1546512731377248 9 -1
1546512731379620 16379 -1
1546512731379632 5 -1
1546512731379636 9 -1
1546512731381762 16379 -1
1546512731381772 5 -1
1546512731387448 9 -1
1546512731429055 16379 -1
1546512731429070 5 -1
1546512731429075 9 -1
1546512731468560 16379 -1
1546512731468574 5 -1
1546512731468579 9 -1
1546512731491077 16379 -1
1546512731491091 5 -1
1546512731491279 9 -1
1546512731514270 16379 -1
1546512731514285 5 -1
1546512731514289 9 -1
1546512731530574 16379 -1
1546512731530589 5 -1
1546512731530594 9 -1
1546512731575162 16379 -1
1546512731575176 5 -1
1546512731575180 9 -1
1546512731613896 16379 -1
1546512731613912 5 -1
1546512731613916 9 -1
1546512731648066 16379 -1
1546512731648080 5 -1
1546512731648085 9 -1
1546512731670193 16379 -1
1546512731670209 5 -1
1546512731670214 9 -1
1546512731681694 16379 -1
1546512731681709 5 -1
1546512731682532 9 -1
1546512731698963 16379 -1
1546512731698977 5 -1
1546512731698981 9 -1
1546512731716133 16379 -1
1546512731716146 5 -1
1546512731716151 9 -1
1546512731733334 15812 -1
1546512731733353 9 -1
1546512731751791 16379 -1
1546512731751871 5 -1
1546512731751952 9 -1
1546512731763956 16378 -1
1546512731763972 6 -1
1546512731763977 9 -1
1546512731786618 16378 -1
1546512731786632 6 -1
1546512731786888 9 -1
1546512731804221 16378 -1
1546512731804235 6 -1
1546512731804241 9 -1
1546512731821102 16378 -1
1546512731821118 6 -1
1546512731821123 9 -1
1546512731829093 16378 -1
1546512731829111 6 -1
1546512731829115 9 -1
1546512731839173 16378 -1
1546512731839190 6 -1
1546512731839194 9 -1
1546512731849020 16378 -1
1546512731849032 6 -1
1546512731849037 9 -1
1546512731872915 16378 -1
1546512731872935 6 -1
1546512731872942 9 -1
1546512731875282 16378 -1
1546512731875297 6 -1
1546512731875302 9 -1
1546512731883166 16378 -1
1546512731883180 6 -1
1546512731883185 9 -1
1546512731901956 16378 -1
1546512731901970 6 -1
1546512731901974 9 -1
1546512731919277 16378 -1
1546512731919293 6 -1
1546512731919358 9 -1
1546512731936214 16378 -1
1546512731936227 6 -1
1546512731936292 9 -1
1546512731951959 16378 -1
1546512731951977 6 -1
1546512731951983 9 -1
1546512731981593 16378 -1
1546512731981632 6 -1
1546512731981648 9 -1
1546512732022817 16378 -1
1546512732022830 6 -1
1546512732023405 9 -1
1546512732057651 16377 -1
1546512732057671 7 -1
1546512732057676 9 -1
1546512732099797 16377 -1
1546512732099812 7 -1
1546512732099816 9 -1
1546512732133168 16377 -1
1546512732133188 7 -1
1546512732133192 9 -1
1546512732144324 16377 -1
1546512732144353 7 -1
1546512732144359 9 -1
1546512732160095 16377 -1
1546512732160110 7 -1
1546512732160114 9 -1
1546512732173466 16377 -1
1546512732173486 7 -1
1546512732173491 9 -1
1546512732183017 16377 -1
1546512732183031 7 -1
1546512732183035 9 -1
1546512732189907 16377 -1
1546512732189923 7 -1
1546512732190114 9 -1
1546512732199727 16377 -1
1546512732199744 7 -1
1546512732199750 9 -1
1546512732199849 1846 -1
1546512732199860 9 -1
1546512732210601 16377 -1
1546512732210618 7 -1
1546512732210624 9 -1
1546512732214665 6241 -1
1546512732214679 9 -1
1546512732232721 16377 -1
1546512732232739 7 -1
1546512732232744 9 -1
1546512732249030 16377 -1
1546512732249044 7 -1
1546512732249048 9 -1
1546512732261758 16377 -1
1546512732261777 7 -1
1546512732261783 9 -1
1546512732277104 16377 -1
1546512732277123 7 -1
1546512732277128 9 -1
1546512732289907 16376 -1
1546512732289921 8 -1
1546512732289926 9 -1
1546512732300725 16376 -1
1546512732300744 8 -1
1546512732300750 9 -1
1546512732312441 16376 -1
1546512732312457 8 -1
1546512732312461 9 -1
1546512732323216 16376 -1
1546512732323230 8 -1
1546512732323236 9 -1
1546512732334013 16376 -1
1546512732334031 8 -1
1546512732334037 9 -1
1546512732343029 16376 -1
1546512732343043 8 -1
1546512732343048 9 -1
1546512732346722 4495 -1
1546512732346894 9 -1
1546512732361456 16376 -1
1546512732361769 8 -1
1546512732361777 9 -1
1546512732365789 16376 -1
1546512732365807 8 -1
1546512732365813 9 -1
1546512732375895 16376 -1
1546512732375913 8 -1
1546512732375919 9 -1
1546512732383268 16376 -1
1546512732383285 8 -1
1546512732384993 9 -1
1546512732395066 16376 -1
1546512732395083 8 -1
1546512732395087 9 -1
1546512732409317 16376 -1
1546512732409333 8 -1
1546512732409338 9 -1
1546512732429416 16376 -1
1546512732429434 8 -1
1546512732429440 9 -1
1546512732446772 16375 -1
1546512732446790 9 -1
1546512732446795 9 -1
1546512732467234 16375 -1
1546512732467249 9 -1
1546512732467253 9 -1
1546512732495873 16375 -1
1546512732495968 9 -1
1546512732496050 9 -1
1546512732533611 16375 -1
1546512732533628 9 -1
1546512732533783 9 -1
1546512732547904 14652 -1
1546512732547920 9 -1
1546512732567634 16375 -1
1546512732567655 9 -1
1546512732567661 9 -1
1546512732580936 16375 -1
1546512732580955 9 -1
1546512732580962 9 -1
1546512732597683 16375 -1
1546512732597735 9 -1
1546512732598104 9 -1
1546512732613097 16375 -1
1546512732613117 9 -1
1546512732613532 9 -1
1546512732636902 16375 -1
1546512732636918 9 -1
1546512732636923 9 -1
1546512732651994 16375 -1
1546512732652012 9 -1
1546512732652138 9 -1
1546512732667494 16375 -1
1546512732667509 9 -1
1546512732667514 9 -1
1546512732667519 269 -1
1546512732667526 9 -1
1546512732684373 16374 -1
1546512732685297 10 -1
1546512732685371 9 -1
1546512732693047 16374 -1
1546512732693065 10 -1
1546512732693375 9 -1
1546512732711630 16374 -1
1546512732711654 10 -1
1546512732711660 9 -1
1546512732735115 16374 -1
1546512732735136 10 -1
1546512732735142 9 -1
1546512732750421 16374 -1
1546512732750604 10 -1
1546512732750795 9 -1
1546512732767919 16374 -1
1546512732768013 10 -1
1546512732768310 9 -1
1546512732768317 373 -1
1546512732768327 9 -1
1546512732783563 8648 -1
1546512732783655 9 -1
1546512732801272 9994 -1
1546512732801290 9 -1
1546512732829783 16374 -1
1546512732829798 10 -1
1546512732829804 9 -1
1546512732839987 7274 -1
1546512732840004 9 -1
1546512732849778 396 1
1546512732864348 16373 -1
1546512732864367 11 -1
1546512732864373 9 -1
1546512732903851 16373 -1
1546512732903867 11 -1
1546512732903872 9 -1
1546512732928925 16373 -1
1546512732928945 11 -1
1546512732928951 9 -1
1546512732940735 16373 -1
1546512732940750 11 -1
1546512732940755 9 -1
1546512732957293 16373 -1
1546512732957309 11 -1
1546512732957372 9 -1
1546512732972960 16373 -1
1546512732972980 11 -1
1546512732972986 9 -1
1546512732987899 5026 -1
1546512732987918 9 -1
1546512732993699 11214 -1
1546512732993714 9 -1
1546512733009008 13579 -1
1546512733009023 9 -1
1546512733033011 16372 -1
1546512733033026 12 -1
1546512733033031 9 -1
1546512733033036 277 -1
1546512733033043 9 -1
1546512733053216 16372 -1
1546512733053236 12 -1
1546512733053241 9 -1
1546512733061359 16372 -1
1546512733061378 12 -1
1546512733061385 9 -1
1546512733062461 1866 -1
1546512733062476 9 -1
1546512733078370 16371 -1
1546512733078389 13 -1
1546512733078396 9 -1
1546512733091436 16371 -1
1546512733091454 13 -1
1546512733091459 9 -1
1546512733103173 16370 -1
1546512733103192 14 -1
1546512733103198 9 -1
1546512733111396 16370 -1
1546512733114716 14 -1
1546512733114726 9 -1
1546512733120514 16369 -1
1546512733120534 15 -1
1546512733120540 9 -1
1546512733130728 16369 -1
1546512733130741 15 -1
1546512733130748 9 -1
1546512733143455 16368 -1
1546512733143471 16 -1
1546512733143476 9 -1
1546512733154112 16368 -1
1546512733154132 16 -1
1546512733154138 9 -1
1546512733159971 8922 -1
1546512733159989 160 -1
1546512733159996 9 -1
1546512733171179 16383 -1
1546512733171270 1 -1
1546512733171276 9 -1
1546512733174310 13 1
1546512733177194 11364 -1
1546512733177212 9 -1
1546512733193318 15896 -1
1546512733193334 279 -1
1546512733193343 209 -1
1546512733193350 9 -1
1546512733198704 16383 -1
1546512733198724 1 -1
1546512733198731 9 -1
1546512733219175 16382 -1
1546512733219195 2 -1
1546512733219201 9 -1
1546512733227138 16166 -1
1546512733227157 218 -1
1546512733227165 9 -1
1546512733240258 16382 -1
1546512733240279 2 -1
1546512733240284 9 -1
1546512733258031 16381 -1
1546512733258052 3 -1
1546512733258058 9 -1
1546512733264982 16157 -1
1546512733266268 227 -1
1546512733266282 9 -1
1546512733277912 11798 -1
1546512733277931 9 -1
1546512733288516 16380 -1
1546512733288668 4 -1
1546512733288674 9 -1
1546512733298992 15280 -1
1546512733299009 9 -1
1546512733321734 16379 -1
1546512733321930 5 -1
1546512733321936 9 -1
1546512733338381 16378 -1
1546512733338428 6 -1
1546512733338434 9 -1
1546512733345217 16377 -1
1546512733345311 7 -1
1546512733345318 9 -1
1546512733352614 16376 -1
1546512733352633 8 -1
1546512733352641 9 -1
1546512733362596 16375 -1
1546512733362904 9 -1
1546512733363338 9 -1
1546512733372708 16374 -1
1546512733372725 10 -1
1546512733373172 9 -1
1546512733382779 16373 -1
1546512733382798 11 -1
1546512733382804 9 -1
1546512733385009 4447 -1
1546512735951235 17 1
0 0 0
1546512724525404 206 1
1546512724527028 59 1
1546512724527170 78 1
1546512724527180 78 1
1546512724527187 58 1
1546512724527195 77 1
1546512724527202 58 1
1546512724527209 78 1
1546512724527282 58 1
1546512724527662 58 1
1546512724527670 78 1
1546512724527678 87 1
0 0 0
1546512724550266 206 1
0 0 0
1546512724594170 207 1
1546512724599761 39 -1
1546512724599770 13 -1
1546512724600362 9 1
1546512724605412 9 -1
1546512724605823 312 -1
1546512724605837 9 -1
1546512724624877 16383 -1
1546512724624898 1 -1
1546512724624905 9 -1
1546512724627093 16383 -1
1546512724627112 1 -1
1546512724627119 9 -1
1546512724627982 9996 -1
1546512724649009 17 1
0 0 0
1546512724548215 187 1
1546512724553403 39 -1
1546512724553410 13 -1
1546512724554281 9 1
1546512724559109 9 -1
1546512724559116 293 -1
1546512724559222 9 -1
1546512724560978 16383 -1
1546512724561068 1 -1
1546512724561074 9 -1
1546512724564500 16383 -1
1546512724564555 1 -1
1546512724564630 9 -1
1546512724566663 16382 -1
1546512724566982 2 -1
1546512724566990 9 -1
1546512724574756 16381 -1
1546512724574773 3 -1
1546512724574869 9 -1
1546512724575598 16383 -1
1546512724575610 1 -1
1546512724575735 9 -1
1546512724578700 16197 -1
1546512724615887 17 1
0 0 0
1546512724787752 199 1
0 0 0
1546512724575366 188 1
1546512724582292 39 -1
1546512724582301 13 -1
1546512724583251 9 1
1546512724586592 9 -1
1546512724587146 293 -1
1546512724587198 9 -1
1546512724604205 15875 -1
1546512724604514 509 -1
1546512724605143 9 -1
1546512724606413 15874 -1
1546512724607182 510 -1
1546512724607227 9 -1
1546512724610238 15873 -1
1546512724610255 511 -1
1546512724610324 9 -1
1546512724611931 15872 -1
1546512724611950 512 -1
1546512724611958 9 -1
1546512724616045 16193 -1
1546512724656509 17 1
