### "'39562 152226 122201 221323 259736 148336 210285 147955 181833 219859 243577 158462 20816 50187 62685 52716 63442 52635 83601 8122 8016'"
0 0 0
1546513747286429 39 -1
1546513747288350 13 -1
1546513747292603 203 1
1546513747293461 9 1
1546513747298724 9 -1
1546513747298734 309 -1
1546513747298803 9 -1
1546513747298990 2263 -1
1546513747340010 17 1
0 0 0
1546513747203190 39 -1
1546513747203273 13 -1
1546513747203291 195 1
1546513747209447 9 -1
1546513747210802 307 -1
1546513747210821 9 -1
1546513747212002 9 1
1546513747212556 16383 -1
1546513747212572 1 -1
1546513747212860 9 -1
1546513747221809 16383 -1
1546513747221826 1 -1
1546513747221831 9 -1
1546513747233391 16382 -1
1546513747233406 2 -1
1546513747233480 9 -1
1546513747233915 16381 -1
1546513747233970 3 -1
1546513747234079 9 -1
1546513747234890 16383 -1
1546513747234904 1 -1
1546513747235183 9 -1
1546513747243401 16382 -1
1546513747243419 2 -1
1546513747243425 9 -1
1546513747244969 16381 -1
1546513747244987 3 -1
1546513747244993 9 -1
1546513747245341 7513 -1
1546513747289840 17 1
0 0 0
1546513747211123 203 1
1546513747212763 39 -1
1546513747212991 13 -1
1546513747217166 9 -1
1546513747217768 310 -1
1546513747217879 9 -1
1546513747218295 3685 -1
1546513747219846 9 1
1546513747285908 17 1
0 0 0
1546513747294184 183 1
1546513747300652 39 -1
1546513747300662 13 -1
1546513747301096 9 1
1546513747303752 9 -1
1546513747304861 295 -1
1546513747304918 9 -1
1546513747310932 16383 -1
1546513747310948 1 -1
1546513747310956 9 -1
1546513747311369 16383 -1
1546513747311383 1 -1
1546513747311388 9 -1
1546513747325290 16382 -1
1546513747325598 2 -1
1546513747325605 9 -1
1546513747327732 16381 -1
1546513747327745 3 -1
1546513747327751 9 -1
1546513747330577 16383 -1
1546513747330595 1 -1
1546513747330758 9 -1
1546513747336420 16382 -1
1546513747336443 2 -1
1546513747336449 9 -1
1546513747339522 16383 -1
1546513747339541 1 -1
1546513747339625 9 -1
1546513747343178 16383 -1
1546513747343202 1 -1
1546513747343209 9 -1
1546513747345555 16382 -1
1546513747345573 2 -1
1546513747345578 9 -1
1546513747348856 16381 -1
1546513747348875 3 -1
1546513747348882 9 -1
1546513747355177 16380 -1
1546513747355196 4 -1
1546513747355203 9 -1
1546513747359289 16379 -1
1546513747359366 5 -1
1546513747359373 9 -1
1546513747368464 16378 -1
1546513747368480 6 -1
1546513747368528 9 -1
1546513747369041 16377 -1
1546513747369057 7 -1
1546513747369064 9 -1
1546513747374820 14201 -1
1546513747416128 17 1
0 0 0
1546513747291729 184 1
1546513747297153 39 -1
1546513747297161 13 -1
1546513747297875 9 1
1546513747302017 9 -1
1546513747302468 294 -1
1546513747302483 9 -1
1546513747319895 16383 -1
1546513747319914 1 -1
1546513747319922 9 -1
1546513747320195 16382 -1
1546513747320206 2 -1
1546513747320532 9 -1
1546513747325142 16383 -1
1546513747325220 1 -1
1546513747325480 9 -1
1546513747337342 16382 -1
1546513747337365 2 -1
1546513747337372 9 -1
1546513747342141 16381 -1
1546513747342161 3 -1
1546513747342167 9 -1
1546513747355490 16380 -1
1546513747355504 4 -1
1546513747355509 9 -1
1546513747377890 16379 -1
1546513747377910 5 -1
1546513747377917 9 -1
1546513747395258 16383 -1
1546513747395279 1 -1
1546513747395354 9 -1
1546513747410669 16382 -1
1546513747410687 2 -1
1546513747410692 9 -1
1546513747421245 11006 -1
1546513747423070 17 1
0 0 0
1546513747203419 204 1
1546513747203850 58 1
1546513747203860 58 1
1546513747203869 58 1
1546513747205519 59 1
1546513747205533 58 1
1546513747205541 78 1
1546513747207595 39 -1
1546513747207603 13 -1
1546513747210057 9 -1
1546513747212790 312 -1
1546513747212936 9 -1
1546513747212946 9 1
1546513747212955 62 1
1546513747212963 59 1
1546513747212970 58 1
1546513747218011 16383 -1
1546513747218694 1 -1
1546513747219383 9 -1
1546513747222002 16383 -1
1546513747222062 1 -1
1546513747222342 9 -1
1546513747222782 6794 -1
1546513747222815 129 -1
1546513747222857 9 -1
1546513747223254 15873 -1
1546513747223441 511 -1
1546513747223451 9 -1
1546513747224205 15872 -1
1546513747224266 512 -1
1546513747224274 9 -1
1546513747225986 15871 -1
1546513747226185 513 -1
1546513747226193 9 -1
1546513747231318 15870 -1
1546513747231333 514 -1
1546513747231343 9 -1
1546513747231859 15869 -1
1546513747231869 515 -1
1546513747232007 9 -1
1546513747232299 15868 -1
1546513747232309 516 -1
1546513747232398 9 -1
1546513747241061 15867 -1
1546513747241079 517 -1
1546513747241088 9 -1
1546513747244135 15866 -1
1546513747244152 518 -1
1546513747244160 9 -1
1546513747245303 15865 -1
1546513747245314 519 -1
1546513747245370 9 -1
1546513747248679 4770 -1
1546513747248700 130 -1
1546513747248705 131 -1
1546513747248711 131 -1
1546513747249200 132 -1
1546513747249357 133 -1
1546513747249414 130 -1
1546513747249449 130 -1
1546513747249456 131 -1
1546513747249710 9 -1
1546513747250818 15873 -1
1546513747250884 511 -1
1546513747250989 9 -1
1546513747269577 15873 -1
1546513747269598 511 -1
1546513747269606 9 -1
1546513747271498 16383 -1
1546513747271509 1 -1
1546513747271528 9 -1
1546513747274278 16383 -1
1546513747274294 1 -1
1546513747274302 9 -1
1546513747277145 2795 -1
1546513747277164 9 -1
1546513747278169 16383 -1
1546513747278186 1 -1
1546513747278316 9 -1
1546513747307285 15873 -1
1546513747307471 511 -1
1546513747307482 9 -1
1546513747308851 15873 -1
1546513747308868 511 -1
1546513747308877 9 -1
1546513747310247 15872 -1
1546513747310265 512 -1
1546513747310274 9 -1
1546513747313131 15872 -1
1546513747313151 512 -1
1546513747313158 9 -1
1546513747318107 59 1
1546513747320388 16382 -1
1546513747320397 2 -1
1546513747320403 9 -1
1546513747321597 58 1
1546513747323145 58 1
1546513747324974 58 1
1546513747326622 59 1
1546513747327622 58 1
1546513747329311 58 1
1546513747338344 16382 -1
1546513747338365 2 -1
1546513747338372 9 -1
1546513747350231 16382 -1
1546513747350249 2 -1
1546513747350466 9 -1
1546513747373337 16383 -1
1546513747373355 1 -1
1546513747373557 9 -1
1546513747378645 15872 -1
1546513747378659 512 -1
1546513747378666 9 -1
1546513747388687 15871 -1
1546513747391431 513 -1
1546513747391448 9 -1
1546513747400723 15871 -1
1546513747400738 513 -1
1546513747400746 9 -1
1546513747425679 16381 -1
1546513747425701 3 -1
1546513747425708 9 -1
1546513747450758 16381 -1
1546513747450775 3 -1
1546513747450780 9 -1
1546513747476793 16381 -1
1546513747476812 3 -1
1546513747476818 9 -1
1546513747501041 16382 -1
1546513747501058 2 -1
1546513747501065 9 -1
1546513747528908 15871 -1
1546513747528926 513 -1
1546513747528933 9 -1
1546513747541454 15870 -1
1546513747541683 514 -1
1546513747541871 9 -1
1546513747557839 15870 -1
1546513747557860 514 -1
1546513747557869 9 -1
1546513747580479 16380 -1
1546513747580498 4 -1
1546513747580504 9 -1
1546513747588146 16380 -1
1546513747588170 4 -1
1546513747599986 9 -1
1546513747600637 16380 -1
1546513747600655 4 -1
1546513747600661 9 -1
1546513747621090 16381 -1
1546513747621107 3 -1
1546513747621113 9 -1
1546513747632739 15870 -1
1546513747632762 514 -1
1546513747633464 9 -1
1546513747644970 15869 -1
1546513747644990 515 -1
1546513747644998 9 -1
1546513747657362 15869 -1
1546513747657386 515 -1
1546513747657522 9 -1
1546513747672777 16379 -1
1546513747672833 5 -1
1546513747672839 9 -1
1546513747681121 16379 -1
1546513747681141 5 -1
1546513747681240 9 -1
1546513747700320 16379 -1
1546513747700366 5 -1
1546513747700401 9 -1
1546513747722658 16380 -1
1546513747723875 4 -1
1546513747723910 9 -1
1546513747729725 15869 -1
1546513747732759 515 -1
1546513747733045 9 -1
1546513747743841 15868 -1
1546513747743860 516 -1
1546513747743869 9 -1
1546513747759058 15868 -1
1546513747759078 516 -1
1546513747759086 9 -1
1546513747783570 16378 -1
1546513747783592 6 -1
1546513747783601 9 -1
1546513747792707 16378 -1
1546513747792723 6 -1
1546513747792728 9 -1
1546513747805173 16378 -1
1546513747805195 6 -1
1546513747805202 9 -1
1546513747827177 16379 -1
1546513747827197 5 -1
1546513747827203 9 -1
1546513747837174 15868 -1
1546513747837193 516 -1
1546513747837202 9 -1
1546513747850737 15867 -1
1546513747850755 517 -1
1546513747850807 9 -1
1546513747865135 15867 -1
1546513747865697 517 -1
1546513747865710 9 -1
1546513747885243 16377 -1
1546513747885261 7 -1
1546513747885267 9 -1
1546513747912282 16377 -1
1546513747912300 7 -1
1546513747912343 130 -1
1546513747912350 9 -1
1546513747921915 16377 -1
1546513747921934 7 -1
1546513747921940 257 -1
1546513747921948 124 -1
1546513747922061 131 -1
1546513747922724 129 -1
1546513747922732 116 -1
1546513747922790 130 -1
1546513747922795 9 -1
1546513747936948 16378 -1
1546513747936966 6 -1
1546513747936971 9 -1
1546513747954266 15867 -1
1546513747954282 517 -1
1546513747954965 9 -1
1546513747965495 15866 -1
1546513747965510 518 -1
1546513747965518 9 -1
1546513747975948 15866 -1
1546513747975971 518 -1
1546513747975978 9 -1
1546513747994120 16376 -1
1546513747994136 8 -1
1546513747994142 9 -1
1546513748019225 16376 -1
1546513748019241 8 -1
1546513748019341 9 -1
1546513748044021 16376 -1
1546513748044038 8 -1
1546513748044043 9 -1
1546513748073043 16377 -1
1546513748073059 7 -1
1546513748073114 9 -1
1546513748098139 16383 -1
1546513748098159 1 -1
1546513748098164 9 -1
1546513748117692 15865 -1
1546513748118620 519 -1
1546513748118632 9 -1
1546513748143916 15865 -1
1546513748143933 519 -1
1546513748143940 9 -1
1546513748177477 16375 -1
1546513748177497 9 -1
1546513748177503 9 -1
1546513748193822 16375 -1
1546513748193842 9 -1
1546513748193848 9 -1
1546513748209007 16375 -1
1546513748209028 9 -1
1546513748209034 9 -1
1546513748233123 16376 -1
1546513748233142 8 -1
1546513748233148 9 -1
1546513748252114 16382 -1
1546513748252133 2 -1
1546513748252139 9 -1
1546513748271227 15864 -1
1546513748271248 520 -1
1546513748271256 9 -1
1546513748285732 15864 -1
1546513748286304 520 -1
1546513748286317 9 -1
1546513748286322 880 -1
1546513748286445 9 -1
1546513748314332 16374 -1
1546513748314355 10 -1
1546513748314361 9 -1
1546513748314367 499 -1
1546513748314741 9 -1
1546513748320405 16375 -1
1546513748320424 9 -1
1546513748320432 9 -1
1546513748334021 16381 -1
1546513748334043 3 -1
1546513748334050 9 -1
1546513748347801 15863 -1
1546513748347822 521 -1
1546513748347831 9 -1
1546513748363489 15863 -1
1546513748365438 521 -1
1546513748365478 9 -1
1546513748368148 16373 -1
1546513748368165 11 -1
1546513748368170 9 -1
1546513748382828 16374 -1
1546513748382847 10 -1
1546513748383034 9 -1
1546513748407795 16380 -1
1546513748407815 4 -1
1546513748407822 9 -1
1546513748418576 15862 -1
1546513748418598 522 -1
1546513748418607 9 -1
1546513748430700 16383 -1
1546513748430718 1 -1
1546513748430724 9 -1
1546513748441681 16372 -1
1546513748441698 12 -1
1546513748441780 9 -1
1546513748451441 16373 -1
1546513748451459 11 -1
1546513748451485 9 -1
1546513748451490 1609 -1
1546513748451498 9 -1
1546513748456688 15861 -1
1546513748461159 523 -1
1546513748461175 9 -1
1546513748468313 16382 -1
1546513748468331 2 -1
1546513748468336 9 -1
1546513748485501 13677 -1
1546513748485521 9 -1
1546513748486344 16372 -1
1546513748486361 12 -1
1546513748486367 9 -1
1546513748490017 8331 -1
1546513748490244 9 -1
1546513748508144 16381 -1
1546513748508201 3 -1
1546513748508209 9 -1
1546513748518618 6867 -1
1546513748518640 9 -1
1546513748532836 16380 -1
1546513748532857 4 -1
1546513748532863 9 -1
1546513748548887 13976 -1
1546513748548917 9 -1
1546513748570656 16383 -1
1546513748570675 1 -1
1546513748570681 9 -1
1546513748581249 16383 -1
1546513748581267 1 -1
1546513748581273 9 -1
1546513748592626 16383 -1
1546513748592647 1 -1
1546513748592653 9 -1
1546513748605921 16383 -1
1546513748605940 1 -1
1546513748605946 9 -1
1546513748616537 15874 -1
1546513748616558 510 -1
1546513748616592 9 -1
1546513748625292 16383 -1
1546513748625307 1 -1
1546513748625315 9 -1
1546513748630297 16383 -1
1546513748630316 1 -1
1546513748630323 9 -1
1546513748633963 4432 -1
1546513748633978 9 -1
1546513748641669 16382 -1
1546513748641686 2 -1
1546513748641691 9 -1
1546513748647767 16382 -1
1546513748647791 2 -1
1546513748647798 9 -1
1546513748661522 16382 -1
1546513748661625 2 -1
1546513748661633 9 -1
1546513748664943 15873 -1
1546513748664962 511 -1
1546513748665132 9 -1
1546513748677371 16382 -1
1546513748677395 2 -1
1546513748677403 9 -1
1546513748679932 16382 -1
1546513748680098 2 -1
1546513748680199 9 -1
1546513748686958 16381 -1
1546513748686980 3 -1
1546513748687266 9 -1
1546513748697515 16381 -1
1546513748697537 3 -1
1546513748697545 9 -1
1546513748703803 16381 -1
1546513748703823 3 -1
1546513748703878 9 -1
1546513748711090 15872 -1
1546513748711141 512 -1
1546513748711157 9 -1
1546513748717075 79 1
1546513748718554 78 1
1546513748720292 78 1
1546513748720304 78 1
1546513748720419 78 1
1546513748733494 16381 -1
1546513748733554 3 -1
1546513748733560 9 -1
1546513748743088 16381 -1
1546513748743107 3 -1
1546513748743113 9 -1
1546513748743117 1035 -1
1546513748743327 9 -1
1546513748750087 13533 -1
1546513748750105 9 -1
1546513748752809 3564 -1
1546513748752831 9 -1
1546513748759215 14290 -1
1546513748759236 9 -1
1546513748762924 3483 -1
1546513748762943 9 -1
1546513748772209 16380 -1
1546513748772229 4 -1
1546513748772235 9 -1
1546513748787883 16379 -1
1546513748787902 5 -1
1546513748787910 9 -1
1546513748789033 1681 -1
1546513748789073 171 -1
1546513748789082 129 -1
1546513748789087 148 -1
1546513748789095 147 -1
1546513748789151 148 -1
1546513748789159 9 -1
1546513748790676 2439 -1
1546513748790693 9 -1
1546513748790698 2617 -1
1546513748790706 9 -1
1546513748791840 2617 -1
1546513748791856 9 -1
1546513748793553 3151 -1
1546513748793570 9 -1
1546513748793643 2261 -1
1546513748834884 63 1
1546513748834901 63 1
1546513748837842 63 1
1546513748837858 63 1
1546513748838041 62 1
1546513748840815 63 1
1546513748843285 233 -1
1546513748843356 9 -1
1546513748843982 5625 -1
1546513748843994 128 -1
1546513748843999 9 -1
1546513748849164 8122 -1
1546513748849181 130 -1
1546513748849186 9 -1
1546513748852970 6570 -1
1546513748852985 128 -1
1546513748852990 9 -1
1546513748853956 5620 -1
1546513748853973 129 -1
1546513748853977 9 -1
1546513748863668 7072 -1
1546513748863689 129 -1
1546513748863932 9 -1
1546513748864899 8016 -1
1546513755620930 17 1
