### "'243577 221323 259736 148336 210285 147955 158462 219859 152226 181833 39562 20816 50187 62685 52716 63442 52635 83601 8122 8016'"
0 0 0
1546513497322997 183 1
1546513497323012 58 1
1546513497323057 58 1
1546513497323068 59 1
1546513497323076 58 1
1546513497323105 78 1
1546513497323112 59 1
1546513497323120 59 1
1546513497323128 58 1
1546513497323134 58 1
1546513497325403 39 -1
1546513497325411 13 -1
1546513497326977 9 1
1546513497331206 9 -1
1546513497334284 295 -1
1546513497334303 9 -1
1546513497337798 15873 -1
1546513497355991 62 1
1546513497361855 511 -1
1546513497361869 9 -1
1546513497361879 58 1
1546513497361887 58 1
1546513497361895 58 1
1546513497361903 59 1
1546513497364784 58 1
1546513497364797 58 1
1546513497365492 15872 -1
1546513497365611 512 -1
1546513497365655 9 -1
1546513497367129 15871 -1
1546513497367146 513 -1
1546513497367152 9 -1
1546513497371244 15870 -1
1546513497371260 514 -1
1546513497371266 9 -1
1546513497374610 15869 -1
1546513497374630 515 -1
1546513497374638 9 -1
1546513497377470 15868 -1
1546513497377482 516 -1
1546513497377490 9 -1
1546513497379938 15867 -1
1546513497380305 517 -1
1546513497380314 9 -1
1546513497385898 15866 -1
1546513497385919 518 -1
1546513497385925 131 -1
1546513497386025 130 -1
1546513497386124 131 -1
1546513497386133 132 -1
1546513497386139 130 -1
1546513497386144 133 -1
1546513497386195 130 -1
1546513497386202 131 -1
1546513497386265 129 -1
1546513497386273 9 -1
1546513497387631 16383 -1
1546513497388254 1 -1
1546513497388260 9 -1
1546513497390054 15873 -1
1546513497390066 511 -1
1546513497390072 9 -1
1546513497394490 15873 -1
1546513497394507 511 -1
1546513497394515 9 -1
1546513497395729 15873 -1
1546513497395742 511 -1
1546513497395749 9 -1
1546513497399575 15873 -1
1546513497399592 511 -1
1546513497399658 9 -1
1546513497400273 2795 -1
1546513497406075 9 -1
1546513497406992 15873 -1
1546513497412323 511 -1
1546513497412347 9 -1
1546513497413410 15873 -1
1546513497413730 511 -1
1546513497413741 9 -1
1546513497414597 15873 -1
1546513497419385 511 -1
1546513497419503 9 -1
1546513497421535 16383 -1
1546513497421551 1 -1
1546513497421556 9 -1
1546513497423595 16382 -1
1546513497423613 2 -1
1546513497423618 9 -1
1546513497438129 15872 -1
1546513497438180 512 -1
1546513497438292 9 -1
1546513497439620 15872 -1
1546513497439773 512 -1
1546513497440751 9 -1
1546513497460823 15872 -1
1546513497460839 512 -1
1546513497460846 9 -1
1546513497483756 15872 -1
1546513497484810 512 -1
1546513497484829 9 -1
1546513497489358 15872 -1
1546513497506067 512 -1
1546513497506083 9 -1
1546513497529785 15872 -1
1546513497529802 512 -1
1546513497529809 9 -1
1546513497562703 15872 -1
1546513497568466 512 -1
1546513497568481 9 -1
1546513497610283 16382 -1
1546513497610299 2 -1
1546513497610306 9 -1
1546513497648896 16381 -1
1546513497648913 3 -1
1546513497648918 9 -1
1546513497685231 15871 -1
1546513497685882 513 -1
1546513497685910 9 -1
1546513497730004 15871 -1
1546513497730024 513 -1
1546513497730033 9 -1
1546513497753058 15871 -1
1546513497753127 513 -1
1546513497753137 9 -1
1546513497766968 15871 -1
1546513497766988 513 -1
1546513497766996 9 -1
1546513497778928 15871 -1
1546513497778947 513 -1
1546513497778954 9 -1
1546513497790839 15871 -1
1546513497790856 513 -1
1546513497790865 9 -1
1546513497805821 15871 -1
1546513497805839 513 -1
1546513497805848 9 -1
1546513497816391 16381 -1
1546513497816408 3 -1
1546513497816413 9 -1
1546513497832857 16380 -1
1546513497832924 4 -1
1546513497833272 9 -1
1546513497839399 15870 -1
1546513497839417 514 -1
1546513497839456 9 -1
1546513497859176 15870 -1
1546513497859194 514 -1
1546513497859202 9 -1
1546513497881526 15870 -1
1546513497881544 514 -1
1546513497881551 9 -1
1546513497920353 15870 -1
1546513497920370 514 -1
1546513497920377 130 -1
1546513497920419 258 -1
1546513497920443 130 -1
1546513497920471 124 -1
1546513497920477 129 -1
1546513497920505 9 -1
1546513497938314 15870 -1
1546513497938330 514 -1
1546513497938338 9 -1
1546513497965866 15870 -1
1546513497971392 514 -1
1546513497971410 9 -1
1546513497982782 15870 -1
1546513497982799 514 -1
1546513497982808 9 -1
1546513497994398 16380 -1
1546513497994417 4 -1
1546513497994423 116 -1
1546513497994540 130 -1
1546513497994546 9 -1
1546513498011343 16379 -1
1546513498011363 5 -1
1546513498011369 9 -1
1546513498041170 15869 -1
1546513498041188 515 -1
1546513498041196 9 -1
1546513498063849 15869 -1
1546513498063869 515 -1
1546513498063879 9 -1
1546513498081393 15869 -1
1546513498081413 515 -1
1546513498081421 9 -1
1546513498114716 15869 -1
1546513498114815 515 -1
1546513498114824 9 -1
1546513498126099 15869 -1
1546513498126118 515 -1
1546513498126125 9 -1
1546513498139881 15869 -1
1546513498139902 515 -1
1546513498140725 9 -1
1546513498151491 15869 -1
1546513498153566 515 -1
1546513498153585 9 -1
1546513498168136 16379 -1
1546513498168157 5 -1
1546513498168275 9 -1
1546513498182005 16378 -1
1546513498182028 6 -1
1546513498182035 9 -1
1546513498192648 15868 -1
1546513498192669 516 -1
1546513498192677 9 -1
1546513498211267 15868 -1
1546513498211288 516 -1
1546513498211296 9 -1
1546513498231142 15868 -1
1546513498231160 516 -1
1546513498231166 9 -1
1546513498243280 15868 -1
1546513498243299 516 -1
1546513498243306 9 -1
1546513498259582 15868 -1
1546513498259603 516 -1
1546513498259612 9 -1
1546513498305489 15868 -1
1546513498305511 516 -1
1546513498305519 9 -1
1546513498317146 15868 -1
1546513498317165 516 -1
1546513498317172 9 -1
1546513498330283 16378 -1
1546513498330305 6 -1
1546513498333072 9 -1
1546513498345812 14201 -1
1546513498345834 9 -1
1546513498357951 15867 -1
1546513498359518 517 -1
1546513498359536 9 -1
1546513498370034 15867 -1
1546513498370054 517 -1
1546513498370064 9 -1
1546513498381296 15867 -1
1546513498381966 517 -1
1546513498381980 9 -1
1546513498393852 15867 -1
1546513498393928 517 -1
1546513498393940 9 -1
1546513498402022 15867 -1
1546513498402039 517 -1
1546513498402046 9 -1
1546513498409745 15867 -1
1546513498409762 517 -1
1546513498409769 9 -1
1546513498417825 15867 -1
1546513498418665 517 -1
1546513498418691 9 -1
1546513498422098 16377 -1
1546513498422216 7 -1
1546513498422265 9 -1
1546513498428415 15866 -1
1546513498428435 518 -1
1546513498428441 9 -1
1546513498443131 15866 -1
1546513498443149 518 -1
1546513498443233 9 -1
1546513498443985 15866 -1
1546513498444000 518 -1
1546513498444007 9 -1
1546513498453794 15866 -1
1546513498453815 518 -1
1546513498453822 9 -1
1546513498462315 15866 -1
1546513498462334 518 -1
1546513498462344 9 -1
1546513498471424 15866 -1
1546513498477278 518 -1
1546513498478158 9 -1
1546513498488083 15866 -1
1546513498488103 518 -1
1546513498488111 9 -1
1546513498493874 16376 -1
1546513498493891 8 -1
1546513498493897 9 -1
1546513498512262 15865 -1
1546513498513046 519 -1
1546513498513060 9 -1
1546513498531356 15865 -1
1546513498531375 519 -1
1546513498531382 9 -1
1546513498570274 15865 -1
1546513498570294 519 -1
1546513498570302 9 -1
1546513498584462 15865 -1
1546513498584482 519 -1
1546513498584505 9 -1
1546513498599448 15865 -1
1546513498599728 519 -1
1546513498599742 9 -1
1546513498600884 79 1
1546513498601346 78 1
1546513498603837 78 1
1546513498604201 78 1
1546513498605831 78 1
1546513498627252 15865 -1
1546513498634403 519 -1
1546513498634422 9 -1
1546513498658149 15865 -1
1546513498658170 519 -1
1546513498658178 9 -1
1546513498678658 16375 -1
1546513498678681 9 -1
1546513498678689 9 -1
1546513498696645 15864 -1
1546513498696663 520 -1
1546513498696673 9 -1
1546513498704969 63 1
1546513498704983 63 1
1546513498714032 63 1
1546513498714048 63 1
1546513498714058 62 1
1546513498716265 15864 -1
1546513498716287 520 -1
1546513498716351 9 -1
1546513498716358 880 -1
1546513498716367 9 -1
1546513498716379 63 1
1546513498743118 15864 -1
1546513498743143 520 -1
1546513498743153 9 -1
1546513498751394 499 -1
1546513498751525 9 -1
1546513498757363 15864 -1
1546513498757380 520 -1
1546513498757452 9 -1
1546513498774833 15864 -1
1546513498774855 520 -1
1546513498774865 9 -1
1546513498775876 4770 -1
1546513498775891 9 -1
1546513498786132 15863 -1
1546513498786196 521 -1
1546513498786206 9 -1
1546513498802166 15863 -1
1546513498802187 521 -1
1546513498802197 9 -1
1546513498807334 15863 -1
1546513498807352 521 -1
1546513498807359 9 -1
1546513498824308 15863 -1
1546513498824323 521 -1
1546513498824330 9 -1
1546513498839310 15863 -1
1546513498840325 521 -1
1546513498840337 9 -1
1546513498862559 16383 -1
1546513498862574 1 -1
1546513498862579 9 -1
1546513498879380 15862 -1
1546513498879397 522 -1
1546513498879404 9 -1
1546513498893159 15862 -1
1546513498893181 522 -1
1546513498893190 9 -1
1546513498908974 15862 -1
1546513498908991 522 -1
1546513498909001 9 -1
1546513498909006 1609 -1
1546513498909014 9 -1
1546513498932504 16382 -1
1546513498932523 2 -1
1546513498932618 9 -1
1546513498971332 15861 -1
1546513498971351 523 -1
1546513498971358 9 -1
1546513498998943 13677 -1
1546513498998959 9 -1
1546513499023032 15861 -1
1546513499023052 523 -1
1546513499023423 9 -1
1546513499039293 8331 -1
1546513499039310 9 -1
1546513499045661 16383 -1
1546513499045679 1 -1
1546513499045685 9 -1
1546513499051430 6867 -1
1546513499051455 9 -1
1546513499065407 16382 -1
1546513499065427 2 -1
1546513499065433 9 -1
1546513499079798 13976 -1
1546513499079817 171 -1
1546513499079824 147 -1
1546513499079873 148 -1
1546513499081023 129 -1
1546513499081031 148 -1
1546513499081042 233 -1
1546513499081048 128 -1
1546513499081135 130 -1
1546513499081140 128 -1
1546513499081185 129 -1
1546513499081192 129 -1
1546513499081347 9 -1
1546513499088232 16383 -1
1546513499088252 1 -1
1546513499088258 9 -1
1546513499099211 15874 -1
1546513499099228 510 -1
1546513499099235 9 -1
1546513499110172 16383 -1
1546513499110304 1 -1
1546513499110310 9 -1
1546513499124298 15874 -1
1546513499124315 510 -1
1546513499124323 9 -1
1546513499137180 15874 -1
1546513499137196 510 -1
1546513499137203 9 -1
1546513499148562 16383 -1
1546513499148578 1 -1
1546513499148582 9 -1
1546513499155468 15874 -1
1546513499155487 510 -1
1546513499155495 9 -1
1546513499159906 2439 -1
1546513499159923 9 -1
1546513499161127 2617 -1
1546513499161166 9 -1
1546513499162891 2617 -1
1546513499162912 9 -1
1546513499165287 3151 -1
1546513499165344 9 -1
1546513499166681 2261 -1
1546513499166692 9 -1
1546513499176254 5625 -1
1546513499176273 9 -1
1546513499177933 8122 -1
1546513499177946 9 -1
1546513499181399 6570 -1
1546513499181415 9 -1
1546513499185977 5620 -1
1546513499185997 9 -1
1546513499190149 7072 -1
1546513499190162 9 -1
1546513499195826 8016 -1
1546513499195839 9 -1
1546513499199589 4432 -1
1546513499199599 9 -1
1546513499218331 15873 -1
1546513499218352 511 -1
1546513499218362 9 -1
1546513499235657 16382 -1
1546513499235749 2 -1
1546513499235755 9 -1
1546513499248448 15873 -1
1546513499248466 511 -1
1546513499248471 9 -1
1546513499261461 15873 -1
1546513499261477 511 -1
1546513499261482 9 -1
1546513499279148 16382 -1
1546513499279226 2 -1
1546513499279233 9 -1
1546513499287876 16383 -1
1546513499287891 1 -1
1546513499287895 9 -1
1546513499309799 15872 -1
1546513499309816 512 -1
1546513499309823 9 -1
1546513499326826 16381 -1
1546513499326841 3 -1
1546513499326845 9 -1
1546513499350523 15872 -1
1546513499350537 512 -1
1546513499354165 9 -1
1546513499376915 15872 -1
1546513499383059 512 -1
1546513499383152 9 -1
1546513499411442 16381 -1
1546513499411461 3 -1
1546513499411467 9 -1
1546513499429266 16382 -1
1546513499429283 2 -1
1546513499429288 9 -1
1546513499429292 1035 -1
1546513499429300 9 -1
1546513499444208 13533 -1
1546513499444227 9 -1
1546513499461875 3564 -1
1546513499461891 9 -1
1546513499472627 14290 -1
1546513499472646 9 -1
1546513499494505 3483 -1
1546513499494524 9 -1
1546513499522521 16381 -1
1546513499522541 3 -1
1546513499522547 9 -1
1546513499550266 16380 -1
1546513499550285 4 -1
1546513499550292 9 -1
1546513499550298 1681 -1
1546513505882240 17 1
0 0 0
1546513497361360 184 1
1546513497367455 39 -1
1546513497367462 13 -1
1546513497368472 9 1
1546513497372589 9 -1
1546513497373480 294 -1
1546513497373497 9 -1
1546513497414378 16383 -1
1546513497414392 1 -1
1546513497414397 9 -1
1546513497420493 16383 -1
1546513497420509 1 -1
1546513497420516 9 -1
1546513497421630 16382 -1
1546513497421641 2 -1
1546513497421646 9 -1
1546513497612458 16381 -1
1546513497612477 3 -1
1546513497612482 9 -1
1546513497612624 16380 -1
1546513497612634 4 -1
1546513497612638 9 -1
1546513497613249 16379 -1
1546513497614145 5 -1
1546513497614170 9 -1
1546513497614487 16383 -1
1546513497614501 1 -1
1546513497614507 9 -1
1546513497615617 16382 -1
1546513497615632 2 -1
1546513497615757 9 -1
1546513497615977 16381 -1
1546513497615989 3 -1
1546513497615994 9 -1
1546513497625870 11006 -1
1546513497630858 17 1
0 0 0
1546513497576173 195 1
0 0 0
1546513497377168 203 1
1546513497382959 39 -1
1546513497382967 13 -1
1546513497386865 9 1
1546513497388480 9 -1
1546513497389506 309 -1
1546513497389518 9 -1
1546513497389558 2263 -1
1546513497438490 17 1
0 0 0
1546513497544961 204 1
1546513497551774 39 -1
1546513497553440 9 1
1546513497554227 13 -1
1546513497554762 9 -1
1546513497561830 312 -1
1546513497561848 9 -1
1546513497565331 16383 -1
1546513497565348 1 -1
1546513497565355 9 -1
1546513497577283 16383 -1
1546513497577307 1 -1
1546513497577313 9 -1
1546513497579759 6794 -1
1546513497596553 17 1
0 0 0
1546513497319171 39 -1
1546513497319178 13 -1
1546513497322733 203 1
1546513497322749 9 1
1546513497329033 9 -1
1546513497330299 310 -1
1546513497330384 9 -1
1546513497330390 3685 -1
1546513497376799 17 1
