### "'80464 257117 31504 34154 137286 157519 111218 89151 167929 71830 46613 10778 9011 12104 9406 23596'"
0 0 0
1546514285090683 198 1
1546514285090698 58 1
1546514285090709 58 1
1546514285091130 78 1
1546514285092058 58 1
1546514285098051 39 -1
1546514285098115 13 -1
1546514285100094 9 1
1546514285102066 9 -1
1546514285102386 306 -1
1546514285102403 9 -1
1546514285119549 16383 -1
1546514285119569 1 -1
1546514285119577 9 -1
1546514285122227 62 1
1546514285124153 58 1
1546514285124263 16383 -1
1546514285124276 1 -1
1546514285124280 9 -1
1546514285124289 58 1
1546514285124416 16382 -1
1546514285124425 2 -1
1546514285124430 9 -1
1546514285124537 16381 -1
1546514285124545 3 -1
1546514285124549 130 -1
1546514285124554 9 -1
1546514285124654 15873 -1
1546514285124661 511 -1
1546514285124667 9 -1
1546514285124795 58 1
1546514285134007 15872 -1
1546514285134024 512 -1
1546514285134031 9 -1
1546514285134041 59 1
1546514285135567 15871 -1
1546514285135583 513 -1
1546514285135679 9 -1
1546514285137901 15870 -1
1546514285137920 514 -1
1546514285137928 9 -1
1546514285137938 87 1
1546514285142733 15869 -1
1546514285143451 515 -1
1546514285143469 9 -1
1546514285154354 15868 -1
1546514285154374 516 -1
1546514285154382 9 -1
1546514285159886 15867 -1
1546514285159912 517 -1
1546514285159923 9 -1
1546514285163306 15866 -1
1546514285163369 518 -1
1546514285168422 9 -1
1546514285184705 15865 -1
1546514285184721 519 -1
1546514285184775 9 -1
1546514285189859 15864 -1
1546514285189876 520 -1
1546514285189883 148 -1
1546514285189889 130 -1
1546514285189893 131 -1
1546514285189897 133 -1
1546514285189902 126 -1
1546514285189948 126 -1
1546514285189956 129 -1
1546514285189961 129 -1
1546514285189964 156 -1
1546514285189971 9 -1
1546514285200263 14928 -1
1546514285200286 9 -1
1546514285222153 16383 -1
1546514285222172 1 -1
1546514285222237 9 -1
1546514285235615 15874 -1
1546514285238112 510 -1
1546514285238195 9 -1
1546514285238423 2439 -1
1546514285238489 9 -1
1546514285250942 15873 -1
1546514285250960 511 -1
1546514285250968 9 -1
1546514285267205 16383 -1
1546514285267224 1 -1
1546514285267229 9 -1
1546514285281220 16383 -1
1546514285281238 1 -1
1546514285281244 9 -1
1546514285288190 16383 -1
1546514285288210 1 -1
1546514285288215 9 -1
1546514285296531 16383 -1
1546514285296552 1 -1
1546514285296558 9 -1
1546514285305073 16383 -1
1546514285305089 1 -1
1546514285305094 9 -1
1546514285311469 16383 -1
1546514285311488 1 -1
1546514285311520 9 -1
1546514285318522 16382 -1
1546514285318542 2 -1
1546514285318549 9 -1
1546514285333039 15873 -1
1546514285335368 511 -1
1546514285335387 9 -1
1546514285337621 15872 -1
1546514285337742 512 -1
1546514285337753 9 -1
1546514285344102 16382 -1
1546514285344119 2 -1
1546514285344124 9 -1
1546514285352865 16382 -1
1546514285352885 2 -1
1546514285352891 9 -1
1546514285361932 16382 -1
1546514285362022 2 -1
1546514285362031 9 -1
1546514285377570 16382 -1
1546514285377588 2 -1
1546514285377593 9 -1
1546514285394331 16382 -1
1546514285394353 2 -1
1546514285394360 9 -1
1546514285400072 16382 -1
1546514285400229 2 -1
1546514285400237 9 -1
1546514285407996 16381 -1
1546514285408035 3 -1
1546514285408041 9 -1
1546514285408407 1386 -1
1546514285408473 9 -1
1546514285423388 15871 -1
1546514285423404 513 -1
1546514285423411 9 -1
1546514285434002 16381 -1
1546514285434016 3 -1
1546514285434239 9 -1
1546514285445599 16381 -1
1546514285445621 3 -1
1546514285445627 9 -1
1546514285457359 16381 -1
1546514285457378 3 -1
1546514285457384 9 -1
1546514285467961 16381 -1
1546514285467978 3 -1
1546514285468074 9 -1
1546514285474879 16381 -1
1546514285474894 3 -1
1546514285474901 9 -1
1546514285485238 13845 -1
1546514285485257 9 -1
1546514285496754 16380 -1
1546514285496770 4 -1
1546514285496774 9 -1
1546514285506733 15870 -1
1546514285508450 514 -1
1546514285508463 9 -1
1546514285519682 16380 -1
1546514285519701 4 -1
1546514285519707 9 -1
1546514285530981 16380 -1
1546514285530997 4 -1
1546514285531003 9 -1
1546514285542465 16380 -1
1546514285542488 4 -1
1546514285542496 9 -1
1546514285559140 16380 -1
1546514285559155 4 -1
1546514285559372 9 -1
1546514285572411 16380 -1
1546514285572431 4 -1
1546514285572439 9 -1
1546514285593309 16379 -1
1546514285593325 5 -1
1546514285593331 9 -1
1546514285609800 15869 -1
1546514285609836 515 -1
1546514285609844 9 -1
1546514285621844 16379 -1
1546514285621860 5 -1
1546514285621865 9 -1
1546514285637741 16379 -1
1546514285637758 5 -1
1546514285637783 9 -1
1546514285658469 16379 -1
1546514285658486 5 -1
1546514285658491 9 -1
1546514285665817 16379 -1
1546514285665839 5 -1
1546514285665845 9 -1
1546514285670420 6294 -1
1546514285670438 9 -1
1546514285681219 11357 -1
1546514285681237 9 -1
1546514285697767 15868 -1
1546514285698319 516 -1
1546514285698334 9 -1
1546514285709123 16378 -1
1546514285709138 6 -1
1546514285709303 9 -1
1546514285720190 16378 -1
1546514285720207 6 -1
1546514285720212 9 -1
1546514285728789 7231 -1
1546514285728805 9 -1
1546514285745272 16378 -1
1546514285745287 6 -1
1546514285745293 9 -1
1546514285747160 15867 -1
1546514285747174 517 -1
1546514285747203 9 -1
1546514285771784 16377 -1
1546514285771805 7 -1
1546514285771813 9 -1
1546514285776627 12914 -1
1546514285776647 9 -1
1546514285788795 16377 -1
1546514285788813 7 -1
1546514285788818 9 -1
1546514285803841 15866 -1
1546514285803862 518 -1
1546514285803872 9 -1
1546514285828221 16376 -1
1546514285828239 8 -1
1546514285828244 9 -1
1546514285833950 16376 -1
1546514285833969 8 -1
1546514285834084 9 -1
1546514285839386 6214 -1
1546514285839401 9 -1
1546514285857396 16375 -1
1546514285857418 9 -1
1546514285857424 9 -1
1546514285866880 16375 -1
1546514285866900 9 -1
1546514285866907 9 -1
1546514285872377 10063 -1
1546514285872397 9 -1
1546514285885609 16374 -1
1546514285886502 10 -1
1546514285886746 9 -1
1546514285888800 4089 -1
1546514286232426 78 1
1546514286232442 79 1
1546514286232452 79 1
1546514286232914 78 1
1546514286232943 79 1
1546514286239626 262 -1
1546514286239644 9 -1
1546514286239715 2973 -1
1546514286245156 147 -1
1546514286245173 9 -1
1546514286246378 3507 -1
1546514286246396 148 -1
1546514286246402 9 -1
1546514286246427 2439 -1
1546514286246435 147 -1
1546514286246442 9 -1
1546514286250360 2973 -1
1546514286250378 148 -1
1546514286250384 9 -1
1546514286250856 2973 -1
1546514286377977 63 1
1546514286383246 62 1
1546514286383263 62 1
1546514286383320 63 1
1546514286390499 116 -1
1546514286390509 9 -1
1546514286394920 63 1
1546514286394938 63 1
1546514286405600 10778 -1
1546514286405622 128 -1
1546514286405629 9 -1
1546514286407397 9011 -1
1546514286407412 130 -1
1546514286407700 9 -1
1546514286411508 7862 -1
1546514286411527 129 -1
1546514286411533 9 -1
1546514286434110 12104 -1
1546514286434128 129 -1
1546514286434134 9 -1
1546514286438849 9406 -1
1546514286438887 130 -1
1546514286438893 9 -1
1546514286445021 5580 -1
1546514286558330 407 1
1546514286565138 264 -1
1546514286565153 9 -1
1546514286593209 16383 -1
1546514286593223 1 -1
1546514286593228 9 -1
1546514286604432 7212 -1
1546514293102630 17 1
0 0 0
1546514285168180 216 1
1546514285174839 39 -1
1546514285174849 13 -1
1546514285176059 9 1
1546514285184072 9 -1
1546514285184083 321 -1
1546514285184097 9 -1
1546514285186720 16383 -1
1546514285186932 1 -1
1546514285186939 9 -1
1546514285192903 15120 -1
1546514285229996 17 1
0 0 0
1546514285101791 207 1
0 0 0
1546514285135998 206 1
0 0 0
1546514285118062 206 1
1546514285126297 39 -1
1546514285126883 13 -1
1546514285128407 9 1
1546514285129532 9 -1
1546514285129543 311 -1
1546514285129555 9 -1
1546514285129885 2617 -1
1546514285134683 17 1
0 0 0
1546514285186565 206 1
