### "'148109 20346 49332 13502 210874 55797 48843 48284 67193 34914 57929 49327 63943 97152 43752 65590 45420 53795 66562 62892 89302 23822 236297 40223 8555 8693 8609'"
0 0 0
1546515260410498 203 1
0 0 0
1546515260462685 203 1
1546515260471903 39 -1
1546515260471912 13 -1
1546515260474698 9 -1
1546515260474881 311 -1
1546515260474895 9 -1
1546515260475595 2973 -1
1546515260482003 9 1
1546515260482091 17 1
0 0 0
1546515260401994 203 1
1546515260407386 39 -1
1546515260407392 13 -1
1546515260409514 9 1
1546515260411870 9 -1
1546515260412129 311 -1
1546515260412142 9 -1
1546515260446591 16383 -1
1546515260447024 1 -1
1546515260447033 9 -1
1546515260447040 3962 -1
1546515260462543 17 1
0 0 0
1546515260457374 183 1
1546515260462399 39 -1
1546515260463111 13 -1
1546515260464514 9 1
1546515260472731 9 -1
1546515260472911 293 -1
1546515260472924 9 -1
1546515260473989 16383 -1
1546515260474008 1 -1
1546515260474015 9 -1
1546515260474973 16383 -1
1546515260474987 1 -1
1546515260474992 9 -1
1546515260479428 10984 -1
1546515260508070 17 1
0 0 0
1546515260397038 196 1
1546515260397058 59 1
1546515260397069 59 1
1546515260397095 59 1
1546515260397104 59 1
1546515260397208 59 1
1546515260397218 59 1
1546515260397229 59 1
1546515260397238 58 1
1546515260397248 58 1
1546515260397288 58 1
1546515260397296 58 1
1546515260397399 58 1
1546515260397410 58 1
1546515260397419 58 1
1546515260397427 59 1
1546515260397436 58 1
1546515260397444 58 1
1546515260397919 39 -1
1546515260397926 13 -1
1546515260399167 9 1
1546515260404263 9 -1
1546515260405372 307 -1
1546515260405391 9 -1
1546515260405660 15853 -1
1546515260406274 531 -1
1546515260406350 9 -1
1546515260407138 15852 -1
1546515260407839 532 -1
1546515260407855 9 -1
1546515260428122 15851 -1
1546515260428139 533 -1
1546515260428413 9 -1
1546515260429441 15850 -1
1546515260429453 534 -1
1546515260429458 9 -1
1546515260430825 15849 -1
1546515260430842 535 -1
1546515260430851 9 -1
1546515260432765 15848 -1
1546515260432781 536 -1
1546515260432789 9 -1
1546515260434299 15847 -1
1546515260434315 537 -1
1546515260434322 9 -1
1546515260446432 15846 -1
1546515260446453 538 -1
1546515260446509 9 -1
1546515260451014 15845 -1
1546515260451106 539 -1
1546515260453256 9 -1
1546515260458671 653 -1
1546515260458688 131 -1
1546515260458693 132 -1
1546515260458698 130 -1
1546515260458702 131 -1
1546515260458707 131 -1
1546515260458711 130 -1
1546515260458715 126 -1
1546515260459544 131 -1
1546515260459630 131 -1
1546515260459826 129 -1
1546515260459831 244 -1
1546515260459844 130 -1
1546515260459847 131 -1
1546515260459853 130 -1
1546515260459953 130 -1
1546515260459959 94 -1
1546515260459965 107 -1
1546515260459969 9 -1
1546515260459982 91 1
1546515260459992 88 1
1546515260460000 87 1
1546515260460772 15874 -1
1546515260460788 510 -1
1546515260460795 9 -1
1546515260462105 15873 -1
1546515260462123 511 -1
1546515260462129 9 -1
1546515260464306 13502 -1
1546515260464326 9 -1
1546515260466853 15874 -1
1546515260466951 510 -1
1546515260466961 9 -1
1546515260467609 15874 -1
1546515260467625 510 -1
1546515260467631 9 -1
1546515260467741 16383 -1
1546515260467751 1 -1
1546515260467802 9 -1
1546515260467909 15874 -1
1546515260467919 510 -1
1546515260467924 9 -1
1546515260468066 15874 -1
1546515260468076 510 -1
1546515260468082 9 -1
1546515260468204 15874 -1
1546515260468213 510 -1
1546515260468219 9 -1
1546515260468363 15874 -1
1546515260468373 510 -1
1546515260468378 9 -1
1546515260475458 15874 -1
1546515260475472 510 -1
1546515260475576 9 -1
1546515260476833 15874 -1
1546515260476851 510 -1
1546515260476859 9 -1
1546515260486280 15874 -1
1546515260486297 510 -1
1546515260486304 9 -1
1546515260492056 15874 -1
1546515260492272 510 -1
1546515260492287 9 -1
1546515260501222 15874 -1
1546515260501243 510 -1
1546515260501253 9 -1
1546515260509878 15874 -1
1546515260509896 510 -1
1546515260510235 9 -1
1546515260515636 15874 -1
1546515260516535 510 -1
1546515260516567 9 -1
1546515260526404 15873 -1
1546515260526424 511 -1
1546515260526433 9 -1
1546515260540991 15872 -1
1546515260541013 512 -1
1546515260541021 9 -1
1546515260542738 15873 -1
1546515260542753 511 -1
1546515260542761 9 -1
1546515260549491 15873 -1
1546515260549509 511 -1
1546515260549516 9 -1
1546515260555408 16382 -1
1546515260555426 2 -1
1546515260555431 9 -1
1546515260569557 15873 -1
1546515260569590 511 -1
1546515260569599 9 -1
1546515260575032 15873 -1
1546515260575062 511 -1
1546515260575074 9 -1
1546515260590782 15873 -1
1546515260590799 511 -1
1546515260590806 9 -1
1546515260605732 15873 -1
1546515260605749 511 -1
1546515260605756 9 -1
1546515260630567 15873 -1
1546515260630627 511 -1
1546515260630740 9 -1
1546515260645100 15873 -1
1546515260645119 511 -1
1546515260645128 9 -1
1546515260662092 15873 -1
1546515260662111 511 -1
1546515260662118 9 -1
1546515260672106 15873 -1
1546515260672126 511 -1
1546515260672134 9 -1
1546515260679384 15873 -1
1546515260679405 511 -1
1546515260679413 9 -1
1546515260688797 15873 -1
1546515260688813 511 -1
1546515260688952 9 -1
1546515260702560 15873 -1
1546515260702575 511 -1
1546515260702581 9 -1
1546515260711901 15872 -1
1546515260711921 512 -1
1546515260711929 9 -1
1546515260724178 15871 -1
1546515260724196 513 -1
1546515260724203 9 -1
1546515260735258 15872 -1
1546515260735455 512 -1
1546515260735467 9 -1
1546515260748559 15872 -1
1546515260748658 512 -1
1546515260748786 9 -1
1546515260762983 16075 -1
1546515260763000 9 -1
1546515260768589 15516 -1
1546515260768604 9 -1
1546515260769460 2146 -1
1546515260769474 9 -1
1546515260783918 15872 -1
1546515260783935 512 -1
1546515260783941 9 -1
1546515260794116 15872 -1
1546515260794135 512 -1
1546515260794143 9 -1
1546515260813758 15872 -1
1546515260813778 512 -1
1546515260813785 9 -1
1546515260829569 15872 -1
1546515260829588 512 -1
1546515260829596 9 -1
1546515260843386 15872 -1
1546515260843403 512 -1
1546515260843411 9 -1
1546515260858447 15872 -1
1546515260858465 512 -1
1546515260858474 9 -1
1546515260863984 12652 -1
1546515260864049 9 -1
1546515260873478 15872 -1
1546515260873517 512 -1
1546515260873672 161 -1
1546515260874151 158 -1
1546515260874164 157 -1
1546515260874214 9 -1
1546515260883410 15872 -1
1546515260883429 512 -1
1546515260883436 9 -1
1546515260883443 180 -1
1546515260883492 9 -1
1546515260893981 15870 -1
1546515260897599 514 -1
1546515260897615 9 -1
1546515260912361 6645 -1
1546515260912379 9 -1
1546515260927216 15871 -1
1546515260927236 513 -1
1546515260927244 9 -1
1546515260936976 8777 -1
1546515260936993 9 -1
1546515260936997 175 -1
1546515260937004 9 -1
1546515260951940 15871 -1
1546515260952043 513 -1
1546515260952052 9 -1
1546515260962242 14791 -1
1546515260962260 9 -1
1546515260971617 15871 -1
1546515260971633 513 -1
1546515260971640 9 -1
1546515260978578 15871 -1
1546515260978595 513 -1
1546515260978601 9 -1
1546515260982492 4643 -1
1546515260982508 9 -1
1546515260991297 15871 -1
1546515260991316 513 -1
1546515260991324 9 -1
1546515260998584 15869 -1
1546515260998600 515 -1
1546515260998606 9 -1
1546515261007803 1657 -1
1546515261007820 9 -1
1546515261008904 15870 -1
1546515261008917 514 -1
1546515261008922 9 -1
1546515261008928 54 -1
1546515261008932 9 -1
1546515261009088 1026 -1
1546515261009095 9 -1
1546515261017209 15870 -1
1546515261017227 514 -1
1546515261017235 9 -1
1546515261026140 15868 -1
1546515261026162 516 -1
1546515261026171 9 -1
1546515261031035 15232 -1
1546515261031053 9 -1
1546515261045183 7382 -1
1546515261045198 9 -1
1546515261047050 15867 -1
1546515261049782 517 -1
1546515261049798 9 -1
1546515261059571 15866 -1
1546515261059587 518 -1
1546515261059593 9 -1
1546515261069582 15865 -1
1546515261069597 519 -1
1546515261069604 9 -1
1546515261079578 15864 -1
1546515261080142 520 -1
1546515261080157 9 -1
1546515261095278 15863 -1
1546515261095355 521 -1
1546515261095365 9 -1
1546515261105289 15862 -1
1546515261105302 522 -1
1546515261105688 9 -1
1546515261116389 14266 -1
1546515261116407 9 -1
1546515261132080 16383 -1
1546515261132099 1 -1
1546515261132105 9 -1
1546515261147173 16383 -1
1546515261147191 1 -1
1546515261147198 9 -1
1546515261159679 15835 -1
1546515261163862 549 -1
1546515261163877 9 -1
1546515261179038 16382 -1
1546515261179053 2 -1
1546515261179058 9 -1
1546515261179663 7438 -1
1546515261179674 9 -1
1546515261198740 16383 -1
1546515261198758 1 -1
1546515261203261 9 -1
1546515261218287 16381 -1
1546515261218308 3 -1
1546515261218315 9 -1
1546515261223892 7455 -1
1546515261223909 9 -1
1546515261239252 16380 -1
1546515261239365 4 -1
1546515261239372 9 -1
1546515261245957 16379 -1
1546515261245970 5 -1
1546515261246009 9 -1
1546515261255397 16378 -1
1546515261255411 6 -1
1546515261255417 9 -1
1546515261266061 16377 -1
1546515261266075 7 -1
1546515261266080 9 -1
1546515261271904 16376 -1
1546515261271945 8 -1
1546515261271951 9 -1
1546515261276667 16375 -1
1546515261277304 9 -1
1546515261277311 9 -1
1546515261282170 16374 -1
1546515261282186 10 -1
1546515261282191 9 -1
1546515261289557 16373 -1
1546515261289571 11 -1
1546515261289577 9 -1
1546515261294792 16372 -1
1546515261294807 12 -1
1546515261295045 9 -1
1546515261300140 16371 -1
1546515261300154 13 -1
1546515261300161 9 -1
1546515261305522 16370 -1
1546515261305533 14 -1
1546515261305538 9 -1
1546515261306864 6921 -1
1546515262022554 78 1
1546515262027626 78 1
1546515262027846 79 1
1546515262030087 171 -1
1546515262030657 9 -1
1546515262030679 78 1
1546515262030735 78 1
1546515262057373 3329 -1
1546515262057394 251 -1
1546515262057442 9 -1
1546515262057455 63 1
1546515262057466 63 1
1546515262057475 63 1
1546515262057518 63 1
1546515262057659 63 1
1546515262060457 3863 -1
1546515262060477 147 -1
1546515262060644 9 -1
1546515262060748 63 1
1546515262064433 3151 -1
1546515262064455 149 -1
1546515262064462 9 -1
1546515262065883 3151 -1
1546515262065901 143 -1
1546515262065910 9 -1
1546515262066421 3151 -1
1546515262066434 129 -1
1546515262066439 9 -1
1546515262067722 8555 -1
1546515262067740 129 -1
1546515262067748 9 -1
1546515262091283 8693 -1
1546515262091303 129 -1
1546515262091309 9 -1
1546515262093411 5514 -1
1546515262093674 129 -1
1546515262093680 9 -1
1546515262093782 1907 -1
1546515262094114 129 -1
1546515262094178 9 -1
1546515262103696 6335 -1
1546515262103716 129 -1
1546515262105932 9 -1
1546515262108422 8609 -1
1546515268592404 17 1
0 0 0
1546515260463182 183 1
1546515260465403 39 -1
1546515260465411 13 -1
1546515260466472 9 1
1546515260471252 9 -1
1546515260471262 292 -1
1546515260471276 9 -1
1546515260472834 16383 -1
1546515260472998 1 -1
1546515260473005 9 -1
1546515260475663 16382 -1
1546515260475802 2 -1
1546515260476545 9 -1
1546515260477591 16381 -1
1546515260477607 3 -1
1546515260477612 9 -1
1546515260489871 13740 -1
1546515260513076 17 1
