### "'69203 215681 24542 54762 66557 80501 39017 75295 143137 32321 31516 139921 91509 13129 181210 52634 57552 91956 9087 9409 10007 24542 54762'"
0 0 0
1546515701344424 202 1
1546515701344442 78 1
1546515701344475 78 1
1546515701344507 78 1
1546515701344667 88 1
1546515701344677 58 1
1546515701344786 67 1
1546515701344797 87 1
1546515701344931 67 1
1546515701344941 87 1
1546515701346545 67 1
1546515701346555 88 1
1546515701346562 68 1
1546515701346884 68 1
1546515701346892 87 1
1546515701346900 88 1
1546515701346907 88 1
1546515701346913 66 1
1546515701346920 88 1
1546515701346927 88 1
1546515701346933 87 1
1546515701347529 39 -1
1546515701347533 13 -1
1546515701348235 9 1
1546515701358090 9 -1
1546515701358098 313 -1
1546515701358108 9 -1
1546515701358113 1883 -1
1546515701358119 148 -1
1546515701358124 9 -1
1546515701365046 2083 -1
1546515701365064 147 -1
1546515701365177 9 -1
1546515701365183 2261 -1
1546515701365500 149 -1
1546515701365508 9 -1
1546515701365924 3507 -1
1546515701365936 119 -1
1546515701365941 9 -1
1546515701367736 15873 -1
1546515701367746 511 -1
1546515701367752 9 -1
1546515701373255 15872 -1
1546515701373319 512 -1
1546515701373326 9 -1
1546515701374179 15871 -1
1546515701374254 513 -1
1546515701374263 9 -1
1546515701375016 15870 -1
1546515701375032 514 -1
1546515701375038 9 -1
1546515701379127 15869 -1
1546515701379146 515 -1
1546515701379154 9 -1
1546515701383866 15868 -1
1546515701383882 516 -1
1546515701383888 9 -1
1546515701388195 15867 -1
1546515701388209 517 -1
1546515701388218 9 -1
1546515701391936 15866 -1
1546515701392389 518 -1
1546515701392399 9 -1
1546515701397335 15865 -1
1546515701397353 519 -1
1546515701397360 9 -1
1546515701402869 15864 -1
1546515701402884 520 -1
1546515701402890 9 -1
1546515701408083 15863 -1
1546515701408103 521 -1
1546515701408111 9 -1
1546515701412801 15862 -1
1546515701412919 522 -1
1546515701412928 9 -1
1546515701418579 15861 -1
1546515701420149 523 -1
1546515701420162 9 -1
1546515701420168 2689 -1
1546515701420175 148 -1
1546515701420180 156 -1
1546515701420186 160 -1
1546515701420192 156 -1
1546515701420198 149 -1
1546515701421413 282 -1
1546515701421481 155 -1
1546515701421487 156 -1
1546515701421630 142 -1
1546515701421636 162 -1
1546515701421643 159 -1
1546515701421648 155 -1
1546515701421814 156 -1
1546515701421821 154 -1
1546515701422017 159 -1
1546515701423094 288 -1
1546515701423104 9 -1
1546515701426923 15832 -1
1546515701426945 552 -1
1546515701426951 9 -1
1546515701436408 15838 -1
1546515701436429 546 -1
1546515701436437 9 -1
1546515701437448 15832 -1
1546515701438064 552 -1
1546515701438082 9 -1
1546515701447168 15838 -1
1546515701447185 546 -1
1546515701447193 9 -1
1546515701452981 15831 -1
1546515701452994 553 -1
1546515701453000 9 -1
1546515701462992 15838 -1
1546515701463011 546 -1
1546515701463019 9 -1
1546515701468220 15835 -1
1546515701468241 549 -1
1546515701468249 9 -1
1546515701478083 15838 -1
1546515701478209 546 -1
1546515701478218 9 -1
1546515701494738 15838 -1
1546515701494758 546 -1
1546515701494766 9 -1
1546515701519343 15831 -1
1546515701519361 553 -1
1546515701519407 9 -1
1546515701542615 15835 -1
1546515701542633 549 -1
1546515701542640 9 -1
1546515701557461 13129 -1
1546515701557572 9 -1
1546515701572224 15837 -1
1546515701573194 547 -1
1546515701573207 9 -1
1546515701587959 15835 -1
1546515701587975 549 -1
1546515701587982 9 -1
1546515701602977 15835 -1
1546515701603121 549 -1
1546515701603130 9 -1
1546515701613341 15832 -1
1546515701613359 552 -1
1546515701613403 9 -1
1546515701622308 15831 -1
1546515701622325 553 -1
1546515701622528 9 -1
1546515701628054 8158 -1
1546515701628068 9 -1
1546515701637482 15831 -1
1546515701638186 553 -1
1546515701638198 9 -1
1546515701643328 15837 -1
1546515701643339 547 -1
1546515701643346 9 -1
1546515701650968 15830 -1
1546515701652626 554 -1
1546515701652635 9 -1
1546515701664930 15837 -1
1546515701664949 547 -1
1546515701664959 9 -1
1546515701666451 15834 -1
1546515701666469 550 -1
1546515701666476 9 -1
1546515701672523 15837 -1
1546515701672534 100 -1
1546515701672659 9 -1
1546515701680731 15132 -1
1546515701680745 9 -1
1546515701695986 15830 -1
1546515701696013 554 -1
1546515701696025 9 -1
1546515701702266 15834 -1
1546515701702281 550 -1
1546515701702289 9 -1
1546515701712448 15836 -1
1546515701712466 548 -1
1546515701712474 9 -1
1546515701722760 15834 -1
1546515701722776 550 -1
1546515701722782 9 -1
1546515701731950 15834 -1
1546515701733663 550 -1
1546515701733677 9 -1
1546515701745176 15831 -1
1546515701745191 553 -1
1546515701745196 9 -1
1546515701755419 15830 -1
1546515701759867 554 -1
1546515701759885 9 -1
1546515701779211 15830 -1
1546515701779320 554 -1
1546515701779330 9 -1
1546515701799659 15836 -1
1546515701799675 548 -1
1546515701799826 9 -1
1546515701814966 15829 -1
1546515701814983 555 -1
1546515701814992 9 -1
1546515701823749 6249 -1
1546515701823796 9 -1
1546515701862789 15833 -1
1546515701862804 551 -1
1546515701862812 9 -1
1546515701888732 15829 -1
1546515701888837 555 -1
1546515701888845 9 -1
1546515701903870 15833 -1
1546515701903884 551 -1
1546515701903889 9 -1
1546515701918354 15835 -1
1546515701918371 549 -1
1546515701918376 9 -1
1546515701928900 15833 -1
1546515701928919 551 -1
1546515701928927 9 -1
1546515701933915 15833 -1
1546515701934407 551 -1
1546515701934420 9 -1
1546515701944575 15830 -1
1546515701944593 554 -1
1546515701944601 9 -1
1546515701959433 15829 -1
1546515701959449 555 -1
1546515701959454 9 -1
1546515701964085 5610 -1
1546515701964099 9 -1
1546515701968914 15835 -1
1546515701968929 549 -1
1546515701968937 9 -1
1546515701983299 15828 -1
1546515701983696 556 -1
1546515701984265 9 -1
1546515701994875 15832 -1
1546515701994890 552 -1
1546515701994898 9 -1
1546515702004388 15828 -1
1546515702009690 556 -1
1546515702009705 9 -1
1546515702024762 15832 -1
1546515702024779 552 -1
1546515702024814 9 -1
1546515702039723 15834 -1
1546515702039740 550 -1
1546515702039747 9 -1
1546515702044217 3482 -1
1546515702044256 9 -1
1546515702049514 8400 -1
1546515702049527 9 -1
1546515702086167 15829 -1
1546515702086199 555 -1
1546515702086359 9 -1
1546515702090007 1021 -1
1546515702090023 9 -1
1546515702109200 14965 -1
1546515702109215 9 -1
1546515702129894 15827 -1
1546515702134415 557 -1
1546515702134433 9 -1
1546515702149321 9759 -1
1546515702149967 9 -1
1546515702164727 15827 -1
1546515702164747 557 -1
1546515702164755 9 -1
1546515702178901 15831 -1
1546515702178919 553 -1
1546515702178935 9 -1
1546515702193843 15833 -1
1546515702193864 551 -1
1546515702193872 9 -1
1546515702200168 15828 -1
1546515702200189 556 -1
1546515702200197 9 -1
1546515702217150 15826 -1
1546515702217170 558 -1
1546515702217179 9 -1
1546515702225941 15826 -1
1546515702225958 558 -1
1546515702225966 9 -1
1546515702235298 9589 -1
1546515702235318 9 -1
1546515702244800 15832 -1
1546515702245647 552 -1
1546515702245660 9 -1
1546515702254751 10036 -1
1546515702254768 9 -1
1546515702261707 15825 -1
1546515702261724 559 -1
1546515702261731 9 -1
1546515702270522 15825 -1
1546515702270719 559 -1
1546515702270731 9 -1
1546515702276726 15831 -1
1546515702307206 553 -1
1546515702307230 9 -1
1546515702319295 15824 -1
1546515702319520 560 -1
1546515702319569 9 -1
1546515702319879 15824 -1
1546515702319894 560 -1
1546515702319901 9 -1
1546515702334465 15830 -1
1546515702334484 554 -1
1546515702334529 9 -1
1546515702341010 12065 -1
1546515702341115 9 -1
1546515702362516 8849 -1
1546515702362585 9 -1
1546515702372193 15829 -1
1546515702372213 555 -1
1546515702372221 9 -1
1546515702389853 15828 -1
1546515702389873 556 -1
1546515702389902 9 -1
1546515702394700 15827 -1
1546515702400060 557 -1
1546515702400078 9 -1
1546515702400311 986 -1
1546515702657986 81 1
1546515702658000 79 1
1546515702658532 78 1
1546515702658605 79 1
1546515702659677 78 1
1546515702663855 171 -1
1546515702663873 9 -1
1546515702664003 2439 -1
1546515702664012 148 -1
1546515702664017 9 -1
1546515702668910 2083 -1
1546515702669256 147 -1
1546515702669266 9 -1
1546515702674170 2973 -1
1546515702674187 144 -1
1546515702674240 9 -1
1546515702675523 3151 -1
1546515702675538 148 -1
1546515702675690 9 -1
1546515702675865 2617 -1
1546515702929761 63 1
1546515702938895 130 -1
1546515702939187 9 -1
1546515702943302 9087 -1
1546515703138580 63 1
1546515703138593 63 1
1546515703140260 63 1
1546515703145821 152 -1
1546515703145856 9 -1
1546515703151070 9409 -1
1546515703151086 128 -1
1546515703151091 9 -1
1546515703155768 7285 -1
1546515703155785 130 -1
1546515703155790 9 -1
1546515703159800 10007 -1
1546515703363372 63 1
1546515703364863 63 1
1546515703371059 229 -1
1546515703371076 9 -1
1546515703371767 4194 -1
1546515703375974 130 -1
1546515703375981 9 -1
1546515703390821 7917 -1
1546515705335291 67 1
1546515705341769 179 -1
1546515705341789 9 -1
1546515705352857 16383 -1
1546515705352876 1 -1
1546515705352883 9 -1
1546515705360859 8158 -1
1546515705428062 87 1
1546515705434728 160 -1
1546515705434747 9 -1
1546515705446244 16383 -1
1546515705446266 1 -1
1546515705446272 9 -1
1546515705460333 16383 -1
1546515705460354 1 -1
1546515705460540 9 -1
1546515705475084 16382 -1
1546515705475106 2 -1
1546515705475774 9 -1
1546515705483791 5610 -1
1546515709853776 17 1
0 0 0
1546515701158432 203 1
1546515701163673 39 -1
1546515701163681 13 -1
1546515701164882 9 1
1546515701169129 9 -1
1546515701169730 312 -1
1546515701186676 9 -1
1546515701196807 6987 -1
1546515701213131 17 1
0 0 0
1546515701090673 202 1
1546515701090688 78 1
1546515701090696 88 1
1546515701090703 78 1
1546515701090709 58 1
1546515701090715 78 1
0 0 0
1546515701157822 209 1
1546515701158363 39 -1
1546515701158545 13 -1
1546515701160725 9 1
1546515701162973 9 -1
1546515701164057 324 -1
1546515701164096 9 -1
1546515701165531 16383 -1
1546515701165548 1 -1
1546515701165554 9 -1
1546515701173920 16382 -1
1546515701173936 2 -1
1546515701173941 9 -1
1546515701179979 16383 -1
1546515701179999 1 -1
1546515701180084 9 -1
1546515701182135 16382 -1
1546515701182154 2 -1
1546515701182159 9 -1
1546515701182331 3667 -1
1546515701231098 17 1
0 0 0
1546515701140375 202 1
0 0 0
1546515701323594 194 1
0 0 0
1546515701095600 202 1
1546515701100968 39 -1
1546515701100977 13 -1
1546515701101989 9 1
1546515701104968 9 -1
1546515701106282 312 -1
1546515701106297 9 -1
1546515701106304 2261 -1
1546515701156053 17 1
