### "'227581 9938 8012 85598 131747 214270 159604 441573 192973 189656 327166 206422 41174 23668 35107 71354 70916 17481 61717 133888 68082 9930 24601'"
0 0 0
1546518212622736 213 1
1546518212622755 88 1
1546518212622771 88 1
1546518212622783 88 1
1546518212622792 88 1
1546518212622804 86 1
1546518212622818 88 1
1546518212622966 58 1
0 0 0
1546518212301523 186 1
1546518212306896 39 -1
1546518212307021 13 -1
1546518212310318 9 -1
1546518212311608 294 -1
1546518212311624 9 -1
1546518212314293 16383 -1
1546518212314313 1 -1
1546518212314319 9 -1
1546518212324912 16383 -1
1546518212324931 1 -1
1546518212324942 9 -1
1546518212332843 16382 -1
1546518212332860 2 -1
1546518212332865 9 -1
1546518212334240 16381 -1
1546518212334257 3 -1
1546518212334263 9 -1
1546518212335540 9 1
1546518212336728 16383 -1
1546518212336747 1 -1
1546518212336845 9 -1
1546518212337262 16382 -1
1546518212337277 2 -1
1546518212337282 9 -1
1546518212337386 16383 -1
1546518212337395 1 -1
1546518212337399 9 -1
1546518212337488 16382 -1
1546518212337497 2 -1
1546518212337501 9 -1
1546518212341453 16383 -1
1546518212341473 1 -1
1546518212342337 9 -1
1546518212343726 16382 -1
1546518212343743 2 -1
1546518212343886 9 -1
1546518212351668 16381 -1
1546518212352512 3 -1
1546518212353518 9 -1
1546518212355881 16380 -1
1546518212356847 4 -1
1546518212356855 9 -1
1546518212364548 16379 -1
1546518212364567 5 -1
1546518212364574 9 -1
1546518212367382 14589 -1
1546518212413979 17 1
0 0 0
1546518212315428 205 1
1546518212320043 39 -1
1546518212320051 13 -1
1546518212325086 9 -1
1546518212325094 312 -1
1546518212331970 9 1
1546518212355344 9 -1
1546518212355871 3507 -1
1546518212372826 17 1
0 0 0
1546518213876131 191 1
1546518213876284 63 1
1546518213876292 63 1
1546518213876300 63 1
1546518213876399 63 1
1546518213876657 63 1
1546518213881698 39 -1
1546518213881707 13 -1
1546518213886330 9 -1
1546518213886969 293 -1
1546518213886985 9 -1
1546518213889022 9938 -1
1546518213889037 130 -1
1546518213889180 9 -1
1546518213893130 7795 -1
1546518213893140 130 -1
1546518213893471 9 -1
1546518213896865 6837 -1
1546518213896874 130 -1
1546518213897150 9 -1
1546518213915119 8012 -1
1546518213915743 129 -1
1546518213915750 9 -1
1546518213916338 7995 -1
1546518213916833 130 -1
1546518213916838 9 -1
1546518213917028 7394 -1
1546518213924408 9 1
1546518216252310 89 1
1546518216259110 170 -1
1546518216261609 9 -1
1546518216261727 16383 -1
1546518216261740 1 -1
1546518216261745 9 -1
1546518216263798 16383 -1
1546518216263819 1 -1
1546518216263827 9 -1
1546518216270038 16382 -1
1546518216270057 2 -1
1546518216270064 9 -1
1546518216292113 16381 -1
1546518216292133 3 -1
1546518216292139 9 -1
1546518216296304 16383 -1
1546518216296324 1 -1
1546518216296331 9 -1
1546518216296667 3678 -1
1546518217291308 58 1
1546518217303422 154 -1
1546518217303881 9 -1
1546518217326653 16383 -1
1546518217326675 1 -1
1546518217326684 9 -1
1546518217328392 16383 -1
1546518217328414 1 -1
1546518217328420 9 -1
1546518217330681 16383 -1
1546518217330740 1 -1
1546518217330747 9 -1
1546518217335603 16383 -1
1546518217335637 1 -1
1546518217335644 9 -1
1546518217346987 16383 -1
1546518217347008 1 -1
1546518217347016 9 -1
1546518217349512 16383 -1
1546518217349651 1 -1
1546518217349659 9 -1
1546518217371954 16382 -1
1546518217372228 2 -1
1546518217372235 9 -1
1546518217391681 16383 -1
1546518217392398 1 -1
1546518217392406 9 -1
1546518217393969 675 -1
1546518217531103 77 1
1546518217531121 78 1
1546518217534914 59 1
1546518217534932 58 1
1546518217535887 58 1
1546518217538160 148 -1
1546518217538179 9 -1
1546518217538610 58 1
1546518217539080 58 1
1546518217539214 59 1
1546518217539226 78 1
1546518217539412 59 1
1546518217541011 78 1
1546518217542084 2439 -1
1546518217542102 148 -1
1546518217542110 9 -1
1546518217542570 3151 -1
1546518217545760 59 1
1546518217548098 188 -1
1546518217548119 9 -1
1546518217560468 16383 -1
1546518217560486 1 -1
1546518217560492 9 -1
1546518217590611 16383 -1
1546518217590672 1 -1
1546518217590682 9 -1
1546518217605834 16382 -1
1546518217605856 2 -1
1546518217605863 9 -1
1546518217640681 16381 -1
1546518217643845 3 -1
1546518217643927 9 -1
1546518217647179 58 1
1546518217647879 88 1
1546518217647891 88 1
1546518217649995 88 1
1546518217650011 88 1
1546518217669597 87 1
1546518217669613 58 1
1546518217674007 16383 -1
1546518217674037 1 -1
1546518217674044 9 -1
1546518217674277 87 1
1546518217691199 16382 -1
1546518217691222 2 -1
1546518217691229 9 -1
1546518217753996 16381 -1
1546518217754020 3 -1
1546518217797541 9 -1
1546518217814083 16380 -1
1546518217814102 4 -1
1546518217814108 9 -1
1546518217829725 16379 -1
1546518217829744 5 -1
1546518217829764 9 -1
1546518217862616 16378 -1
1546518217862632 6 -1
1546518217862639 9 -1
1546518217874708 16377 -1
1546518217875073 7 -1
1546518217875084 9 -1
1546518217898352 16376 -1
1546518217898372 8 -1
1546518217898379 9 -1
1546518217932128 16375 -1
1546518217932151 9 -1
1546518217932159 9 -1
1546518217938830 1278 -1
1546518217938849 163 -1
1546518217938864 131 -1
1546518217938868 132 -1
1546518217938972 119 -1
1546518217938980 131 -1
1546518217938987 71 -1
1546518217939183 130 -1
1546518217939189 135 -1
1546518217943654 154 -1
1546518217950761 118 -1
1546518217950776 157 -1
1546518217950791 230 -1
1546518217950798 189 -1
1546518217950805 157 -1
1546518217950811 129 -1
1546518217950817 155 -1
1546518217950822 154 -1
1546518217951608 9 -1
1546518217987252 15873 -1
1546518217987684 511 -1
1546518217987694 9 -1
1546518218023242 15873 -1
1546518218023264 511 -1
1546518218023272 9 -1
1546518218056911 15873 -1
1546518218056937 511 -1
1546518218056945 9 -1
1546518218091185 16383 -1
1546518218091336 1 -1
1546518218091343 9 -1
1546518218104322 15873 -1
1546518218104356 511 -1
1546518218105020 9 -1
1546518218108817 2111 -1
1546518218108838 9 -1
1546518218124677 15874 -1
1546518218124698 510 -1
1546518218125361 9 -1
1546518218125371 2617 -1
1546518218125810 9 -1
1546518218138685 16383 -1
1546518218138806 1 -1
1546518218138814 9 -1
1546518218159905 16383 -1
1546518218159926 1 -1
1546518218159932 9 -1
1546518218190164 16383 -1
1546518218190178 1 -1
1546518218190185 9 -1
1546518218213860 16383 -1
1546518218213892 1 -1
1546518218213898 9 -1
1546518218237739 16383 -1
1546518218238168 1 -1
1546518218238305 9 -1
1546518218247730 16383 -1
1546518218250015 1 -1
1546518218250022 9 -1
1546518218263780 15835 -1
1546518218263801 549 -1
1546518218263808 9 -1
1546518218279290 15875 -1
1546518218279306 509 -1
1546518218279313 9 -1
1546518218284461 16383 -1
1546518218284477 1 -1
1546518218284482 9 -1
1546518218302279 15872 -1
1546518218302293 512 -1
1546518218302301 9 -1
1546518218318479 15872 -1
1546518218318493 512 -1
1546518218318498 9 -1
1546518218349950 16383 -1
1546518218349970 1 -1
1546518218349977 9 -1
1546518218603347 16382 -1
1546518218603362 2 -1
1546518218603366 9 -1
1546518218628555 15872 -1
1546518218631730 512 -1
1546518218631744 9 -1
1546518218653672 15873 -1
1546518218653692 511 -1
1546518218653700 9 -1
1546518218673312 16382 -1
1546518218673326 2 -1
1546518218673331 9 -1
1546518218687678 7284 -1
1546518218687693 9 -1
1546518218740842 16382 -1
1546518218740858 2 -1
1546518218740863 9 -1
1546518218760575 16382 -1
1546518218760590 2 -1
1546518218760594 9 -1
1546518218773055 16382 -1
1546518218773069 2 -1
1546518218774191 9 -1
1546518218781807 16382 -1
1546518218781821 2 -1
1546518218781825 9 -1
1546518218794109 15834 -1
1546518218794123 550 -1
1546518218794503 9 -1
1546518218795062 1097 -1
1546518218795471 9 -1
1546518218810157 16382 -1
1546518218810172 2 -1
1546518218810176 9 -1
1546518218813181 15871 -1
1546518218814512 513 -1
1546518218814528 9 -1
1546518218831641 15871 -1
1546518218831663 513 -1
1546518218831672 9 -1
1546518218853210 16382 -1
1546518218853225 2 -1
1546518218853230 9 -1
1546518218875558 16381 -1
1546518218875579 3 -1
1546518218875585 9 -1
1546518218890078 15871 -1
1546518218890246 513 -1
1546518218890252 9 -1
1546518218912432 15872 -1
1546518218918129 512 -1
1546518218918142 9 -1
1546518218923274 8406 -1
1546518218923291 9 -1
1546518218923353 2339 -1
1546518218923361 9 -1
1546518218940510 16381 -1
1546518218940525 3 -1
1546518218940532 9 -1
1546518218954194 16381 -1
1546518218954214 3 -1
1546518218954220 9 -1
1546518218965170 16381 -1
1546518218965191 3 -1
1546518218965198 9 -1
1546518218986643 15833 -1
1546518218986665 551 -1
1546518218986674 9 -1
1546518219004850 16381 -1
1546518219004950 3 -1
1546518219004955 9 -1
1546518219021969 15870 -1
1546518219024082 514 -1
1546518219024092 9 -1
1546518219046294 15870 -1
1546518219046307 514 -1
1546518219046315 9 -1
1546518219066885 16381 -1
1546518219066900 3 -1
1546518219066904 9 -1
1546518219091958 16380 -1
1546518219091974 4 -1
1546518219091978 9 -1
1546518219108046 16383 -1
1546518219108060 1 -1
1546518219108067 9 -1
1546518219116529 15871 -1
1546518219116547 513 -1
1546518219119534 9 -1
1546518219133166 16380 -1
1546518219133184 4 -1
1546518219133190 9 -1
1546518219143467 16380 -1
1546518219143497 4 -1
1546518219143504 9 -1
1546518219151784 12565 -1
1546518219151871 9 -1
1546518219164936 15832 -1
1546518219164955 552 -1
1546518219164962 9 -1
1546518219179766 16380 -1
1546518219179781 4 -1
1546518219179787 9 -1
1546518219195891 15869 -1
1546518219195904 515 -1
1546518219195909 9 -1
1546518219204635 15869 -1
1546518219204646 515 -1
1546518219210535 9 -1
1546518219240815 16380 -1
1546518219240831 4 -1
1546518219240835 9 -1
1546518219279990 16379 -1
1546518219280016 5 -1
1546518219280024 9 -1
1546518219307439 16382 -1
1546518219307456 2 -1
1546518219307547 9 -1
1546518219332558 15870 -1
1546518219332573 514 -1
1546518219332578 9 -1
1546518219336823 5818 -1
1546518219336838 9 -1
1546518219342786 5380 -1
1546518219342798 9 -1
1546518219352879 16383 -1
1546518219352891 1 -1
1546518219352897 9 -1
1546518219358012 2546 -1
1546518219358021 9 -1
1546518219368035 15868 -1
1546518219368053 516 -1
1546518219368183 9 -1
1546518219387380 15868 -1
1546518219387928 516 -1
1546518219387934 9 -1
1546518219409279 16379 -1
1546518219409293 5 -1
1546518219409297 9 -1
1546518219435154 16378 -1
1546518219435168 6 -1
1546518219435255 9 -1
1546518219455681 16381 -1
1546518219455700 3 -1
1546518219455706 9 -1
1546518219479391 15869 -1
1546518219479406 515 -1
1546518219479411 9 -1
1546518219489805 16382 -1
1546518219489832 2 -1
1546518219489920 9 -1
1546518219503737 15867 -1
1546518219503753 517 -1
1546518219503760 9 -1
1546518219510008 15867 -1
1546518219510022 517 -1
1546518219510310 9 -1
1546518219530706 16378 -1
1546518219530720 6 -1
1546518219530724 9 -1
1546518219535368 16377 -1
1546518219535392 7 -1
1546518219535396 9 -1
1546518219560564 16380 -1
1546518219560580 4 -1
1546518219560586 9 -1
1546518219578943 15868 -1
1546518219578966 516 -1
1546518219578973 9 -1
1546518219592661 16381 -1
1546518219592676 3 -1
1546518219592696 9 -1
1546518219615636 15866 -1
1546518219615663 518 -1
1546518219615669 9 -1
1546518219654294 15866 -1
1546518219654315 518 -1
1546518219654322 9 -1
1546518219689792 16377 -1
1546518219703607 7 -1
1546518219703614 9 -1
1546518219725463 16376 -1
1546518219725478 8 -1
1546518219725962 9 -1
1546518219759266 16379 -1
1546518219759281 5 -1
1546518219759285 9 -1
1546518219761740 408 1
1546518219788210 15867 -1
1546518219788234 517 -1
1546518219788240 9 -1
1546518219810115 16380 -1
1546518219810131 4 -1
1546518219810135 9 -1
1546518219838095 15865 -1
1546518219838115 519 -1
1546518219838125 9 -1
1546518219865463 15865 -1
1546518219865483 519 -1
1546518219865491 9 -1
1546518219895982 16376 -1
1546518219896010 8 -1
1546518219896015 9 -1
1546518219919447 16375 -1
1546518219919462 9 -1
1546518219919467 9 -1
1546518219950288 16378 -1
1546518219950304 6 -1
1546518219950689 9 -1
1546518219966845 397 1
1546518219969771 16383 -1
1546518219969789 1 -1
1546518219969794 9 -1
1546518219974096 2816 -1
1546518219974111 9 -1
1546518219989757 12148 -1
1546518219989773 9 -1
1546518220018468 15864 -1
1546518220018488 520 -1
1546518220018496 9 -1
1546518220029827 16375 -1
1546518220029841 9 -1
1546518220029847 9 -1
1546518220039622 16374 -1
1546518220039636 10 -1
1546518220039641 9 -1
1546518220056347 16377 -1
1546518220056362 7 -1
1546518220056366 9 -1
1546518220065913 16382 -1
1546518220065926 2 -1
1546518220065931 9 -1
1546518220090216 15863 -1
1546518220090234 521 -1
1546518220090241 9 -1
1546518220102228 16374 -1
1546518220102453 10 -1
1546518220102461 9 -1
1546518220118147 16373 -1
1546518220118164 11 -1
1546518220118169 9 -1
1546518220132402 16376 -1
1546518220132420 8 -1
1546518220132425 9 -1
1546518220146478 16381 -1
1546518220146495 3 -1
1546518220146500 9 -1
1546518220158481 15862 -1
1546518220158496 522 -1
1546518220158503 9 -1
1546518220172777 12749 -1
1546518220172790 9 -1
1546518220193006 16372 -1
1546518220193025 12 -1
1546518220193030 9 -1
1546518220201230 9432 -1
1546518220201250 9 -1
1546518220215297 16380 -1
1546518220215312 4 -1
1546518220215316 9 -1
1546518220229958 15861 -1
1546518220229973 523 -1
1546518220229978 9 -1
1546518220242206 16371 -1
1546518220242226 13 -1
1546518220242457 9 -1
1546518220255571 9814 -1
1546518220255584 9 -1
1546518220270715 15860 -1
1546518220270730 524 -1
1546518220270736 9 -1
1546518220285484 16370 -1
1546518220285501 14 -1
1546518220285579 9 -1
1546518220301095 15859 -1
1546518220301110 525 -1
1546518220301116 9 -1
1546518220315994 16369 -1
1546518220316014 15 -1
1546518220316020 9 -1
1546518220327925 15858 -1
1546518220328967 526 -1
1546518220328983 9 -1
1546518220343345 16368 -1
1546518220343361 16 -1
1546518220343365 9 -1
1546518220355146 15857 -1
1546518220355160 527 -1
1546518220356291 9 -1
1546518220374345 16367 -1
1546518220374359 9 -1
1546518220388888 15856 -1
1546518220388902 160 -1
1546518220389178 137 -1
1546518220389186 9 -1
1546518220401927 16383 -1
1546518220401941 1 -1
1546518220401946 9 -1
1546518220413243 16383 -1
1546518220413256 1 -1
1546518220413260 9 -1
1546518220420337 16383 -1
1546518220420348 1 -1
1546518220421048 9 -1
1546518220425346 9930 -1
1546518220425357 9 -1
1546518220431850 16382 -1
1546518220431867 2 -1
1546518220431873 9 -1
1546518220444427 16382 -1
1546518220444442 2 -1
1546518220444448 9 -1
1546518220449976 8217 -1
1546518220455820 9 -1
1546518220464785 16381 -1
1546518220464802 3 -1
1546518220464806 9 -1
1546518220476177 15887 -1
1546518220476191 9 -1
1546518220489415 16380 -1
1546518220489430 4 -1
1546518220489434 9 -1
1546518220507811 16379 -1
1546518220507825 5 -1
1546518220507830 9 -1
1546518220525285 16378 -1
1546518220525305 6 -1
1546518220525909 9 -1
1546518220538298 16377 -1
1546518220538311 7 -1
1546518220538318 9 -1
1546518220559306 16376 -1
1546518220559324 8 -1
1546518220559331 9 -1
1546518220596028 16117 -1
1546518224045142 17 1
0 0 0
1546518212284380 205 1
1546518212284395 58 1
1546518212284405 58 1
1546518212284415 59 1
1546518212284423 59 1
1546518212286369 59 1
1546518212286382 59 1
1546518212286391 78 1
0 0 0
1546518212542874 205 1
1546518212552419 39 -1
1546518212553226 9 1
1546518212553836 13 -1
1546518212554225 9 -1
1546518212586521 311 -1
1546518212586539 9 -1
1546518212591939 3151 -1
1546518212597151 17 1
0 0 0
1546518212334496 198 1
0 0 0
1546518212292159 206 1
0 0 0
1546518213573024 205 1
1546518213573040 78 1
1546518213573051 78 1
1546518213573061 79 1
1546518213573070 79 1
