### "'8419 9363 42639 122754 88334 84081 107389 95449 49862 52590 142191 171715 256889 88305 102506 56946 12552 69274 26373'"
0 0 0
1546518896683973 203 1
1546518896683987 78 1
1546518896683995 79 1
1546518896684002 79 1
1546518896684009 78 1
0 0 0
1546518895336929 183 1
1546518895337067 79 1
1546518895337159 79 1
1546518895337169 78 1
1546518895337178 58 1
1546518895337191 58 1
1546518895337200 59 1
1546518895338877 88 1
1546518895339005 70 1
1546518895339075 58 1
1546518895339153 88 1
1546518895339228 89 1
1546518895339296 89 1
0 0 0
1546518896813792 188 1
1546518896813940 62 1
1546518896813950 63 1
1546518896814276 63 1
1546518896814541 63 1
1546518896814799 63 1
1546518896820092 39 -1
1546518896820100 13 -1
1546518896827454 9 1
1546518896829442 9 -1
1546518896829575 291 -1
1546518896829692 9 -1
1546518896830441 7328 -1
1546518896830460 129 -1
1546518896830465 9 -1
1546518896831307 8419 -1
1546518896831324 130 -1
1546518896831392 9 -1
1546518896831863 9363 -1
1546518896831919 129 -1
1546518896831953 9 -1
1546518896834873 6260 -1
1546518896834892 129 -1
1546518896834926 9 -1
1546518896835727 6129 -1
1546518896835764 131 -1
1546518896835770 9 -1
1546518896836478 4296 -1
1546518899310022 61 1
1546518899316340 153 -1
1546518899316361 9 -1
1546518899323066 16383 -1
1546518899323087 1 -1
1546518899323094 9 -1
1546518899323429 16383 -1
1546518899323446 1 -1
1546518899323453 9 -1
1546518899323536 9871 -1
1546518900294215 78 1
1546518900316703 58 1
1546518900316718 59 1
1546518900316909 87 1
1546518900317950 172 -1
1546518900318049 9 -1
1546518900318158 2617 -1
1546518900323261 74 -1
1546518900323273 9 -1
1546518900335068 59 1
1546518900337387 59 1
1546518900344143 16383 -1
1546518900344163 1 -1
1546518900344172 9 -1
1546518900345450 16383 -1
1546518900345471 1 -1
1546518900345477 9 -1
1546518900355008 16382 -1
1546518900355100 2 -1
1546518900355108 9 -1
1546518900357010 58 1
1546518900358337 16381 -1
1546518900358464 3 -1
1546518900358473 9 -1
1546518900360889 58 1
1546518900363100 16383 -1
1546518900363121 1 -1
1546518900363128 9 -1
1546518900364833 59 1
1546518900366042 78 1
1546518900369865 16382 -1
1546518900369883 2 -1
1546518900369987 9 -1
1546518900370192 59 1
1546518900372400 58 1
1546518900383313 16381 -1
1546518900383332 3 -1
1546518900383341 9 -1
1546518900387325 8066 -1
1546518900387348 73 -1
1546518900387353 162 -1
1546518900387362 235 -1
1546518900387368 131 -1
1546518900387452 9 -1
1546518900389899 15874 -1
1546518900389916 510 -1
1546518900389924 9 -1
1546518900399418 16383 -1
1546518900399447 1 -1
1546518900399823 9 -1
1546518900412944 16383 -1
1546518900412966 1 -1
1546518900412989 9 -1
1546518900422006 16383 -1
1546518900422182 1 -1
1546518900422189 9 -1
1546518900439484 15873 -1
1546518900441994 511 -1
1546518900442006 9 -1
1546518900466944 16382 -1
1546518900466969 2 -1
1546518900466975 9 -1
1546518900481281 16382 -1
1546518900481300 2 -1
1546518900481307 9 -1
1546518900482911 88 1
1546518900483364 89 1
1546518900490041 88 1
1546518900494549 59 1
1546518900495629 16382 -1
1546518900495646 2 -1
1546518900495715 9 -1
1546518900495830 88 1
1546518900501026 86 1
1546518900505787 15872 -1
1546518900505808 512 -1
1546518900505818 9 -1
1546518900526224 16381 -1
1546518900526243 3 -1
1546518900526333 9 -1
1546518900533111 16381 -1
1546518900533155 3 -1
1546518900534405 9 -1
1546518900542868 16381 -1
1546518900542887 3 -1
1546518900542896 9 -1
1546518900562131 15871 -1
1546518900562151 513 -1
1546518900562696 9 -1
1546518900583854 16380 -1
1546518900583876 4 -1
1546518900583885 9 -1
1546518900585560 16380 -1
1546518900585660 4 -1
1546518900585670 9 -1
1546518900599611 16380 -1
1546518900599630 4 -1
1546518900599796 9 -1
1546518900610386 15870 -1
1546518900610405 514 -1
1546518900610540 9 -1
1546518900635497 16379 -1
1546518900635519 5 -1
1546518900635528 9 -1
1546518900648800 16379 -1
1546518900649459 5 -1
1546518900649469 9 -1
1546518900683795 16379 -1
1546518900684175 5 -1
1546518900698408 9 -1
1546518900700229 6414 -1
1546518900700247 9 -1
1546518900704083 2161 -1
1546518900704108 9 -1
1546518900712002 16378 -1
1546518900712020 6 -1
1546518900713103 9 -1
1546518900727270 13529 -1
1546518900727292 9 -1
1546518900738694 9085 -1
1546518900738711 131 -1
1546518900738794 131 -1
1546518900738801 130 -1
1546518900739005 118 -1
1546518900739011 71 -1
1546518900739480 132 -1
1546518900739485 181 -1
1546518900739493 159 -1
1546518900739553 159 -1
1546518900739557 233 -1
1546518900739562 154 -1
1546518900739568 144 -1
1546518900739633 9 -1
1546518900753438 16383 -1
1546518900753455 1 -1
1546518900753460 9 -1
1546518900767376 16383 -1
1546518900767412 1 -1
1546518900767603 9 -1
1546518900790183 16383 -1
1546518900790206 1 -1
1546518900790213 9 -1
1546518900790219 1883 -1
1546518900790299 9 -1
1546518900803892 16383 -1
1546518900803912 1 -1
1546518900803919 9 -1
1546518900814799 16383 -1
1546518900814819 1 -1
1546518900815045 9 -1
1546518900830464 16383 -1
1546518900830486 1 -1
1546518900830494 9 -1
1546518900845777 16383 -1
1546518900845794 1 -1
1546518900845799 9 -1
1546518900855111 16383 -1
1546518900855131 1 -1
1546518900855139 9 -1
1546518900870093 12552 -1
1546518900870113 9 -1
1546518900883984 16383 -1
1546518900884004 1 -1
1546518900884011 9 -1
1546518900894028 16383 -1
1546518900894047 1 -1
1546518900894054 9 -1
1546518900915888 16382 -1
1546518900915904 2 -1
1546518900915909 9 -1
1546518900920709 16382 -1
1546518900920730 2 -1
1546518900921104 9 -1
1546518900943065 16382 -1
1546518900943086 2 -1
1546518900943091 9 -1
1546518900972500 16382 -1
1546518900972522 2 -1
1546518900973035 9 -1
1546518900992330 16382 -1
1546518900992346 2 -1
1546518900992352 9 -1
1546518901016798 16382 -1
1546518901016815 2 -1
1546518901016821 9 -1
1546518901027825 16382 -1
1546518901027842 2 -1
1546518901028310 9 -1
1546518901044605 16382 -1
1546518901044624 2 -1
1546518901044629 9 -1
1546518901067806 16382 -1
1546518901067825 2 -1
1546518901067871 9 -1
1546518901073096 9989 -1
1546518901073113 9 -1
1546518901087600 16381 -1
1546518901087760 3 -1
1546518901087765 9 -1
1546518901096335 16381 -1
1546518901096363 3 -1
1546518901096369 9 -1
1546518901111419 16381 -1
1546518901111433 3 -1
1546518901111438 9 -1
1546518901135967 16381 -1
1546518901135988 3 -1
1546518901135994 9 -1
1546518901138307 16381 -1
1546518901138357 3 -1
1546518901138364 9 -1
1546518901146087 16381 -1
1546518901146108 3 -1
1546518901146113 9 -1
1546518901156579 16381 -1
1546518901156594 3 -1
1546518901156640 9 -1
1546518901167170 16381 -1
1546518901167188 3 -1
1546518901167305 9 -1
1546518901177745 16381 -1
1546518901177761 3 -1
1546518901177767 9 -1
1546518901177771 710 -1
1546518901177777 9 -1
1546518901179466 3438 -1
1546518901179476 9 -1
1546518901191435 16380 -1
1546518901191462 4 -1
1546518901191467 9 -1
1546518901197440 16380 -1
1546518901197459 4 -1
1546518901197466 9 -1
1546518901207576 16380 -1
1546518901207597 4 -1
1546518901207604 9 -1
1546518901214818 16380 -1
1546518901214833 4 -1
1546518901214838 9 -1
1546518901229580 16380 -1
1546518901229600 4 -1
1546518901229605 9 -1
1546518901230671 7794 -1
1546518901230693 9 -1
1546518901246952 16380 -1
1546518901246971 4 -1
1546518901246980 9 -1
1546518901259839 16379 -1
1546518901259858 5 -1
1546518901259863 9 -1
1546518901281611 16379 -1
1546518901282701 5 -1
1546518901282710 9 -1
1546518901310783 16379 -1
1546518901310798 5 -1
1546518901311110 9 -1
1546518901328062 16379 -1
1546518901328078 5 -1
1546518901328380 9 -1
1546518901367590 16379 -1
1546518901367612 5 -1
1546518901367618 9 -1
1546518901372888 3738 -1
1546518901372915 9 -1
1546518901401915 16378 -1
1546518901401929 6 -1
1546518901403264 9 -1
1546518901438087 16378 -1
1546518901438101 6 -1
1546518901438163 9 -1
1546518901462631 16378 -1
1546518901462646 6 -1
1546518901462651 9 -1
1546518901493619 16378 -1
1546518901493635 6 -1
1546518901493640 9 -1
1546518901503411 6385 -1
1546518901503424 9 -1
1546518901528453 16377 -1
1546518901528467 7 -1
1546518901528750 9 -1
1546518901558507 16377 -1
1546518901558525 7 -1
1546518901558601 9 -1
1546518901573896 16377 -1
1546518901573916 7 -1
1546518901573921 9 -1
1546518901574522 4202 -1
1546518901574536 9 -1
1546518901590938 16376 -1
1546518901590953 8 -1
1546518901590957 9 -1
1546518901610659 16376 -1
1546518901610675 8 -1
1546518901610679 9 -1
1546518901620847 16376 -1
1546518901620876 8 -1
1546518901620971 9 -1
1546518901641200 11119 -1
1546518901641215 9 -1
1546518901651206 16375 -1
1546518901651224 9 -1
1546518901651230 9 -1
1546518901666737 16375 -1
1546518901667422 9 -1
1546518901667427 9 -1
1546518901684618 16374 -1
1546518901684633 10 -1
1546518901684639 9 -1
1546518901693707 16374 -1
1546518901693723 10 -1
1546518901693727 9 -1
1546518901700847 7875 -1
1546518901700865 9 -1
1546518901706207 16373 -1
1546518901706228 11 -1
1546518901706234 9 -1
1546518901716326 16372 -1
1546518901716346 12 -1
1546518901716351 9 -1
1546518901725848 16371 -1
1546518901725862 13 -1
1546518901725867 9 -1
1546518901740223 16370 -1
1546518901740243 14 -1
1546518901740248 9 -1
1546518901743029 16369 -1
1546518901743043 15 -1
1546518901744172 9 -1
1546518901764896 11129 -1
1546518906889734 17 1
0 0 0
1546518895247523 203 1
0 0 0
1546518895217878 195 1
1546518895222930 78 1
0 0 0
1546518895299777 204 1
