### "'90483 34535 10215 34841 31474 65017 142489 43419 241917 267456 18050 31542 39800 180486 135282 75080 99404 146016 66250 90440 96426 115642 104067'"
0 0 0
1546519719600402 206 1
1546519719604903 39 -1
1546519719604910 13 -1
1546519719605228 9 1
1546519719610461 9 -1
1546519719612284 310 -1
1546519719612302 9 -1
1546519719613204 3151 -1
1546519719652949 17 1
0 0 0
1546519719672942 206 1
1546519719677957 39 -1
1546519719677964 13 -1
1546519719679738 9 1
1546519719682472 9 -1
1546519719684081 311 -1
1546519719684213 9 -1
1546519719685137 3507 -1
1546519719724240 17 1
0 0 0
1546519719652069 198 1
1546519719662880 39 -1
1546519719662943 13 -1
1546519719663045 9 -1
1546519719663250 9 1
1546519719664582 306 -1
1546519719664599 9 -1
1546519719685941 16383 -1
1546519719685955 1 -1
1546519719685960 9 -1
1546519719687980 16382 -1
1546519719687995 2 -1
1546519719688000 9 -1
1546519719688766 16383 -1
1546519719688813 1 -1
1546519719688818 9 -1
1546519719692331 16382 -1
1546519719692355 2 -1
1546519719692362 9 -1
1546519719698246 16383 -1
1546519719698336 1 -1
1546519719698342 9 -1
1546519719705260 8563 -1
1546519719751311 17 1
0 0 0
1546519719605278 206 1
0 0 0
1546519719603206 206 1
1546519719603222 59 1
1546519719603229 59 1
1546519719603236 58 1
1546519719603243 59 1
1546519719603249 58 1
1546519719603256 58 1
0 0 0
1546519719834605 207 1
1546519719839536 39 -1
1546519719840159 9 1
1546519719845082 13 -1
1546519719845326 9 -1
1546519719845617 310 -1
1546519719845635 9 -1
1546519719862678 16383 -1
1546519719862709 1 -1
1546519719862715 9 -1
1546519719863403 16382 -1
1546519719863423 2 -1
1546519719863429 9 -1
1546519719863481 1767 -1
1546519719888387 17 1
0 0 0
1546519719916767 206 1
1546519719919106 78 1
1546519719919120 59 1
1546519719919128 59 1
1546519719919272 58 1
1546519719919351 59 1
1546519719919544 58 1
1546519719919614 58 1
1546519719919624 59 1
1546519719919634 88 1
1546519719919643 67 1
1546519719919658 89 1
1546519719919668 87 1
1546519719919677 89 1
1546519719919686 89 1
1546519719919695 89 1
1546519719919772 88 1
1546519719919783 87 1
1546519719919940 58 1
1546519719920070 58 1
1546519719920081 88 1
1546519719920090 87 1
0 0 0
1546519720952608 207 1
1546519720952632 78 1
1546519720953862 78 1
1546519720953903 78 1
1546519720953964 78 1
1546519720953974 63 1
1546519720953982 63 1
1546519720954066 63 1
1546519720954117 63 1
1546519720954155 63 1
1546519720954206 63 1
1546519720957858 39 -1
1546519720957869 13 -1
1546519720958419 9 1
1546519720962217 9 -1
1546519720962679 311 -1
1546519720962893 9 -1
1546519720963451 2439 -1
1546519720963497 148 -1
1546519720963506 9 -1
1546519720964028 2261 -1
1546519720964042 147 -1
1546519720964200 9 -1
1546519720965749 3685 -1
1546519720965842 149 -1
1546519720965849 9 -1
1546519720965905 2617 -1
1546519720965915 147 -1
1546519720965922 9 -1
1546519720967159 2617 -1
1546519720967177 129 -1
1546519720967545 9 -1
1546519720968320 6667 -1
1546519720968338 118 -1
1546519720968375 9 -1
1546519720973617 10215 -1
1546519720973637 130 -1
1546519720973643 9 -1
1546519720973649 2650 -1
1546519720974038 124 -1
1546519720974048 9 -1
1546519720977407 7901 -1
1546519720977425 130 -1
1546519720977431 9 -1
1546519720978341 6476 -1
1546519720978360 129 -1
1546519720978368 9 -1
1546519720978683 5037 -1
1546519723921544 90 1
1546519723934586 285 -1
1546519723934603 9 -1
1546519723937743 15835 -1
1546519723937755 549 -1
1546519723937763 9 -1
1546519723949962 15834 -1
1546519723949982 550 -1
1546519723949989 9 -1
1546519723954570 2073 -1
1546519724082144 78 1
1546519724082163 59 1
1546519724082665 59 1
1546519724084054 58 1
1546519724085750 78 1
1546519724093143 169 -1
1546519724093196 9 -1
1546519724094129 3151 -1
1546519724094150 73 -1
1546519724094155 9 -1
1546519724110093 58 1
1546519724110109 59 1
1546519724111368 59 1
1546519724111454 59 1
1546519724114960 15874 -1
1546519724114985 510 -1
1546519724114993 9 -1
1546519724116131 15090 -1
1546519724116154 148 -1
1546519724116162 9 -1
1546519724118082 3507 -1
1546519724118100 131 -1
1546519724118105 9 -1
1546519724122702 58 1
1546519724127445 16383 -1
1546519724127463 1 -1
1546519724127469 9 -1
1546519724141866 16383 -1
1546519724141885 1 -1
1546519724141961 9 -1
1546519724150822 59 1
1546519724152301 16382 -1
1546519724152323 2 -1
1546519724152330 9 -1
1546519724167483 15865 -1
1546519724168280 73 -1
1546519724169506 9 -1
1546519724185322 16383 -1
1546519724185345 1 -1
1546519724185352 9 -1
1546519724213530 16382 -1
1546519724213555 2 -1
1546519724213562 9 -1
1546519724220030 16381 -1
1546519724220052 3 -1
1546519724220058 9 -1
1546519724231686 88 1
1546519724242926 16380 -1
1546519724242957 4 -1
1546519724242965 9 -1
1546519724242978 88 1
1546519724242989 58 1
1546519724253006 87 1
1546519724259681 58 1
1546519724262374 88 1
1546519724262386 58 1
1546519724264591 87 1
1546519724264608 89 1
1546519724264619 88 1
1546519724268882 16379 -1
1546519724269042 5 -1
1546519724269049 9 -1
1546519724298430 16378 -1
1546519724298449 6 -1
1546519724298457 9 -1
1546519724320663 16377 -1
1546519724320684 7 -1
1546519724320934 9 -1
1546519724368557 16376 -1
1546519724368580 8 -1
1546519724368771 9 -1
1546519724384535 11417 -1
1546519724385727 130 -1
1546519724385803 130 -1
1546519724385942 95 -1
1546519724385946 131 -1
1546519724385975 129 -1
1546519724386037 130 -1
1546519724386044 264 -1
1546519724386054 9 -1
1546519724396557 16383 -1
1546519724396576 1 -1
1546519724396583 9 -1
1546519724411728 16383 -1
1546519724411746 1 -1
1546519724411753 9 -1
1546519724428094 16383 -1
1546519724428116 1 -1
1546519724428123 9 -1
1546519724447566 16383 -1
1546519724447947 1 -1
1546519724447956 9 -1
1546519724464257 16383 -1
1546519724464275 1 -1
1546519724464281 9 -1
1546519724480027 16383 -1
1546519724480047 1 -1
1546519724480053 9 -1
1546519724499531 16383 -1
1546519724499568 1 -1
1546519724499574 9 -1
1546519724509946 16382 -1
1546519724510042 2 -1
1546519724510054 9 -1
1546519724526317 16382 -1
1546519724526457 2 -1
1546519724526462 9 -1
1546519724544554 16382 -1
1546519724544573 2 -1
1546519724544579 9 -1
1546519724544586 1666 -1
1546519724544593 9 -1
1546519724560179 15158 -1
1546519724560197 9 -1
1546519724570573 16382 -1
1546519724570588 2 -1
1546519724570595 9 -1
1546519724585838 16382 -1
1546519724587203 2 -1
1546519724587211 9 -1
1546519724591847 10651 -1
1546519724591862 9 -1
1546519724603908 16381 -1
1546519724603929 3 -1
1546519724603936 9 -1
1546519724610530 16381 -1
1546519724613694 3 -1
1546519724613707 9 -1
1546519724640717 16381 -1
1546519724640749 3 -1
1546519724640756 9 -1
1546519724642540 7032 -1
1546519724642558 9 -1
1546519724655072 16380 -1
1546519724655225 4 -1
1546519724655235 9 -1
1546519724674940 16380 -1
1546519724674959 4 -1
1546519724674966 9 -1
1546519724705098 16380 -1
1546519724705116 4 -1
1546519724705121 9 -1
1546519724739174 16379 -1
1546519724739191 5 -1
1546519724739199 9 -1
1546519724804690 16379 -1
1546519724804710 5 -1
1546519724804717 9 -1
1546519724827568 16379 -1
1546519724827585 5 -1
1546519724827589 9 -1
1546519724843254 16378 -1
1546519724843269 6 -1
1546519724843274 9 -1
1546519724862733 16378 -1
1546519724862755 6 -1
1546519724862760 9 -1
1546519724889885 16378 -1
1546519724889907 6 -1
1546519724889914 9 -1
1546519724952554 16377 -1
1546519724952573 7 -1
1546519724952579 9 -1
1546519724992451 16377 -1
1546519724992465 7 -1
1546519724993140 9 -1
1546519725021845 16377 -1
1546519725021873 7 -1
1546519725021879 9 -1
1546519725041611 16376 -1
1546519725041627 8 -1
1546519725041631 9 -1
1546519725066327 16376 -1
1546519725066342 8 -1
1546519725066467 9 -1
1546519725078447 16376 -1
1546519725078468 8 -1
1546519725078474 182 -1
1546519725078482 131 -1
1546519725078487 130 -1
1546519725078493 158 -1
1546519725078681 162 -1
1546519725078689 131 -1
1546519725078693 160 -1
1546519725081422 159 -1
1546519725081434 160 -1
1546519725081440 9 -1
1546519725092169 16375 -1
1546519725092185 9 -1
1546519725092189 9 -1
1546519725109165 16375 -1
1546519725109443 9 -1
1546519725109695 9 -1
1546519725122152 16375 -1
1546519725122179 9 -1
1546519725122185 9 -1
1546519725128039 16374 -1
1546519725128054 10 -1
1546519725128061 9 -1
1546519725138035 16374 -1
1546519725138053 10 -1
1546519725138132 9 -1
1546519725148583 16374 -1
1546519725148600 10 -1
1546519725148606 9 -1
1546519725159655 16373 -1
1546519725159668 11 -1
1546519725159672 9 -1
1546519725167643 16373 -1
1546519725167851 11 -1
1546519725167858 9 -1
1546519725180366 16373 -1
1546519725180447 11 -1
1546519725180454 9 -1
1546519725187413 16372 -1
1546519725187428 12 -1
1546519725187433 9 -1
1546519725196628 16372 -1
1546519725196642 12 -1
1546519725196648 9 -1
1546519725196652 262 -1
1546519725196659 9 -1
1546519725204780 16371 -1
1546519725204799 13 -1
1546519725204805 9 -1
1546519725220301 16371 -1
1546519725220322 13 -1
1546519725220330 9 -1
1546519725227883 16370 -1
1546519725227907 14 -1
1546519725227912 9 -1
1546519725242039 16370 -1
1546519725242054 14 -1
1546519725242553 9 -1
1546519725251838 12541 -1
1546519725251856 9 -1
1546519725262567 16369 -1
1546519725262587 15 -1
1546519725262812 9 -1
1546519725270780 16368 -1
1546519725270796 16 -1
1546519725270800 9 -1
1546519725272518 5312 -1
1546519725272533 9 -1
1546519725280868 16383 -1
1546519725280888 1 -1
1546519725280894 9 -1
1546519725288002 16383 -1
1546519725288019 1 -1
1546519725288024 9 -1
1546519725294343 15831 -1
1546519725294414 553 -1
1546519725294481 9 -1
1546519725307898 16383 -1
1546519725307912 1 -1
1546519725308170 9 -1
1546519725309731 16383 -1
1546519725309753 1 -1
1546519725309759 9 -1
1546519725322282 15874 -1
1546519725322297 510 -1
1546519725322305 9 -1
1546519725338972 16383 -1
1546519725338988 1 -1
1546519725338993 9 -1
1546519725347935 16383 -1
1546519725347948 1 -1
1546519725348002 9 -1
1546519725362324 16383 -1
1546519725362339 1 -1
1546519725362343 9 -1
1546519725383100 16382 -1
1546519725383119 2 -1
1546519725383283 9 -1
1546519725397653 16382 -1
1546519725397668 2 -1
1546519725397825 9 -1
1546519725407538 15830 -1
1546519725408633 554 -1
1546519725408644 9 -1
1546519725424925 16382 -1
1546519725424942 2 -1
1546519725425005 9 -1
1546519725440685 16382 -1
1546519725440701 2 -1
1546519725440706 9 -1
1546519725458639 15873 -1
1546519725458654 511 -1
1546519725459949 9 -1
1546519725474652 16382 -1
1546519725474867 2 -1
1546519725474873 9 -1
1546519725486735 16382 -1
1546519725486750 2 -1
1546519725486755 9 -1
1546519725501827 16382 -1
1546519725501840 2 -1
1546519725501847 9 -1
1546519725512736 16381 -1
1546519725512749 3 -1
1546519725512753 9 -1
1546519725530636 16381 -1
1546519725530651 3 -1
1546519725530655 9 -1
1546519725546481 15829 -1
1546519725549956 555 -1
1546519725549972 9 -1
1546519725575094 16381 -1
1546519725575108 3 -1
1546519725575112 9 -1
1546519725609832 16381 -1
1546519725609849 3 -1
1546519725609853 9 -1
1546519725644954 15872 -1
1546519725644975 512 -1
1546519725645098 9 -1
1546519725673234 16381 -1
1546519725673255 3 -1
1546519725673260 9 -1
1546519725688071 16381 -1
1546519725688086 3 -1
1546519725688090 9 -1
1546519725704217 16381 -1
1546519725704241 3 -1
1546519725704247 9 -1
1546519725718289 16380 -1
1546519725718302 4 -1
1546519725718308 9 -1
1546519725737482 16380 -1
1546519725737551 4 -1
1546519725737555 9 -1
1546519725748172 15828 -1
1546519725748486 556 -1
1546519725748494 9 -1
1546519725759557 16380 -1
1546519725759567 4 -1
1546519725759572 9 -1
1546519725773036 16380 -1
1546519725773050 4 -1
1546519725773054 9 -1
1546519725796456 15871 -1
1546519725796882 513 -1
1546519725796912 9 -1
1546519725808629 16380 -1
1546519725808646 4 -1
1546519725808711 9 -1
1546519725823628 16380 -1
1546519725823654 4 -1
1546519725823661 9 -1
1546519725853623 16380 -1
1546519725853639 4 -1
1546519725853645 9 -1
1546519725868386 16379 -1
1546519725868399 5 -1
1546519725868405 9 -1
1546519725925723 16379 -1
1546519725925739 5 -1
1546519725925743 9 -1
1546519725949823 15827 -1
1546519725954878 557 -1
1546519725954894 9 -1
1546519725966499 9544 -1
1546519725966516 9 -1
1546519725966519 714 -1
1546519725966741 9 -1
1546519725976000 15870 -1
1546519725976015 514 -1
1546519725976020 9 -1
1546519725991309 16379 -1
1546519725991322 5 -1
1546519725991670 9 -1
1546519726001604 16379 -1
1546519726001619 5 -1
1546519726001623 9 -1
1546519726010075 16379 -1
1546519726010089 5 -1
1546519726010299 9 -1
1546519726021104 16378 -1
1546519726021118 6 -1
1546519726021122 9 -1
1546519726044579 16378 -1
1546519726044594 6 -1
1546519726044600 9 -1
1546519726064272 15826 -1
1546519726064288 558 -1
1546519726064293 9 -1
1546519726065752 8520 -1
1546519726065915 9 -1
1546519726116155 16378 -1
1546519726116170 6 -1
1546519726116174 9 -1
1546519726135824 14506 -1
1546519726135838 9 -1
1546519726160066 16378 -1
1546519726160081 6 -1
1546519726160086 9 -1
1546519726179623 16377 -1
1546519726179637 7 -1
1546519726179643 9 -1
1546519726179652 1100 -1
1546519726179656 9 -1
1546519726190519 15825 -1
1546519726190543 559 -1
1546519726190548 9 -1
1546519726204007 16377 -1
1546519726204025 7 -1
1546519726204030 9 -1
1546519726207715 5763 -1
1546519726207730 9 -1
1546519726214870 16376 -1
1546519726214886 8 -1
1546519726214892 9 -1
1546519726220187 15824 -1
1546519726220202 560 -1
1546519726220208 9 -1
1546519726222466 954 -1
1546519726222480 9 -1
1546519726224506 4210 -1
1546519726224523 9 -1
1546519726229410 14944 -1
1546519730655241 17 1
