### "'34535 107258 79666 27565 227730 117859 179543 80181 54295 30948 99681 69267 73338 157556 75516 91080 85014 48621 81313 59207 34841 10215 80181'"
0 0 0
1546520267288864 198 1
0 0 0
1546520267260847 207 1
1546520267260862 59 1
1546520267260872 59 1
1546520267261060 58 1
1546520267261187 59 1
1546520267263912 58 1
1546520267263937 58 1
1546520267265993 39 -1
1546520267266008 13 -1
1546520267267342 9 1
1546520267269999 9 -1
1546520267274263 310 -1
1546520267274440 9 -1
1546520267278630 15847 -1
1546520267278701 537 -1
1546520267278710 9 -1
1546520267278780 15846 -1
1546520267278845 538 -1
1546520267278852 9 -1
1546520267278856 1767 -1
1546520267278861 131 -1
1546520267280417 9 -1
1546520267290262 15873 -1
1546520267290279 511 -1
1546520267290444 9 -1
1546520267292858 15872 -1
1546520267292882 512 -1
1546520267292908 9 -1
1546520267297511 15871 -1
1546520267297541 513 -1
1546520267297549 9 -1
1546520267299438 15870 -1
1546520267299463 514 -1
1546520267299472 9 -1
1546520267302008 15869 -1
1546520267302027 515 -1
1546520267302036 9 -1
1546520267302842 15868 -1
1546520267302857 516 -1
1546520267302864 9 -1
1546520267308390 8954 -1
1546520267308408 131 -1
1546520267308413 131 -1
1546520267308418 132 -1
1546520267308423 131 -1
1546520267308426 131 -1
1546520267308430 9 -1
1546520267308568 15874 -1
1546520267308577 510 -1
1546520267308584 9 -1
1546520267310165 15873 -1
1546520267310210 511 -1
1546520267310578 9 -1
1546520267310904 15874 -1
1546520267311841 510 -1
1546520267311995 9 -1
1546520267343677 15873 -1
1546520267343696 511 -1
1546520267343703 9 -1
1546520267355340 15873 -1
1546520267355359 511 -1
1546520267355410 9 -1
1546520267361785 62 1
1546520267366954 88 1
1546520267368125 67 1
1546520267373393 89 1
1546520267374975 15873 -1
1546520267377320 87 1
1546520267381305 511 -1
1546520267381358 9 -1
1546520267381530 89 1
1546520267385222 89 1
1546520267387168 89 1
1546520267389812 88 1
1546520267391976 87 1
1546520267393407 58 1
1546520267396622 58 1
1546520267400070 88 1
1546520267403069 87 1
1546520267423643 15872 -1
1546520267423669 512 -1
1546520267423714 9 -1
1546520267439230 11181 -1
1546520267439250 9 -1
1546520267476517 15872 -1
1546520267476599 512 -1
1546520267476610 9 -1
1546520267496343 15872 -1
1546520267496359 512 -1
1546520267496407 9 -1
1546520267531181 15872 -1
1546520267531203 512 -1
1546520267531212 9 -1
1546520267558274 15871 -1
1546520267558319 513 -1
1546520267558329 9 -1
1546520267580284 15871 -1
1546520267580583 513 -1
1546520267580658 9 -1
1546520267598415 15871 -1
1546520267598450 513 -1
1546520267598462 9 -1
1546520267623701 15871 -1
1546520267627950 513 -1
1546520267628025 9 -1
1546520267646739 15870 -1
1546520267646760 514 -1
1546520267646769 9 -1
1546520267676711 15870 -1
1546520267676780 514 -1
1546520267676789 9 -1
1546520267708366 15870 -1
1546520267708384 514 -1
1546520267708393 9 -1
1546520267763361 14130 -1
1546520267763390 9 -1
1546520267794467 15869 -1
1546520267794522 515 -1
1546520267794532 9 -1
1546520267838323 15869 -1
1546520267838451 515 -1
1546520267838462 9 -1
1546520267867445 15869 -1
1546520267867470 515 -1
1546520267867477 9 -1
1546520267892326 15868 -1
1546520267892344 516 -1
1546520267892439 9 -1
1546520267904112 15868 -1
1546520267908032 516 -1
1546520267908053 9 -1
1546520267936800 15868 -1
1546520267936824 516 -1
1546520267936833 9 -1
1546520267972627 15867 -1
1546520267972664 517 -1
1546520267972673 9 -1
1546520267990946 15867 -1
1546520267994983 517 -1
1546520267995000 9 -1
1546520268014895 15867 -1
1546520268014914 517 -1
1546520268014921 9 -1
1546520268029546 15866 -1
1546520268029565 518 -1
1546520268029733 9 -1
1546520268036273 3171 -1
1546520268036292 9 -1
1546520268046772 15866 -1
1546520268046792 518 -1
1546520268046880 9 -1
1546520268067968 15865 -1
1546520268067985 519 -1
1546520268067992 9 -1
1546520268070164 15865 -1
1546520268070181 519 -1
1546520268070189 9 -1
1546520268080535 15864 -1
1546520268080571 520 -1
1546520268080580 9 -1
1546520268086020 15864 -1
1546520268086473 520 -1
1546520268086485 9 -1
1546520268100298 15863 -1
1546520268100326 521 -1
1546520268100468 9 -1
1546520268106430 15703 -1
1546520268106447 9 -1
1546520268119687 15862 -1
1546520268119783 522 -1
1546520268119992 9 -1
1546520268126223 15861 -1
1546520268130378 523 -1
1546520268130402 9 -1
1546520268146387 14738 -1
1546520268146411 130 -1
1546520268146682 158 -1
1546520268146704 143 -1
1546520268146713 158 -1
1546520268147632 286 -1
1546520268147668 159 -1
1546520268147845 161 -1
1546520268147855 155 -1
1546520268147937 130 -1
1546520268147943 158 -1
1546520268148293 130 -1
1546520268148303 159 -1
1546520268148310 159 -1
1546520268148318 145 -1
1546520268148324 9 -1
1546520268157294 16383 -1
1546520268157309 1 -1
1546520268157314 9 -1
1546520268168741 16383 -1
1546520268168761 1 -1
1546520268168768 9 -1
1546520268178677 16383 -1
1546520268178708 1 -1
1546520268178714 9 -1
1546520268191688 16383 -1
1546520268191735 1 -1
1546520268191743 9 -1
1546520268207164 16383 -1
1546520268207185 1 -1
1546520268207191 9 -1
1546520268240225 16383 -1
1546520268240242 1 -1
1546520268240248 9 -1
1546520268250160 15834 -1
1546520268250178 550 -1
1546520268250185 9 -1
1546520268266769 16383 -1
1546520268266797 1 -1
1546520268266803 9 -1
1546520268297930 16383 -1
1546520268297970 1 -1
1546520268297978 9 -1
1546520268303973 15835 -1
1546520268303996 549 -1
1546520268304050 9 -1
1546520268316229 16383 -1
1546520268316335 1 -1
1546520268316342 9 -1
1546520268331368 16383 -1
1546520268331962 1 -1
1546520268331975 9 -1
1546520268341134 15835 -1
1546520268341154 549 -1
1546520268341162 9 -1
1546520268352437 16383 -1
1546520268352569 1 -1
1546520268352613 9 -1
1546520268366754 16382 -1
1546520268373257 2 -1
1546520268373275 9 -1
1546520268379498 16382 -1
1546520268379516 2 -1
1546520268379817 9 -1
1546520268389746 14564 -1
1546520268389768 9 -1
1546520268409905 16382 -1
1546520268409926 2 -1
1546520268409933 9 -1
1546520268424414 16382 -1
1546520268424434 2 -1
1546520268424439 9 -1
1546520268439017 16382 -1
1546520268439075 2 -1
1546520268439081 9 -1
1546520268453843 15833 -1
1546520268453861 551 -1
1546520268453867 9 -1
1546520268463154 16382 -1
1546520268463177 2 -1
1546520268463183 9 -1
1546520268479885 16382 -1
1546520268479915 2 -1
1546520268479921 9 -1
1546520268490829 16383 -1
1546520268490851 1 -1
1546520268490858 9 -1
1546520268501724 16382 -1
1546520268501743 2 -1
1546520268502661 9 -1
1546520268512381 16382 -1
1546520268512403 2 -1
1546520268512409 9 -1
1546520268524846 15834 -1
1546520268524866 550 -1
1546520268525110 9 -1
1546520268531396 16382 -1
1546520268531415 2 -1
1546520268531512 9 -1
1546520268544626 16381 -1
1546520268544648 3 -1
1546520268544655 9 -1
1546520268559601 16381 -1
1546520268559628 3 -1
1546520268559635 9 -1
1546520268565123 16381 -1
1546520268565142 3 -1
1546520268565148 9 -1
1546520268583939 16381 -1
1546520268583957 3 -1
1546520268583963 9 -1
1546520268596009 16381 -1
1546520268596521 3 -1
1546520268600117 9 -1
1546520268627015 15832 -1
1546520268627036 552 -1
1546520268627045 9 -1
1546520268648602 16381 -1
1546520268648635 3 -1
1546520268648644 9 -1
1546520268673154 16381 -1
1546520268674247 3 -1
1546520268674255 9 -1
1546520268699157 16382 -1
1546520268699288 2 -1
1546520268699301 9 -1
1546520268722998 15853 -1
1546520268723018 9 -1
1546520268739527 16381 -1
1546520268739549 3 -1
1546520268739557 9 -1
1546520268763327 15833 -1
1546520268763392 551 -1
1546520268763444 9 -1
1546520268764371 2073 -1
1546520268764392 9 -1
1546520268791245 16380 -1
1546520268791269 4 -1
1546520268791276 9 -1
1546520268793100 5143 -1
1546520268793212 9 -1
1546520268849568 16380 -1
1546520268849588 4 -1
1546520268849595 9 -1
1546520268879973 16380 -1
1546520268879995 4 -1
1546520268880001 9 -1
1546520268893515 16380 -1
1546520268893534 4 -1
1546520268893540 9 -1
1546520268906745 15831 -1
1546520268906765 553 -1
1546520268906773 9 -1
1546520268928687 16380 -1
1546520268928709 4 -1
1546520268928717 9 -1
1546520268934129 79 1
1546520268934478 78 1
1546520268935798 78 1
1546520268938022 16380 -1
1546520268938039 4 -1
1546520268938044 9 -1
1546520268940250 78 1
1546520268941962 78 1
1546520268954104 16381 -1
1546520268954124 3 -1
1546520268954132 9 -1
1546520268968950 16380 -1
1546520268968968 4 -1
1546520268969010 9 -1
1546520268981354 10055 -1
1546520268981932 9 -1
1546520268992053 14645 -1
1546520268992075 9 -1
1546520268992923 63 1
1546520268996411 63 1
1546520269010038 63 1
1546520269010056 63 1
1546520269010169 63 1
1546520269010178 63 1
1546520269026936 16379 -1
1546520269027453 5 -1
1546520269027460 9 -1
1546520269031843 3731 -1
1546520269031862 9 -1
1546520269045574 7802 -1
1546520269045593 9 -1
1546520269076254 15830 -1
1546520269076276 554 -1
1546520269076465 9 -1
1546520269097488 16379 -1
1546520269097507 5 -1
1546520269097515 9 -1
1546520269107938 9980 -1
1546520269107959 9 -1
1546520269124444 16380 -1
1546520269124465 4 -1
1546520269124472 9 -1
1546520269132751 15777 -1
1546520269132782 9 -1
1546520269142611 16378 -1
1546520269142634 6 -1
1546520269142641 9 -1
1546520269149708 15829 -1
1546520269149729 555 -1
1546520269149739 9 -1
1546520269153124 9160 -1
1546520269153145 9 -1
1546520269154961 3094 -1
1546520269154979 9 -1
1546520269155516 1377 -1
1546520269155530 9 -1
1546520269164396 16383 -1
1546520269164421 1 -1
1546520269164427 9 -1
1546520269170652 16382 -1
1546520269170674 2 -1
1546520269170680 9 -1
1546520269176399 16381 -1
1546520269176422 3 -1
1546520269176428 9 -1
1546520269185374 10100 -1
1546520269185404 275 -1
1546520269185412 147 -1
1546520269185421 148 -1
1546520269185427 149 -1
1546520269185810 134 -1
1546520269185821 129 -1
1546520269185828 153 -1
1546520269185891 118 -1
1546520269186058 124 -1
1546520269186938 130 -1
1546520269186950 129 -1
1546520269186955 9 -1
1546520269187979 2439 -1
1546520269187998 9 -1
1546520269188619 3685 -1
1546520269188639 9 -1
1546520269192315 2261 -1
1546520269192335 9 -1
1546520269192343 2617 -1
1546520269192351 9 -1
1546520269193482 2617 -1
1546520269193500 9 -1
1546520269193556 6667 -1
1546520269193632 9 -1
1546520269193637 2650 -1
1546520269193644 9 -1
1546520269201571 10215 -1
1546520269201732 9 -1
1546520269202141 7901 -1
1546520269202159 9 -1
1546520269203925 5037 -1
1546520269204049 9 -1
1546520269206518 6476 -1
1546520271642831 59 1
1546520271652130 257 -1
1546520271652151 9 -1
1546520271659284 16383 -1
1546520271659300 1 -1
1546520271659306 9 -1
1546520271682561 16383 -1
1546520271682684 1 -1
1546520271682923 9 -1
1546520271692368 16383 -1
1546520271692417 1 -1
1546520271692425 9 -1
1546520271703447 16383 -1
1546520271703958 1 -1
1546520271704241 9 -1
1546520271716239 14645 -1
1546520276026942 17 1
0 0 0
1546520267291091 206 1
0 0 0
1546520267309288 206 1
0 0 0
1546520267351540 206 1
0 0 0
1546520267511770 206 1
1546520267516537 39 -1
1546520267517167 9 1
1546520267522590 13 -1
1546520267522599 9 -1
1546520267529424 311 -1
1546520267529441 9 -1
1546520267529448 3507 -1
1546520267566256 17 1
