### "'29021 8915 8896 8718 8699 8579 106762 88990 48578 242026 182079 332471 223614 162312 205768 72563 153885 113944'"
0 0 0
1546520954789378 208 1
1546520954797946 39 -1
1546520954798027 13 -1
1546520954798747 9 1
1546520954827350 9 -1
1546520954827362 312 -1
1546520954827374 9 -1
1546520954832718 3151 -1
1546520954873965 17 1
0 0 0
1546520954753334 208 1
1546520954758366 39 -1
1546520954758371 13 -1
1546520954759370 9 1
1546520954764850 9 -1
1546520954766099 312 -1
1546520954766120 9 -1
1546520954783773 16383 -1
1546520954783794 1 -1
1546520954783801 9 -1
1546520954793344 12637 -1
1546520956043837 80 1
1546520956048462 78 1
1546520956048610 78 1
1546520956048662 78 1
1546520956051728 77 1
1546520956054978 170 -1
1546520956055357 9 -1
1546520956055459 3151 -1
1546520956059532 147 -1
1546520956059551 9 -1
1546520956061001 2795 -1
1546520956061020 147 -1
1546520956061028 9 -1
1546520956063787 2973 -1
1546520956063809 148 -1
1546520956063819 9 -1
1546520956065620 4219 -1
1546520956065648 149 -1
1546520956065714 9 -1
1546520956066452 3151 -1
1546520956129744 63 1
1546520956130057 63 1
1546520956135433 63 1
1546520956135448 63 1
1546520956135507 63 1
1546520956135627 63 1
1546520956137476 129 -1
1546520956137486 9 -1
1546520956146741 8915 -1
1546520956146766 130 -1
1546520956146772 9 -1
1546520956148738 8896 -1
1546520956148773 117 -1
1546520956148780 9 -1
1546520956157591 8718 -1
1546520956157623 129 -1
1546520956157631 9 -1
1546520956162715 8699 -1
1546520956162732 195 -1
1546520956162738 9 -1
1546520956162814 5559 -1
1546520956162821 135 -1
1546520956162825 9 -1
1546520956164221 8579 -1
1546520959367235 77 1
1546520959367252 78 1
1546520959367610 77 1
1546520959374026 157 -1
1546520959374450 9 -1
1546520959375077 2973 -1
1546520959375182 29 -1
1546520959375190 9 -1
1546520959376008 3151 -1
1546520959381754 71 -1
1546520959381763 9 -1
1546520959381770 2035 -1
1546520959462226 88 1
1546520959462256 89 1
1546520959471412 160 -1
1546520959471760 9 -1
1546520959477755 16383 -1
1546520959477776 1 -1
1546520959477784 9 -1
1546520959486662 16383 -1
1546520959487053 1 -1
1546520959487060 9 -1
1546520959499679 16382 -1
1546520959499759 2 -1
1546520959499766 9 -1
1546520959513434 16381 -1
1546520959513453 3 -1
1546520959513964 159 -1
1546520959513983 9 -1
1546520959530063 15835 -1
1546520959530085 549 -1
1546520959530093 9 -1
1546520959540655 15834 -1
1546520959540673 550 -1
1546520959540685 9 -1
1546520959557825 15833 -1
1546520959557846 551 -1
1546520959557854 9 -1
1546520959576694 15832 -1
1546520959581672 552 -1
1546520959581692 9 -1
1546520959606100 15831 -1
1546520959606457 553 -1
1546520959606468 9 -1
1546520959612360 7070 -1
1546520959612382 9 -1
1546520959629165 16383 -1
1546520959630806 1 -1
1546520959630818 9 -1
1546520959641600 16382 -1
1546520959641759 2 -1
1546520959641766 9 -1
1546520959647268 8458 -1
1546520959890526 406 1
1546520959899095 136 -1
1546520959899107 9 -1
1546520959903886 16383 -1
1546520959903906 1 -1
1546520959903913 9 -1
1546520959915882 16383 -1
1546520959915904 1 -1
1546520959915909 9 -1
1546520959927876 15810 -1
1546520965441390 78 1
1546520965441403 59 1
1546520965441411 59 1
1546520965441566 58 1
1546520965441690 59 1
1546520965449312 202 -1
1546520965449497 9 -1
1546520965450788 3151 -1
1546520965450806 131 -1
1546520965450847 9 -1
1546520965468514 16383 -1
1546520965468534 1 -1
1546520965468539 9 -1
1546520965472409 16383 -1
1546520965472430 1 -1
1546520965472439 9 -1
1546520965492245 16382 -1
1546520965492492 2 -1
1546520965492506 9 -1
1546520965494581 16381 -1
1546520965494597 3 -1
1546520965494603 9 -1
1546520965513930 16383 -1
1546520965514129 1 -1
1546520965514533 109 -1
1546520965515980 95 -1
1546520965515992 126 -1
1546520965516057 9 -1
1546520965527755 16383 -1
1546520965527777 1 -1
1546520965527783 9 -1
1546520965544201 16383 -1
1546520965544223 1 -1
1546520965544229 9 -1
1546520965560927 16383 -1
1546520965560949 1 -1
1546520965560955 9 -1
1546520965561104 88 1
1546520965569426 15873 -1
1546520965569447 511 -1
1546520965569609 9 -1
1546520965583044 16382 -1
1546520965583072 2 -1
1546520965583081 9 -1
1546520965594143 16382 -1
1546520965594166 2 -1
1546520965594406 9 -1
1546520965608886 16382 -1
1546520965608907 2 -1
1546520965608913 9 -1
1546520965624362 15872 -1
1546520965624385 512 -1
1546520965624394 9 -1
1546520965635363 16381 -1
1546520965635384 3 -1
1546520965635780 9 -1
1546520965645216 16381 -1
1546520965645239 3 -1
1546520965645246 9 -1
1546520965653103 16381 -1
1546520965653264 3 -1
1546520965653272 9 -1
1546520965665069 15871 -1
1546520965665696 513 -1
1546520965665717 9 -1
1546520965673675 16380 -1
1546520965673780 4 -1
1546520965673788 9 -1
1546520965698118 16380 -1
1546520965698139 4 -1
1546520965698146 9 -1
1546520965717141 16380 -1
1546520965717161 4 -1
1546520965717168 9 -1
1546520965721508 15870 -1
1546520965738157 514 -1
1546520965738175 9 -1
1546520965758162 16379 -1
1546520965758722 5 -1
1546520965758728 9 -1
1546520965793251 16379 -1
1546520965793272 5 -1
1546520965793419 9 -1
1546520965825569 16379 -1
1546520965825608 5 -1
1546520965825684 9 -1
1546520965852112 15869 -1
1546520965852132 515 -1
1546520965852140 9 -1
1546520965863560 16378 -1
1546520965863580 6 -1
1546520965863586 9 -1
1546520965877539 16378 -1
1546520965877568 6 -1
1546520965877575 9 -1
1546520965893813 16378 -1
1546520965893834 6 -1
1546520965893841 9 -1
1546520965919854 16383 -1
1546520965919876 1 -1
1546520965919882 9 -1
1546520965936902 16377 -1
1546520965936921 7 -1
1546520965936928 9 -1
1546520965964977 16377 -1
1546520965965005 7 -1
1546520965965010 9 -1
1546520966016050 16377 -1
1546520966016069 7 -1
1546520966016075 9 -1
1546520966035175 16382 -1
1546520966037409 2 -1
1546520966037415 9 -1
1546520966048536 16376 -1
1546520966048552 8 -1
1546520966048558 9 -1
1546520966071978 16376 -1
1546520966072059 8 -1
1546520966072122 9 -1
1546520966084605 16376 -1
1546520966084624 8 -1
1546520966084630 9 -1
1546520966102806 16381 -1
1546520966102823 3 -1
1546520966102828 9 -1
1546520966127306 16375 -1
1546520966127331 9 -1
1546520966127337 9 -1
1546520966137788 16375 -1
1546520966137808 9 -1
1546520966137814 9 -1
1546520966158389 16375 -1
1546520966158403 9 -1
1546520966158409 9 -1
1546520966170300 16380 -1
1546520966170319 4 -1
1546520966170325 9 -1
1546520966177239 12650 -1
1546520966177266 9 -1
1546520966188022 16374 -1
1546520966188053 10 -1
1546520966188059 9 -1
1546520966203975 16374 -1
1546520966203989 10 -1
1546520966204121 9 -1
1546520966228643 16379 -1
1546520966228660 5 -1
1546520966229978 262 -1
1546520966229998 9 -1
1546520966248645 16373 -1
1546520966248662 11 -1
1546520966248669 9 -1
1546520966263727 16373 -1
1546520966263748 11 -1
1546520966263754 9 -1
1546520966288613 16378 -1
1546520966288630 6 -1
1546520966288890 9 -1
1546520966288895 1855 -1
1546520966288902 9 -1
1546520966298169 16372 -1
1546520966298186 12 -1
1546520966298191 9 -1
1546520966319465 16377 -1
1546520966319485 7 -1
1546520966319491 9 -1
1546520966338819 16371 -1
1546520966338840 13 -1
1546520966338846 9 -1
1546520966357634 16376 -1
1546520966357654 8 -1
1546520966357878 9 -1
1546520966389764 16370 -1
1546520966389797 14 -1
1546520966389810 9 -1
1546520966394163 10622 -1
1546520966394178 9 -1
1546520966407640 16369 -1
1546520966407666 15 -1
1546520966407672 9 -1
1546520966445693 16368 -1
1546520966445714 16 -1
1546520966445941 9 -1
1546520966452918 16383 -1
1546520966452933 1 -1
1546520966453257 9 -1
1546520966467735 16383 -1
1546520966467750 1 -1
1546520966467756 9 -1
1546520966481918 16382 -1
1546520966481935 2 -1
1546520966481941 9 -1
1546520966492780 16382 -1
1546520966492804 2 -1
1546520966492812 9 -1
1546520966503695 16381 -1
1546520966503722 3 -1
1546520966503729 9 -1
1546520966510837 16381 -1
1546520966511684 3 -1
1546520966511778 9 -1
1546520966519485 16380 -1
1546520966520018 4 -1
1546520966520024 9 -1
1546520966528826 16380 -1
1546520966528853 4 -1
1546520966528860 9 -1
1546520966530964 4791 -1
1546520966530979 9 -1
1546520966540418 16379 -1
1546520966540452 5 -1
1546520966540459 9 -1
1546520966544847 16378 -1
1546520966544865 6 -1
1546520966544871 9 -1
1546520966555713 16377 -1
1546520966555731 7 -1
1546520966555738 9 -1
1546520966572587 16376 -1
1546520966572604 8 -1
1546520966572610 9 -1
1546520966579086 16375 -1
1546520966579748 9 -1
1546520966579759 9 -1
1546520966593848 14856 -1
1546520971436061 59 1
1546520971437055 59 1
1546520971437105 58 1
1546520971442985 155 -1
1546520971443003 9 -1
1546520971454748 16383 -1
1546520971454768 1 -1
1546520971454925 9 -1
1546520971473708 16383 -1
1546520971473732 1 -1
1546520971473738 9 -1
1546520971489209 16382 -1
1546520971489232 2 -1
1546520971489238 9 -1
1546520971502708 16381 -1
1546520971502723 3 -1
1546520971502797 9 -1
1546520971502807 88 1
1546520971512537 16383 -1
1546520971512566 1 -1
1546520971512634 9 -1
1546520971530978 16382 -1
1546520971530995 2 -1
1546520971531003 129 -1
1546520971531009 131 -1
1546520971531013 9 -1
1546520971542110 16383 -1
1546520971542131 1 -1
1546520971542137 9 -1
1546520971555653 16383 -1
1546520971555672 1 -1
1546520971555678 9 -1
1546520971572953 16383 -1
1546520971573300 1 -1
1546520971573307 9 -1
1546520971610152 16382 -1
1546520971610174 2 -1
1546520971610180 9 -1
1546520971625722 16382 -1
1546520971625737 2 -1
1546520971625889 9 -1
1546520971651918 16382 -1
1546520971652166 2 -1
1546520971652182 9 -1
1546520971690473 16381 -1
1546520971690570 3 -1
1546520971690690 9 -1
1546520971723839 16381 -1
1546520971724246 3 -1
1546520971724639 9 -1
1546520971751320 16381 -1
1546520971751335 3 -1
1546520971751453 9 -1
1546520971772993 16380 -1
1546520971773009 4 -1
1546520971773014 9 -1
1546520971786205 16380 -1
1546520971786219 4 -1
1546520971786223 9 -1
1546520971801097 16380 -1
1546520971801413 4 -1
1546520971801420 9 -1
1546520971809382 16379 -1
1546520971809397 5 -1
1546520971809402 9 -1
1546520971814731 7027 -1
1546520971814745 9 -1
1546520971823289 16379 -1
1546520971823302 5 -1
1546520971823306 9 -1
1546520971838569 16378 -1
1546520971838586 6 -1
1546520971839147 9 -1
1546520971847920 16378 -1
1546520971847937 6 -1
1546520971847944 9 -1
1546520971853640 9160 -1
1546520971853851 9 -1
1546520971864950 16377 -1
1546520971864966 7 -1
1546520971865269 9 -1
1546520971876506 16376 -1
1546520971876525 8 -1
1546520971876531 9 -1
1546520971887738 16375 -1
1546520971887754 9 -1
1546520971887759 9 -1
1546520971899975 6429 -1
1546520971899991 159 -1
1546520971901676 9 -1
1546520971905846 16383 -1
1546520971905863 1 -1
1546520971905871 9 -1
1546520971918593 16382 -1
1546520971918613 2 -1
1546520971918619 9 -1
1546520971927135 16381 -1
1546520971927154 3 -1
1546520971927159 9 -1
1546520971954868 16380 -1
1546520971954885 4 -1
1546520971954890 9 -1
1546520971960828 16379 -1
1546520971960847 5 -1
1546520971960911 9 -1
1546520971968596 16378 -1
1546520971968615 6 -1
1546520971968918 9 -1
1546520971977314 15640 -1
1546520978089672 17 1
0 0 0
1546520954752245 207 1
1546520954758282 39 -1
1546520954758292 13 -1
1546520954758858 9 1
1546520954763852 9 -1
1546520954763860 310 -1
1546520954763871 9 -1
1546520954763877 2035 -1
1546520954764636 17 1
0 0 0
1546520955998230 207 1
1546520956005871 39 -1
1546520956006868 9 1
1546520956008418 13 -1
1546520956009740 9 -1
1546520956047664 310 -1
1546520956047689 9 -1
1546520956048005 2973 -1
1546520956054128 17 1
0 0 0
1546520954985724 200 1
