### "'217374 8896 8718 8699 8579 106762 88990 48578 182079 242026 332471 223614 162312 205768 72563 153885 113944'"
0 0 0
1546520839997872 207 1
1546520839997890 78 1
1546520839997900 78 1
1546520839997951 78 1
1546520839997963 77 1
1546520840001248 63 1
0 0 0
1546520840034455 193 1
1546520840034523 63 1
1546520840034535 63 1
1546520840034633 63 1
1546520840034667 63 1
1546520840034678 63 1
1546520840039687 39 -1
1546520840039704 13 -1
1546520840040235 9 1
1546520840044722 9 -1
1546520840052350 293 -1
1546520840052391 9 -1
1546520840053888 8896 -1
1546520840053905 129 -1
1546520840053910 9 -1
1546520840054275 5559 -1
1546520840054297 130 -1
1546520840054303 9 -1
1546520840055039 8718 -1
1546520840055158 129 -1
1546520840055165 9 -1
1546520840056916 8699 -1
1546520840056933 107 -1
1546520840056938 9 -1
1546520840057526 7190 -1
1546520840057543 102 -1
1546520840057549 9 -1
1546520840058516 8579 -1
1546520842888270 80 1
1546520842888290 78 1
1546520842888298 77 1
1546520842901803 170 -1
1546520842901829 9 -1
1546520842901834 2973 -1
1546520842901842 71 -1
1546520842902494 9 -1
1546520842902651 2035 -1
1546520842902667 149 -1
1546520842902672 9 -1
1546520842902745 3151 -1
1546520842981582 88 1
1546520842984831 89 1
1546520842988972 160 -1
1546520842989604 9 -1
1546520842996173 16383 -1
1546520842996193 1 -1
1546520842996201 9 -1
1546520842999486 16383 -1
1546520842999506 1 -1
1546520842999512 9 -1
1546520843003170 16382 -1
1546520843003191 2 -1
1546520843003198 9 -1
1546520843011025 16381 -1
1546520843011046 3 -1
1546520843011121 9 -1
1546520843015141 16383 -1
1546520843015172 1 -1
1546520843015178 9 -1
1546520843020905 16382 -1
1546520843020969 2 -1
1546520843020976 159 -1
1546520843021055 9 -1
1546520843025032 8458 -1
1546520843025054 9 -1
1546520843031231 16383 -1
1546520843031249 1 -1
1546520843031254 9 -1
1546520843037941 16382 -1
1546520843037962 2 -1
1546520843037969 9 -1
1546520843047890 16381 -1
1546520843047910 3 -1
1546520843047917 9 -1
1546520843061671 16380 -1
1546520843061693 4 -1
1546520843062591 9 -1
1546520843064174 16379 -1
1546520843064206 5 -1
1546520843064214 9 -1
1546520843065265 7070 -1
1546520843445722 406 1
1546520843451975 264 -1
1546520843452004 9 -1
1546520843462376 16383 -1
1546520843462393 1 -1
1546520843462399 9 -1
1546520843481589 16383 -1
1546520843481609 1 -1
1546520843481698 9 -1
1546520843492277 15810 -1
1546520848881944 78 1
1546520848881961 59 1
1546520848883510 59 1
1546520848883525 58 1
1546520848883535 59 1
1546520848896060 202 -1
1546520848896078 9 -1
1546520848896082 3151 -1
1546520848896088 132 -1
1546520848896091 9 -1
1546520848911507 15873 -1
1546520848911805 511 -1
1546520848911815 9 -1
1546520848918926 15872 -1
1546520848919594 512 -1
1546520848919608 9 -1
1546520848935835 15871 -1
1546520848936095 513 -1
1546520848936247 9 -1
1546520848949627 15870 -1
1546520848949689 514 -1
1546520848950608 9 -1
1546520848956419 88 1
1546520848958463 16383 -1
1546520848958502 1 -1
1546520848958510 9 -1
1546520848964272 16382 -1
1546520848964293 2 -1
1546520848964301 9 -1
1546520848974967 16381 -1
1546520848975029 3 -1
1546520848975262 9 -1
1546520848990777 16380 -1
1546520848990799 4 -1
1546520848991249 95 -1
1546520848991257 95 -1
1546520848991266 126 -1
1546520848991271 9 -1
1546520848995587 15873 -1
1546520848997449 511 -1
1546520848997669 9 -1
1546520849005074 16383 -1
1546520849005094 1 -1
1546520849005471 9 -1
1546520849012864 15873 -1
1546520849012887 511 -1
1546520849012897 9 -1
1546520849027080 15873 -1
1546520849028751 511 -1
1546520849028768 9 -1
1546520849036631 15872 -1
1546520849036669 512 -1
1546520849036678 9 -1
1546520849048754 16382 -1
1546520849048774 2 -1
1546520849048781 9 -1
1546520849074774 15872 -1
1546520849074791 512 -1
1546520849074799 9 -1
1546520849098422 15872 -1
1546520849098440 512 -1
1546520849098447 9 -1
1546520849118519 15871 -1
1546520849118587 513 -1
1546520849118595 9 -1
1546520849152861 16381 -1
1546520849152889 3 -1
1546520849152897 9 -1
1546520849168750 15871 -1
1546520849168776 513 -1
1546520849168947 9 -1
1546520849181989 15871 -1
1546520849182033 513 -1
1546520849182048 9 -1
1546520849204185 15870 -1
1546520849204204 514 -1
1546520849204212 9 -1
1546520849205808 1855 -1
1546520849205827 9 -1
1546520849220106 15870 -1
1546520849220127 514 -1
1546520849220495 9 -1
1546520849239811 15870 -1
1546520849239899 514 -1
1546520849239909 9 -1
1546520849254979 15869 -1
1546520849255295 515 -1
1546520849255305 9 -1
1546520849275550 15869 -1
1546520849276287 515 -1
1546520849276301 9 -1
1546520849285566 15869 -1
1546520849285581 515 -1
1546520849285718 9 -1
1546520849311073 16383 -1
1546520849311087 1 -1
1546520849311091 9 -1
1546520849341735 15868 -1
1546520849341750 516 -1
1546520849341873 9 -1
1546520849380890 15868 -1
1546520849380908 516 -1
1546520849380917 9 -1
1546520849416528 16382 -1
1546520849416544 2 -1
1546520849416549 9 -1
1546520849443528 15867 -1
1546520849443545 517 -1
1546520849443553 9 -1
1546520849463985 15867 -1
1546520849464001 517 -1
1546520849464009 9 -1
1546520849480516 16381 -1
1546520849480533 3 -1
1546520849480539 9 -1
1546520849499157 15866 -1
1546520849499174 518 -1
1546520849499181 9 -1
1546520849513937 15866 -1
1546520849515195 518 -1
1546520849515210 9 -1
1546520849529579 16380 -1
1546520849529598 4 -1
1546520849529603 9 -1
1546520849542941 15865 -1
1546520849542956 519 -1
1546520849542963 9 -1
1546520849549596 15865 -1
1546520849558949 519 -1
1546520849558964 9 -1
1546520849574023 16379 -1
1546520849574042 5 -1
1546520849574462 9 -1
1546520849592313 15864 -1
1546520849592328 520 -1
1546520849592337 9 -1
1546520849611536 15864 -1
1546520849611562 520 -1
1546520849611580 158 -1
1546520849611589 9 -1
1546520849648517 16378 -1
1546520849648536 6 -1
1546520849648542 9 -1
1546520849698524 16383 -1
1546520849698545 1 -1
1546520849698631 9 -1
1546520849731327 15863 -1
1546520849731663 521 -1
1546520849731673 9 -1
1546520849753957 16377 -1
1546520849759019 7 -1
1546520849759038 9 -1
1546520849794312 16382 -1
1546520849794331 2 -1
1546520849794337 9 -1
1546520849813813 15862 -1
1546520849813832 522 -1
1546520849813840 9 -1
1546520849842518 16376 -1
1546520849842537 8 -1
1546520849842544 9 -1
1546520849851842 16381 -1
1546520849852120 3 -1
1546520849852126 9 -1
1546520849866515 15861 -1
1546520849866532 523 -1
1546520849866664 9 -1
1546520849883265 16375 -1
1546520849883281 9 -1
1546520849883287 9 -1
1546520849899265 16380 -1
1546520849899282 4 -1
1546520849900173 9 -1
1546520849908619 10622 -1
1546520849908639 9 -1
1546520849919128 12650 -1
1546520849919144 9 -1
1546520849947867 16379 -1
1546520849947945 5 -1
1546520849947954 9 -1
1546520849958070 16378 -1
1546520849958087 6 -1
1546520849958092 9 -1
1546520849968439 16377 -1
1546520849968454 7 -1
1546520849968459 9 -1
1546520849980018 16376 -1
1546520849980033 8 -1
1546520849980196 9 -1
1546520849992991 16375 -1
1546520849993007 9 -1
1546520849993144 9 -1
1546520850003287 16374 -1
1546520850003311 10 -1
1546520850003320 9 -1
1546520850004698 4791 -1
1546520850004717 9 -1
1546520850022585 16383 -1
1546520850022602 1 -1
1546520850022607 9 -1
1546520850030486 16382 -1
1546520850030505 2 -1
1546520850030510 9 -1
1546520850045362 16381 -1
1546520850045432 3 -1
1546520850045436 9 -1
1546520850057642 16380 -1
1546520850057658 4 -1
1546520850057662 9 -1
1546520850073008 16379 -1
1546520850073023 5 -1
1546520850073268 9 -1
1546520850078310 16378 -1
1546520850078329 6 -1
1546520850078334 9 -1
1546520850093914 16377 -1
1546520850093930 7 -1
1546520850093934 9 -1
1546520850103897 16376 -1
1546520850103912 8 -1
1546520850103917 9 -1
1546520850115089 16375 -1
1546520850115113 9 -1
1546520850115118 9 -1
1546520850152473 14856 -1
1546520854942104 59 1
1546520854944925 59 1
1546520854945375 58 1
1546520854948717 155 -1
1546520854948731 9 -1
1546520854964728 16383 -1
1546520854964746 1 -1
1546520854964752 9 -1
1546520854979272 16383 -1
1546520854979297 1 -1
1546520854979303 9 -1
1546520854985702 88 1
1546520854999337 16382 -1
1546520854999357 2 -1
1546520854999363 9 -1
1546520855009849 16381 -1
1546520855009866 3 -1
1546520855009873 9 -1
1546520855020259 16383 -1
1546520855020278 1 -1
1546520855020285 9 -1
1546520855030528 16382 -1
1546520855030551 2 -1
1546520855030557 9 -1
1546520855040771 16381 -1
1546520855040790 3 -1
1546520855040796 9 -1
1546520855048663 16380 -1
1546520855048682 4 -1
1546520855048688 129 -1
1546520855048693 131 -1
1546520855049027 159 -1
1546520855049034 9 -1
1546520855055398 16383 -1
1546520855055413 1 -1
1546520855055417 9 -1
1546520855061941 16383 -1
1546520855061961 1 -1
1546520855061967 9 -1
1546520855075527 16383 -1
1546520855075549 1 -1
1546520855075556 9 -1
1546520855081371 16383 -1
1546520855081391 1 -1
1546520855081396 9 -1
1546520855090834 16382 -1
1546520855090854 2 -1
1546520855090860 9 -1
1546520855098895 16382 -1
1546520855098912 2 -1
1546520855098971 9 -1
1546520855122123 16382 -1
1546520855122205 2 -1
1546520855122212 9 -1
1546520855124866 16382 -1
1546520855124881 2 -1
1546520855124926 9 -1
1546520855135152 16381 -1
1546520855135168 3 -1
1546520855135292 9 -1
1546520855149387 16381 -1
1546520855149436 3 -1
1546520855149485 9 -1
1546520855169475 16381 -1
1546520855169493 3 -1
1546520855169500 9 -1
1546520855178744 16381 -1
1546520855178760 3 -1
1546520855178764 9 -1
1546520855189281 16380 -1
1546520855189299 4 -1
1546520855189393 9 -1
1546520855202410 16380 -1
1546520855202428 4 -1
1546520855202433 9 -1
1546520855214294 16380 -1
1546520855214308 4 -1
1546520855214315 9 -1
1546520855223814 16380 -1
1546520855223829 4 -1
1546520855223899 9 -1
1546520855227765 9160 -1
1546520855227779 9 -1
1546520855230097 7027 -1
1546520855230114 9 -1
1546520855240312 16379 -1
1546520855240327 5 -1
1546520855240391 9 -1
1546520855259113 16379 -1
1546520855259142 5 -1
1546520855259148 9 -1
1546520855262561 16378 -1
1546520855262816 6 -1
1546520855262823 9 -1
1546520855269719 16378 -1
1546520855269748 6 -1
1546520855269754 9 -1
1546520855274772 16377 -1
1546520855274793 7 -1
1546520855274804 9 -1
1546520855280077 15640 -1
1546520855280091 9 -1
1546520855287054 16376 -1
1546520855287069 8 -1
1546520855287075 9 -1
1546520855293775 16375 -1
1546520855293790 9 -1
1546520855293795 9 -1
1546520855294231 6429 -1
1546520861621178 17 1
0 0 0
1546520838623625 39 -1
1546520838623636 13 -1
1546520838624398 207 1
1546520838633491 9 -1
1546520838633526 310 -1
1546520838633538 9 -1
1546520838633588 2035 -1
1546520838642409 9 1
1546520838644357 17 1
0 0 0
1546520838642889 200 1
1546520838646338 39 -1
1546520838646389 13 -1
1546520838646892 9 1
1546520838650731 9 -1
1546520838651215 307 -1
1546520838651232 9 -1
1546520838651333 16383 -1
1546520838651345 1 -1
1546520838651350 9 -1
1546520838651443 16382 -1
1546520838651451 2 -1
1546520838651455 9 -1
1546520838661366 16383 -1
1546520838661394 1 -1
1546520838661400 9 -1
1546520838661851 16382 -1
1546520838661891 2 -1
1546520838661897 9 -1
1546520838669845 16381 -1
1546520838669864 3 -1
1546520838674674 9 -1
1546520838674844 16380 -1
1546520838674862 4 -1
1546520838674866 9 -1
1546520838674970 16379 -1
1546520838674982 5 -1
1546520838674986 9 -1
1546520838675115 16378 -1
1546520838675123 6 -1
1546520838675128 9 -1
1546520838675251 16383 -1
1546520838675260 1 -1
1546520838675264 9 -1
1546520838675366 16382 -1
1546520838675373 2 -1
1546520838675377 9 -1
1546520838680304 16381 -1
1546520838680324 3 -1
1546520838680330 9 -1
1546520838680453 16380 -1
1546520838680469 4 -1
1546520838680474 9 -1
1546520838680597 16379 -1
1546520838680607 5 -1
1546520838680613 9 -1
1546520838680657 4382 -1
1546520838725039 17 1
0 0 0
1546520838575847 208 1
0 0 0
1546520838594460 208 1
0 0 0
1546520838604676 39 -1
1546520838604758 13 -1
1546520838615502 207 1
1546520838622376 9 -1
1546520838625971 310 -1
1546520838625990 9 -1
1546520838642519 9 1
1546520838862396 2973 -1
1546520838865649 17 1
