### "'217374 29021 8915 8896 8718 8699 8579 106762 88990 48578 242026 182079 332471 223614 162312'"
0 0 0
1546521142401165 208 1
1546521142402302 39 -1
1546521142402381 13 -1
1546521142403867 9 1
1546521142406188 9 -1
1546521142411231 312 -1
1546521142411248 9 -1
1546521142416771 16383 -1
1546521142416788 1 -1
1546521142416795 9 -1
1546521142417499 12637 -1
1546521143419067 80 1
1546521143425874 78 1
1546521143426667 170 -1
1546521143426709 9 -1
1546521143426715 3151 -1
1546521143431284 78 1
1546521143432637 147 -1
1546521143432665 9 -1
1546521143432672 2795 -1
1546521143432685 78 1
1546521143432693 77 1
1546521143437748 147 -1
1546521143437769 9 -1
1546521143438005 2973 -1
1546521143443448 148 -1
1546521143443468 9 -1
1546521143446069 4219 -1
1546521143446094 149 -1
1546521143446102 9 -1
1546521143446155 3151 -1
1546521143551392 63 1
1546521143552774 63 1
1546521143552917 63 1
1546521143559258 129 -1
1546521143559268 9 -1
1546521143559356 63 1
1546521143559398 63 1
1546521143559409 63 1
1546521143567688 8915 -1
1546521143567705 130 -1
1546521143567711 9 -1
1546521143569420 8896 -1
1546521143570058 124 -1
1546521143570067 9 -1
1546521143570634 5559 -1
1546521143573577 117 -1
1546521143573589 9 -1
1546521143579582 8718 -1
1546521143579604 129 -1
1546521143579713 9 -1
1546521143583615 8699 -1
1546521143586430 206 -1
1546521143586450 9 -1
1546521143587892 8579 -1
1546521146787408 77 1
1546521146787981 78 1
1546521146790112 77 1
1546521146794007 157 -1
1546521146794027 9 -1
1546521146806633 2973 -1
1546521146806670 71 -1
1546521146806798 9 -1
1546521146807956 2035 -1
1546521146807973 29 -1
1546521146807978 9 -1
1546521146808894 3151 -1
1546521146889238 88 1
1546521146891603 89 1
1546521146895455 160 -1
1546521146895475 9 -1
1546521146907344 16383 -1
1546521146907414 1 -1
1546521146907513 9 -1
1546521146917243 16383 -1
1546521146917267 1 -1
1546521146917275 9 -1
1546521146936744 16382 -1
1546521146936763 2 -1
1546521146936769 9 -1
1546521146942487 16381 -1
1546521146942506 3 -1
1546521146942512 9 -1
1546521146957104 16383 -1
1546521146957131 1 -1
1546521146957137 9 -1
1546521146974125 16382 -1
1546521146974143 2 -1
1546521146974149 9 -1
1546521146978636 8458 -1
1546521146978652 159 -1
1546521146978658 9 -1
1546521146993243 16383 -1
1546521146993261 1 -1
1546521146993919 9 -1
1546521147009024 16382 -1
1546521147009042 2 -1
1546521147009049 9 -1
1546521147033433 16381 -1
1546521147033531 3 -1
1546521147033537 9 -1
1546521147044875 16380 -1
1546521147044896 4 -1
1546521147044902 9 -1
1546521147071417 16379 -1
1546521147071437 5 -1
1546521147071443 9 -1
1546521147075323 7070 -1
1546521149059871 406 1
1546521149066567 159 -1
1546521149066579 9 -1
1546521149087084 16383 -1
1546521149087098 1 -1
1546521149087103 9 -1
1546521149115960 16383 -1
1546521149115974 1 -1
1546521149115979 9 -1
1546521149130874 15810 -1
1546521152756320 78 1
1546521152756340 59 1
1546521152756351 59 1
1546521152757098 58 1
1546521152757607 59 1
1546521152763410 202 -1
1546521152763430 9 -1
1546521152768914 3151 -1
1546521152768932 131 -1
1546521152768938 9 -1
1546521152781686 15873 -1
1546521152781754 511 -1
1546521152781766 9 -1
1546521152799490 15872 -1
1546521152799777 512 -1
1546521152799789 9 -1
1546521152840203 16383 -1
1546521152840293 1 -1
1546521152844921 109 -1
1546521152845023 9 -1
1546521152851317 88 1
1546521152854928 15873 -1
1546521152854948 511 -1
1546521152854956 9 -1
1546521152876528 15872 -1
1546521152880195 512 -1
1546521152880216 9 -1
1546521152892011 15871 -1
1546521152892040 513 -1
1546521152892048 9 -1
1546521152914014 15870 -1
1546521152914037 514 -1
1546521152914046 95 -1
1546521152914054 126 -1
1546521152914059 9 -1
1546521152930025 16383 -1
1546521152930052 1 -1
1546521152930058 9 -1
1546521152955779 16383 -1
1546521152955799 1 -1
1546521152955805 9 -1
1546521152974646 16383 -1
1546521152974668 1 -1
1546521152974675 9 -1
1546521152983300 16383 -1
1546521152983324 1 -1
1546521152983330 9 -1
1546521153001227 16382 -1
1546521153002071 2 -1
1546521153002080 9 -1
1546521153008409 16382 -1
1546521153008555 2 -1
1546521153008562 9 -1
1546521153023762 16382 -1
1546521153023783 2 -1
1546521153023789 9 -1
1546521153039695 16382 -1
1546521153039867 2 -1
1546521153040046 9 -1
1546521153052490 16381 -1
1546521153052507 3 -1
1546521153052513 9 -1
1546521153070593 16381 -1
1546521153070615 3 -1
1546521153070621 9 -1
1546521153089051 16381 -1
1546521153089185 3 -1
1546521153089286 9 -1
1546521153094097 16381 -1
1546521153095039 3 -1
1546521153095273 9 -1
1546521153112153 16380 -1
1546521153112175 4 -1
1546521153112181 9 -1
1546521153129792 16380 -1
1546521153129817 4 -1
1546521153129824 9 -1
1546521153133388 16380 -1
1546521153133731 4 -1
1546521153133738 9 -1
1546521153149071 16380 -1
1546521153149091 4 -1
1546521153149097 9 -1
1546521153162956 16379 -1
1546521153162973 5 -1
1546521153162980 9 -1
1546521153185453 16379 -1
1546521153185473 5 -1
1546521153185481 9 -1
1546521153199265 16379 -1
1546521153199415 5 -1
1546521153199423 9 -1
1546521153215319 16379 -1
1546521153215339 5 -1
1546521153215347 9 -1
1546521153229778 16378 -1
1546521153229796 6 -1
1546521153229802 9 -1
1546521153246004 16378 -1
1546521153246019 6 -1
1546521153246025 9 -1
1546521153287500 16378 -1
1546521153287529 6 -1
1546521153287539 9 -1
1546521153292277 16378 -1
1546521153292292 6 -1
1546521153292297 9 -1
1546521153305862 16377 -1
1546521153305894 7 -1
1546521153305901 9 -1
1546521153319077 16377 -1
1546521153319099 7 -1
1546521153319355 9 -1
1546521153338720 16377 -1
1546521153338749 7 -1
1546521153338757 9 -1
1546521153342543 16377 -1
1546521153342557 7 -1
1546521153342564 9 -1
1546521153364977 16376 -1
1546521153364996 8 -1
1546521153365683 9 -1
1546521153365688 1855 -1
1546521153365698 9 -1
1546521153377622 16376 -1
1546521153378406 8 -1
1546521153378415 9 -1
1546521153392282 16376 -1
1546521153392302 8 -1
1546521153392308 9 -1
1546521153409185 16375 -1
1546521153409205 9 -1
1546521153409213 9 -1
1546521153424543 16375 -1
1546521153424562 9 -1
1546521153424569 158 -1
1546521153424577 9 -1
1546521153439742 16375 -1
1546521153439759 9 -1
1546521153439765 9 -1
1546521153457517 16374 -1
1546521153457537 10 -1
1546521153457543 9 -1
1546521153481814 16374 -1
1546521153481833 10 -1
1546521153481839 9 -1
1546521153497373 16374 -1
1546521153497391 10 -1
1546521153497398 9 -1
1546521153541638 16373 -1
1546521153541654 11 -1
1546521153541865 9 -1
1546521153579249 16373 -1
1546521153579265 11 -1
1546521153579270 9 -1
1546521153607015 16373 -1
1546521153607034 11 -1
1546521153607041 9 -1
1546521153623140 12650 -1
1546521153623159 9 -1
1546521153657710 16372 -1
1546521153657725 12 -1
1546521153658180 9 -1
1546521153690647 16372 -1
1546521153690663 12 -1
1546521153690668 9 -1
1546521153706421 16371 -1
1546521153706436 13 -1
1546521153706442 9 -1
1546521153716001 16371 -1
1546521153716016 13 -1
1546521153716020 9 -1
1546521153726911 16370 -1
1546521153726939 14 -1
1546521153726945 9 -1
1546521153732353 10622 -1
1546521153732371 9 -1
1546521153751565 16369 -1
1546521153751580 15 -1
1546521153751585 9 -1
1546521153768885 16368 -1
1546521153768900 16 -1
1546521153768906 9 -1
1546521153787403 16383 -1
1546521153787424 1 -1
1546521153787430 9 -1
1546521153803296 16383 -1
1546521153803324 1 -1
1546521153803330 9 -1
1546521153813531 16382 -1
1546521153813551 2 -1
1546521153813557 9 -1
1546521153831500 16382 -1
1546521153831518 2 -1
1546521153831522 9 -1
1546521153838088 16381 -1
1546521153838329 3 -1
1546521153838916 9 -1
1546521153851612 16381 -1
1546521153851629 3 -1
1546521153851634 9 -1
1546521153860302 16380 -1
1546521153860317 4 -1
1546521153860323 9 -1
1546521153872980 16380 -1
1546521153872998 4 -1
1546521153873005 9 -1
1546521153876751 4791 -1
1546521153876762 9 -1
1546521153892801 16379 -1
1546521153893049 5 -1
1546521153893448 9 -1
1546521153909994 16378 -1
1546521153910015 6 -1
1546521153910023 9 -1
1546521153926412 16377 -1
1546521153926427 7 -1
1546521153926432 9 -1
1546521153939095 16376 -1
1546521153939122 8 -1
1546521153939128 9 -1
1546521153956943 16375 -1
1546521153956956 9 -1
1546521153957020 9 -1
1546521153979147 14856 -1
1546521159443475 17 1
0 0 0
1546521142446733 208 1
0 0 0
1546521142672156 207 1
1546521142677305 39 -1
1546521142677315 13 -1
1546521142677943 9 1
1546521142683508 9 -1
1546521142683618 310 -1
1546521142683632 9 -1
1546521142683744 2973 -1
1546521142685450 17 1
0 0 0
1546521142400809 207 1
0 0 0
1546521142402032 200 1
1546521142407733 39 -1
1546521142407743 13 -1
1546521142411313 9 -1
1546521142412105 307 -1
1546521142412122 9 -1
1546521142413522 16383 -1
1546521142413537 1 -1
1546521142413542 9 -1
1546521142421722 16382 -1
1546521142421739 2 -1
1546521142421745 9 -1
1546521142422544 16381 -1
1546521142422559 3 -1
1546521142422642 9 -1
1546521142423696 16380 -1
1546521142423708 4 -1
1546521142423714 9 -1
1546521142425578 16383 -1
1546521142425593 1 -1
1546521142425599 9 -1
1546521142445455 9 1
1546521142446428 16382 -1
1546521142446446 2 -1
1546521142446452 9 -1
1546521142449967 16381 -1
1546521142449986 3 -1
1546521142449993 9 -1
1546521142450606 16380 -1
1546521142450628 4 -1
1546521142450657 9 -1
1546521142455487 16379 -1
1546521142455795 5 -1
1546521142456038 9 -1
1546521142458048 16378 -1
1546521142458069 6 -1
1546521142458077 9 -1
1546521142465024 16377 -1
1546521142465058 7 -1
1546521142465065 9 -1
1546521142467514 16376 -1
1546521142467531 8 -1
1546521142467899 9 -1
1546521142492113 16383 -1
1546521142492168 1 -1
1546521142492175 9 -1
1546521142493156 4382 -1
1546521142536859 17 1
