### "'16339 13469 10854 11159 46723 12304 13469 263536 88664 13469 22625 11097 57579 95636 8954 14481 16148 14681'"
0 0 0
1546522192194833 202 1
1546522192198670 39 -1
1546522192198773 13 -1
1546522192204129 9 -1
1546522192204773 313 -1
1546522192204789 9 -1
1546522192239150 2261 -1
1546522192245012 9 1
1546522192252363 17 1
0 0 0
1546522192184867 193 1
0 0 0
1546522192187225 203 1
0 0 0
1546522192231317 39 -1
1546522192231328 13 -1
1546522192251852 202 1
1546522192257512 9 1
1546522192261426 9 -1
1546522192261444 310 -1
1546522192261457 9 -1
1546522192261739 1731 -1
1546522192289618 17 1
0 0 0
1546522192175059 202 1
1546522192175459 78 1
1546522192183407 88 1
1546522192183427 78 1
1546522192183531 39 -1
1546522192183535 13 -1
1546522192186732 9 1
1546522192187866 70 1
1546522192191069 9 -1
1546522192194485 311 -1
1546522192194503 9 -1
1546522192194510 2083 -1
1546522192194689 147 -1
1546522192194699 9 -1
1546522192200281 2083 -1
1546522192200304 72 -1
1546522192200311 9 -1
1546522192200317 1807 -1
1546522192200328 158 -1
1546522192200335 9 -1
1546522192201771 67 1
1546522192201785 67 1
1546522192201893 15835 -1
1546522192201905 504 -1
1546522192201911 156 -1
1546522192201917 9 -1
1546522192205075 13469 -1
1546522192208828 156 -1
1546522192208850 9 -1
1546522192210057 10854 -1
1546522192210073 156 -1
1546522192210196 9 -1
1546522192225083 67 1
1546522192233517 11159 -1
1546522192238883 151 -1
1546522192238901 9 -1
1546522192256638 16383 -1
1546522192259308 1 -1
1546522192259536 9 -1
1546522192262340 16382 -1
1546522192262377 2 -1
1546522192262390 9 -1
1546522192263797 13955 -1
1546522193286130 78 1
1546522193286664 79 1
1546522193286732 78 1
1546522193286913 78 1
1546522193286983 78 1
1546522193296483 172 -1
1546522193296503 9 -1
1546522193296520 2261 -1
1546522193296858 148 -1
1546522193296868 9 -1
1546522193302798 3151 -1
1546522193302819 218 -1
1546522193303033 9 -1
1546522193303041 2973 -1
1546522193303215 181 -1
1546522193303223 9 -1
1546522193307483 2083 -1
1546522193307597 134 -1
1546522193307603 9 -1
1546522193309367 2439 -1
1546522193487962 63 1
1546522193499315 131 -1
1546522193499328 9 -1
1546522193505968 12304 -1
1546522195891814 67 1
1546522195900551 179 -1
1546522195900571 9 -1
1546522195908660 13469 -1
1546522196640180 78 1
1546522196641185 59 1
1546522196644491 78 1
1546522196644705 94 1
1546522196648098 171 -1
1546522196648187 9 -1
1546522196648198 2083 -1
1546522196648218 58 1
1546522196650341 77 1
1546522196650357 77 1
1546522196655252 147 -1
1546522196655315 9 -1
1546522196655323 2339 -1
1546522196655489 74 -1
1546522196655495 9 -1
1546522196670875 16383 -1
1546522196670896 1 -1
1546522196670902 9 -1
1546522196674142 16382 -1
1546522196674163 2 -1
1546522196674174 9 -1
1546522196687266 16381 -1
1546522196687365 3 -1
1546522196687371 9 -1
1546522196700807 16380 -1
1546522196700826 4 -1
1546522196700831 9 -1
1546522196704895 68 1
1546522196707770 59 1
1546522196709753 67 1
1546522196715259 16383 -1
1546522196715276 1 -1
1546522196715283 9 -1
1546522196728531 16382 -1
1546522196728552 2 -1
1546522196728558 9 -1
1546522196744572 16381 -1
1546522196744588 3 -1
1546522196744593 9 -1
1546522196765502 16380 -1
1546522196765521 4 -1
1546522196765571 146 -1
1546522196765677 130 -1
1546522196765798 147 -1
1546522196765897 142 -1
1546522196766153 9 -1
1546522196779551 16383 -1
1546522196779572 1 -1
1546522196779578 9 -1
1546522196785621 2525 -1
1546522196785641 9 -1
1546522196803121 16383 -1
1546522196803138 1 -1
1546522196803313 9 -1
1546522196807875 3685 -1
1546522196807895 9 -1
1546522196810864 2263 -1
1546522196810883 9 -1
1546522196827963 16382 -1
1546522196827981 2 -1
1546522196827987 9 -1
1546522196851053 16382 -1
1546522196856671 2 -1
1546522196856684 9 -1
1546522196870933 16381 -1
1546522196870951 3 -1
1546522196870956 9 -1
1546522196878561 16381 -1
1546522196878579 3 -1
1546522196879291 9 -1
1546522196897483 16380 -1
1546522196897634 4 -1
1546522196897641 9 -1
1546522196905817 16380 -1
1546522196905832 4 -1
1546522196905837 9 -1
1546522196914044 16379 -1
1546522196914059 5 -1
1546522196914066 9 -1
1546522196925274 16379 -1
1546522196925292 5 -1
1546522196925298 9 -1
1546522196943474 16378 -1
1546522196943489 6 -1
1546522196943494 9 -1
1546522196945545 6744 -1
1546522196945564 9 -1
1546522196959773 16377 -1
1546522196959788 7 -1
1546522196959792 9 -1
1546522196972247 16376 -1
1546522196972267 8 -1
1546522196972273 9 -1
1546522196972278 1392 -1
1546522196972286 189 -1
1546522196972294 118 -1
1546522196972604 155 -1
1546522196972615 9 -1
1546522196990939 13469 -1
1546522196990955 9 -1
1546522197007075 16383 -1
1546522197007091 1 -1
1546522197007096 9 -1
1546522197021548 11097 -1
1546522197021574 9 -1
1546522197024004 6241 -1
1546522199693650 78 1
1546522199693676 77 1
1546522199693687 78 1
1546522199693696 78 1
1546522199696571 78 1
1546522199696591 59 1
1546522199696602 78 1
1546522199698685 78 1
1546522199702522 171 -1
1546522199702603 9 -1
1546522199708011 2973 -1
1546522199708039 147 -1
1546522199708070 9 -1
1546522199710598 2083 -1
1546522199710616 148 -1
1546522199711325 9 -1
1546522199711334 2083 -1
1546522199711789 148 -1
1546522199712392 9 -1
1546522199715686 3863 -1
1546522199715714 148 -1
1546522199715722 9 -1
1546522199717979 2083 -1
1546522199717993 54 -1
1546522199718200 9 -1
1546522199718208 1731 -1
1546522199718216 149 -1
1546522199718222 9 -1
1546522199722231 1794 -1
1546522199722680 131 -1
1546522199723469 9 -1
1546522199730061 15874 -1
1546522199730081 510 -1
1546522199730088 9 -1
1546522199755030 15873 -1
1546522199777535 511 -1
1546522199777874 9 -1
1546522199784289 15872 -1
1546522199784306 512 -1
1546522199784314 9 -1
1546522199793705 8427 -1
1546522199797678 58 1
1546522199803893 67 1
1546522199818276 233 -1
1546522199818508 9 -1
1546522199818524 67 1
1546522199818697 68 1
1546522199818877 68 1
1546522199881302 15874 -1
1546522199883684 510 -1
1546522199883700 9 -1
1546522199884573 15873 -1
1546522199885506 511 -1
1546522199885521 9 -1
1546522199897763 16383 -1
1546522199897981 1 -1
1546522199897989 9 -1
1546522199912001 16382 -1
1546522199912021 2 -1
1546522199912027 9 -1
1546522199921001 16383 -1
1546522199921105 1 -1
1546522199921190 9 -1
1546522199927796 13716 -1
1546522199927815 155 -1
1546522199928618 9 -1
1546522199952098 8954 -1
1546522199952115 155 -1
1546522199952122 166 -1
1546522199952128 151 -1
1546522199952134 9 -1
1546522199956769 14481 -1
1546522199956786 9 -1
1546522199985298 16148 -1
1546522199985319 9 -1
1546522199997444 14681 -1
1546522206296047 17 1
0 0 0
1546522192257147 39 -1
1546522192257157 13 -1
1546522192259948 202 1
1546522192260434 9 1
1546522192266052 9 -1
1546522192270251 311 -1
1546522192270356 9 -1
1546522192270518 1883 -1
1546522192308247 17 1
