### "'92185 89245 62600 121516 161695 118022 63664 162194 240644 38834 36588 118218 118341 44455 38452 87613 219078 153226 234769 47856 156756 109866 167716 102190 163594 182761 102043 132855 54829 146939 26027 83194 84452 8360 36588'"
0 0 0
1546523832412475 203 1
1546523832413588 39 -1
1546523832413746 13 -1
1546523832418239 9 -1
1546523832418866 311 -1
1546523832419014 9 -1
1546523832419019 3329 -1
1546523832434916 9 1
1546523832439630 17 1
0 0 0
1546523832453860 203 1
0 0 0
1546523832357717 182 1
0 0 0
1546523832358292 39 -1
1546523832358298 13 -1
1546523832358375 182 1
1546523832360061 9 1
1546523832364053 9 -1
1546523832364842 294 -1
1546523832365090 9 -1
1546523832380202 16383 -1
1546523832380284 1 -1
1546523832380515 9 -1
1546523832382052 16383 -1
1546523832382068 1 -1
1546523832382074 9 -1
1546523832383897 16382 -1
1546523832383916 2 -1
1546523832383922 9 -1
1546523832385884 14512 -1
1546523832433491 17 1
0 0 0
1546523832432263 39 -1
1546523832432272 13 -1
1546523832453435 203 1
1546523832453445 9 1
1546523832458849 9 -1
1546523832459723 311 -1
1546523832459781 9 -1
1546523832476769 16383 -1
1546523832476780 1 -1
1546523832476785 9 -1
1546523832480137 16383 -1
1546523832480221 1 -1
1546523832480232 9 -1
1546523832480597 6066 -1
1546523832502209 17 1
0 0 0
1546523832337446 194 1
1546523832337459 58 1
1546523832337466 58 1
1546523832337473 59 1
1546523832337480 58 1
1546523832337486 59 1
1546523832337493 59 1
1546523832337499 58 1
1546523832343987 39 -1
1546523832343995 13 -1
1546523832345123 9 1
1546523832351305 9 -1
1546523832351313 307 -1
1546523832351325 9 -1
1546523832353132 15855 -1
1546523832354797 529 -1
1546523832354844 9 -1
1546523832356455 15854 -1
1546523832356473 530 -1
1546523832356563 9 -1
1546523832372774 15853 -1
1546523832372789 531 -1
1546523832372797 9 -1
1546523832373459 15852 -1
1546523832373472 532 -1
1546523832373478 9 -1
1546523832375740 15851 -1
1546523832375762 533 -1
1546523832375770 9 -1
1546523832376417 10265 -1
1546523832376439 131 -1
1546523832376469 9 -1
1546523832378865 15874 -1
1546523832378880 510 -1
1546523832378888 9 -1
1546523832380215 15873 -1
1546523832380405 511 -1
1546523832380563 9 -1
1546523832382576 15872 -1
1546523832382592 512 -1
1546523832382604 9 -1
1546523832385252 15871 -1
1546523832385271 513 -1
1546523832385280 9 -1
1546523832387317 62 1
1546523832400154 15870 -1
1546523832400172 514 -1
1546523832400179 9 -1
1546523832405777 7325 -1
1546523832405796 131 -1
1546523832405803 131 -1
1546523832405954 133 -1
1546523832406381 130 -1
1546523832406392 132 -1
1546523832406399 131 -1
1546523832406403 9 -1
1546523832406687 89 1
1546523832407440 88 1
1546523832407454 87 1
1546523832412490 15874 -1
1546523832412771 510 -1
1546523832412780 9 -1
1546523832414962 15873 -1
1546523832414977 511 -1
1546523832414984 9 -1
1546523832417276 15873 -1
1546523832417292 511 -1
1546523832417299 9 -1
1546523832418506 15873 -1
1546523832418613 511 -1
1546523832419092 9 -1
1546523832421276 15873 -1
1546523832421292 511 -1
1546523832421300 9 -1
1546523832430389 87 1
1546523832440253 15873 -1
1546523832440270 511 -1
1546523832440278 9 -1
1546523832441969 15873 -1
1546523832441986 511 -1
1546523832441993 9 -1
1546523832457882 15872 -1
1546523832457901 512 -1
1546523832458041 9 -1
1546523832460266 15872 -1
1546523832460279 512 -1
1546523832460286 9 -1
1546523832466488 15872 -1
1546523832466508 512 -1
1546523832466528 9 -1
1546523832474824 15872 -1
1546523832474845 512 -1
1546523832475988 9 -1
1546523832482141 15872 -1
1546523832482404 512 -1
1546523832484089 9 -1
1546523832501484 15872 -1
1546523832501503 512 -1
1546523832501512 9 -1
1546523832503075 59 1
1546523832508541 58 1
1546523832508910 58 1
1546523832509303 59 1
1546523832514102 15871 -1
1546523832514120 513 -1
1546523832514128 9 -1
1546523832524350 15871 -1
1546523832524368 513 -1
1546523832524375 9 -1
1546523832524474 79 1
1546523832551060 78 1
1546523832551985 15871 -1
1546523832552043 513 -1
1546523832552052 9 -1
1546523832552112 88 1
1546523832552171 58 1
1546523832552239 58 1
1546523832552295 59 1
1546523832552388 59 1
1546523832553100 59 1
1546523832553114 59 1
1546523832553121 59 1
1546523832553128 58 1
1546523832553135 58 1
1546523832565647 15871 -1
1546523832565670 513 -1
1546523832565678 9 -1
1546523832577060 88 1
1546523832578232 88 1
1546523832579878 89 1
1546523832591882 88 1
1546523832597964 15871 -1
1546523832600882 513 -1
1546523832600904 9 -1
1546523832612483 13448 -1
1546523832612633 9 -1
1546523832625918 15870 -1
1546523832625938 514 -1
1546523832629404 9 -1
1546523832641281 15870 -1
1546523832641300 514 -1
1546523832641307 9 -1
1546523832658835 15870 -1
1546523832658873 514 -1
1546523832658886 9 -1
1546523832672346 15870 -1
1546523832672365 514 -1
1546523832672534 9 -1
1546523832683243 15870 -1
1546523832683264 514 -1
1546523832683273 9 -1
1546523832705792 15869 -1
1546523832706330 515 -1
1546523832706341 9 -1
1546523832717231 15869 -1
1546523832717294 515 -1
1546523832717302 9 -1
1546523832735755 15869 -1
1546523832735773 515 -1
1546523832735781 9 -1
1546523832753977 15869 -1
1546523832753999 515 -1
1546523832754006 9 -1
1546523832765339 15869 -1
1546523832765358 515 -1
1546523832765366 9 -1
1546523832774711 15868 -1
1546523832774730 516 -1
1546523832774738 9 -1
1546523832791926 15868 -1
1546523832792226 516 -1
1546523832792285 9 -1
1546523832804283 15868 -1
1546523832804300 516 -1
1546523832804308 9 -1
1546523832838841 15868 -1
1546523832838894 516 -1
1546523832839283 9 -1
1546523832865735 15868 -1
1546523832866153 516 -1
1546523832866167 9 -1
1546523832898482 15867 -1
1546523832898532 517 -1
1546523832898574 9 -1
1546523832907379 15867 -1
1546523832914241 517 -1
1546523832914360 9 -1
1546523832934607 15867 -1
1546523832934624 517 -1
1546523832934631 9 -1
1546523832962046 15867 -1
1546523832962064 517 -1
1546523832962110 129 -1
1546523832962117 9 -1
1546523832984799 15867 -1
1546523832990252 517 -1
1546523832990267 9 -1
1546523832995836 6828 -1
1546523832995856 9 -1
1546523833036296 15866 -1
1546523833036316 518 -1
1546523833036324 9 -1
1546523833240290 3334 -1
1546523833240306 9 -1
1546523833242366 15866 -1
1546523833242388 518 -1
1546523833242396 160 -1
1546523833242404 155 -1
1546523833242411 284 -1
1546523833242418 9 -1
1546523833245147 15866 -1
1546523833245166 518 -1
1546523833245173 9 -1
1546523833245943 15865 -1
1546523833245956 519 -1
1546523833245962 162 -1
1546523833245969 9 -1
1546523833246215 15865 -1
1546523833246224 519 -1
1546523833246230 9 -1
1546523833263565 15865 -1
1546523833269582 519 -1
1546523833269598 9 -1
1546523833299188 14239 -1
1546523833299205 9 -1
1546523833312411 14738 -1
1546523833312429 9 -1
1546523833329820 15864 -1
1546523833329840 520 -1
1546523833329849 9 -1
1546523833346576 15863 -1
1546523833347563 521 -1
1546523833347576 9 -1
1546523833370598 15862 -1
1546523833370615 522 -1
1546523833370622 118 -1
1546523833370628 132 -1
1546523833370656 9 -1
1546523833391311 15861 -1
1546523833391862 523 -1
1546523833392093 127 -1
1546523833392146 131 -1
1546523833392151 147 -1
1546523833392162 9 -1
1546523833409244 15860 -1
1546523833409261 524 -1
1546523833410124 147 -1
1546523833410147 160 -1
1546523833410152 133 -1
1546523833410188 130 -1
1546523833410323 236 -1
1546523833410330 108 -1
1546523833410338 108 -1
1546523833410341 129 -1
1546523833410411 105 -1
1546523833414072 107 -1
1546523833414081 109 -1
1546523833414107 9 -1
1546523833421401 11268 -1
1546523833425362 158 -1
1546523833425379 154 -1
1546523833425386 155 -1
1546523833425391 155 -1
1546523833425396 9 -1
1546523833443833 16383 -1
1546523833443850 1 -1
1546523833443855 9 -1
1546523833464377 16383 -1
1546523833464393 1 -1
1546523833464432 9 -1
1546523833492131 16383 -1
1546523833492151 1 -1
1546523833492162 9 -1
1546523833520170 15832 -1
1546523833520189 552 -1
1546523833520196 9 -1
1546523833537847 15832 -1
1546523833537864 552 -1
1546523833537873 9 -1
1546523833549028 15874 -1
1546523833549046 510 -1
1546523833549052 9 -1
1546523833562076 16383 -1
1546523833562094 1 -1
1546523833562100 9 -1
1546523833572524 16383 -1
1546523833572595 1 -1
1546523833572602 9 -1
1546523833588272 16383 -1
1546523833588291 1 -1
1546523833588297 9 -1
1546523833588302 2439 -1
1546523833588367 9 -1
1546523833589252 2617 -1
1546523833589268 9 -1
1546523833606702 15835 -1
1546523833606732 549 -1
1546523833606740 9 -1
1546523833618397 15873 -1
1546523833618418 511 -1
1546523833618426 9 -1
1546523833629594 15873 -1
1546523833629612 511 -1
1546523833629620 9 -1
1546523833639230 15873 -1
1546523833640069 511 -1
1546523833640085 9 -1
1546523833645866 15873 -1
1546523833645883 511 -1
1546523833645889 9 -1
1546523833656444 15873 -1
1546523833656485 511 -1
1546523833656494 9 -1
1546523833663036 15873 -1
1546523833663054 511 -1
1546523833663062 9 -1
1546523833676827 15873 -1
1546523833676853 511 -1
1546523833676860 9 -1
1546523833683517 15873 -1
1546523833683537 511 -1
1546523833683545 9 -1
1546523833701534 15873 -1
1546523833701562 511 -1
1546523833701570 9 -1
1546523833724031 16383 -1
1546523833724050 1 -1
1546523833724056 9 -1
1546523833740271 16383 -1
1546523833740290 1 -1
1546523833740295 9 -1
1546523833751748 16383 -1
1546523833751774 1 -1
1546523833751781 9 -1
1546523833769788 16383 -1
1546523833769808 1 -1
1546523833769814 9 -1
1546523833779645 16382 -1
1546523833779672 2 -1
1546523833779679 9 -1
1546523833807270 16382 -1
1546523833807291 2 -1
1546523833807298 9 -1
1546523833824571 16382 -1
1546523833824590 2 -1
1546523833824596 9 -1
1546523833846743 16383 -1
1546523833846983 1 -1
1546523833846989 9 -1
1546523833853149 15831 -1
1546523833853166 553 -1
1546523833853173 9 -1
1546523833864736 15873 -1
1546523833864872 511 -1
1546523833864882 9 -1
1546523833876418 16382 -1
1546523833876437 2 -1
1546523833876442 9 -1
1546523833888400 16382 -1
1546523833888417 2 -1
1546523833888422 9 -1
1546523833910880 16382 -1
1546523833910898 2 -1
1546523833910903 9 -1
1546523833927575 15834 -1
1546523833927594 550 -1
1546523833927600 9 -1
1546523833938409 78 1
1546523833938422 79 1
1546523833938430 78 1
1546523833940880 78 1
1546523833940999 79 1
1546523833949430 15872 -1
1546523833949502 512 -1
1546523833949513 9 -1
1546523833962567 15872 -1
1546523833962587 512 -1
1546523833962595 9 -1
1546523833985445 15872 -1
1546523833985465 512 -1
1546523833985474 9 -1
1546523834007442 15872 -1
1546523834008045 512 -1
1546523834008057 9 -1
1546523834015095 15872 -1
1546523834015109 512 -1
1546523834015117 9 -1
1546523834037814 15872 -1
1546523834037885 512 -1
1546523834037894 9 -1
1546523834054518 15872 -1
1546523834067450 512 -1
1546523834070673 9 -1
1546523834085063 15872 -1
1546523834085081 512 -1
1546523834085089 9 -1
1546523834098970 15872 -1
1546523834100751 512 -1
1546523834100770 9 -1
1546523834113359 16382 -1
1546523834113380 2 -1
1546523834113386 9 -1
1546523834116032 63 1
1546523834117685 63 1
1546523834120041 63 1
1546523834121361 63 1
1546523834123980 16382 -1
1546523834124002 2 -1
1546523834124010 9 -1
1546523834124053 63 1
1546523834126247 63 1
1546523834128179 9643 -1
1546523834128198 9 -1
1546523834136526 16382 -1
1546523834136547 2 -1
1546523834136557 9 -1
1546523834140162 3820 -1
1546523834140181 9 -1
1546523834148156 16381 -1
1546523834148183 3 -1
1546523834149857 9 -1
1546523834159549 16381 -1
1546523834159570 3 -1
1546523834159577 9 -1
1546523834167262 11687 -1
1546523834167283 9 -1
1546523834169473 5684 -1
1546523834169491 9 -1
1546523834183959 15872 -1
1546523834184347 512 -1
1546523834184364 9 -1
1546523834194298 16381 -1
1546523834194319 3 -1
1546523834194325 9 -1
1546523834212227 16381 -1
1546523834212247 3 -1
1546523834212256 9 -1
1546523834213657 16381 -1
1546523834213675 3 -1
1546523834213683 9 -1
1546523834217804 15088 -1
1546523834217825 9 -1
1546523834225401 15871 -1
1546523834226080 513 -1
1546523834226091 9 -1
1546523834236543 397 1
1546523834237855 15871 -1
1546523834237908 513 -1
1546523834237918 9 -1
1546523834255302 15871 -1
1546523834255366 513 -1
1546523834255374 9 -1
1546523834267751 15871 -1
1546523834267770 513 -1
1546523834267782 9 -1
1546523834278894 15871 -1
1546523834279134 513 -1
1546523834279208 9 -1
1546523834302454 15871 -1
1546523834302472 513 -1
1546523834302482 9 -1
1546523834317821 15871 -1
1546523834317839 513 -1
1546523834317847 9 -1
1546523834339365 15871 -1
1546523834339384 513 -1
1546523834339392 9 -1
1546523834351240 15871 -1
1546523834351261 513 -1
1546523834351269 9 -1
1546523834368789 16381 -1
1546523834368808 3 -1
1546523834368870 9 -1
1546523834380269 16381 -1
1546523834380287 3 -1
1546523834380293 9 -1
1546523834396378 16381 -1
1546523834396413 3 -1
1546523834396421 9 -1
1546523834408652 16380 -1
1546523834408675 4 -1
1546523834408682 9 -1
1546523834428422 16380 -1
1546523834428447 4 -1
1546523834428452 9 -1
1546523834438267 15871 -1
1546523834442249 513 -1
1546523834442266 9 -1
1546523834450227 16380 -1
1546523834450655 4 -1
1546523834450663 9 -1
1546523834463274 16380 -1
1546523834463290 4 -1
1546523834463295 157 -1
1546523834463302 252 -1
1546523834463450 147 -1
1546523834463459 146 -1
1546523834463466 149 -1
1546523834463934 9 -1
1546523834472675 16380 -1
1546523834474038 4 -1
1546523834474044 9 -1
1546523834490368 15870 -1
1546523834490383 514 -1
1546523834490390 9 -1
1546523834497617 15870 -1
1546523834497635 514 -1
1546523834497949 9 -1
1546523834511929 15870 -1
1546523834516026 514 -1
1546523834516194 9 -1
1546523834529078 15870 -1
1546523834529092 514 -1
1546523834529101 9 -1
1546523834544723 15870 -1
1546523834544743 514 -1
1546523834544751 9 -1
1546523834555227 15870 -1
1546523834556963 514 -1
1546523834556991 9 -1
1546523834567161 15870 -1
1546523834567178 514 -1
1546523834567186 152 -1
1546523834567602 9 -1
1546523834585241 15870 -1
1546523834585257 514 -1
1546523834585264 9 -1
1546523834601672 15870 -1
1546523834601692 514 -1
1546523834601700 102 -1
1546523834601707 129 -1
1546523834603314 128 -1
1546523834603322 125 -1
1546523834603327 112 -1
1546523834603331 9 -1
1546523834611542 5677 -1
1546523834611559 9 -1
1546523834631674 16380 -1
1546523834631691 4 -1
1546523834632009 9 -1
1546523834643206 16380 -1
1546523834643227 4 -1
1546523834643233 9 -1
1546523834666418 16379 -1
1546523834666437 5 -1
1546523834666624 9 -1
1546523834677221 16379 -1
1546523834677240 5 -1
1546523834677247 9 -1
1546523834693735 15870 -1
1546523834693808 514 -1
1546523834693817 9 -1
1546523834721105 16379 -1
1546523834721122 5 -1
1546523834721128 9 -1
1546523834723634 16379 -1
1546523834723656 5 -1
1546523834723662 9 -1
1546523834734472 16379 -1
1546523834734490 5 -1
1546523834734495 9 -1
1546523834752509 15869 -1
1546523834752526 515 -1
1546523834753065 9 -1
1546523834764766 15869 -1
1546523834764781 515 -1
1546523834764789 9 -1
1546523834785778 15869 -1
1546523834803060 515 -1
1546523834803077 136 -1
1546523834803082 9 -1
1546523834820980 15869 -1
1546523834820995 515 -1
1546523834821060 9 -1
1546523834848458 15869 -1
1546523834848478 515 -1
1546523834848487 9 -1
1546523834867755 15869 -1
1546523834867781 515 -1
1546523834867787 9 -1
1546523834877281 15869 -1
1546523834877299 515 -1
1546523834877307 9 -1
1546523834904143 15869 -1
1546523834904160 515 -1
1546523834904168 9 -1
1546523834917710 15869 -1
1546523834917789 515 -1
1546523834917798 9 -1
1546523834930701 16379 -1
1546523834930715 5 -1
1546523834930720 9 -1
1546523834945489 16379 -1
1546523834945508 5 -1
1546523834945829 9 -1
1546523834965865 16378 -1
1546523834965884 6 -1
1546523834965890 9 -1
1546523834973261 16378 -1
1546523834973414 6 -1
1546523834973421 9 -1
1546523834978079 5693 -1
1546523834978104 9 -1
1546523834993384 16378 -1
1546523834993538 6 -1
1546523834993647 9 -1
1546523835012787 16378 -1
1546523835012806 6 -1
1546523835012812 9 -1
1546523835035072 16378 -1
1546523835035092 6 -1
1546523835035300 9 -1
1546523835048799 15868 -1
1546523835048819 516 -1
1546523835048826 9 -1
1546523835075833 15868 -1
1546523835075891 516 -1
1546523835075900 9 -1
1546523835093516 15868 -1
1546523835093533 516 -1
1546523835093542 9 -1
1546523835110508 15868 -1
1546523835110528 516 -1
1546523835110535 9 -1
1546523835128875 15868 -1
1546523835129368 516 -1
1546523835129378 9 -1
1546523835168380 15868 -1
1546523835168397 516 -1
1546523835168404 9 -1
1546523835190285 15868 -1
1546523835190302 516 -1
1546523835190310 9 -1
1546523835220107 15868 -1
1546523835222506 516 -1
1546523835222518 9 -1
1546523835242706 15868 -1
1546523835242724 516 -1
1546523835242733 9 -1
1546523835243686 1274 -1
1546523835243706 9 -1
1546523835245571 2532 -1
1546523835245583 9 -1
1546523835262514 16377 -1
1546523835262538 7 -1
1546523835263947 9 -1
1546523835480207 16377 -1
1546523835480227 7 -1
1546523835480233 9 -1
1546523835483757 16377 -1
1546523835484092 7 -1
1546523835484100 9 -1
1546523835485559 16377 -1
1546523835485571 7 -1
1546523835485575 9 -1
1546523835489175 16377 -1
1546523835489188 7 -1
1546523835489194 9 -1
1546523835491812 15867 -1
1546523835491830 517 -1
1546523835492456 9 -1
1546523835500845 11562 -1
1546523835500863 9 -1
1546523835512636 15867 -1
1546523835512653 517 -1
1546523835512773 9 -1
1546523835524816 15867 -1
1546523835530060 517 -1
1546523835530078 9 -1
1546523835537079 15867 -1
1546523835537095 517 -1
1546523835537103 9 -1
1546523835542792 3886 -1
1546523835542817 9 -1
1546523835544354 3739 -1
1546523835544435 9 -1
1546523835554098 15867 -1
1546523835555109 517 -1
1546523835555554 9 -1
1546523835566225 15867 -1
1546523835566240 517 -1
1546523835566245 9 -1
1546523835566559 3530 -1
1546523835566675 9 -1
1546523835570263 3653 -1
1546523835570309 9 -1
1546523835578871 16376 -1
1546523835578890 8 -1
1546523835579066 9 -1
1546523835589677 16376 -1
1546523835589740 8 -1
1546523835589747 9 -1
1546523835609162 16376 -1
1546523835609177 8 -1
1546523835609182 9 -1
1546523835616515 15866 -1
1546523835621109 518 -1
1546523835621124 9 -1
1546523835633040 15866 -1
1546523835633066 518 -1
1546523835633072 9 -1
1546523835650516 15866 -1
1546523835654694 518 -1
1546523835654707 9 -1
1546523835670839 15866 -1
1546523835670856 518 -1
1546523835670865 9 -1
1546523835688915 15866 -1
1546523835688933 518 -1
1546523835689267 9 -1
1546523835701684 15866 -1
1546523835705328 518 -1
1546523835705343 9 -1
1546523835724901 16375 -1
1546523835724927 9 -1
1546523835724933 9 -1
1546523835737097 16375 -1
1546523835737115 9 -1
1546523835737123 9 -1
1546523835752634 16375 -1
1546523835752654 9 -1
1546523835752660 9 -1
1546523835767362 15865 -1
1546523835767380 519 -1
1546523835767388 9 -1
1546523835781262 15865 -1
1546523835784783 519 -1
1546523835784797 9 -1
1546523835791183 15865 -1
1546523835791205 519 -1
1546523835791211 9 -1
1546523835810610 15865 -1
1546523835810632 519 -1
1546523835810640 9 -1
1546523835811898 1783 -1
1546523835811915 9 -1
1546523835826711 15865 -1
1546523835826733 2 -1
1546523835827396 9 -1
1546523835837057 16374 -1
1546523835837075 10 -1
1546523835837081 9 -1
1546523835854655 16374 -1
1546523835854677 10 -1
1546523835854684 9 -1
1546523835856023 5770 -1
1546523835856036 9 -1
1546523835859552 9300 -1
1546523835859568 9 -1
1546523835868092 15864 -1
1546523835868113 520 -1
1546523835868122 9 -1
1546523835877075 15864 -1
1546523835877704 274 -1
1546523835877721 9 -1
1546523835895016 15864 -1
1546523835895032 520 -1
1546523835895039 9 -1
1546523835900956 16373 -1
1546523835900974 11 -1
1546523835900979 9 -1
1546523835910001 16373 -1
1546523835910018 11 -1
1546523835910023 9 -1
1546523835911680 3876 -1
1546523835911693 9 -1
1546523835921026 15863 -1
1546523835921045 521 -1
1546523835921055 9 -1
1546523835934139 16372 -1
1546523835934156 12 -1
1546523835934160 9 -1
1546523835938537 16372 -1
1546523835938551 12 -1
1546523835939715 9 -1
1546523835940554 2537 -1
1546523835940566 9 -1
1546523835948802 16371 -1
1546523835948832 13 -1
1546523835948839 9 -1
1546523835954313 16371 -1
1546523835954326 13 -1
1546523835954331 9 -1
1546523835956370 6086 -1
1546523835956384 9 -1
1546523835962967 16370 -1
1546523835962981 14 -1
1546523835963049 9 -1
1546523835967883 5393 -1
1546523835967902 9 -1
1546523835967908 2617 -1
1546523835971291 9 -1
1546523835971302 2439 -1
1546523835971315 9 -1
1546523835971736 3685 -1
1546523835971751 9 -1
1546523835972403 3151 -1
1546523835972432 9 -1
1546523835973631 2795 -1
1546523835973648 9 -1
1546523835975424 4524 -1
1546523835975456 9 -1
1546523835982815 6392 -1
1546523835983767 9 -1
1546523835986079 3468 -1
1546523835986208 9 -1
1546523835987211 6409 -1
1546523835987229 9 -1
1546523835988205 6273 -1
1546523835988232 9 -1
1546523835989298 8360 -1
1546523835989313 9 -1
1546523835993210 6787 -1
1546523836784530 59 1
1546523836792373 256 -1
1546523836792392 9 -1
1546523836808393 16383 -1
1546523836808415 1 -1
1546523836808421 9 -1
1546523836820703 16383 -1
1546523836820722 1 -1
1546523836820728 9 -1
1546523836822072 3820 -1
1546523842537383 17 1
