### "'63664 92185 267482 90712 113318 16298 228387 167645 169127 173460 117705 270178 80415 60547 169865 243946 8364 8508 68656 63129 19884 82715 109597 48644 38310 24115 101907 52149 92763 84425 77498 45599 71271 32967 51051 45809 10162 45809 56352 71925 13464 37071'"
0 0 0
1546523992716872 187 1
1546523992716885 78 1
1546523992716893 79 1
1546523992716901 78 1
1546523992716908 78 1
1546523992716915 79 1
1546523992716959 63 1
1546523992716966 63 1
1546523992717217 63 1
1546523992717225 63 1
1546523992717308 63 1
0 0 0
1546523992819362 187 1
1546523992819378 64 1
1546523992819388 63 1
1546523992819397 63 1
1546523992819406 63 1
1546523992819415 63 1
0 0 0
1546523991155073 203 1
1546523991158681 39 -1
1546523991158697 13 -1
1546523991162781 9 -1
1546523991163739 311 -1
1546523991163756 9 -1
1546523991163853 2187 -1
1546523991202258 9 1
1546523991202470 17 1
0 0 0
1546523991131863 182 1
1546523991133336 58 1
1546523991133398 58 1
1546523991133437 59 1
1546523991133485 58 1
1546523991133529 59 1
1546523991133576 59 1
1546523991133618 58 1
1546523991133663 59 1
1546523991133711 58 1
1546523991133755 58 1
1546523991133798 59 1
1546523991133846 79 1
1546523991133888 78 1
1546523991133935 88 1
1546523991134075 58 1
1546523991134122 58 1
1546523991134423 59 1
1546523991134505 59 1
1546523991134544 59 1
1546523991134590 59 1
1546523991134632 59 1
1546523991134679 58 1
1546523991134720 58 1
0 0 0
1546523992861683 187 1
1546523992861696 63 1
1546523992862062 63 1
1546523992862072 63 1
1546523992862080 63 1
1546523992862088 63 1
1546523992866926 39 -1
1546523992866933 13 -1
1546523992867947 9 1
1546523992873387 9 -1
1546523992961894 82 1
1546523992963319 59 1
1546523992966202 59 1
1546523992966455 58 1
1546523992966469 58 1
1546523992967661 72 1
1546523992967733 58 1
1546523992968982 311 -1
1546523992969001 9 -1
1546523992970829 3329 -1
1546523992970854 59 1
1546523992970865 58 1
1546523992970875 78 1
1546523992970976 58 1
1546523992975251 132 -1
1546523992975262 9 -1
1546523992975280 78 1
1546523992977216 58 1
1546523992977608 58 1
1546523992979572 78 1
1546523992979588 58 1
1546523992979598 78 1
1546523992982132 58 1
1546523992985654 78 1
1546523992985670 58 1
1546523992986236 58 1
1546523992987043 15873 -1
1546523992987062 511 -1
1546523992987177 9 -1
1546523992988716 16383 -1
1546523992988742 1 -1
1546523992988750 9 -1
1546523992997073 16382 -1
1546523992997093 2 -1
1546523992997100 9 -1
1546523992999856 16381 -1
1546523992999878 3 -1
1546523992999886 9 -1
1546523993000618 16383 -1
1546523993000634 1 -1
1546523993000639 9 -1
1546523993000768 16382 -1
1546523993000778 2 -1
1546523993000783 9 -1
1546523993000880 16381 -1
1546523993000889 3 -1
1546523993000893 9 -1
1546523993004875 16380 -1
1546523993004891 4 -1
1546523993004896 9 -1
1546523993016876 16379 -1
1546523993016896 5 -1
1546523993016903 9 -1
1546523993017789 16378 -1
1546523993017827 6 -1
1546523993017833 9 -1
1546523993018578 16377 -1
1546523993018634 7 -1
1546523993018641 9 -1
1546523993019291 16376 -1
1546523993019306 8 -1
1546523993019311 9 -1
1546523993021413 16375 -1
1546523993021437 9 -1
1546523993021443 9 -1
1546523993030590 16374 -1
1546523993030606 10 -1
1546523993030714 9 -1
1546523993031707 16373 -1
1546523993032065 11 -1
1546523993032071 9 -1
1546523993036402 16372 -1
1546523993036418 12 -1
1546523993036424 107 -1
1546523993036603 107 -1
1546523993036791 141 -1
1546523993036798 133 -1
1546523993040320 131 -1
1546523993040365 143 -1
1546523993040378 132 -1
1546523993040384 133 -1
1546523993040388 148 -1
1546523993040395 259 -1
1546523993040401 131 -1
1546523993040772 148 -1
1546523993046628 130 -1
1546523993046635 158 -1
1546523993046649 132 -1
1546523993046653 148 -1
1546523993046660 131 -1
1546523993046708 131 -1
1546523993046800 9 -1
1546523993053212 5338 -1
1546523993053240 9 -1
1546523993054883 15874 -1
1546523993055701 510 -1
1546523993056011 9 -1
1546523993059828 58 1
1546523993063590 15873 -1
1546523993063611 511 -1
1546523993063619 9 -1
1546523993064313 88 1
1546523993067760 89 1
1546523993070348 58 1
1546523993073707 88 1
1546523993076329 88 1
1546523993076966 88 1
1546523993078431 16298 -1
1546523993078453 9 -1
1546523993082276 58 1
1546523993083098 16383 -1
1546523993083119 1 -1
1546523993083202 9 -1
1546523993092979 15873 -1
1546523993093718 511 -1
1546523993093733 9 -1
1546523993104392 16383 -1
1546523993104414 1 -1
1546523993104420 9 -1
1546523993105452 2617 -1
1546523993105466 9 -1
1546523993115426 15873 -1
1546523993115448 511 -1
1546523993115456 9 -1
1546523993116049 1794 -1
1546523993116065 9 -1
1546523993123171 15873 -1
1546523993125958 511 -1
1546523993125977 9 -1
1546523993135083 15873 -1
1546523993135141 511 -1
1546523993135193 9 -1
1546523993138078 2973 -1
1546523993138327 9 -1
1546523993149757 16383 -1
1546523993149779 1 -1
1546523993149786 9 -1
1546523993149867 2973 -1
1546523993149878 9 -1
1546523993167229 16383 -1
1546523993168345 1 -1
1546523993168433 9 -1
1546523993170835 3329 -1
1546523993170973 9 -1
1546523993177118 16383 -1
1546523993177139 1 -1
1546523993177144 9 -1
1546523993187938 16383 -1
1546523993188209 1 -1
1546523993188217 9 -1
1546523993193714 15873 -1
1546523993193734 511 -1
1546523993193742 9 -1
1546523993202291 15872 -1
1546523993202311 512 -1
1546523993202664 9 -1
1546523993213355 16382 -1
1546523993213376 2 -1
1546523993213381 9 -1
1546523993221166 15872 -1
1546523993221186 512 -1
1546523993221194 9 -1
1546523993230298 16382 -1
1546523993230322 2 -1
1546523993230329 9 -1
1546523993242232 15872 -1
1546523993242252 512 -1
1546523993242261 9 -1
1546523993258418 15872 -1
1546523993258434 512 -1
1546523993258441 9 -1
1546523993274457 15872 -1
1546523993274475 512 -1
1546523993279797 9 -1
1546523993307865 16382 -1
1546523993307896 2 -1
1546523993307903 9 -1
1546523993309986 16382 -1
1546523993310274 2 -1
1546523993310281 9 -1
1546523993331470 16382 -1
1546523993331490 2 -1
1546523993331634 9 -1
1546523993361825 16382 -1
1546523993362059 2 -1
1546523993362478 9 -1
1546523993377027 15872 -1
1546523993377049 512 -1
1546523993377155 9 -1
1546523993396195 15871 -1
1546523993397198 513 -1
1546523993397215 9 -1
1546523993408871 16381 -1
1546523993408912 3 -1
1546523993409112 9 -1
1546523993419286 15871 -1
1546523993419573 513 -1
1546523993420268 9 -1
1546523993430334 16381 -1
1546523993430353 3 -1
1546523993430360 9 -1
1546523993441906 15871 -1
1546523993442052 513 -1
1546523993442174 9 -1
1546523993456992 15871 -1
1546523993457014 513 -1
1546523993457021 9 -1
1546523993459876 15871 -1
1546523993460165 513 -1
1546523993460184 9 -1
1546523993472519 16381 -1
1546523993472535 3 -1
1546523993472543 9 -1
1546523993481356 16381 -1
1546523993481375 3 -1
1546523993481384 129 -1
1546523993481390 9 -1
1546523993490979 16381 -1
1546523993491000 3 -1
1546523993491007 135 -1
1546523993491014 9 -1
1546523993509609 16381 -1
1546523993509630 3 -1
1546523993509639 9 -1
1546523993510816 15871 -1
1546523993510886 513 -1
1546523993510898 217 -1
1546523993510906 141 -1
1546523993510914 106 -1
1546523993510939 9 -1
1546523993521649 15870 -1
1546523993523837 514 -1
1546523993523968 158 -1
1546523993523979 183 -1
1546523993524196 106 -1
1546523993524334 9 -1
1546523993544929 16380 -1
1546523993544957 4 -1
1546523993544964 130 -1
1546523993544969 148 -1
1546523993544977 154 -1
1546523993544983 159 -1
1546523993545022 129 -1
1546523993545137 9 -1
1546523993546717 16383 -1
1546523993546814 1 -1
1546523993551905 208 -1
1546523993551960 9 -1
1546523993565114 16380 -1
1546523993565701 4 -1
1546523993565710 9 -1
1546523993579016 15870 -1
1546523993579066 514 -1
1546523993579322 9 -1
1546523993596497 15870 -1
1546523993596543 514 -1
1546523993596554 105 -1
1546523993596623 9 -1
1546523993604821 16383 -1
1546523993604844 1 -1
1546523993604852 9 -1
1546523993616264 16380 -1
1546523993616649 4 -1
1546523993616772 9 -1
1546523993624383 11395 -1
1546523993624404 9 -1
1546523993638034 16380 -1
1546523993638269 4 -1
1546523993638423 9 -1
1546523993659328 16380 -1
1546523993659346 4 -1
1546523993659353 9 -1
1546523993670684 15870 -1
1546523993670702 514 -1
1546523993670711 9 -1
1546523993919159 15869 -1
1546523993919179 515 -1
1546523993919187 9 -1
1546523993950823 16379 -1
1546523993950841 5 -1
1546523993950846 9 -1
1546523993962949 16382 -1
1546523993962963 2 -1
1546523993962968 9 -1
1546523993996063 16379 -1
1546523993996081 5 -1
1546523993996086 9 -1
1546523994012837 15869 -1
1546523994014043 515 -1
1546523994014059 9 -1
1546523994040947 16383 -1
1546523994040967 1 -1
1546523994040973 9 -1
1546523994060544 16382 -1
1546523994060560 2 -1
1546523994060565 9 -1
1546523994088635 14879 -1
1546523994088653 9 -1
1546523994100285 16379 -1
1546523994100299 5 -1
1546523994100305 9 -1
1546523994116605 16379 -1
1546523994116621 5 -1
1546523994116626 9 -1
1546523994127470 8792 -1
1546523994127489 9 -1
1546523994143720 15868 -1
1546523994143741 516 -1
1546523994143750 9 -1
1546523994165916 16378 -1
1546523994165933 6 -1
1546523994165939 9 -1
1546523994171227 16381 -1
1546523994171247 3 -1
1546523994171253 9 -1
1546523994189664 16378 -1
1546523994189723 6 -1
1546523994189728 9 -1
1546523994199401 15868 -1
1546523994199422 516 -1
1546523994199429 9 -1
1546523994221586 16382 -1
1546523994221603 2 -1
1546523994221662 9 -1
1546523994238782 16381 -1
1546523994238799 3 -1
1546523994238807 9 -1
1546523994266966 16378 -1
1546523994267027 6 -1
1546523994267196 9 -1
1546523994284880 16378 -1
1546523994284897 6 -1
1546523994284902 9 -1
1546523994296539 15014 -1
1546523994296704 9 -1
1546523994324723 16377 -1
1546523994324741 7 -1
1546523994324848 9 -1
1546523994330330 16380 -1
1546523994330348 4 -1
1546523994330354 9 -1
1546523994347258 16377 -1
1546523994347278 7 -1
1546523994347283 9 -1
1546523994358648 15867 -1
1546523994358674 517 -1
1546523994358684 9 -1
1546523994372513 16381 -1
1546523994372531 3 -1
1546523994372538 9 -1
1546523994387422 16380 -1
1546523994387439 4 -1
1546523994387444 9 -1
1546523994403680 16377 -1
1546523994403698 7 -1
1546523994403704 9 -1
1546523994416001 16377 -1
1546523994416019 7 -1
1546523994416023 9 -1
1546523994432478 16376 -1
1546523994432497 8 -1
1546523994432503 9 -1
1546523994449159 16379 -1
1546523994449184 5 -1
1546523994449189 9 -1
1546523994455947 16376 -1
1546523994455962 8 -1
1546523994456008 9 -1
1546523994468718 15866 -1
1546523994468760 518 -1
1546523994468767 9 -1
1546523994468773 3017 -1
1546523994468779 9 -1
1546523994479367 16379 -1
1546523994479386 5 -1
1546523994479391 9 -1
1546523994490433 16376 -1
1546523994490452 8 -1
1546523994490457 9 -1
1546523994509029 16376 -1
1546523994509043 8 -1
1546523994509048 9 -1
1546523994521689 16375 -1
1546523994521708 9 -1
1546523994521713 9 -1
1546523994532050 16378 -1
1546523994532066 6 -1
1546523994532072 9 -1
1546523994552650 16375 -1
1546523994552664 9 -1
1546523994552870 9 -1
1546523994560615 15865 -1
1546523994560978 519 -1
1546523994560984 9 -1
1546523994582958 16378 -1
1546523994582975 6 -1
1546523994582981 9 -1
1546523994600337 16375 -1
1546523994600351 9 -1
1546523994600356 9 -1
1546523994618523 16375 -1
1546523994618538 9 -1
1546523994618542 9 -1
1546523994630537 16374 -1
1546523994630556 10 -1
1546523994630562 9 -1
1546523994641017 16377 -1
1546523994641033 7 -1
1546523994641040 9 -1
1546523994651999 16374 -1
1546523994652014 10 -1
1546523994652019 9 -1
1546523994661369 15864 -1
1546523994661386 520 -1
1546523994661395 9 -1
1546523994683582 16377 -1
1546523994683603 7 -1
1546523994683610 9 -1
1546523994699542 16374 -1
1546523994699562 10 -1
1546523994699568 9 -1
1546523994717661 16374 -1
1546523994717681 10 -1
1546523994717772 9 -1
1546523994752576 16373 -1
1546523994752595 11 -1
1546523994752603 9 -1
1546523994758691 3805 -1
1546523994758709 9 -1
1546523994760094 5287 -1
1546523994760105 9 -1
1546523994777750 9620 -1
1546523994777768 9 -1
1546523994819956 16376 -1
1546523994819996 8 -1
1546523994820003 9 -1
1546523994829792 6025 -1
1546523994829810 9 -1
1546523994866209 16373 -1
1546523994866232 11 -1
1546523994866260 9 -1
1546523994880981 16372 -1
1546523994881000 12 -1
1546523994881058 9 -1
1546523994898057 16375 -1
1546523994898073 9 -1
1546523994898078 9 -1
1546523994922098 16372 -1
1546523994922114 12 -1
1546523994922119 9 -1
1546523994931504 16371 -1
1546523994931521 13 -1
1546523994931525 9 -1
1546523994944855 16374 -1
1546523994944879 10 -1
1546523994944887 9 -1
1546523994972891 16371 -1
1546523994972911 13 -1
1546523994972917 9 -1
1546523994988075 15395 -1
1546523994988096 9 -1
1546523995004732 16373 -1
1546523995004747 11 -1
1546523995004956 9 -1
1546523995018138 16370 -1
1546523995018155 14 -1
1546523995018161 9 -1
1546523995029292 16372 -1
1546523995029314 12 -1
1546523995029321 9 -1
1546523995045185 14570 -1
1546523995045201 9 -1
1546523995054894 16371 -1
1546523995054909 13 -1
1546523995054915 9 -1
1546523995071386 8034 -1
1546523995071501 9 -1
1546523995073947 7059 -1
1546523995074570 9 -1
1546523995085308 7373 -1
1546523995085333 9 -1
1546523995091749 7531 -1
1546523995094351 9 -1
1546523995101709 7789 -1
1546523995101723 9 -1
1546523995110565 8364 -1
1546523995110582 9 -1
1546523995123323 8508 -1
1546523995123343 9 -1
1546523995136544 16383 -1
1546523995136563 1 -1
1546523995136569 9 -1
1546523995149953 16383 -1
1546523995149970 1 -1
1546523995149976 9 -1
1546523995156123 5792 -1
1546523995156760 9 -1
1546523995175437 16383 -1
1546523995175460 1 -1
1546523995175467 9 -1
1546523995202161 16383 -1
1546523995202180 1 -1
1546523995202186 9 -1
1546523995244151 77 1
1546523995244176 95 1
1546523995244532 79 1
1546523995244627 78 1
1546523995244638 59 1
1546523995247769 16383 -1
1546523995247792 1 -1
1546523995247799 9 -1
1546523995247872 78 1
1546523995253153 58 1
1546523995253169 59 1
1546523995254113 78 1
1546523995259875 58 1
1546523995263402 59 1
1546523995266500 59 1
1546523995266516 59 1
1546523995266758 79 1
1546523995266769 59 1
1546523995286979 16383 -1
1546523995287244 1 -1
1546523995287340 9 -1
1546523995310938 15835 -1
1546523995311350 549 -1
1546523995311361 9 -1
1546523995335699 16383 -1
1546523995335722 1 -1
1546523995335737 9 -1
1546523995355653 88 1
1546523995361103 88 1
1546523995367966 88 1
1546523995370585 67 1
1546523995372935 87 1
1546523995373452 16382 -1
1546523995373468 2 -1
1546523995373476 9 -1
1546523995376426 88 1
1546523995382044 88 1
1546523995383553 87 1
1546523995407138 16382 -1
1546523995407161 2 -1
1546523995407168 9 -1
1546523995408496 3500 -1
1546523995408515 9 -1
1546523995419159 16382 -1
1546523995419233 2 -1
1546523995419288 9 -1
1546523995441375 16382 -1
1546523995442099 2 -1
1546523995442104 9 -1
1546523995462968 16382 -1
1546523995462990 2 -1
1546523995463066 9 -1
1546523995480071 16383 -1
1546523995480098 1 -1
1546523995480107 9 -1
1546523995486832 7731 -1
1546523995486852 9 -1
1546523995516106 16381 -1
1546523995516127 3 -1
1546523995516133 9 -1
1546523995542640 16381 -1
1546523995542656 3 -1
1546523995542662 9 -1
1546523995568502 16381 -1
1546523995568521 3 -1
1546523995568582 9 -1
1546523995580432 16381 -1
1546523995580452 3 -1
1546523995580458 9 -1
1546523995596591 15876 -1
1546523995596608 9 -1
1546523995601511 5542 -1
1546523995601526 9 -1
1546523995618770 16380 -1
1546523995618805 4 -1
1546523995619090 9 -1
1546523995623956 13977 -1
1546523995623973 9 -1
1546523995642871 16380 -1
1546523995642890 4 -1
1546523995642896 9 -1
1546523995653127 16380 -1
1546523995653144 4 -1
1546523995653150 9 -1
1546523995654142 3120 -1
1546523995654593 9 -1
1546523995670778 16379 -1
1546523995670847 5 -1
1546523995670853 9 -1
1546523995682345 16379 -1
1546523995682366 5 -1
1546523995682372 9 -1
1546523995682948 795 -1
1546523995682963 9 -1
1546523995692619 16378 -1
1546523995692640 6 -1
1546523995692645 9 -1
1546523995698844 11293 -1
1546523995698858 181 -1
1546523995698865 146 -1
1546523995698871 147 -1
1546523995698876 131 -1
1546523995703285 147 -1
1546523995703297 147 -1
1546523995703357 131 -1
1546523995703360 147 -1
1546523995703507 130 -1
1546523995703511 220 -1
1546523995703619 170 -1
1546523995703755 148 -1
1546523995703768 129 -1
1546523995703774 130 -1
1546523995703778 131 -1
1546523995703969 157 -1
1546523995703975 160 -1
1546523995703980 159 -1
1546523995703985 162 -1
1546523995703990 244 -1
1546523995709187 198 -1
1546523995709198 155 -1
1546523995709205 158 -1
1546523995709209 9 -1
1546523995711479 2261 -1
1546523995711493 9 -1
1546523995711618 2694 -1
1546523995711625 9 -1
1546523995712858 2439 -1
1546523995712883 9 -1
1546523995714813 3329 -1
1546523995714829 9 -1
1546523995721717 16383 -1
1546523995721738 1 -1
1546523995721743 9 -1
1546523995723773 2617 -1
1546523995723792 9 -1
1546523995738530 16383 -1
1546523995738549 1 -1
1546523995738556 9 -1
1546523995750064 16383 -1
1546523995750080 1 -1
1546523995752076 9 -1
1546523995752083 2617 -1
1546523995752091 9 -1
1546523995761182 16383 -1
1546523995761200 1 -1
1546523995761206 9 -1
1546523995770282 16383 -1
1546523995770298 1 -1
1546523995770404 9 -1
1546523995784674 16383 -1
1546523995784690 1 -1
1546523995784696 9 -1
1546523995793336 16383 -1
1546523995793358 1 -1
1546523995793364 9 -1
1546523995793369 2187 -1
1546523995793473 9 -1
1546523995806591 16383 -1
1546523995806609 1 -1
1546523995806615 9 -1
1546523995815561 16383 -1
1546523995815579 1 -1
1546523995815584 9 -1
1546523995829843 16383 -1
1546523995830028 1 -1
1546523995830035 9 -1
1546523995836843 16383 -1
1546523995836858 1 -1
1546523995836863 9 -1
1546523995843164 10162 -1
1546523995843181 9 -1
1546523995848452 16383 -1
1546523995848469 1 -1
1546523995848475 9 -1
1546523995857831 15835 -1
1546523995861563 549 -1
1546523995861579 9 -1
1546523995869819 13464 -1
1546523995869836 9 -1
1546523995886051 16383 -1
1546523995890806 1 -1
1546523995890816 9 -1
1546523995897862 16382 -1
1546523995897883 2 -1
1546523995897890 9 -1
1546523995920274 16382 -1
1546523995920289 2 -1
1546523995920294 9 -1
1546523995924902 16382 -1
1546523995924922 2 -1
1546523995924929 9 -1
1546523995935712 16382 -1
1546523995935729 2 -1
1546523995935734 9 -1
1546523995953567 16382 -1
1546523995953582 2 -1
1546523995953725 9 -1
1546523995966539 16382 -1
1546523995966559 2 -1
1546523995966565 9 -1
1546523995981959 16382 -1
1546523995981975 2 -1
1546523995981981 9 -1
1546523995994804 16382 -1
1546523995994822 2 -1
1546523995994829 9 -1
1546523996000569 16382 -1
1546523996000586 2 -1
1546523996000598 9 -1
1546523996012831 16382 -1
1546523996012850 2 -1
1546523996012858 9 -1
1546523996027555 16382 -1
1546523996027571 2 -1
1546523996027578 9 -1
1546523996032658 16382 -1
1546523996032677 2 -1
1546523996032683 9 -1
1546523996056834 15834 -1
1546523996056850 550 -1
1546523996056860 9 -1
1546523996069135 16382 -1
1546523996069151 2 -1
1546523996069157 9 -1
1546523996084450 16381 -1
1546523996084468 3 -1
1546523996084474 9 -1
1546523996097362 16381 -1
1546523996097378 3 -1
1546523996097383 9 -1
1546523996107570 16381 -1
1546523996107586 3 -1
1546523996107746 9 -1
1546523996119721 16381 -1
1546523996119740 3 -1
1546523996119747 9 -1
1546523996137146 16381 -1
1546523996137166 3 -1
1546523996137173 9 -1
1546523996142043 12831 -1
1546523996142061 9 -1
1546523996154078 16381 -1
1546523996154096 3 -1
1546523996154102 9 -1
1546523996154106 199 -1
1546523996154114 9 -1
1546523996165882 16381 -1
1546523996165920 3 -1
1546523996165931 9 -1
1546523996172106 13041 -1
1546523996172124 9 -1
1546523996182236 13041 -1
1546523996182250 9 -1
1546523996189619 16381 -1
1546523996189637 3 -1
1546523996189695 9 -1
1546523996202324 15833 -1
1546523996202340 551 -1
1546523996202349 9 -1
1546523996203225 4303 -1
1546523996204273 9 -1
1546523996212329 16380 -1
1546523996212346 4 -1
1546523996212406 9 -1
1546523996223919 16380 -1
1546523996223938 4 -1
1546523996223946 9 -1
1546523996225119 2997 -1
1546523996225138 9 -1
1546523996236174 16380 -1
1546523996236189 4 -1
1546523996236377 9 -1
1546523996246268 16380 -1
1546523996246285 4 -1
1546523996246292 9 -1
1546523996254367 16380 -1
1546523996254382 4 -1
1546523996254387 9 -1
1546523996254392 1899 -1
1546523996254399 9 -1
1546523996258885 7200 -1
1546523996258903 9 -1
1546523996265520 16383 -1
1546523996265536 1 -1
1546523996265542 9 -1
1546523996283566 16379 -1
1546523996283584 5 -1
1546523996283589 9 -1
1546523996286459 16379 -1
1546523996286480 5 -1
1546523996286486 9 -1
1546523996291738 16379 -1
1546523996291753 5 -1
1546523996291911 9 -1
1546523996297559 11962 -1
1546523996297623 9 -1
1546523996308514 5735 -1
1546523996308526 9 -1
1546523996309463 6389 -1
1546523996309476 9 -1
1546523996319043 16378 -1
1546523996319203 6 -1
1546523996319210 9 -1
1546523996326672 10843 -1
1546523996326684 9 -1
1546523996328471 2505 -1
1546523996328490 9 -1
1546523996331143 3603 -1
1546524001710778 17 1
0 0 0
1546523991364262 203 1
0 0 0
1546523991136223 203 1
0 0 0
1546523991396561 183 1
1546523991396577 89 1
1546523991396611 88 1
1546523991396688 87 1
1546523991396724 87 1
1546523991396734 88 1
1546523991396741 88 1
1546523991396748 89 1
1546523991396756 88 1
0 0 0
1546523991148243 182 1
1546523991162418 39 -1
1546523991162429 13 -1
1546523991163316 9 -1
1546523991165596 294 -1
1546523991165613 9 -1
1546523991166131 9 1
1546523991179670 16383 -1
1546523991179697 1 -1
1546523991179704 9 -1
1546523991180729 16382 -1
1546523991180749 2 -1
1546523991180755 9 -1
1546523991184877 16381 -1
1546523991184904 3 -1
1546523991184910 9 -1
1546523991185645 14512 -1
1546523991213268 17 1
0 0 0
1546523991193825 194 1
1546523991202210 39 -1
1546523991202271 13 -1
1546523991203337 9 1
1546523991204102 9 -1
1546523991205702 307 -1
1546523991205720 9 -1
1546523991216199 16383 -1
1546523991216230 1 -1
1546523991216237 9 -1
1546523991218467 16383 -1
1546523991218488 1 -1
1546523991218495 9 -1
1546523991219267 16382 -1
1546523991219285 2 -1
1546523991219291 9 -1
1546523991240038 16381 -1
1546523991240059 3 -1
1546523991240090 9 -1
1546523991241380 16380 -1
1546523991241469 4 -1
1546523991241475 9 -1
1546523991242220 10265 -1
1546523991284269 17 1
