### "'17768 226552 9014 8547 101146 74150 127607 158256 181574 165849 117014 67651 33471 32797 11881 93350'"
0 0 0
1546524826777926 206 1
1546524826777938 78 1
1546524826778850 77 1
1546524826778860 78 1
1546524826778966 78 1
1546524826787766 48 -1
1546524826789156 9 1
1546524826803527 1024 -1
1546524826803540 1024 -1
1546524826811288 852 -1
1546524826811741 1024 -1
1546524826830560 1024 -1
1546524826830582 497 -1
1546524826830587 1024 -1
1546524826830594 1024 -1
1546524826831352 1024 -1
1546524826831365 372 -1
1546524826831373 1024 -1
1546524826831380 1024 -1
1546524826832247 1024 -1
1546524826832257 193 -1
1546524826832261 1024 -1
1546524826832473 1024 -1
1546524826832478 1024 -1
1546524826832484 16 -1
1546524826927767 66 1
1546524826928419 63 1
1546524826928433 63 1
1546524826941076 1024 -1
1546524826941093 1024 -1
1546524826941298 1024 -1
1546524826943089 1024 -1
1546524826943106 1024 -1
1546524826943113 1024 -1
1546524826943119 679 -1
1546524826962107 1024 -1
1546524826962128 1024 -1
1546524826962135 1024 -1
1546524826964276 1024 -1
1546524826976449 1024 -1
1546524826976468 1024 -1
1546524826986422 1024 -1
1546524826986436 1024 -1
1546524826988685 1024 -1
1546524826988708 847 -1
1546524827154720 63 1
1546524827154735 63 1
1546524827154744 63 1
1546524827168343 1024 -1
1546524827168358 1024 -1
1546524827168365 1024 -1
1546524827168977 1024 -1
1546524827187183 1024 -1
1546524827187202 1024 -1
1546524827187735 1024 -1
1546524827194970 1024 -1
1546524827196108 1024 -1
1546524827196119 1024 -1
1546524827196254 1024 -1
1546524827196264 1024 -1
1546524827196769 1024 -1
1546524827196997 1024 -1
1546524827204368 1024 -1
1546524827204380 1024 -1
1546524827204478 1024 -1
1546524827204486 755 -1
1546524827213601 1024 -1
1546524827213619 1024 -1
1546524827213625 1024 -1
1546524827213668 1024 -1
1546524827214658 1024 -1
1546524827214674 1024 -1
1546524827221281 899 -1
1546524830105958 78 1
1546524830105970 78 1
1546524830106099 58 1
1546524830106406 59 1
1546524830106416 78 1
1546524830106424 79 1
1546524830106431 58 1
1546524830113667 78 1
1546524830113681 77 1
1546524830113689 59 1
1546524830113698 58 1
1546524830113707 79 1
1546524830113748 78 1
1546524830113935 78 1
1546524830114904 78 1
1546524830114921 59 1
1546524830115452 79 1
1546524830132750 1024 -1
1546524830132879 1024 -1
1546524830142123 1024 -1
1546524830142151 193 -1
1546524830142158 1024 -1
1546524830142166 1024 -1
1546524830143362 1024 -1
1546524830144995 1024 -1
1546524830145014 416 -1
1546524830149467 1024 -1
1546524830156179 1024 -1
1546524830156468 495 -1
1546524830156969 1024 -1
1546524830161181 1024 -1
1546524830161206 1024 -1
1546524830161216 1024 -1
1546524830162785 1024 -1
1546524830162804 1024 -1
1546524830163921 1024 -1
1546524830167533 1024 -1
1546524830167821 1024 -1
1546524830167839 1024 -1
1546524830174678 1024 -1
1546524830174697 1024 -1
1546524830187070 1024 -1
1546524830187091 1024 -1
1546524830188232 1024 -1
1546524830188248 1024 -1
1546524830188254 1024 -1
1546524830188260 1024 -1
1546524830189890 1024 -1
1546524830189906 1024 -1
1546524830189914 1024 -1
1546524830190085 1024 -1
1546524830193140 1024 -1
1546524830193178 1024 -1
1546524830193329 1024 -1
1546524830193336 1024 -1
1546524830205081 1024 -1
1546524830205097 1024 -1
1546524830205105 1024 -1
1546524830205618 1024 -1
1546524830205718 1024 -1
1546524830205729 1024 -1
1546524830205734 1024 -1
1546524830207738 1024 -1
1546524830207841 1024 -1
1546524830207848 1024 -1
1546524830207920 1024 -1
1546524830209326 1024 -1
1546524830209552 1024 -1
1546524830209691 1024 -1
1546524830209699 1024 -1
1546524830210969 1024 -1
1546524830210986 1024 -1
1546524830210994 1024 -1
1546524830211260 1024 -1
1546524830211273 59 1
1546524830213396 1024 -1
1546524830213415 1024 -1
1546524830213422 1024 -1
1546524830213470 1024 -1
1546524830213608 1024 -1
1546524830213798 88 1
1546524830214755 1024 -1
1546524830214769 1024 -1
1546524830215927 1024 -1
1546524830215939 1024 -1
1546524830216865 1024 -1
1546524830218965 1024 -1
1546524830218981 95 -1
1546524830218986 1024 -1
1546524830219809 1024 -1
1546524830223132 1024 -1
1546524830223193 193 -1
1546524830223202 1024 -1
1546524830223346 1024 -1
1546524830223362 67 1
1546524830225974 1024 -1
1546524830226411 1024 -1
1546524830226417 1024 -1
1546524830226477 1024 -1
1546524830226613 1024 -1
1546524830226656 1024 -1
1546524830226699 1024 -1
1546524830226705 1024 -1
1546524830228306 1024 -1
1546524830228317 1024 -1
1546524830228324 1024 -1
1546524830228329 1024 -1
1546524830229494 1024 -1
1546524830229506 1024 -1
1546524830230557 1024 -1
1546524830230889 1024 -1
1546524830230897 1024 -1
1546524830236953 1024 -1
1546524830237019 1024 -1
1546524830237027 1024 -1
1546524830237097 1024 -1
1546524830238099 1024 -1
1546524830238153 1024 -1
1546524830238193 1024 -1
1546524830238248 1024 -1
1546524830238992 1024 -1
1546524830239005 1024 -1
1546524830239104 1024 -1
1546524830239196 1024 -1
1546524830239583 1024 -1
1546524830239595 1024 -1
1546524830240303 1024 -1
1546524830240851 1024 -1
1546524830240865 1024 -1
1546524830242049 1024 -1
1546524830242734 1024 -1
1546524830244409 1024 -1
1546524830244421 1024 -1
1546524830245302 1024 -1
1546524830247805 1024 -1
1546524830247818 1024 -1
1546524830247825 1024 -1
1546524830249211 1024 -1
1546524830249330 1024 -1
1546524830249337 1024 -1
1546524830249343 1024 -1
1546524830250232 1024 -1
1546524830250263 1024 -1
1546524830250308 1024 -1
1546524830250367 1024 -1
1546524830251819 1024 -1
1546524830251905 1024 -1
1546524830251955 1024 -1
1546524830252869 814 -1
1546524830252882 1024 -1
1546524830252902 1024 -1
1546524830256044 1024 -1
1546524830259765 1024 -1
1546524830259785 1024 -1
1546524830259792 1024 -1
1546524830259799 1024 -1
1546524830262968 1024 -1
1546524830263035 1024 -1
1546524830263042 1024 -1
1546524830263166 1024 -1
1546524830265702 1024 -1
1546524830265888 1024 -1
1546524830266103 1024 -1
1546524830266150 1024 -1
1546524830267461 1024 -1
1546524830267605 1024 -1
1546524830267725 1024 -1
1546524830267874 1024 -1
1546524830269035 1024 -1
1546524830269146 1024 -1
1546524830269223 1024 -1
1546524830269381 1024 -1
1546524830270392 1024 -1
1546524830270577 1024 -1
1546524830270587 537 -1
1546524830270593 1024 -1
1546524830271922 1024 -1
1546524830272086 675 -1
1546524830272130 1024 -1
1546524830272137 1024 -1
1546524830273825 1024 -1
1546524830274045 1024 -1
1546524830274187 1024 -1
1546524830274193 1024 -1
1546524830275751 1024 -1
1546524830275762 1024 -1
1546524830275769 1024 -1
1546524830275943 1024 -1
1546524830277546 1024 -1
1546524830277637 1024 -1
1546524830277645 1024 -1
1546524830277652 1024 -1
1546524830279473 1024 -1
1546524830279487 1024 -1
1546524830279494 1024 -1
1546524830279713 1024 -1
1546524830281589 1024 -1
1546524830281607 1024 -1
1546524830281893 1024 -1
1546524830281900 1024 -1
1546524830282877 1024 -1
1546524830282890 1024 -1
1546524830283523 1024 -1
1546524830283626 1024 -1
1546524830283965 1024 -1
1546524830284588 1024 -1
1546524830284675 1024 -1
1546524830286152 1024 -1
1546524830286270 1024 -1
1546524830286396 1024 -1
1546524830286528 1024 -1
1546524830287661 1024 -1
1546524830287680 1024 -1
1546524830287687 1024 -1
1546524830288173 1024 -1
1546524830296210 1024 -1
1546524830296228 1024 -1
1546524830296294 1024 -1
1546524830297802 1024 -1
1546524830297819 1024 -1
1546524830297826 1024 -1
1546524830297962 1024 -1
1546524830298767 1024 -1
1546524830298781 1024 -1
1546524830298787 1024 -1
1546524830300306 1024 -1
1546524830300322 1024 -1
1546524830300724 1024 -1
1546524830300731 1024 -1
1546524830301693 1024 -1
1546524830301710 1024 -1
1546524830301717 1024 -1
1546524830301796 1024 -1
1546524830302568 1024 -1
1546524830302585 1024 -1
1546524830302591 1024 -1
1546524830302599 1024 -1
1546524830303611 1024 -1
1546524830303629 1024 -1
1546524830303636 1024 -1
1546524830303643 1024 -1
1546524830305986 1024 -1
1546524830306004 1024 -1
1546524830307126 1024 -1
1546524830307277 1024 -1
1546524830308700 1024 -1
1546524830308713 1024 -1
1546524830309489 1024 -1
1546524830309497 1024 -1
1546524830310642 487 -1
1546524830310657 1024 -1
1546524830310666 1024 -1
1546524830310672 1024 -1
1546524830312791 1024 -1
1546524830312809 1024 -1
1546524830312816 1024 -1
1546524830312824 1024 -1
1546524830317800 1024 -1
1546524830317828 1024 -1
1546524830317836 1024 -1
1546524830317843 1024 -1
1546524830319685 1024 -1
1546524830319706 1024 -1
1546524830319715 1024 -1
1546524830319790 1024 -1
1546524830322554 1024 -1
1546524830322573 1024 -1
1546524830322582 1024 -1
1546524830322589 1024 -1
1546524830323466 1024 -1
1546524830323608 1024 -1
1546524830323617 1024 -1
1546524830323624 1024 -1
1546524830326714 1024 -1
1546524830326732 1024 -1
1546524830326742 1024 -1
1546524830329168 1024 -1
1546524830329187 1024 -1
1546524830329194 1024 -1
1546524830329617 1024 -1
1546524830333387 1024 -1
1546524830333406 1024 -1
1546524830333586 1024 -1
1546524830333599 1024 -1
1546524830344815 1024 -1
1546524830344833 1024 -1
1546524830344994 1024 -1
1546524830346453 1024 -1
1546524830346469 1024 -1
1546524830346633 1024 -1
1546524830346643 1024 -1
1546524830348224 1024 -1
1546524830348241 1024 -1
1546524830348249 1024 -1
1546524830348255 1024 -1
1546524830348709 1024 -1
1546524830348721 1024 -1
1546524830349137 1024 -1
1546524830349900 1024 -1
1546524830349912 1024 -1
1546524830349919 1024 -1
1546524830349924 1024 -1
1546524830350242 1024 -1
1546524830352127 1024 -1
1546524830352147 1024 -1
1546524830353059 1024 -1
1546524830353072 1024 -1
1546524830354043 1024 -1
1546524830354054 1024 -1
1546524830355413 1024 -1
1546524830360945 1024 -1
1546524830362320 1024 -1
1546524830362339 1024 -1
1546524830363703 1024 -1
1546524830363716 1024 -1
1546524830363725 1024 -1
1546524830365330 1024 -1
1546524830365345 1024 -1
1546524830368268 1024 -1
1546524830368295 1024 -1
1546524830373222 1024 -1
1546524830373241 1024 -1
1546524830373802 1024 -1
1546524830388263 1024 -1
1546524830388275 1024 -1
1546524830391043 1024 -1
1546524830391064 1024 -1
1546524830391071 1024 -1
1546524830391079 1024 -1
1546524830394110 1024 -1
1546524830394129 1024 -1
1546524830394136 1024 -1
1546524830394143 1024 -1
1546524830396162 1024 -1
1546524830396182 1024 -1
1546524830396190 1024 -1
1546524830396200 1024 -1
1546524830398863 1024 -1
1546524830398884 1024 -1
1546524830398892 1024 -1
1546524830416517 1024 -1
1546524830416729 1024 -1
1546524830416738 1024 -1
1546524830418878 1024 -1
1546524830418891 1024 -1
1546524830418957 1024 -1
1546524830418964 1024 -1
1546524830420888 1024 -1
1546524830420906 1024 -1
1546524830420912 1024 -1
1546524830425773 1024 -1
1546524830426882 1024 -1
1546524830427068 1024 -1
1546524830427108 1024 -1
1546524830427148 1024 -1
1546524830429918 1024 -1
1546524830430200 1024 -1
1546524830430344 1024 -1
1546524830430436 1024 -1
1546524830432201 1024 -1
1546524830432447 1024 -1
1546524830432771 1024 -1
1546524830433363 1024 -1
1546524830434577 1024 -1
1546524830434762 1024 -1
1546524830434967 1024 -1
1546524830436914 1024 -1
1546524830436934 1024 -1
1546524830437096 1024 -1
1546524830437831 1024 -1
1546524830440230 1024 -1
1546524830440450 1024 -1
1546524830440572 1024 -1
1546524830440838 1024 -1
1546524830443545 1024 -1
1546524830443570 1024 -1
1546524830443579 1024 -1
1546524830443749 1024 -1
1546524830448592 1024 -1
1546524830448613 1024 -1
1546524830448621 1024 -1
1546524830448630 1024 -1
1546524830450749 1024 -1
1546524830450778 1024 -1
1546524830451833 1024 -1
1546524830451844 1024 -1
1546524830453113 1024 -1
1546524830453131 1024 -1
1546524830453138 1024 -1
1546524830453146 1024 -1
1546524830454478 1024 -1
1546524830454498 1024 -1
1546524830454504 1024 -1
1546524830454512 1024 -1
1546524830455765 1024 -1
1546524830455784 1024 -1
1546524830455792 1024 -1
1546524830455800 1024 -1
1546524830457508 1024 -1
1546524830457532 1024 -1
1546524830457540 1024 -1
1546524830457999 1024 -1
1546524830460647 1024 -1
1546524830460678 1024 -1
1546524830460687 1024 -1
1546524830461991 1024 -1
1546524830462007 1024 -1
1546524830462015 1024 -1
1546524830463173 1024 -1
1546524830463187 1024 -1
1546524830463196 1024 -1
1546524830464465 1024 -1
1546524830464479 1024 -1
1546524830465528 1024 -1
1546524830465579 1024 -1
1546524830465587 1024 -1
1546524830467698 1024 -1
1546524830467712 1024 -1
1546524830467717 1024 -1
1546524830469040 1024 -1
1546524830469054 1024 -1
1546524830469060 1024 -1
1546524830471383 1024 -1
1546524830471470 1024 -1
1546524830472037 1024 -1
1546524830472371 1024 -1
1546524830472382 1024 -1
1546524830472732 1024 -1
1546524830474025 1024 -1
1546524830474037 1024 -1
1546524830475364 1024 -1
1546524830475377 1024 -1
1546524830475384 1024 -1
1546524830479554 1024 -1
1546524830479574 1024 -1
1546524830479962 1024 -1
1546524830479975 1024 -1
1546524830479981 1024 -1
1546524830479985 1024 -1
1546524830481991 1024 -1
1546524830482011 1024 -1
1546524830482177 1024 -1
1546524830482187 1024 -1
1546524830484574 1024 -1
1546524830484595 1024 -1
1546524830484605 1024 -1
1546524830484611 1024 -1
1546524830487120 1024 -1
1546524830487283 1024 -1
1546524830487289 1024 -1
1546524830487297 1024 -1
1546524830488687 1024 -1
1546524830488703 1024 -1
1546524830488877 1024 -1
1546524830489075 1024 -1
1546524830489229 1024 -1
1546524830489238 1024 -1
1546524830489243 1024 -1
1546524830489248 1024 -1
1546524830489297 1024 -1
1546524830501332 1024 -1
1546524830501350 1024 -1
1546524830501359 1024 -1
1546524830502382 1024 -1
1546524830502402 1024 -1
1546524830502410 1024 -1
1546524830502418 1024 -1
1546524830503888 1024 -1
1546524830504308 1024 -1
1546524830504398 1024 -1
1546524830504408 1024 -1
1546524830506150 1024 -1
1546524830506293 1024 -1
1546524830506304 1024 -1
1546524830506920 1024 -1
1546524830506933 1024 -1
1546524830507006 1024 -1
1546524830507161 1024 -1
1546524830510399 1024 -1
1546524830510418 1024 -1
1546524830510428 1024 -1
1546524830511140 1024 -1
1546524830515256 1024 -1
1546524830515277 1024 -1
1546524830515284 1024 -1
1546524830515293 1024 -1
1546524830517816 1024 -1
1546524830517835 1024 -1
1546524830517844 1024 -1
1546524830517854 1024 -1
1546524830518707 1024 -1
1546524830518721 1024 -1
1546524830518728 1024 -1
1546524830518941 1024 -1
1546524830521396 1024 -1
1546524830521412 1024 -1
1546524830521420 1024 -1
1546524830521425 1024 -1
1546524830522732 1024 -1
1546524830522747 1024 -1
1546524830522755 1024 -1
1546524830522760 1024 -1
1546524830523835 1024 -1
1546524830523855 1024 -1
1546524830523862 1024 -1
1546524830523874 1024 -1
1546524830523950 1024 -1
1546524830523957 1024 -1
1546524830523963 1024 -1
1546524830524020 1024 -1
1546524830524027 1024 -1
1546524830524032 1024 -1
1546524830524962 1024 -1
1546524830524977 1024 -1
1546524830524985 1024 -1
1546524830528899 1024 -1
1546524830531611 1024 -1
1546524830531630 1024 -1
1546524830531639 1024 -1
1546524830531644 1024 -1
1546524830532990 1024 -1
1546524830533005 1024 -1
1546524830533141 1024 -1
1546524830535252 1024 -1
1546524830535261 1024 -1
1546524830535266 1024 -1
1546524830536601 1024 -1
1546524830536610 1024 -1
1546524830536803 1024 -1
1546524830537906 1024 -1
1546524830537921 1024 -1
1546524830537929 1024 -1
1546524830540547 1024 -1
1546524830540564 1024 -1
1546524830541005 1024 -1
1546524830541503 1024 -1
1546524830541513 1024 -1
1546524830542821 1024 -1
1546524830542852 1024 -1
1546524830542865 1024 -1
1546524830545326 1024 -1
1546524830545344 1024 -1
1546524830545352 1024 -1
1546524830547494 1024 -1
1546524830547510 1024 -1
1546524830547516 1024 -1
1546524830553030 1024 -1
1546524830553049 1024 -1
1546524830553333 1024 -1
1546524830553342 1024 -1
1546524830555014 1024 -1
1546524830555028 1024 -1
1546524830555097 1024 -1
1546524830555104 1024 -1
1546524830557800 1024 -1
1546524830557818 1024 -1
1546524830557827 1024 -1
1546524830557834 1024 -1
1546524830559034 1024 -1
1546524830559051 1024 -1
1546524830559059 1024 -1
1546524830559427 1024 -1
1546524830562194 1024 -1
1546524830562213 1024 -1
1546524830562220 1024 -1
1546524830562228 1024 -1
1546524830564726 1024 -1
1546524830564746 1024 -1
1546524830564754 1024 -1
1546524830564765 1024 -1
1546524830567554 1024 -1
1546524830567574 1024 -1
1546524830567583 1024 -1
1546524830567589 1024 -1
1546524830569225 1024 -1
1546524830569243 1024 -1
1546524830569250 1024 -1
1546524830569258 1024 -1
1546524830570516 1024 -1
1546524830570533 1024 -1
1546524830570731 1024 -1
1546524830574111 1024 -1
1546524830574131 1024 -1
1546524830574140 1024 -1
1546524830580814 406 1
1546524830582250 1024 -1
1546524830582271 1024 -1
1546524830582279 1024 -1
1546524830582885 1024 -1
1546524830582896 1024 -1
1546524830582903 1024 -1
1546524830584224 1024 -1
1546524830584236 1024 -1
1546524830584246 1024 -1
1546524830584251 1024 -1
1546524830584635 1024 -1
1546524830584647 1024 -1
1546524830584655 1024 -1
1546524830585063 1024 -1
1546524830588391 1024 -1
1546524830588408 1024 -1
1546524830588415 1024 -1
1546524830588422 1024 -1
1546524830591924 1024 -1
1546524830591943 1024 -1
1546524830591950 1024 -1
1546524830591957 1024 -1
1546524830592966 1024 -1
1546524830592990 1024 -1
1546524830592997 1024 -1
1546524830593072 1024 -1
1546524830593232 1024 -1
1546524830593241 1024 -1
1546524830594406 1024 -1
1546524830595674 1024 -1
1546524830597585 1024 -1
1546524830597599 1024 -1
1546524830597606 1024 -1
1546524830597611 1024 -1
1546524830602696 1024 -1
1546524830602716 1024 -1
1546524830602724 1024 -1
1546524830609399 1024 -1
1546524830609416 1024 -1
1546524830609480 1024 -1
1546524830609533 1024 -1
1546524830616280 1024 -1
1546524830616300 1024 -1
1546524830616307 1024 -1
1546524830616314 1024 -1
1546524830619368 1024 -1
1546524830619386 1024 -1
1546524830619393 1024 -1
1546524830619400 1024 -1
1546524830620411 1024 -1
1546524830620429 1024 -1
1546524830620436 1024 -1
1546524830634900 1024 -1
1546524830634915 1024 -1
1546524830634922 1024 -1
1546524830634929 1024 -1
1546524830637115 1024 -1
1546524830637124 1024 -1
1546524830637265 1024 -1
1546524830637276 1024 -1
1546524830638468 1024 -1
1546524830638485 1024 -1
1546524830638493 1024 -1
1546524830638501 1024 -1
1546524830639314 1024 -1
1546524830639334 1024 -1
1546524830645180 1024 -1
1546524830646118 1024 -1
1546524830646136 1024 -1
1546524830647931 1024 -1
1546524830647951 1024 -1
1546524830649968 1024 -1
1546524830650416 1024 -1
1546524830650425 1024 -1
1546524830653725 1024 -1
1546524830655777 1024 -1
1546524830655855 1024 -1
1546524830655863 1024 -1
1546524830658397 1024 -1
1546524830658411 1024 -1
1546524830659045 1024 -1
1546524830661481 1024 -1
1546524830661491 1024 -1
1546524830661758 1024 -1
1546524830665134 1024 -1
1546524830666770 1024 -1
1546524830667724 1024 -1
1546524830667733 1024 -1
1546524830667802 1024 -1
1546524830671977 1024 -1
1546524830672009 1024 -1
1546524830672080 1024 -1
1546524830682892 1024 -1
1546524830682910 1024 -1
1546524830682917 1024 -1
1546524830682992 1024 -1
1546524830683917 1024 -1
1546524830683932 1024 -1
1546524830683939 1024 -1
1546524830683945 1024 -1
1546524830685250 1024 -1
1546524830685269 1024 -1
1546524830685276 1024 -1
1546524830685284 1024 -1
1546524830686171 1024 -1
1546524830686193 1024 -1
1546524830686200 1024 -1
1546524830687289 1024 -1
1546524830687307 1024 -1
1546524830687313 1024 -1
1546524830687320 1024 -1
1546524830693469 1024 -1
1546524830693491 1024 -1
1546524830693498 1024 -1
1546524830699145 1024 -1
1546524830699165 1024 -1
1546524830699173 1024 -1
1546524830699181 1024 -1
1546524830700699 1024 -1
1546524830700719 1024 -1
1546524830700728 1024 -1
1546524830700736 1024 -1
1546524830703219 1024 -1
1546524830703244 1024 -1
1546524830703255 1024 -1
1546524830714417 1024 -1
1546524830714437 1024 -1
1546524830714444 1024 -1
1546524830716455 1024 -1
1546524830716474 1024 -1
1546524830716485 1024 -1
1546524830716492 1024 -1
1546524830717087 1024 -1
1546524830717098 1024 -1
1546524830717105 1024 -1
1546524830721065 1024 -1
1546524830721084 1024 -1
1546524830721422 1024 -1
1546524830721497 1024 -1
1546524830724222 1024 -1
1546524830724239 1024 -1
1546524830724253 1024 -1
1546524830724261 1024 -1
1546524830725465 1024 -1
1546524830725481 1024 -1
1546524830725487 1024 -1
1546524830725494 1024 -1
1546524830728658 1024 -1
1546524830729336 1024 -1
1546524830729345 1024 -1
1546524830729351 1024 -1
1546524830735317 1024 -1
1546524830735344 1024 -1
1546524830735353 1024 -1
1546524830736376 1024 -1
1546524830736541 1024 -1
1546524830736550 1024 -1
1546524830737916 1024 -1
1546524830737936 1024 -1
1546524830747044 1024 -1
1546524830747062 1024 -1
1546524830747071 1024 -1
1546524830747241 1024 -1
1546524830750550 1024 -1
1546524830750570 1024 -1
1546524830751058 1024 -1
1546524830751067 1024 -1
1546524830754665 1024 -1
1546524830754677 1024 -1
1546524830754864 1024 -1
1546524830754871 1024 -1
1546524830756087 1024 -1
1546524830756103 1024 -1
1546524830756110 1024 -1
1546524830756117 1024 -1
1546524830757466 1024 -1
1546524830757482 1024 -1
1546524830757489 1024 -1
1546524830757730 1024 -1
1546524830759521 1024 -1
1546524830759705 1024 -1
1546524830775281 1024 -1
1546524830775301 1024 -1
1546524830775684 1024 -1
1546524830775692 1024 -1
1546524830777392 1024 -1
1546524830777406 1024 -1
1546524830777472 1024 -1
1546524830777479 1024 -1
1546524830780207 1024 -1
1546524830780220 1024 -1
1546524830780226 1024 -1
1546524830780233 1024 -1
1546524830781618 1024 -1
1546524830781630 1024 -1
1546524830781824 1024 -1
1546524830781952 1024 -1
1546524830783368 1024 -1
1546524830783378 1024 -1
1546524830783386 1024 -1
1546524830783392 1024 -1
1546524830784851 1024 -1
1546524830784862 1024 -1
1546524830786926 1024 -1
1546524830786938 1024 -1
1546524830786944 1024 -1
1546524830795230 1024 -1
1546524830795247 1024 -1
1546524830795254 1024 -1
1546524830797481 1024 -1
1546524830797497 1024 -1
1546524830797578 1024 -1
1546524830799545 1024 -1
1546524830799566 1024 -1
1546524830803586 1024 -1
1546524830803603 1024 -1
1546524830803610 1024 -1
1546524830806940 1024 -1
1546524830806956 1024 -1
1546524830806961 1024 -1
1546524830809866 1024 -1
1546524830810243 1024 -1
1546524830810252 1024 -1
1546524830810258 1024 -1
1546524830810832 1024 -1
1546524830813998 1024 -1
1546524830814013 1024 -1
1546524830814258 1024 -1
1546524830815357 1024 -1
1546524830815372 1024 -1
1546524830815379 1024 -1
1546524830818995 1024 -1
1546524830819010 1024 -1
1546524830819017 1024 -1
1546524830820274 1024 -1
1546524830820286 1024 -1
1546524830821724 1024 -1
1546524830821734 1024 -1
1546524830822191 1024 -1
1546524830824483 1024 -1
1546524830826737 1024 -1
1546524830826752 1024 -1
1546524830828977 1024 -1
1546524830830932 1024 -1
1546524830830943 1024 -1
1546524830832140 1024 -1
1546524830832150 1024 -1
1546524830832218 1024 -1
1546524830832234 397 1
1546524830835604 1024 -1
1546524830835616 1024 -1
1546524830835807 1024 -1
1546524830835814 1024 -1
1546524830837621 1024 -1
1546524830837632 1024 -1
1546524830837637 1024 -1
1546524830837643 1024 -1
1546524830842731 1024 -1
1546524830842752 1024 -1
1546524830842760 1024 -1
1546524830843423 1024 -1
1546524830843874 1024 -1
1546524830843945 1024 -1
1546524830844203 1024 -1
1546524830844210 1024 -1
1546524830844786 1024 -1
1546524830844798 1024 -1
1546524830845466 1024 -1
1546524830846843 1024 -1
1546524830846855 1024 -1
1546524830847064 1024 -1
1546524830847071 1024 -1
1546524830848627 1024 -1
1546524830848639 1024 -1
1546524830848644 1024 -1
1546524830848650 1024 -1
1546524830849122 1024 -1
1546524830853489 1024 -1
1546524830853498 1024 -1
1546524830854000 1024 -1
1546524830854009 1024 -1
1546524830854014 1024 -1
1546524830855305 1024 -1
1546524830856204 1024 -1
1546524830856217 1024 -1
1546524830857163 1024 -1
1546524830857178 1024 -1
1546524830857289 1024 -1
1546524830857728 1024 -1
1546524830857963 1024 -1
1546524830858376 1024 -1
1546524830859679 1024 -1
1546524830859689 1024 -1
1546524830859864 1024 -1
1546524830861072 1024 -1
1546524830862961 1024 -1
1546524830863083 1024 -1
1546524830863088 1024 -1
1546524830863862 1024 -1
1546524830864408 1024 -1
1546524830864416 1024 -1
1546524830865498 1024 -1
1546524830865507 1024 -1
1546524830866474 1024 -1
1546524830866482 1024 -1
1546524830868090 1024 -1
1546524830868098 1024 -1
1546524830868209 1024 -1
1546524830868214 1024 -1
1546524830870584 1024 -1
1546524830870599 1024 -1
1546524830870604 1024 -1
1546524830872141 1024 -1
1546524830872154 1024 -1
1546524830873745 1024 -1
1546524830873757 1024 -1
1546524830873763 1024 -1
1546524830875054 1024 -1
1546524830875064 1024 -1
1546524830875069 1024 -1
1546524830875587 1024 -1
1546524830875595 1024 -1
1546524830875820 1024 -1
1546524830876570 1024 -1
1546524830876578 1024 -1
1546524830878392 1024 -1
1546524830878400 1024 -1
1546524830878405 1024 -1
1546524830880086 1024 -1
1546524830880096 1024 -1
1546524830880101 1024 -1
1546524830881328 1024 -1
1546524830881339 1024 -1
1546524830881657 1024 -1
1546524830882600 1024 -1
1546524830882612 1024 -1
1546524830883135 1024 -1
1546524830883143 1024 -1
1546524830883147 1024 -1
1546524830884786 1024 -1
1546524830884793 1024 -1
1546524830884901 1024 -1
1546524830885393 1024 -1
1546524830885401 1024 -1
1546524830885615 1024 -1
1546524830886578 1024 -1
1546524830886586 1024 -1
1546524830887865 1024 -1
1546524830887872 1024 -1
1546524830887982 1024 -1
1546524830889552 1024 -1
1546524830889561 1024 -1
1546524830889670 1024 -1
1546524830891174 1024 -1
1546524830891187 1024 -1
1546524830891194 1024 -1
1546524830891839 1024 -1
1546524830891981 1024 -1
1546524830892575 1024 -1
1546524830892588 1024 -1
1546524830892651 1024 -1
1546524830893713 1024 -1
1546524830893722 1024 -1
1546524830893729 1024 -1
1546524830894766 1024 -1
1546524830895442 1024 -1
1546524830895451 1024 -1
1546524830895999 1024 -1
1546524830896004 1024 -1
1546524830896541 1024 -1
1546524830896549 1024 -1
1546524830896989 1024 -1
1546524830898263 1024 -1
1546524830898282 1024 -1
1546524830898289 1024 -1
1546524830898568 1024 -1
1546524830900604 1024 -1
1546524830900875 1024 -1
1546524830900880 1024 -1
1546524830901499 1024 -1
1546524830901508 1024 -1
1546524830901619 1024 -1
1546524830902428 1024 -1
1546524830902437 1024 -1
1546524830903470 1024 -1
1546524830903479 1024 -1
1546524830903592 1024 -1
1546524830903597 1024 -1
1546524830904874 1024 -1
1546524830904967 1024 -1
1546524830905194 1024 -1
1546524830905352 1024 -1
1546524830906171 1024 -1
1546524830906186 1024 -1
1546524830906194 1024 -1
1546524830906201 1024 -1
1546524830909724 1024 -1
1546524830909743 1024 -1
1546524830909750 1024 -1
1546524830909757 1024 -1
1546524830913409 1024 -1
1546524830913447 1024 -1
1546524830913455 1024 -1
1546524830913463 1024 -1
1546524830914616 1024 -1
1546524830914632 1024 -1
1546524830914805 1024 -1
1546524830914814 1024 -1
1546524830916012 1024 -1
1546524830916024 1024 -1
1546524830916029 1024 -1
1546524830916039 1024 -1
1546524830916668 1024 -1
1546524830916678 1024 -1
1546524830916839 1024 -1
1546524830916844 1024 -1
1546524830917954 1024 -1
1546524830917962 1024 -1
1546524830918123 1024 -1
1546524830918740 1024 -1
1546524830918749 1024 -1
1546524830918814 1024 -1
1546524830918819 1024 -1
1546524830920072 1024 -1
1546524830920079 1024 -1
1546524830920398 1024 -1
1546524830920403 1024 -1
1546524830921091 1024 -1
1546524830921349 1024 -1
1546524830921354 1024 -1
1546524830921360 1024 -1
1546524830923745 1024 -1
1546524830924075 1024 -1
1546524830924594 1024 -1
1546524830924608 1024 -1
1546524830925246 1024 -1
1546524830925263 1024 -1
1546524830925270 1024 -1
1546524830927195 1024 -1
1546524830927413 1024 -1
1546524830927425 1024 -1
1546524830927432 1024 -1
1546524830928287 1024 -1
1546524830929114 1024 -1
1546524830929122 1024 -1
1546524830929409 1024 -1
1546524830930626 1024 -1
1546524830930636 1024 -1
1546524830930641 1024 -1
1546524830930829 1024 -1
1546524830932194 1024 -1
1546524830932206 1024 -1
1546524830932350 1024 -1
1546524830932435 1024 -1
1546524830933256 1024 -1
1546524830933267 1024 -1
1546524830933273 1024 -1
1546524830933279 1024 -1
1546524830934145 1024 -1
1546524830934154 1024 -1
1546524830934323 1024 -1
1546524830935395 1024 -1
1546524830935405 1024 -1
1546524830935672 1024 -1
1546524830935779 1024 -1
1546524830937135 1024 -1
1546524830937143 1024 -1
1546524830937261 1024 -1
1546524830937265 1024 -1
1546524830938570 1024 -1
1546524830938577 1024 -1
1546524830938583 1024 -1
1546524830938589 1024 -1
1546524830939834 1024 -1
1546524830939851 1024 -1
1546524830939857 1024 -1
1546524830939864 1024 -1
1546524830941304 1024 -1
1546524830941321 1024 -1
1546524830941327 1024 -1
1546524830941334 1024 -1
1546524830942404 1024 -1
1546524830942418 1024 -1
1546524830942424 1024 -1
1546524830942556 1024 -1
1546524830943793 1024 -1
1546524830943806 1024 -1
1546524830943813 1024 -1
1546524830943820 1024 -1
1546524830944589 1024 -1
1546524830944598 1024 -1
1546524830945049 1024 -1
1546524830945054 1024 -1
1546524830946062 1024 -1
1546524830946070 1024 -1
1546524830946186 1024 -1
1546524830956793 1024 -1
1546524830956809 1024 -1
1546524830957429 1024 -1
1546524830957437 1024 -1
1546524830959272 1024 -1
1546524830959289 1024 -1
1546524830959295 1024 -1
1546524830959300 1024 -1
1546524830959383 1024 -1
1546524830959391 1024 -1
1546524830959395 1024 -1
1546524830959400 868 -1
1546524830959460 1024 -1
1546524830959466 1024 -1
1546524830959470 1024 -1
1546524830959474 1024 -1
1546524830959521 1024 -1
1546524830959527 1024 -1
1546524830959531 1024 -1
1546524830959583 1024 -1
1546524830959588 1024 -1
1546524830959592 1024 -1
1546524830959596 1024 -1
1546524830963753 1024 -1
1546524830963775 1024 -1
1546524830963784 1024 -1
1546524830963791 1024 -1
1546524830966200 1024 -1
1546524830966216 1024 -1
1546524830966220 1024 -1
1546524830967212 1024 -1
1546524830967684 1024 -1
1546524830967695 1024 -1
1546524830967701 901 -1
1546524832543609 58 1
1546524832566553 1024 -1
1546524832566582 1024 -1
1546524832576136 1024 -1
1546524832576154 1024 -1
1546524832576161 1024 -1
1546524832577346 1024 -1
1546524832577362 1024 -1
1546524832577368 1024 -1
1546524832577376 1024 -1
1546524832578030 1024 -1
1546524832578090 1024 -1
1546524832578217 1024 -1
1546524832578224 1024 -1
1546524832579326 1024 -1
1546524832579340 1024 -1
1546524832579479 1024 -1
1546524832579609 1024 -1
1546524832591752 1024 -1
1546524832591768 1024 -1
1546524832592166 1024 -1
1546524832592174 1024 -1
1546524832596197 1024 -1
1546524832596211 1024 -1
1546524832596218 1024 -1
1546524832606928 1024 -1
1546524832606946 903 -1
1546524832606953 1024 -1
1546524832609568 1024 -1
1546524832609583 1024 -1
1546524832609587 1024 -1
1546524832609593 1024 -1
1546524832610966 1024 -1
1546524832610976 1024 -1
1546524832610982 1024 -1
1546524832610988 1024 -1
1546524832611846 1024 -1
1546524832611859 1024 -1
1546524832611866 1024 -1
1546524832614959 1024 -1
1546524832637328 1024 -1
1546524832637348 1024 -1
1546524832637356 1024 -1
1546524832647988 1024 -1
1546524832648163 1024 -1
1546524832648174 1024 -1
1546524832648258 1024 -1
1546524832648578 1024 -1
1546524832648586 1024 -1
1546524832648592 1024 -1
1546524832654459 1024 -1
1546524832654478 1024 -1
1546524832655568 1024 -1
1546524832655582 1024 -1
1546524832655590 919 -1
1546524832658756 1024 -1
1546524832658782 1024 -1
1546524832658788 1024 -1
1546524832663712 1024 -1
1546524832663729 1024 -1
1546524832663737 1024 -1
1546524832668327 1024 -1
1546524832668344 1024 -1
1546524832670414 1024 -1
1546524832672676 1024 -1
1546524832672694 1024 -1
1546524832684773 1024 -1
1546524832684786 1024 -1
1546524832684793 1024 -1
1546524832688792 1024 -1
1546524832689227 1024 -1
1546524832689486 1024 -1
1546524832690510 1024 -1
1546524832693104 1024 -1
1546524832693120 1024 -1
1546524832693126 1024 -1
1546524832693133 1024 -1
1546524832694618 1024 -1
1546524832694637 1024 -1
1546524832694644 1024 -1
1546524832694654 1024 -1
1546524832695552 1024 -1
1546524832695565 919 -1
1546524832697496 1024 -1
1546524832700558 1024 -1
1546524832700670 1024 -1
1546524832701093 1024 -1
1546524832706480 1024 -1
1546524832706498 1024 -1
1546524832706508 1024 -1
1546524832707113 1024 -1
1546524832720812 1024 -1
1546524832720829 988 -1
1546524836669312 17 1
0 0 0
1546524825369686 198 1
1546524825369704 78 1
1546524825369714 78 1
1546524825369723 58 1
1546524825376864 58 1
1546524825376880 58 1
1546524825376890 58 1
1546524825376900 59 1
1546524825376909 78 1
1546524825376919 59 1
1546524825376928 78 1
1546524825376937 78 1
1546524825376997 74 1
1546524825377007 88 1
1546524825377014 66 1
1546524825377024 58 1
0 0 0
1546524825394816 195 1
0 0 0
1546524825394858 187 1
1546524825408918 48 -1
1546524825417270 1024 -1
1546524825417754 1024 -1
1546524825418822 1024 -1
1546524825418857 1024 -1
1546524825418865 1024 -1
1546524825420755 1024 -1
1546524825420774 1024 -1
1546524825420784 1024 -1
1546524825437594 1024 -1
1546524825437610 1024 -1
1546524825437618 1024 -1
1546524825438548 1024 -1
1546524825438567 1024 -1
1546524825438574 1024 -1
1546524825438581 1024 -1
1546524825438652 1024 -1
1546524825438660 1024 -1
1546524825438664 1024 -1
1546524825447658 1024 -1
1546524825447677 1024 -1
1546524825447691 1024 -1
1546524825447704 9 1
1546524825447806 1024 -1
1546524825447815 1024 -1
1546524825447820 1024 -1
1546524825447825 1024 -1
1546524825447885 1024 -1
1546524825447891 730 -1
1546524825447895 1024 -1
1546524825447901 1024 -1
1546524825447962 1024 -1
1546524825447969 1024 -1
1546524825447973 1024 -1
1546524825447978 1024 -1
1546524825451264 1024 -1
1546524825451284 1024 -1
1546524825451291 1024 -1
1546524825451633 1024 -1
1546524825452206 1024 -1
1546524825452221 1024 -1
1546524825452228 1024 -1
1546524825452235 1024 -1
1546524825452974 1024 -1
1546524825452992 1024 -1
1546524825453026 1024 -1
1546524825453035 1024 -1
1546524825453402 1024 -1
1546524825453410 1024 -1
1546524825453438 1024 -1
1546524825453444 1024 -1
1546524825453860 1024 -1
1546524825453867 1024 -1
1546524825454301 1024 -1
1546524825454309 1024 -1
1546524825457633 1024 -1
1546524825464966 919 -1
1546524825464980 1024 -1
1546524825464987 1024 -1
1546524825466033 1024 -1
1546524825466042 1024 -1
1546524825466071 1024 -1
1546524825468736 1024 -1
1546524825468759 1024 -1
1546524825468899 1024 -1
1546524825468913 1024 -1
1546524825469862 1024 -1
1546524825469878 1024 -1
1546524825469885 1024 -1
1546524825469893 1024 -1
1546524825470426 1024 -1
1546524825470442 1024 -1
1546524825470450 1024 -1
1546524825470458 1024 -1
1546524825471496 1024 -1
1546524825471510 1024 -1
1546524825471517 1024 -1
1546524825471524 1024 -1
1546524825472643 1024 -1
1546524825472658 1024 -1
1546524825472665 1024 -1
1546524825472947 1024 -1
1546524825473637 1024 -1
1546524825473648 1024 -1
1546524825473656 919 -1
1546524825473903 1024 -1
1546524825475456 1024 -1
1546524825475473 1024 -1
1546524825475480 1024 -1
1546524825475487 1024 -1
1546524825476533 1024 -1
1546524825476548 1024 -1
1546524825476990 1024 -1
1546524825478004 1024 -1
1546524825479112 1024 -1
1546524825479127 1024 -1
1546524825479150 1024 -1
1546524825491274 1024 -1
1546524825491294 1024 -1
1546524825491303 1024 -1
1546524825497280 1024 -1
1546524825501410 1024 -1
1546524825501431 1024 -1
1546524825501438 1024 -1
1546524825501445 1024 -1
1546524825502425 1024 -1
1546524825502442 1024 -1
1546524825502449 1024 -1
1546524825502562 1024 -1
1546524825503280 1024 -1
1546524825503297 1024 -1
1546524825503303 1024 -1
1546524825503310 919 -1
1546524825504226 1024 -1
1546524825504244 1024 -1
1546524825504299 1024 -1
1546524825504344 1024 -1
1546524825505144 1024 -1
1546524825505530 1024 -1
1546524825505714 1024 -1
1546524825505725 1024 -1
1546524825510295 1024 -1
1546524825511225 1024 -1
1546524825511243 1024 -1
1546524825511251 1024 -1
1546524825515552 1024 -1
1546524825515579 1024 -1
1546524825515608 1024 -1
1546524825521215 1024 -1
1546524825521237 1024 -1
1546524825521959 1024 -1
1546524825521981 1024 -1
1546524825521990 1024 -1
1546524825524347 1024 -1
1546524825526867 1024 -1
1546524825526889 1024 -1
1546524825526897 1024 -1
1546524825530210 1024 -1
1546524825530225 1024 -1
1546524825530232 1024 -1
1546524825531203 919 -1
1546524825531217 1024 -1
1546524825531478 1024 -1
1546524825535375 1024 -1
1546524825537452 1024 -1
1546524825537469 1024 -1
1546524825537594 1024 -1
1546524825537604 1024 -1
1546524825539178 1024 -1
1546524825539194 1024 -1
1546524825540161 1024 -1
1546524825554250 1024 -1
1546524825554269 1024 -1
1546524825554281 1024 -1
1546524825557479 1024 -1
1546524825557497 1024 -1
1546524825558060 1024 -1
1546524825558070 1024 -1
1546524825559273 1024 -1
1546524825559292 1024 -1
1546524825559299 1024 -1
1546524825559753 1024 -1
1546524825560486 1024 -1
1546524825560501 1024 -1
1546524825560513 1024 -1
1546524825562330 1024 -1
1546524825562345 1024 -1
1546524825562513 1024 -1
1546524825562621 919 -1
1546524825563446 1024 -1
1546524825563462 1024 -1
1546524825563469 1024 -1
1546524825566627 1024 -1
1546524825568400 1024 -1
1546524825568418 1024 -1
1546524825568425 1024 -1
1546524825572746 1024 -1
1546524825572762 1024 -1
1546524825572768 1024 -1
1546524825577232 1024 -1
1546524825577250 1024 -1
1546524825578558 1024 -1
1546524825578589 1024 -1
1546524825578595 1024 -1
1546524825580735 1024 -1
1546524825580749 1024 -1
1546524825582358 1024 -1
1546524825584417 1024 -1
1546524825586772 1024 -1
1546524825586791 1024 -1
1546524825586800 1024 -1
1546524825589001 1024 -1
1546524825589018 1024 -1
1546524825589024 1024 -1
1546524825590624 1024 -1
1546524825590850 1024 -1
1546524825590865 919 -1
1546524825594952 1024 -1
1546524825594979 1024 -1
1546524825596358 1024 -1
1546524825596375 1024 -1
1546524825596382 1024 -1
1546524825599976 1024 -1
1546524825599995 1024 -1
1546524825600003 1024 -1
1546524825600931 1024 -1
1546524825601924 1024 -1
1546524825601941 1024 -1
1546524825602877 1024 -1
1546524825604621 1024 -1
1546524825604649 1024 -1
1546524825604736 1024 -1
1546524825617254 1024 -1
1546524825624663 1024 -1
1546524825624684 1024 -1
1546524825624691 1024 -1
1546524825624698 1024 -1
1546524825625638 1024 -1
1546524825625655 1024 -1
1546524825625662 1024 -1
1546524825625669 1024 -1
1546524825626545 1024 -1
1546524825626893 1024 -1
1546524825626901 1024 -1
1546524825626955 928 -1
1546524825665377 17 1
0 0 0
1546524825380221 206 1
1546524825397261 48 -1
1546524825436647 1024 -1
1546524825436661 1024 -1
1546524825436721 270 -1
1546524825436735 9 1
1546524825439008 17 1
0 0 0
1546524825403083 206 1
1546524825427389 48 -1
1546524825460437 9 1
1546524825465799 1024 -1
1546524825465815 1024 -1
1546524825465823 1024 -1
1546524825465887 193 -1
1546524825467296 17 1
0 0 0
1546524825380300 206 1
1546524825398685 48 -1
1546524825400765 1024 -1
1546524825400782 1024 -1
1546524825400790 1024 -1
1546524825403155 1024 -1
1546524825403165 1024 -1
1546524825403221 1024 -1
1546524825403228 1024 -1
1546524825436105 9 1
1546524825623755 1024 -1
1546524825623774 1024 -1
1546524825623781 1024 -1
1546524825624550 1024 -1
1546524825632586 1024 -1
1546524825632604 1024 -1
1546524825632614 1024 -1
1546524825633926 1024 -1
1546524825633942 1024 -1
1546524825633950 1024 -1
1546524825633958 681 -1
1546524825668449 17 1
