### "'69781 196462 23065 58694 130532 40779 95691 8879 8447 8438 8061 8269 36371 103698 83975 90597 32887 100208 164018 99782 116495 95691 21772 42021'"
0 0 0
1546525424259756 184 1
0 0 0
1546525424252426 204 1
1546525424253992 39 -1
1546525424253999 13 -1
1546525424254269 58 1
1546525424254625 58 1
1546525424254639 9 1
1546525424259340 82 1
1546525424259866 9 -1
1546525424259894 311 -1
1546525424260016 9 -1
1546525424276718 16383 -1
1546525424276731 1 -1
1546525424276738 9 -1
1546525424281920 6681 -1
1546525424281937 129 -1
1546525424285491 9 -1
1546525424288373 16383 -1
1546525424288484 1 -1
1546525424288492 9 -1
1546525424292516 16382 -1
1546525424292534 2 -1
1546525424292542 9 -1
1546525424294380 16381 -1
1546525424294394 3 -1
1546525424294522 9 -1
1546525424313927 9542 -1
1546525424313959 132 -1
1546525424314047 9 -1
1546525424315370 16383 -1
1546525424315410 1 -1
1546525424318773 9 -1
1546525424323883 16382 -1
1546525424323970 2 -1
1546525424324053 9 -1
1546525424326273 16381 -1
1546525424326312 3 -1
1546525424326567 9 -1
1546525424328460 16380 -1
1546525424328476 4 -1
1546525424328482 148 -1
1546525424328490 9 -1
1546525424336871 16383 -1
1546525424336890 1 -1
1546525424336897 9 -1
1546525424337705 2111 -1
1546525424337726 9 -1
1546525424338787 58 1
1546525424340062 16382 -1
1546525424340081 2 -1
1546525424340094 9 -1
1546525424341287 59 1
1546525424350421 16381 -1
1546525424350441 3 -1
1546525424350447 9 -1
1546525424361816 15844 -1
1546525424361835 130 -1
1546525424361841 9 -1
1546525424371605 16383 -1
1546525424371710 1 -1
1546525424371720 9 -1
1546525424377265 16383 -1
1546525424377284 1 -1
1546525424377289 9 -1
1546525424391518 8011 -1
1546525424391561 130 -1
1546525424391915 9 -1
1546525424392563 16383 -1
1546525424392579 1 -1
1546525424392585 9 -1
1546525424405006 16383 -1
1546525424405023 1 -1
1546525424405028 9 -1
1546525424417009 16382 -1
1546525424417083 2 -1
1546525424418264 9 -1
1546525424430640 16381 -1
1546525424430668 3 -1
1546525424430674 9 -1
1546525424444414 16380 -1
1546525424444436 4 -1
1546525424444443 9 -1
1546525424453195 13771 -1
1546525425562482 78 1
1546525425564008 77 1
1546525425564023 79 1
1546525425564033 78 1
1546525425564146 79 1
1546525425569982 170 -1
1546525425570002 9 -1
1546525425570008 2973 -1
1546525425575142 148 -1
1546525425575160 9 -1
1546525425585746 2795 -1
1546525425585765 147 -1
1546525425585772 9 -1
1546525425591346 3507 -1
1546525425591371 148 -1
1546525425591379 9 -1
1546525425591386 2083 -1
1546525425591393 252 -1
1546525425591400 9 -1
1546525425592442 3151 -1
1546525425637302 62 1
1546525425641377 63 1
1546525425641391 62 1
1546525425641399 63 1
1546525425641456 63 1
1546525425642323 63 1
1546525425643135 125 -1
1546525425643160 9 -1
1546525425657852 8879 -1
1546525425657867 72 -1
1546525425657873 9 -1
1546525425661468 8447 -1
1546525425661484 129 -1
1546525425661489 9 -1
1546525425664578 8438 -1
1546525425664596 116 -1
1546525425664601 9 -1
1546525425671265 3762 -1
1546525425671286 125 -1
1546525425671292 9 -1
1546525425685892 8061 -1
1546525425685908 130 -1
1546525425685913 9 -1
1546525425690892 8269 -1
1546525428651369 78 1
1546525428652478 58 1
1546525428653723 59 1
1546525428655077 58 1
1546525428657325 170 -1
1546525428657343 9 -1
1546525428664043 2973 -1
1546525428664175 73 -1
1546525428664180 9 -1
1546525428692721 16383 -1
1546525428692742 1 -1
1546525428693138 9 -1
1546525428726337 16383 -1
1546525428726353 1 -1
1546525428726358 9 -1
1546525428727497 3603 -1
1546525428727514 74 -1
1546525428727521 9 -1
1546525428763691 15873 -1
1546525428763712 511 -1
1546525428763723 9 -1
1546525428774978 59 1
1546525428777260 58 1
1546525428786832 58 1
1546525428786845 58 1
1546525428786853 58 1
1546525428786861 58 1
1546525428810792 15872 -1
1546525428817113 512 -1
1546525428817129 9 -1
1546525428846196 15871 -1
1546525428846214 513 -1
1546525428846221 9 -1
1546525428871349 15870 -1
1546525428871366 514 -1
1546525428871372 9 -1
1546525428897760 15869 -1
1546525428901860 515 -1
1546525428902382 9 -1
1546525428923874 15868 -1
1546525428923892 516 -1
1546525428923901 9 -1
1546525428935559 5394 -1
1546525428935578 73 -1
1546525428935585 118 -1
1546525428935589 129 -1
1546525428935595 235 -1
1546525428935602 132 -1
1546525428935785 132 -1
1546525428935793 131 -1
1546525428935886 9 -1
1546525428967543 15874 -1
1546525428967564 510 -1
1546525428967576 9 -1
1546525428990456 16383 -1
1546525428990477 1 -1
1546525428990483 9 -1
1546525429009764 16383 -1
1546525429009782 1 -1
1546525429009788 9 -1
1546525429031149 16383 -1
1546525429031229 1 -1
1546525429031235 9 -1
1546525429047199 15873 -1
1546525429047218 511 -1
1546525429047226 9 -1
1546525429062234 15873 -1
1546525429062260 511 -1
1546525429062268 9 -1
1546525429072424 16383 -1
1546525429072439 1 -1
1546525429072445 9 -1
1546525429085962 15873 -1
1546525429086840 511 -1
1546525429086852 9 -1
1546525429096500 16382 -1
1546525429096518 2 -1
1546525429096525 9 -1
1546525429110194 16382 -1
1546525429110222 2 -1
1546525429110227 9 -1
1546525429115433 16382 -1
1546525429115494 2 -1
1546525429115500 9 -1
1546525429128400 16383 -1
1546525429128415 1 -1
1546525429128421 9 -1
1546525429145312 16383 -1
1546525429145328 1 -1
1546525429145334 9 -1
1546525429167528 16382 -1
1546525429167547 2 -1
1546525429167737 9 -1
1546525429187660 15872 -1
1546525429187675 512 -1
1546525429187681 9 -1
1546525429218752 16381 -1
1546525429218768 3 -1
1546525429218773 9 -1
1546525429218777 119 -1
1546525429218782 9 -1
1546525429230618 16381 -1
1546525429230634 3 -1
1546525429230998 9 -1
1546525429241164 16382 -1
1546525429241191 2 -1
1546525429241197 9 -1
1546525429250971 16382 -1
1546525429250987 2 -1
1546525429250992 9 -1
1546525429262023 16381 -1
1546525429262038 3 -1
1546525429262043 9 -1
1546525429270006 15871 -1
1546525429270021 513 -1
1546525429270026 9 -1
1546525429276325 16380 -1
1546525429276339 4 -1
1546525429276816 9 -1
1546525429287678 16380 -1
1546525429287689 4 -1
1546525429287693 9 -1
1546525429292555 16381 -1
1546525429292570 3 -1
1546525429292574 9 -1
1546525429308019 16381 -1
1546525429308035 3 -1
1546525429308040 9 -1
1546525429328287 16380 -1
1546525429328306 4 -1
1546525429328312 9 -1
1546525429339072 15870 -1
1546525429339084 514 -1
1546525429339091 9 -1
1546525429349373 16379 -1
1546525429349387 5 -1
1546525429350628 9 -1
1546525429365460 16379 -1
1546525429365477 5 -1
1546525429365483 9 -1
1546525429375546 16380 -1
1546525429375560 4 -1
1546525429375564 9 -1
1546525429384368 16380 -1
1546525429384383 4 -1
1546525429384388 9 -1
1546525429398959 16379 -1
1546525429398979 5 -1
1546525429399280 9 -1
1546525429399879 2055 -1
1546525429399890 9 -1
1546525429404571 8677 -1
1546525429404588 9 -1
1546525429414155 16378 -1
1546525429414250 6 -1
1546525429414256 9 -1
1546525429427551 16379 -1
1546525429427565 5 -1
1546525429427571 9 -1
1546525429444777 16379 -1
1546525429444803 5 -1
1546525429444809 9 -1
1546525429454604 16378 -1
1546525429454619 6 -1
1546525429454901 9 -1
1546525429456427 1904 -1
1546525429456442 9 -1
1546525429468853 16378 -1
1546525429468868 6 -1
1546525429468874 9 -1
1546525429482362 16378 -1
1546525429482377 6 -1
1546525429482381 9 -1
1546525429484357 1478 -1
1546525429484380 9 -1
1546525429490233 16377 -1
1546525429490251 7 -1
1546525429490257 9 -1
1546525429490262 1807 -1
1546525429490269 9 -1
1546525429500600 16376 -1
1546525429500615 8 -1
1546525429500620 9 -1
1546525429533155 16375 -1
1546525429533170 9 -1
1546525429533458 9 -1
1546525429533465 178 -1
1546525431061107 59 1
1546525431067345 153 -1
1546525431067362 9 -1
1546525431083458 15874 -1
1546525431083479 510 -1
1546525431083730 9 -1
1546525431109469 15873 -1
1546525431109681 511 -1
1546525431109691 9 -1
1546525431118834 15872 -1
1546525431118860 512 -1
1546525431118868 9 -1
1546525431131719 15871 -1
1546525431131736 513 -1
1546525431131742 9 -1
1546525431141505 15870 -1
1546525431141522 514 -1
1546525431141530 9 -1
1546525431152279 13771 -1
1546525431256024 406 1
1546525431263972 136 -1
1546525431263981 9 -1
1546525431284855 16383 -1
1546525431284876 1 -1
1546525431284975 9 -1
1546525431287688 5388 -1
1546525431719595 406 1
1546525431726117 137 -1
1546525431726630 9 -1
1546525431739887 16383 -1
1546525431739912 1 -1
1546525431739918 9 -1
1546525431743545 16383 -1
1546525431743565 1 -1
1546525431743806 9 -1
1546525431745059 9253 -1
1546525435272836 17 1
0 0 0
1546525424258949 196 1
1546525424262847 39 -1
1546525424262856 13 -1
1546525424266738 9 1
1546525424267436 9 -1
1546525424269079 308 -1
1546525424269099 9 -1
1546525424271561 16383 -1
1546525424272923 1 -1
1546525424273739 9 -1
1546525424278179 16383 -1
1546525424278203 1 -1
1546525424278210 9 -1
1546525424281374 16382 -1
1546525424281392 2 -1
1546525424281400 9 -1
1546525424284875 16381 -1
1546525424284957 3 -1
1546525424284963 9 -1
1546525424287698 16383 -1
1546525424287761 1 -1
1546525424287768 9 -1
1546525424290971 16382 -1
1546525424290990 2 -1
1546525424290996 9 -1
1546525424293461 16383 -1
1546525424293480 1 -1
1546525424293486 9 -1
1546525424294734 16382 -1
1546525424294748 2 -1
1546525424294753 9 -1
1546525424298116 16383 -1
1546525424298280 1 -1
1546525424298291 9 -1
1546525424301105 16382 -1
1546525424301121 2 -1
1546525424301128 9 -1
1546525424301272 16381 -1
1546525424301281 3 -1
1546525424301285 9 -1
1546525424301379 16238 -1
1546525424315511 17 1
0 0 0
1546525424255036 184 1
1546525424259530 39 -1
1546525424259536 13 -1
1546525424261435 9 -1
1546525424262744 9 1
1546525424264634 293 -1
1546525424264649 9 -1
1546525424266093 16383 -1
1546525424266117 1 -1
1546525424266124 9 -1
1546525424270910 16382 -1
1546525424271387 2 -1
1546525424272179 9 -1
1546525424275103 16383 -1
1546525424275119 1 -1
1546525424275125 9 -1
1546525424276864 16382 -1
1546525424276936 2 -1
1546525424276945 9 -1
1546525424278251 4245 -1
1546525424323049 17 1
0 0 0
1546525424264268 204 1
1546525424270560 39 -1
1546525424270939 13 -1
1546525424274069 9 1
1546525424276287 9 -1
1546525424276323 310 -1
1546525424276381 9 -1
1546525424276482 2973 -1
1546525424281661 17 1
0 0 0
1546525424317263 204 1
1546525424326375 39 -1
1546525424326429 13 -1
1546525424327842 9 1
1546525424329790 9 -1
1546525424329800 310 -1
1546525424329819 9 -1
1546525424329824 2035 -1
1546525424331706 17 1
