### "'74650 49016 8160 8245 8159 16298 61241 209330 87624 41827 25484 54128 28655 157560 66360 116452 164853 224423 62431 62027 80063 50675 24074'"
0 0 0
1546526731524055 193 1
1546526731528764 39 -1
1546526731529116 13 -1
1546526731533329 9 1
1546526731534638 9 -1
1546526731535852 307 -1
1546526731535874 9 -1
1546526731537585 16383 -1
1546526731537603 1 -1
1546526731537610 9 -1
1546526731542187 16383 -1
1546526731542205 1 -1
1546526731542461 9 -1
1546526731546399 16382 -1
1546526731546415 2 -1
1546526731546430 9 -1
1546526731547719 16381 -1
1546526731547733 3 -1
1546526731547739 9 -1
1546526731548043 9114 -1
1546526731592740 17 1
0 0 0
1546526731485885 199 1
1546526731487664 69 1
1546526731487865 59 1
1546526731487873 78 1
1546526731487879 59 1
1546526731487886 78 1
1546526731487891 59 1
1546526731487897 78 1
1546526731487903 58 1
1546526731487909 59 1
1546526731487914 79 1
1546526731487920 78 1
1546526731487926 78 1
1546526731487933 78 1
1546526731487940 78 1
1546526731487946 78 1
1546526731487954 79 1
1546526731487962 78 1
1546526731487970 78 1
1546526731487976 78 1
1546526731487982 78 1
1546526731487990 78 1
0 0 0
1546526731511295 200 1
1546526731517698 39 -1
1546526731517706 13 -1
1546526731522502 9 -1
1546526731523441 311 -1
1546526731523458 9 -1
1546526731523658 2261 -1
1546526731524533 9 1
1546526731527955 17 1
0 0 0
1546526731741350 210 1
1546526731747119 39 -1
1546526731747128 13 -1
1546526731747795 9 1
1546526731751205 9 -1
1546526731891540 322 -1
1546526731891557 9 -1
1546526731892667 16383 -1
1546526731892677 1 -1
1546526731892683 9 -1
1546526731894757 16383 -1
1546526731894774 1 -1
1546526731894780 9 -1
1546526731901449 16248 -1
1546526733100055 82 1
1546526733102747 78 1
1546526733102759 78 1
1546526733104263 77 1
1546526733104278 79 1
1546526733108899 168 -1
1546526733108926 9 -1
1546526733109001 2439 -1
1546526733116564 147 -1
1546526733116583 9 -1
1546526733117037 2617 -1
1546526733117490 146 -1
1546526733117498 9 -1
1546526733117905 3151 -1
1546526733117919 148 -1
1546526733118207 9 -1
1546526733118666 3151 -1
1546526733118680 148 -1
1546526733118685 9 -1
1546526733136832 3329 -1
1546526733207933 64 1
1546526733208182 64 1
1546526733208194 64 1
1546526733208327 63 1
1546526733208336 62 1
1546526733208344 63 1
1546526733216436 129 -1
1546526733216495 9 -1
1546526733222019 8160 -1
1546526733222043 130 -1
1546526733222048 9 -1
1546526733222624 5009 -1
1546526733222643 129 -1
1546526733222651 9 -1
1546526733235587 8245 -1
1546526733235614 125 -1
1546526733236049 9 -1
1546526733239090 8159 -1
1546526733239110 196 -1
1546526733239417 9 -1
1546526733239925 5707 -1
1546526733239939 158 -1
1546526733239944 9 -1
1546526733244542 4390 -1
1546526733564899 78 1
1546526733565614 78 1
1546526733567919 78 1
1546526733568848 78 1
1546526733572352 172 -1
1546526733572369 9 -1
1546526733572375 3151 -1
1546526733577668 147 -1
1546526733577684 9 -1
1546526733577692 2617 -1
1546526733577698 136 -1
1546526733577702 9 -1
1546526733578980 2617 -1
1546526733579297 148 -1
1546526733579310 9 -1
1546526733579323 78 1
1546526733581391 2795 -1
1546526733581417 79 1
1546526733581649 78 1
1546526733581675 78 1
1546526733582841 89 1
1546526733586444 144 -1
1546526733586461 9 -1
1546526733586466 2617 -1
1546526733587105 77 1
1546526733590952 78 1
1546526733591576 148 -1
1546526733591592 9 -1
1546526733591596 3151 -1
1546526733591602 147 -1
1546526733591606 9 -1
1546526733591751 2795 -1
1546526733591761 146 -1
1546526733591766 9 -1
1546526733595131 78 1
1546526733596158 58 1
1546526733596273 3329 -1
1546526733596283 129 -1
1546526733596288 9 -1
1546526733597379 78 1
1546526733597407 78 1
1546526733606707 78 1
1546526733606721 78 1
1546526733607072 15856 -1
1546526733607727 442 -1
1546526733607753 219 -1
1546526733607760 9 -1
1546526733607766 3329 -1
1546526733607773 180 -1
1546526733607807 9 -1
1546526733609226 3685 -1
1546526733609245 167 -1
1546526733609252 9 -1
1546526733609263 59 1
1546526733609317 77 1
1546526733609964 3685 -1
1546526733609981 129 -1
1546526733609986 9 -1
1546526733610088 79 1
1546526733616539 15874 -1
1546526733617445 510 -1
1546526733617457 9 -1
1546526733617481 79 1
1546526733621005 58 1
1546526733628359 16383 -1
1546526733628380 1 -1
1546526733628386 9 -1
1546526733631859 16382 -1
1546526733631879 2 -1
1546526733631885 9 -1
1546526733637244 12089 -1
1546526733637269 147 -1
1546526733637277 9 -1
1546526733637726 2973 -1
1546526733637903 149 -1
1546526733638078 9 -1
1546526733639379 3507 -1
1546526733639398 148 -1
1546526733639462 9 -1
1546526733641659 3151 -1
1546526733641677 149 -1
1546526733641685 9 -1
1546526733650033 2973 -1
1546526733650051 147 -1
1546526733650060 9 -1
1546526733650130 3685 -1
1546526733650137 132 -1
1546526733650141 9 -1
1546526733658175 16383 -1
1546526733658195 1 -1
1546526733658202 9 -1
1546526733679608 16382 -1
1546526733679624 2 -1
1546526733679631 9 -1
1546526733694546 16381 -1
1546526733694567 3 -1
1546526733694659 219 -1
1546526733694667 182 -1
1546526733694672 150 -1
1546526733694676 9 -1
1546526733705968 16383 -1
1546526733705995 1 -1
1546526733706002 9 -1
1546526733706752 3685 -1
1546526733706782 9 -1
1546526733710993 2795 -1
1546526733711014 9 -1
1546526733722512 16383 -1
1546526733722535 1 -1
1546526733722544 9 -1
1546526733729324 67 1
1546526733735364 16382 -1
1546526733735390 2 -1
1546526733735397 9 -1
1546526733738333 58 1
1546526733741143 67 1
1546526733741898 67 1
1546526733743820 16382 -1
1546526733743845 2 -1
1546526733743853 9 -1
1546526733753297 16381 -1
1546526733753316 3 -1
1546526733753542 9 -1
1546526733766520 16381 -1
1546526733766540 3 -1
1546526733766547 9 -1
1546526733774783 16380 -1
1546526733775008 4 -1
1546526733775019 9 -1
1546526733788170 16380 -1
1546526733788191 4 -1
1546526733788321 9 -1
1546526733805090 16379 -1
1546526733805113 5 -1
1546526733805122 9 -1
1546526733815233 16379 -1
1546526733815254 5 -1
1546526733815261 9 -1
1546526733825152 16378 -1
1546526733829833 6 -1
1546526733829990 9 -1
1546526733831237 5704 -1
1546526733840484 9 -1
1546526733848478 16377 -1
1546526733848500 7 -1
1546526733848506 9 -1
1546526733868262 16376 -1
1546526733868283 8 -1
1546526733868289 9 -1
1546526733873897 16375 -1
1546526733873926 9 -1
1546526733873933 9 -1
1546526733884574 12722 -1
1546526733884592 155 -1
1546526733885069 130 -1
1546526733885079 155 -1
1546526733885090 144 -1
1546526733885096 9 -1
1546526733896591 16383 -1
1546526733896609 1 -1
1546526733896615 9 -1
1546526733912061 16383 -1
1546526733912082 1 -1
1546526733912621 9 -1
1546526733926066 16383 -1
1546526733926086 1 -1
1546526733926093 9 -1
1546526733934373 15838 -1
1546526733934393 546 -1
1546526733934401 9 -1
1546526733948963 16382 -1
1546526733948983 2 -1
1546526733948989 9 -1
1546526733968536 16382 -1
1546526733968555 2 -1
1546526733968562 9 -1
1546526733978543 9100 -1
1546526733978564 9 -1
1546526733987503 12271 -1
1546526733987519 9 -1
1546526733994920 9059 -1
1546526733994944 9 -1
1546526734032005 16381 -1
1546526734032023 3 -1
1546526734032028 9 -1
1546526734036777 4976 -1
1546526735717648 59 1
1546526735717767 77 1
1546526735718730 78 1
1546526735721123 79 1
1546526735723133 58 1
1546526735735557 77 1
1546526735735573 78 1
1546526735735582 78 1
1546526735735590 78 1
1546526735735597 78 1
1546526735735603 78 1
1546526735735610 78 1
1546526735735615 78 1
1546526735735622 78 1
1546526735735701 155 -1
1546526735735709 9 -1
1546526735735716 78 1
1546526735737194 58 1
1546526735740375 78 1
1546526735745845 58 1
1546526735745861 78 1
1546526735746021 58 1
1546526735747961 16383 -1
1546526735747981 1 -1
1546526735747989 9 -1
1546526735751841 79 1
1546526735759467 59 1
1546526735759482 59 1
1546526735759492 59 1
1546526735763782 59 1
1546526735769123 16383 -1
1546526735769139 1 -1
1546526735769145 9 -1
1546526735789018 16382 -1
1546526735789033 2 -1
1546526735789198 9 -1
1546526735798878 16381 -1
1546526735798895 3 -1
1546526735798901 9 -1
1546526735812832 16383 -1
1546526735812851 1 -1
1546526735812858 9 -1
1546526735824973 16382 -1
1546526735824993 2 -1
1546526735825000 147 -1
1546526735825121 148 -1
1546526735825189 201 -1
1546526735825196 131 -1
1546526735841739 181 -1
1546526735841977 147 -1
1546526735841984 148 -1
1546526735841989 145 -1
1546526735841995 148 -1
1546526735841999 147 -1
1546526735842005 171 -1
1546526735842009 148 -1
1546526735842013 148 -1
1546526735842016 203 -1
1546526735842021 181 -1
1546526735842301 143 -1
1546526735842308 132 -1
1546526735842312 147 -1
1546526735842318 131 -1
1546526735842322 131 -1
1546526735842327 9 -1
1546526735845020 16383 -1
1546526735845170 1 -1
1546526735845175 9 -1
1546526735845263 2439 -1
1546526735845272 9 -1
1546526735848443 3151 -1
1546526735849445 9 -1
1546526735849562 3151 -1
1546526735849572 9 -1
1546526735869079 16383 -1
1546526735869692 1 -1
1546526735869701 9 -1
1546526735870727 2795 -1
1546526735870847 9 -1
1546526735871735 3151 -1
1546526735871843 9 -1
1546526735872873 3863 -1
1546526735872957 9 -1
1546526735873412 3151 -1
1546526735873423 9 -1
1546526735876427 3151 -1
1546526735876444 9 -1
1546526735877703 2973 -1
1546526735877720 9 -1
1546526735877778 3151 -1
1546526735877786 9 -1
1546526735883253 2795 -1
1546526735883270 9 -1
1546526735884222 2617 -1
1546526735884237 9 -1
1546526735887405 3685 -1
1546526735887485 9 -1
1546526735906891 15873 -1
1546526735907100 511 -1
1546526735907173 9 -1
1546526735911673 2795 -1
1546526735911823 9 -1
1546526735922781 16383 -1
1546526735923057 1 -1
1546526735923063 9 -1
1546526735927428 2439 -1
1546526735927442 9 -1
1546526735942377 16383 -1
1546526735942695 1 -1
1546526735942800 9 -1
1546526735943025 2973 -1
1546526735943038 9 -1
1546526735959481 16382 -1
1546526735959668 2 -1
1546526735959675 9 -1
1546526735976334 16382 -1
1546526735976354 2 -1
1546526735976360 9 -1
1546526735995848 15872 -1
1546526735995867 512 -1
1546526735995874 9 -1
1546526736009975 16382 -1
1546526736010532 2 -1
1546526736010556 9 -1
1546526736022928 16382 -1
1546526736022947 2 -1
1546526736022954 9 -1
1546526736042760 16381 -1
1546526736042801 3 -1
1546526736043122 9 -1
1546526736056979 16381 -1
1546526736057085 3 -1
1546526736057188 9 -1
1546526736065071 15871 -1
1546526736065092 513 -1
1546526736065099 9 -1
1546526736083026 16381 -1
1546526736083045 3 -1
1546526736083436 9 -1
1546526736092091 16381 -1
1546526736092116 3 -1
1546526736092122 9 -1
1546526736115446 10104 -1
1546526736115466 9 -1
1546526736121071 16380 -1
1546526736121103 4 -1
1546526736121112 9 -1
1546526736123137 15870 -1
1546526736123154 514 -1
1546526736123161 9 -1
1546526736131905 16380 -1
1546526736132268 4 -1
1546526736132345 9 -1
1546526736142229 16380 -1
1546526736142258 4 -1
1546526736142264 9 -1
1546526736142454 824 -1
1546526736142466 9 -1
1546526736157310 15869 -1
1546526736157380 515 -1
1546526736157613 9 -1
1546526736166396 16379 -1
1546526736166416 5 -1
1546526736166422 9 -1
1546526736173502 16379 -1
1546526736173522 5 -1
1546526736173530 9 -1
1546526736178308 15868 -1
1546526736178331 516 -1
1546526736178339 9 -1
1546526736183205 16378 -1
1546526736183235 6 -1
1546526736183241 9 -1
1546526736194339 16378 -1
1546526736194397 6 -1
1546526736194404 9 -1
1546526736205762 15867 -1
1546526736205782 517 -1
1546526736205792 9 -1
1546526736208382 16377 -1
1546526736208403 7 -1
1546526736208408 9 -1
1546526736231357 16377 -1
1546526736231455 7 -1
1546526736231463 9 -1
1546526736231468 1764 -1
1546526736231485 9 -1
1546526736236653 16376 -1
1546526736236683 8 -1
1546526736236689 131 -1
1546526736236694 154 -1
1546526736236703 131 -1
1546526736236708 131 -1
1546526736239809 9 -1
1546526736246535 16376 -1
1546526736247028 8 -1
1546526736247040 9 -1
1546526736259966 16375 -1
1546526736259986 9 -1
1546526736259993 9 -1
1546526736271561 16375 -1
1546526736271653 9 -1
1546526736271661 9 -1
1546526736292135 16374 -1
1546526736292269 10 -1
1546526736292405 9 -1
1546526736310199 16374 -1
1546526736310226 10 -1
1546526736310234 9 -1
1546526736310240 1013 -1
1546526736310466 9 -1
1546526736321598 406 1
1546526736323741 16373 -1
1546526736323762 11 -1
1546526736323769 9 -1
1546526736337661 16372 -1
1546526736337682 12 -1
1546526736337689 9 -1
1546526736345607 16371 -1
1546526736345635 13 -1
1546526736345918 9 -1
1546526736357695 11431 -1
1546526736357716 9 -1
1546526736370682 16383 -1
1546526736371099 1 -1
1546526736371140 9 -1
1546526736386961 16383 -1
1546526736386980 1 -1
1546526736387278 9 -1
1546526736414791 15874 -1
1546526736414812 510 -1
1546526736414821 9 -1
1546526736433694 15874 -1
1546526736433715 510 -1
1546526736433814 9 -1
1546526736472234 16382 -1
1546526736472336 2 -1
1546526736472379 9 -1
1546526736496529 16382 -1
1546526736496548 2 -1
1546526736496554 9 -1
1546526736504124 15873 -1
1546526736504138 511 -1
1546526736504146 9 -1
1546526736512421 397 1
1546526736519068 16383 -1
1546526736519084 1 -1
1546526736519254 9 -1
1546526736532763 16381 -1
1546526736532778 3 -1
1546526736532782 9 -1
1546526736547695 16381 -1
1546526736547718 3 -1
1546526736547722 9 -1
1546526736568357 15872 -1
1546526736568681 512 -1
1546526736568690 9 -1
1546526736581867 16382 -1
1546526736581883 2 -1
1546526736581888 9 -1
1546526736593201 13279 -1
1546526736593217 9 -1
1546526736599049 12875 -1
1546526736599065 9 -1
1546526736608251 16383 -1
1546526736608271 1 -1
1546526736608278 9 -1
1546526736610291 1523 -1
1546526736610308 9 -1
1546526736623510 14527 -1
1546526736623530 232 -1
1546526736625069 168 -1
1546526736625078 9 -1
1546526736636895 16383 -1
1546526736636911 1 -1
1546526736636916 9 -1
1546526736641348 7522 -1
1546526736641365 9 -1
1546526736646817 7690 -1
1546526742228754 17 1
0 0 0
1546526731484866 201 1
1546526731487001 39 -1
1546526731487009 13 -1
1546526731488318 9 1
1546526731491000 9 -1
1546526731491014 312 -1
1546526731491031 9 -1
1546526731493205 2795 -1
1546526731537112 17 1
0 0 0
1546526731715255 201 1
0 0 0
1546526731533876 201 1
