### "'107665 16298 10814 8036 9623 9306 9775 11797 41006 16298 31335 36257 29209 38732 58841 16298 105240'"
0 0 0
1546527481076796 192 1
1546527481076810 72 1
1546527481082502 39 -1
1546527481082616 13 -1
1546527481085427 9 1
1546527481089448 9 -1
1546527481089458 307 -1
1546527481089472 9 -1
1546527481090388 15856 -1
1546527481090411 528 -1
1546527481090419 9 -1
1546527481097343 16383 -1
1546527481097362 1 -1
1546527481097369 9 -1
1546527481100185 16382 -1
1546527481100202 2 -1
1546527481100235 9 -1
1546527481101633 16381 -1
1546527481101651 3 -1
1546527481101658 9 -1
1546527481110693 16383 -1
1546527481110715 1 -1
1546527481110722 9 -1
1546527481112029 16382 -1
1546527481112155 2 -1
1546527481112163 9 -1
1546527481112755 9361 -1
1546527481112766 143 -1
1546527481112774 9 -1
1546527481113958 15856 -1
1546527481113972 442 -1
1546527482322275 81 1
1546527482322682 77 1
1546527482324353 78 1
1546527482324367 78 1
1546527482325031 78 1
1546527482328646 178 -1
1546527482328662 9 -1
1546527482329150 5465 -1
1546527482334608 147 -1
1546527482334627 9 -1
1546527482342287 3151 -1
1546527482342308 143 -1
1546527482342315 9 -1
1546527482342322 2617 -1
1546527482342376 179 -1
1546527482342385 9 -1
1546527482343921 3329 -1
1546527482343941 179 -1
1546527482343949 9 -1
1546527482344483 2261 -1
1546527482438408 63 1
1546527482439529 63 1
1546527482442108 64 1
1546527482444484 63 1
1546527482444501 64 1
1546527482445252 128 -1
1546527482445260 9 -1
1546527482445274 63 1
1546527482467833 8036 -1
1546527482468128 129 -1
1546527482468135 9 -1
1546527482472579 6028 -1
1546527482472610 128 -1
1546527482472649 9 -1
1546527482478627 9623 -1
1546527482478646 228 -1
1546527482478653 9 -1
1546527482481279 9306 -1
1546527482481295 111 -1
1546527482481300 9 -1
1546527482495272 9775 -1
1546527482495727 126 -1
1546527482495738 9 -1
1546527482497297 11797 -1
1546527482832411 407 1
1546527482839429 145 -1
1546527482839450 9 -1
1546527482850978 16383 -1
1546527482850995 1 -1
1546527482851001 9 -1
1546527482862124 16383 -1
1546527482862139 1 -1
1546527482862145 9 -1
1546527482872098 8238 -1
1546527485466298 78 1
1546527485466313 78 1
1546527485466322 78 1
1546527485466393 72 1
1546527485466465 77 1
1546527485474970 170 -1
1546527485474991 9 -1
1546527485479850 2439 -1
1546527485479867 148 -1
1546527485480004 9 -1
1546527485481300 2261 -1
1546527485481317 147 -1
1546527485481322 9 -1
1546527485492836 2261 -1
1546527485492865 143 -1
1546527485492875 9 -1
1546527485498772 15856 -1
1546527485498800 442 -1
1546527485498808 146 -1
1546527485498965 9 -1
1546527485498971 2973 -1
1546527485629975 407 1
1546527485635716 407 1
1546527485637238 132 -1
1546527485637248 9 -1
1546527485660767 16383 -1
1546527485660787 1 -1
1546527485660793 9 -1
1546527485675757 14951 -1
1546527485675773 136 -1
1546527485675778 9 -1
1546527485697207 16383 -1
1546527485697226 1 -1
1546527485697232 9 -1
1546527485739705 16383 -1
1546527485739728 1 -1
1546527485739734 9 -1
1546527485748187 3489 -1
1546527486024726 407 1
1546527486032445 263 -1
1546527486032457 9 -1
1546527486055586 16383 -1
1546527486055615 1 -1
1546527486055621 9 -1
1546527486075341 12825 -1
1546527488506725 407 1
1546527488513281 160 -1
1546527488513302 9 -1
1546527488531057 16383 -1
1546527488531072 1 -1
1546527488531076 9 -1
1546527488541976 16383 -1
1546527488541991 1 -1
1546527488541996 9 -1
1546527488547029 5964 -1
1546527488560349 406 1
1546527488567008 125 -1
1546527488567104 9 -1
1546527488581180 16383 -1
1546527488581195 1 -1
1546527488581200 9 -1
1546527488597915 16382 -1
1546527488597933 2 -1
1546527488597938 9 -1
1546527488622156 70 1
1546527488623114 78 1
1546527488625430 59 1
1546527488625446 89 1
1546527488625763 78 1
1546527488625859 78 1
1546527488631916 16381 -1
1546527488631936 3 -1
1546527488632529 9 -1
1546527488637908 9689 -1
1546527488637927 118 -1
1546527488637933 9 -1
1546527488656581 16298 -1
1546527488656600 150 -1
1546527488656607 9 -1
1546527488663352 3151 -1
1546527488663373 120 -1
1546527488663379 9 -1
1546527488664026 1705 -1
1546527488664043 148 -1
1546527488664049 9 -1
1546527488665465 2439 -1
1546527488665486 129 -1
1546527488665492 9 -1
1546527488681919 15873 -1
1546527488681938 511 -1
1546527488681945 9 -1
1546527488702019 15872 -1
1546527488702040 512 -1
1546527488702048 9 -1
1546527488713621 16383 -1
1546527488713640 1 -1
1546527488713647 148 -1
1546527488713655 9 -1
1546527488727041 16383 -1
1546527488727062 1 -1
1546527488727068 9 -1
1546527488731559 3685 -1
1546527488731579 9 -1
1546527488755396 16382 -1
1546527488755413 2 -1
1546527488755531 9 -1
1546527488764043 16381 -1
1546527488764063 3 -1
1546527488764070 9 -1
1546527488771984 6936 -1
1546527495120663 17 1
0 0 0
1546527481136201 202 1
1546527481142353 39 -1
1546527481142363 13 -1
1546527481146514 9 -1
1546527481153474 312 -1
1546527481153495 9 -1
1546527481153507 9 1
1546527481156558 10814 -1
1546527481188290 17 1
0 0 0
1546527481144360 202 1
1546527481149846 39 -1
1546527481149854 13 -1
1546527481155527 9 -1
1546527481155536 310 -1
1546527481155548 9 -1
1546527481155552 2261 -1
1546527481155563 9 1
1546527481157493 17 1
0 0 0
1546527481081884 202 1
0 0 0
1546527481120442 202 1
0 0 0
1546527481086205 202 1
1546527481092951 39 -1
1546527481092960 13 -1
1546527481094147 9 1
1546527481098491 9 -1
1546527481099514 310 -1
1546527481099681 9 -1
1546527481099689 1959 -1
1546527481146365 17 1
