### "'143516 105978 31598 12168 11211 23362 40954 31487 56246 9801 41151 25118 8395 79897 97452 64685 41416 39747 31598'"
0 0 0
1546529742504253 202 1
0 0 0
1546529742522734 202 1
1546529742527241 39 -1
1546529742527313 13 -1
1546529742532557 9 1
1546529742532637 9 -1
1546529742532643 310 -1
1546529742532650 9 -1
1546529742562050 3507 -1
1546529742576494 17 1
0 0 0
1546529742459997 39 -1
1546529742460005 13 -1
1546529742460878 193 1
1546529742461535 9 1
1546529742466964 9 -1
1546529742468646 339 -1
1546529742468661 9 -1
1546529742474684 16383 -1
1546529742475164 1 -1
1546529742475172 9 -1
1546529742494546 16383 -1
1546529742494565 1 -1
1546529742494572 9 -1
1546529742501555 16382 -1
1546529742501574 2 -1
1546529742501725 9 -1
1546529742502830 16381 -1
1546529742502845 3 -1
1546529742502850 9 -1
1546529742505873 16383 -1
1546529742505940 1 -1
1546529742505946 9 -1
1546529742509351 16382 -1
1546529742509361 2 -1
1546529742509366 9 -1
1546529742509426 7674 -1
1546529742545031 17 1
0 0 0
1546529742459123 202 1
1546529742466218 39 -1
1546529742466224 13 -1
1546529742470845 9 -1
1546529742471562 310 -1
1546529742471579 9 -1
1546529742471584 2263 -1
1546529742509028 9 1
1546529742509040 17 1
0 0 0
1546529742459457 181 1
1546529742461374 39 -1
1546529742461620 13 -1
1546529742463775 9 1
1546529742465826 9 -1
1546529742466250 295 -1
1546529742466286 9 -1
1546529742467473 16383 -1
1546529742467486 1 -1
1546529742467550 9 -1
1546529742470014 16382 -1
1546529742470179 2 -1
1546529742470190 9 -1
1546529742476351 16383 -1
1546529742476365 1 -1
1546529742476371 9 -1
1546529742486718 16382 -1
1546529742486736 2 -1
1546529742486741 9 -1
1546529742492418 16381 -1
1546529742492436 3 -1
1546529742492442 9 -1
1546529742495356 61 1
1546529742501714 16383 -1
1546529742501990 1 -1
1546529742502179 9 -1
1546529742502322 59 1
1546529742502904 58 1
1546529742503015 86 1
1546529742504607 16382 -1
1546529742504621 2 -1
1546529742504630 9 -1
1546529742504640 57 1
1546529742505972 16381 -1
1546529742507305 3 -1
1546529742507316 9 -1
1546529742507591 86 1
1546529742508843 12444 -1
1546529742508861 131 -1
1546529742508867 9 -1
1546529742510059 59 1
1546529742511251 15874 -1
1546529742511267 510 -1
1546529742511275 9 -1
1546529742514644 58 1
1546529742521944 58 1
1546529742525303 59 1
1546529742526857 15214 -1
1546529742526875 130 -1
1546529742526881 9 -1
1546529742528050 58 1
1546529742528219 12168 -1
1546529742528232 131 -1
1546529742528237 9 -1
1546529742529321 11211 -1
1546529742529344 130 -1
1546529742529350 9 -1
1546529742534810 86 1
1546529742534829 59 1
1546529742534885 89 1
1546529742536082 15874 -1
1546529742536099 510 -1
1546529742536106 9 -1
1546529742536738 6978 -1
1546529742536749 161 -1
1546529742536756 9 -1
1546529742537794 16383 -1
1546529742537816 1 -1
1546529742537821 9 -1
1546529742538727 16383 -1
1546529742538746 1 -1
1546529742538752 9 -1
1546529742539947 8186 -1
1546529742539965 157 -1
1546529742539972 130 -1
1546529742539978 130 -1
1546529742539982 9 -1
1546529742541779 16383 -1
1546529742541797 1 -1
1546529742541805 9 -1
1546529742543306 58 1
1546529742543684 58 1
1546529742546324 16383 -1
1546529742546342 1 -1
1546529742546347 9 -1
1546529742547463 9801 -1
1546529742547503 9 -1
1546529742551338 15103 -1
1546529742551358 9 -1
1546529742557450 16382 -1
1546529742557467 2 -1
1546529742557472 9 -1
1546529742559474 16381 -1
1546529742559493 3 -1
1546529742559499 9 -1
1546529742563233 7094 -1
1546529742563251 130 -1
1546529742563298 128 -1
1546529742563304 258 -1
1546529742565752 9 -1
1546529742571971 16383 -1
1546529742571993 1 -1
1546529742572000 9 -1
1546529742576650 16383 -1
1546529742576892 1 -1
1546529742576900 9 -1
1546529742578088 8395 -1
1546529742578118 9 -1
1546529742587024 16382 -1
1546529742587042 2 -1
1546529742587049 9 -1
1546529742589418 8734 -1
1546529742589437 9 -1
1546529742597511 8383 -1
1546529742597601 147 -1
1546529742597682 131 -1
1546529742597688 146 -1
1546529742597695 131 -1
1546529742597774 129 -1
1546529742597780 9 -1
1546529742601950 15832 -1
1546529742602186 552 -1
1546529742602571 9 -1
1546529742614708 15874 -1
1546529742618426 510 -1
1546529742618472 9 -1
1546529742644478 15835 -1
1546529742644503 549 -1
1546529742644511 9 -1
1546529742664470 16383 -1
1546529742664656 1 -1
1546529742664821 9 -1
1546529742696489 16383 -1
1546529742696509 1 -1
1546529742696517 9 -1
1546529742730820 15831 -1
1546529742730841 553 -1
1546529742730849 9 -1
1546529742755244 15873 -1
1546529742755265 511 -1
1546529742755274 9 -1
1546529742775626 15834 -1
1546529742775668 550 -1
1546529742775676 9 -1
1546529742785538 16382 -1
1546529742785557 2 -1
1546529742785567 9 -1
1546529742795525 16382 -1
1546529742795544 2 -1
1546529742795552 9 -1
1546529742806387 15830 -1
1546529742806425 554 -1
1546529742806434 9 -1
1546529742821601 15872 -1
1546529742821616 512 -1
1546529742821621 9 -1
1546529742840282 15833 -1
1546529742840943 551 -1
1546529742840966 9 -1
1546529742846284 8648 -1
1546529742846513 9 -1
1546529742856529 6979 -1
1546529742856547 9 -1
1546529742866303 15829 -1
1546529742866330 555 -1
1546529742866337 9 -1
1546529742881230 15871 -1
1546529742881249 513 -1
1546529742881258 9 -1
1546529742900508 15533 -1
1546529742900526 9 -1
1546529742906396 14361 -1
1546529742906409 9 -1
1546529742922415 15870 -1
1546529742922432 514 -1
1546529742922438 9 -1
1546529742953048 15532 -1
1546529743867689 78 1
1546529743869038 78 1
1546529743871714 79 1
1546529743871725 78 1
1546529743871732 78 1
1546529743874492 172 -1
1546529743874512 9 -1
1546529743874686 63 1
1546529743878651 2617 -1
1546529743880657 134 -1
1546529743880671 9 -1
1546529743919925 2973 -1
1546529743919940 147 -1
1546529743919946 9 -1
1546529743920263 3685 -1
1546529743920276 148 -1
1546529743920371 9 -1
1546529743934434 2439 -1
1546529743934448 147 -1
1546529743934621 9 -1
1546529743938890 2617 -1
1546529743938910 234 -1
1546529743938917 9 -1
1546529743948766 6519 -1
1546529746433984 58 1
1546529746440400 155 -1
1546529746440416 9 -1
1546529746455024 16383 -1
1546529746455223 1 -1
1546529746455231 9 -1
1546529746470044 15214 -1
1546529750974052 17 1
