### "'105978 31598 12168 11211 40954 23362 31487 9801 56246 41151 25118 8395 79897 97452 64685 41416 39747 31598'"
0 0 0
1546529773205183 202 1
1546529773209486 39 -1
1546529773209495 13 -1
1546529773212699 9 1
1546529773216589 9 -1
1546529773216600 310 -1
1546529773216614 9 -1
1546529773216621 2263 -1
1546529773255799 61 1
1546529773268818 59 1
1546529773269429 58 1
1546529773270744 131 -1
1546529773270880 9 -1
1546529773270940 86 1
1546529773273692 57 1
1546529773274257 86 1
1546529773274270 59 1
1546529773276287 16383 -1
1546529773276445 1 -1
1546529773276453 9 -1
1546529773278013 58 1
1546529773280294 15214 -1
1546529773280358 130 -1
1546529773280365 9 -1
1546529773284012 58 1
1546529773284470 59 1
1546529773285140 58 1
1546529773285798 86 1
1546529773289040 12168 -1
1546529773289060 131 -1
1546529773289066 9 -1
1546529773289499 11211 -1
1546529773289514 161 -1
1546529773289606 9 -1
1546529773294079 59 1
1546529773294841 89 1
1546529773294859 58 1
1546529773297762 16383 -1
1546529773297781 1 -1
1546529773297789 9 -1
1546529773298832 58 1
1546529773304794 16383 -1
1546529773304825 1 -1
1546529773304833 9 -1
1546529773306460 8186 -1
1546529773306481 130 -1
1546529773306488 9 -1
1546529773307417 15874 -1
1546529773307436 510 -1
1546529773307443 9 -1
1546529773308470 6978 -1
1546529773308491 157 -1
1546529773308499 9 -1
1546529773313543 16383 -1
1546529773313561 1 -1
1546529773313570 9 -1
1546529773322829 15103 -1
1546529773322845 130 -1
1546529773322934 130 -1
1546529773322940 130 -1
1546529773322943 9 -1
1546529773323016 15874 -1
1546529773323075 510 -1
1546529773323083 9 -1
1546529773328006 9801 -1
1546529773328025 9 -1
1546529773337515 16383 -1
1546529773337533 1 -1
1546529773337538 9 -1
1546529773344780 15873 -1
1546529773344842 511 -1
1546529773346693 9 -1
1546529773353306 16382 -1
1546529773353329 2 -1
1546529773353335 9 -1
1546529773363936 15872 -1
1546529773363956 512 -1
1546529773363964 9 -1
1546529773373503 8383 -1
1546529773373522 9 -1
1546529773373606 7094 -1
1546529773373613 131 -1
1546529773373617 274 -1
1546529773373623 128 -1
1546529773373723 131 -1
1546529773373727 146 -1
1546529773373733 131 -1
1546529773373736 129 -1
1546529773373739 9 -1
1546529773389808 15874 -1
1546529773389835 510 -1
1546529773389843 9 -1
1546529773406634 8395 -1
1546529773406655 9 -1
1546529773417371 15832 -1
1546529773417392 552 -1
1546529773417399 9 -1
1546529773441985 15874 -1
1546529773442003 510 -1
1546529773442012 9 -1
1546529773463559 16383 -1
1546529773463586 1 -1
1546529773463594 9 -1
1546529773484542 16383 -1
1546529773484577 1 -1
1546529773484588 9 -1
1546529773496734 16383 -1
1546529773496754 1 -1
1546529773496760 9 -1
1546529773503583 8734 -1
1546529773503604 9 -1
1546529773514904 15831 -1
1546529773514925 553 -1
1546529773514939 9 -1
1546529773532015 15873 -1
1546529773532045 511 -1
1546529773532095 9 -1
1546529773544807 16382 -1
1546529773544826 2 -1
1546529773544832 9 -1
1546529773563445 16382 -1
1546529773563462 2 -1
1546529773563539 9 -1
1546529773574209 16382 -1
1546529773574227 2 -1
1546529773574232 9 -1
1546529773588198 16383 -1
1546529773588218 1 -1
1546529773588447 9 -1
1546529773604107 15872 -1
1546529773604123 512 -1
1546529773604210 9 -1
1546529773618789 16381 -1
1546529773618807 3 -1
1546529773618876 9 -1
1546529773633850 8648 -1
1546529773633869 9 -1
1546529773643283 6979 -1
1546529773643300 9 -1
1546529773667589 16382 -1
1546529773667610 2 -1
1546529773667617 9 -1
1546529773694260 16383 -1
1546529773694278 1 -1
1546529773694381 9 -1
1546529773709694 15533 -1
1546529773709713 9 -1
1546529773729770 14361 -1
1546529773729797 9 -1
1546529773753464 16382 -1
1546529773753482 2 -1
1546529773753488 9 -1
1546529773759362 15532 -1
1546529774627408 78 1
1546529774629027 78 1
1546529774632838 79 1
1546529774632851 78 1
1546529774632860 78 1
1546529774634692 171 -1
1546529774634712 9 -1
1546529774634718 2617 -1
1546529774639749 134 -1
1546529774639758 9 -1
1546529774640801 2973 -1
1546529774644112 147 -1
1546529774645823 9 -1
1546529774653489 3685 -1
1546529774653512 148 -1
1546529774653519 9 -1
1546529774655745 2439 -1
1546529774655764 147 -1
1546529774655770 9 -1
1546529774655776 2617 -1
1546529774656511 63 1
1546529774664029 234 -1
1546529774664047 9 -1
1546529774674139 6519 -1
1546529777129001 58 1
1546529777137719 154 -1
1546529777137734 9 -1
1546529777150245 16383 -1
1546529777150266 1 -1
1546529777150272 9 -1
1546529777164476 15214 -1
1546529781720963 17 1
0 0 0
1546529773209625 202 1
0 0 0
1546529773226528 181 1
0 0 0
1546529773267540 202 1
0 0 0
1546529773233984 193 1
1546529773239333 39 -1
1546529773239344 13 -1
1546529773247091 9 -1
1546529773247269 339 -1
1546529773247283 9 -1
1546529773247818 16383 -1
1546529773247831 1 -1
1546529773247836 9 -1
1546529773264844 16383 -1
1546529773265884 1 -1
1546529773265892 9 -1
1546529773268637 16382 -1
1546529773268660 2 -1
1546529773268666 9 -1
1546529773270256 16381 -1
1546529773270548 3 -1
1546529773270556 9 -1
1546529773272443 9 1
1546529773273743 16383 -1
1546529773273759 1 -1
1546529773273772 9 -1
1546529773283513 16382 -1
1546529773283534 2 -1
1546529773283540 9 -1
1546529773284660 7674 -1
1546529773320560 17 1
