### "'29734 31598 12168 40954 31487 143516 23362 11211 56246 9801 25118 41151 8395 79897 64685 97452 41416 39747 31598'"
0 0 0
1546529707602494 181 1
1546529707608020 39 -1
1546529707608064 13 -1
1546529707609045 9 1
1546529707621534 9 -1
1546529707621595 295 -1
1546529707621607 9 -1
1546529707636630 16383 -1
1546529707636653 1 -1
1546529707636661 9 -1
1546529707639185 16383 -1
1546529707639207 1 -1
1546529707639213 9 -1
1546529707649996 16382 -1
1546529707650015 2 -1
1546529707650021 9 -1
1546529707664187 16381 -1
1546529707664212 3 -1
1546529707664220 9 -1
1546529707664721 16380 -1
1546529707664737 4 -1
1546529707664743 9 -1
1546529707675373 16379 -1
1546529707675389 5 -1
1546529707675396 9 -1
1546529707688112 16383 -1
1546529707688130 1 -1
1546529707688136 9 -1
1546529707704130 16382 -1
1546529707704150 2 -1
1546529707704156 9 -1
1546529707705165 12444 -1
1546529707708505 17 1
0 0 0
1546529707564663 193 1
0 0 0
1546529707774532 202 1
1546529707779898 39 -1
1546529707799810 9 1
1546529707801468 13 -1
1546529707801479 9 -1
1546529707801487 310 -1
1546529707801499 9 -1
1546529707801504 3507 -1
1546529707803745 17 1
0 0 0
1546529707537905 202 1
1546529707544276 39 -1
1546529707544282 13 -1
1546529707546013 9 1
1546529707548678 9 -1
1546529707549865 312 -1
1546529707550129 9 -1
1546529707553067 16383 -1
1546529707553463 1 -1
1546529707553470 9 -1
1546529707554895 13350 -1
1546529707593535 61 1
1546529707593551 59 1
1546529707593560 58 1
1546529707594160 86 1
1546529707594421 57 1
1546529707594435 86 1
1546529707596432 59 1
1546529707596446 58 1
1546529707597487 58 1
1546529707597501 59 1
1546529707604947 58 1
1546529707604961 86 1
1546529707606084 59 1
1546529707617275 131 -1
1546529707617283 9 -1
1546529707617301 89 1
1546529707620779 58 1
1546529707627611 15874 -1
1546529707627633 510 -1
1546529707627644 9 -1
1546529707627830 58 1
1546529707645241 15214 -1
1546529707645262 130 -1
1546529707645269 9 -1
1546529707646821 12168 -1
1546529707646840 161 -1
1546529707646848 9 -1
1546529707647861 15832 -1
1546529707647878 552 -1
1546529707647885 9 -1
1546529707647971 15831 -1
1546529707648074 553 -1
1546529707648081 9 -1
1546529707648141 8186 -1
1546529707648148 157 -1
1546529707648154 9 -1
1546529707648221 15832 -1
1546529707648296 552 -1
1546529707648303 9 -1
1546529707658270 15103 -1
1546529707658288 130 -1
1546529707658293 9 -1
1546529707658406 15874 -1
1546529707658414 510 -1
1546529707658420 9 -1
1546529707658479 6978 -1
1546529707665775 130 -1
1546529707665783 130 -1
1546529707665788 130 -1
1546529707665791 131 -1
1546529707665795 131 -1
1546529707665798 255 -1
1546529707665807 147 -1
1546529707665814 131 -1
1546529707665817 146 -1
1546529707665821 131 -1
1546529707665824 129 -1
1546529707665827 9 -1
1546529707666825 11211 -1
1546529707666851 9 -1
1546529707667514 15874 -1
1546529707667529 510 -1
1546529707667589 9 -1
1546529707673153 9801 -1
1546529707673172 9 -1
1546529707674295 15874 -1
1546529707674311 510 -1
1546529707674320 9 -1
1546529707679489 15874 -1
1546529707679511 510 -1
1546529707679520 9 -1
1546529707679613 8395 -1
1546529707679621 9 -1
1546529707679771 16383 -1
1546529707679789 1 -1
1546529707679793 9 -1
1546529707687059 16383 -1
1546529707687296 1 -1
1546529707687306 9 -1
1546529707693223 16383 -1
1546529707693316 1 -1
1546529707693360 9 -1
1546529707695204 16383 -1
1546529707695248 1 -1
1546529707695262 9 -1
1546529707705216 15874 -1
1546529707705228 510 -1
1546529707705234 9 -1
1546529707723752 15873 -1
1546529707723780 511 -1
1546529707723799 9 -1
1546529707728487 15873 -1
1546529707729074 511 -1
1546529707729115 9 -1
1546529707744322 8734 -1
1546529707744340 9 -1
1546529707751775 16382 -1
1546529707751838 2 -1
1546529707751845 9 -1
1546529707766955 16382 -1
1546529707767080 2 -1
1546529707767089 9 -1
1546529707779198 16382 -1
1546529707779854 2 -1
1546529707780001 9 -1
1546529707800154 16382 -1
1546529707800179 2 -1
1546529707800189 9 -1
1546529707834162 15873 -1
1546529707834183 511 -1
1546529707834191 9 -1
1546529707878481 15872 -1
1546529707878500 512 -1
1546529707878508 9 -1
1546529707895110 8383 -1
1546529707895127 9 -1
1546529707918153 16381 -1
1546529707918191 3 -1
1546529707918198 9 -1
1546529707930079 16381 -1
1546529707930098 3 -1
1546529707930104 9 -1
1546529707962825 16381 -1
1546529707962840 3 -1
1546529707963067 9 -1
1546529707973345 8648 -1
1546529707973361 9 -1
1546529707989714 6979 -1
1546529707989731 9 -1
1546529708001066 7094 -1
1546529708001080 9 -1
1546529708019093 16380 -1
1546529708019110 4 -1
1546529708019116 9 -1
1546529708029373 16380 -1
1546529708029605 4 -1
1546529708029611 9 -1
1546529708035949 15533 -1
1546529708036076 9 -1
1546529708052681 14361 -1
1546529708052705 9 -1
1546529708069064 16379 -1
1546529708069080 5 -1
1546529708069086 9 -1
1546529708080003 15532 -1
1546529709125289 78 1
1546529709125304 78 1
1546529709125312 79 1
1546529709126061 78 1
1546529709127592 78 1
1546529709132932 171 -1
1546529709132950 9 -1
1546529709133004 2617 -1
1546529709133013 134 -1
1546529709137008 9 -1
1546529709139029 2973 -1
1546529709139048 148 -1
1546529709139055 9 -1
1546529709139062 2439 -1
1546529709139180 147 -1
1546529709139188 9 -1
1546529709141573 3685 -1
1546529709144053 147 -1
1546529709144070 9 -1
1546529709144076 2617 -1
1546529709171250 63 1
1546529709179424 234 -1
1546529709179443 9 -1
1546529709180571 6519 -1
1546529711580937 58 1
1546529711588518 154 -1
1546529711588537 9 -1
1546529711615772 16383 -1
1546529711615790 1 -1
1546529711615796 9 -1
1546529711618356 15214 -1
1546529716287523 17 1
0 0 0
1546529707583563 202 1
1546529707593633 39 -1
1546529707593804 13 -1
1546529707594934 9 -1
1546529707597516 310 -1
1546529707597524 9 -1
1546529707597530 2263 -1
1546529707597594 9 1
1546529707643041 17 1
