### "'25811 9916 8826 123108 150278 226862 228522 168959 223716 77195 48623 100219 222567 308796 90244 53789'"
0 0 0
1546530240559818 214 1
1546530240569233 37 -1
1546530240576775 2759 -1
1546530240576793 2759 -1
1546530240581221 2759 -1
1546530240583304 2759 -1
1546530240586700 2759 -1
1546530240587624 2589 -1
1546530240588197 2759 -1
1546530240590408 2759 -1
1546530240594511 2759 -1
1546530240594523 1416 -1
1546530240613734 9 1
1546530244201180 77 1
1546530244202189 78 1
1546530244202236 78 1
1546530244202648 78 1
1546530244203437 78 1
1546530244209209 2759 -1
1546530244209967 1079 -1
1546530244214872 2759 -1
1546530244217079 2759 -1
1546530244219559 2759 -1
1546530244219580 830 -1
1546530244221156 2759 -1
1546530244221374 133 -1
1546530244261878 63 1
1546530244261980 63 1
1546530244261988 63 1
1546530244263497 63 1
1546530244263517 62 1
1546530244263584 63 1
1546530244271377 2759 -1
1546530244271636 2759 -1
1546530244275771 2759 -1
1546530244277704 2759 -1
1546530244280680 2759 -1
1546530244282464 2589 -1
1546530244284565 2759 -1
1546530244286823 2759 -1
1546530244288618 2759 -1
1546530244290931 2305 -1
1546530244292844 2759 -1
1546530244295138 2759 -1
1546530244295147 1734 -1
1546530244296300 2759 -1
1546530244298159 2759 -1
1546530244300945 2292 -1
1546530244302331 2759 -1
1546530244304001 2759 -1
1546530244304108 20 -1
1546530244665726 78 1
1546530244665805 59 1
1546530244669026 58 1
1546530244669043 78 1
1546530244673728 1792 -1
1546530244673752 58 1
1546530244678328 2759 -1
1546530244678350 2759 -1
1546530244678364 79 1
1546530244678375 79 1
1546530244678384 78 1
1546530244678551 78 1
1546530244684396 2759 -1
1546530244684863 2759 -1
1546530244684877 2759 -1
1546530244685218 58 1
1546530244685238 59 1
1546530244685248 59 1
1546530244689898 2589 -1
1546530244690071 2759 -1
1546530244690085 2759 -1
1546530244690096 88 1
1546530244690175 59 1
1546530244692510 59 1
1546530244692713 2759 -1
1546530244692725 87 1
1546530244692733 59 1
1546530244692785 2759 -1
1546530244692791 2759 -1
1546530244692827 2589 -1
1546530244699040 16384 -1
1546530244704870 16384 -1
1546530244723405 16384 -1
1546530244727347 16384 -1
1546530244734983 16384 -1
1546530244741284 16384 -1
1546530244758917 16384 -1
1546530244759896 16384 -1
1546530244767513 16384 -1
1546530244774407 16384 -1
1546530244782314 16384 -1
1546530244789384 16384 -1
1546530244795919 16384 -1
1546530244803236 16384 -1
1546530244811688 88 1
1546530244816885 16384 -1
1546530244818783 16384 -1
1546530244821518 58 1
1546530244821535 58 1
1546530244824365 16384 -1
1546530244834784 16384 -1
1546530244840450 16384 -1
1546530244847331 16384 -1
1546530244855147 16384 -1
1546530244861731 16384 -1
1546530244872847 16384 -1
1546530244879603 16384 -1
1546530244885516 16384 -1
1546530244891761 16384 -1
1546530244897347 16384 -1
1546530244902458 16384 -1
1546530244907668 16384 -1
1546530244913506 16384 -1
1546530244918381 16384 -1
1546530244923225 16384 -1
1546530244927955 16384 -1
1546530244938548 16384 -1
1546530244941084 16384 -1
1546530244943163 16384 -1
1546530244950485 16384 -1
1546530244956670 16384 -1
1546530244963376 16384 -1
1546530244969357 16384 -1
1546530244975395 16384 -1
1546530244981556 16384 -1
1546530244988003 16384 -1
1546530244992343 16384 -1
1546530244998648 16384 -1
1546530245003377 16384 -1
1546530245008500 16384 -1
1546530245029701 16384 -1
1546530245030083 16384 -1
1546530245038082 16384 -1
1546530245044694 16384 -1
1546530245047155 16384 -1
1546530245056267 16384 -1
1546530245058324 16384 -1
1546530245065283 16384 -1
1546530245069689 16384 -1
1546530245073603 16384 -1
1546530245083173 16384 -1
1546530245084869 16384 -1
1546530245089927 16384 -1
1546530245095263 16384 -1
1546530245101175 16384 -1
1546530245108634 16384 -1
1546530245114589 16384 -1
1546530245120304 16384 -1
1546530245125678 16384 -1
1546530245131067 16384 -1
1546530245135275 16384 -1
1546530245139629 16384 -1
1546530245143642 16384 -1
1546530245149563 16384 -1
1546530245154623 16384 -1
1546530245159008 16384 -1
1546530245173768 16384 -1
1546530245200728 16384 -1
1546530245204621 16384 -1
1546530245207587 16384 -1
1546530245213525 16384 -1
1546530245225530 16384 -1
1546530245230195 16384 -1
1546530245237759 16384 -1
1546530245245628 16384 -1
1546530245253275 16384 -1
1546530245260574 16384 -1
1546530245266125 16384 -1
1546530245271955 11899 -1
1546530245272455 4485 -1
1546530245278895 16384 -1
1546530245286113 16384 -1
1546530245291612 16384 -1
1546530245297475 16384 -1
1546530245303621 16384 -1
1546530245309575 16384 -1
1546530245312416 16384 -1
1546530245317795 16384 -1
1546530245325689 16384 -1
1546530245331606 16384 -1
1546530245344605 16384 -1
1546530245345375 16384 -1
1546530245355940 16384 -1
1546530245366038 16384 -1
1546530245375325 16384 -1
1546530245383659 16384 -1
1546530245397748 16384 -1
1546530245405264 16384 -1
1546530245413495 16384 -1
1546530245422503 16384 -1
1546530245432163 16384 -1
1546530245442884 16384 -1
1546530245450839 16384 -1
1546530245457793 16384 -1
1546530245477140 16384 -1
1546530245488817 16384 -1
1546530245494677 16384 -1
1546530245501191 16384 -1
1546530245511088 16384 -1
1546530245544191 16384 -1
1546530245544299 16384 -1
1546530245544391 16384 -1
1546530245554242 16384 -1
1546530245560516 16384 -1
1546530245565783 16384 -1
1546530245583597 16384 -1
1546530245591135 14306 -1
1546530250188912 17 1
0 0 0
1546530240300099 205 1
0 0 0
1546530240047123 196 1
1546530240047136 88 1
1546530240047144 58 1
1546530240047151 58 1
1546530240047158 87 1
1546530240047165 78 1
1546530240047172 59 1
1546530240047179 89 1
1546530240047186 78 1
1546530240047193 59 1
1546530240047200 58 1
1546530240047207 59 1
1546530240047213 58 1
1546530240047220 59 1
1546530240047227 58 1
1546530240047234 78 1
1546530240047241 59 1
1546530240047248 59 1
0 0 0
1546530240057423 205 1
0 0 0
1546530240058311 204 1
0 0 0
1546530240056370 204 1
0 0 0
1546530240108627 185 1
