### "'85555 105042 79641 183370 250624 150081 123320 145087 402407 31229 128695 134473 130946 133541 25811 167647 28135 109961 9916 8826'"
0 0 0
1546530088780120 205 1
0 0 0
1546530088715824 204 1
0 0 0
1546530088940865 205 1
1546530088951513 37 -1
1546530088958608 2759 -1
1546530088959021 2759 -1
1546530088963922 2759 -1
1546530088966445 2759 -1
1546530088967498 2759 -1
1546530088968186 2589 -1
1546530088969699 2759 -1
1546530088973461 2759 -1
1546530088974834 2759 -1
1546530088975880 2759 -1
1546530088975892 1005 -1
1546530088994589 9 1
1546530088994604 17 1
0 0 0
1546530088737186 204 1
0 0 0
1546530088710898 196 1
1546530088710945 88 1
1546530088710986 58 1
1546530088711036 58 1
1546530088711077 87 1
1546530088711146 78 1
1546530088711184 59 1
1546530088711225 89 1
1546530088711267 78 1
1546530088711315 59 1
1546530088711359 58 1
1546530088711421 59 1
1546530088711642 58 1
1546530088711769 59 1
1546530088711808 58 1
1546530088711895 78 1
1546530088711933 59 1
1546530088711983 59 1
1546530088719764 37 -1
1546530088732551 2759 -1
1546530088732573 2759 -1
1546530088734347 9 1
1546530088736852 2759 -1
1546530088738945 2759 -1
1546530088739669 2759 -1
1546530088741706 2589 -1
1546530088744557 2759 -1
1546530088744583 2759 -1
1546530088745732 2759 -1
1546530088751484 2759 -1
1546530088751530 2759 -1
1546530088752110 2589 -1
1546530088752133 88 1
1546530088755080 16384 -1
1546530088757880 16384 -1
1546530088759498 16384 -1
1546530088764055 16384 -1
1546530088770478 16384 -1
1546530088779880 16384 -1
1546530088790445 16384 -1
1546530088796538 16384 -1
1546530088809591 16384 -1
1546530088812175 16384 -1
1546530088821397 16384 -1
1546530088828362 16384 -1
1546530088843478 16384 -1
1546530088847752 16384 -1
1546530088854927 16384 -1
1546530088863669 16384 -1
1546530088875659 16384 -1
1546530088882933 16384 -1
1546530088891720 16384 -1
1546530088905429 16384 -1
1546530088910676 16384 -1
1546530088915554 16384 -1
1546530088923293 16384 -1
1546530088931522 16384 -1
1546530088942242 16384 -1
1546530088950242 16384 -1
1546530088958556 16384 -1
1546530088964301 16384 -1
1546530088971836 16384 -1
1546530088978751 16384 -1
1546530088984850 16384 -1
1546530088990346 16384 -1
1546530088995046 16384 -1
1546530089001709 16384 -1
1546530089005263 16384 -1
1546530089016212 16384 -1
1546530089024658 16384 -1
1546530089027070 16384 -1
1546530089036058 16384 -1
1546530089063702 16384 -1
1546530089064783 16384 -1
1546530089073741 16384 -1
1546530089085841 16384 -1
1546530089095962 16384 -1
1546530089114337 16384 -1
1546530089120054 16384 -1
1546530089136615 16384 -1
1546530089151228 16384 -1
1546530089161764 16384 -1
1546530089171052 16384 -1
1546530089185661 16384 -1
1546530089227803 16384 -1
1546530089258258 16384 -1
1546530089284143 16384 -1
1546530089313358 16384 -1
1546530089338076 16384 -1
1546530089350157 16384 -1
1546530089363819 16384 -1
1546530089376608 16384 -1
1546530089394291 16384 -1
1546530089398689 16384 -1
1546530089413270 16384 -1
1546530089424989 16384 -1
1546530089435888 16384 -1
1546530089445219 16384 -1
1546530089457908 16384 -1
1546530089469254 16384 -1
1546530089477651 16384 -1
1546530089485752 16384 -1
1546530089498494 16384 -1
1546530089506697 16384 -1
1546530089520302 16384 -1
1546530089536627 16384 -1
1546530089552514 16384 -1
1546530089569557 16384 -1
1546530089593542 16384 -1
1546530089604167 16384 -1
1546530089615606 16384 -1
1546530089627106 16384 -1
1546530089639158 16384 -1
1546530089648137 16384 -1
1546530089664087 16384 -1
1546530089675069 16384 -1
1546530089680923 16384 -1
1546530089687209 16384 -1
1546530089694823 16384 -1
1546530089699678 16384 -1
1546530089705504 16384 -1
1546530089720350 16384 -1
1546530089728284 16384 -1
1546530089735065 16384 -1
1546530089742168 16384 -1
1546530089749857 16384 -1
1546530089756856 16384 -1
1546530089766379 16384 -1
1546530089774080 16384 -1
1546530089781619 16384 -1
1546530089788715 16384 -1
1546530089795798 16384 -1
1546530089805529 16384 -1
1546530089811426 16384 -1
1546530089820711 16384 -1
1546530089828970 16384 -1
1546530089837850 16384 -1
1546530089847011 16384 -1
1546530089854937 16384 -1
1546530089864028 16384 -1
1546530089872822 16384 -1
1546530089880176 16384 -1
1546530089886191 16384 -1
1546530089893338 16384 -1
1546530089904817 16384 -1
1546530089914531 16384 -1
1546530089919398 16384 -1
1546530089924907 16384 -1
1546530089930676 16384 -1
1546530089935260 16384 -1
1546530089941240 16384 -1
1546530089961172 16384 -1
1546530089964155 16384 -1
1546530089967709 16384 -1
1546530089976142 16384 -1
1546530089986320 16384 -1
1546530090006199 16384 -1
1546530090016619 16384 -1
1546530090031825 16384 -1
1546530090038656 16384 -1
1546530090041263 16384 -1
1546530090047009 16384 -1
1546530090056067 16384 -1
1546530090065100 16384 -1
1546530090074084 16384 -1
1546530090080209 16384 -1
1546530090086433 16384 -1
1546530090092677 16384 -1
1546530090105129 16384 -1
1546530090109514 16384 -1
1546530090114619 13522 -1
1546530090395642 77 1
1546530090395671 78 1
1546530090396766 78 1
1546530090397254 78 1
1546530090397267 78 1
1546530090404721 6787 -1
1546530090410207 2198 -1
1546530090417830 2759 -1
1546530090417850 1201 -1
1546530090424353 2759 -1
1546530090424371 133 -1
1546530090519053 63 1
1546530090519067 63 1
1546530090519076 63 1
1546530090519601 63 1
1546530090520407 62 1
1546530090520660 63 1
1546530090527004 2759 -1
1546530090528638 2759 -1
1546530090529283 2759 -1
1546530090529295 1835 -1
1546530090536286 2759 -1
1546530090536816 2728 -1
1546530090547355 2759 -1
1546530090548531 2759 -1
1546530090550482 2759 -1
1546530090552857 2759 -1
1546530090553935 2759 -1
1546530090553948 2589 -1
1546530090554981 557 -1
1546530090557219 2759 -1
1546530090560275 2759 -1
1546530090561393 2759 -1
1546530090562485 2759 -1
1546530090562493 2759 -1
1546530090563095 1267 -1
1546530097032324 17 1
0 0 0
1546530088944996 185 1
1546530088956350 37 -1
1546530088983023 2759 -1
1546530088983040 2759 -1
1546530088990039 2759 -1
1546530088990705 2759 -1
1546530088992474 2759 -1
1546530088994923 2589 -1
1546530088998117 2759 -1
1546530089000184 9 1
1546530089019300 2759 -1
1546530089019594 2759 -1
1546530089019876 2759 -1
1546530089019885 2759 -1
1546530089026203 2589 -1
1546530089063887 16384 -1
1546530089078688 16384 -1
1546530089090094 16384 -1
1546530089123592 16384 -1
1546530089146299 11973 -1
1546530089147607 17 1
