### "'148737 14947 39381 73790 46772 27762 51331 11161 68857 70669 69623 65311 34691 36044 36044 57355 124177 123891 184586 166691 69815 136727 11871 124177'"
0 0 0
1546531592484849 199 1
1546531592487278 39 -1
1546531592487477 13 -1
1546531592489844 9 1
1546531592495855 9 -1
1546531592496083 309 -1
1546531592496093 9 -1
1546531592497644 5303 -1
1546531592544638 17 1
0 0 0
1546531592456431 200 1
1546531592456446 58 1
1546531592456458 58 1
1546531592459508 59 1
1546531592459522 59 1
1546531592459746 77 1
1546531592459756 58 1
1546531592459764 58 1
1546531592460024 58 1
1546531592460034 59 1
1546531592460044 59 1
1546531592460053 58 1
1546531592460061 58 1
1546531592460142 78 1
1546531592460151 58 1
1546531592461581 39 -1
1546531592461760 13 -1
1546531592466597 9 -1
1546531592467184 310 -1
1546531592467198 9 -1
1546531592467204 2947 -1
1546531592467877 140 -1
1546531592467889 9 -1
1546531592483300 15873 -1
1546531592484403 511 -1
1546531592484416 9 -1
1546531592486238 15872 -1
1546531592486520 512 -1
1546531592486532 9 -1
1546531592486986 15871 -1
1546531592488792 513 -1
1546531592488844 9 -1
1546531592490947 15870 -1
1546531592495319 514 -1
1546531592495520 9 -1
1546531592496303 9 1
1546531592497484 15869 -1
1546531592497964 515 -1
1546531592497978 9 -1
1546531592520662 15868 -1
1546531592521692 516 -1
1546531592521962 9 -1
1546531592522334 15867 -1
1546531592523343 517 -1
1546531592523359 9 -1
1546531592528103 15866 -1
1546531592528812 518 -1
1546531592528828 9 -1
1546531592536955 15865 -1
1546531592536973 519 -1
1546531592536981 9 -1
1546531592537011 1281 -1
1546531592537021 130 -1
1546531592537029 126 -1
1546531592537034 130 -1
1546531592537062 149 -1
1546531592537342 130 -1
1546531592537349 129 -1
1546531592537356 126 -1
1546531592537362 131 -1
1546531592537573 129 -1
1546531592537845 243 -1
1546531592537857 157 -1
1546531592537866 129 -1
1546531592537872 9 -1
1546531592543372 15874 -1
1546531592543394 510 -1
1546531592543696 9 -1
1546531592544051 15874 -1
1546531592544829 510 -1
1546531592544841 9 -1
1546531592545626 15874 -1
1546531592546171 510 -1
1546531592546186 9 -1
1546531592548738 11161 -1
1546531592548755 9 -1
1546531592550139 15874 -1
1546531592550160 510 -1
1546531592550167 9 -1
1546531592553513 15874 -1
1546531592553532 510 -1
1546531592553556 9 -1
1546531592559988 15874 -1
1546531592560007 510 -1
1546531592560013 9 -1
1546531592563227 62 1
1546531592564427 15874 -1
1546531592578733 510 -1
1546531592578771 9 -1
1546531592579153 59 1
1546531592579601 16383 -1
1546531592579685 1 -1
1546531592579693 9 -1
1546531592591888 87 1
1546531592591906 59 1
1546531592591916 87 1
1546531592592009 59 1
1546531592592940 15874 -1
1546531592592959 510 -1
1546531592592969 9 -1
1546531592593631 3685 -1
1546531592593649 9 -1
1546531592597848 15874 -1
1546531592597870 510 -1
1546531592597878 9 -1
1546531592602536 15873 -1
1546531592603061 511 -1
1546531592603078 9 -1
1546531592608902 15873 -1
1546531592608921 511 -1
1546531592608976 9 -1
1546531592613041 11378 -1
1546531592613060 9 -1
1546531592625073 15873 -1
1546531592625093 511 -1
1546531592625102 9 -1
1546531592626135 15873 -1
1546531592627940 511 -1
1546531592627988 9 -1
1546531592635080 15873 -1
1546531592635101 511 -1
1546531592635110 9 -1
1546531592649925 15873 -1
1546531592650165 511 -1
1546531592650212 9 -1
1546531592664261 16382 -1
1546531592664316 2 -1
1546531592664372 9 -1
1546531592680901 15873 -1
1546531592680917 511 -1
1546531592680924 9 -1
1546531592704382 15873 -1
1546531592709599 511 -1
1546531592710001 9 -1
1546531592734211 15872 -1
1546531592734228 512 -1
1546531592734251 9 -1
1546531592744448 14004 -1
1546531592744474 9 -1
1546531592762918 15872 -1
1546531592762938 512 -1
1546531592763086 9 -1
1546531592771747 15872 -1
1546531592773507 512 -1
1546531592773999 9 -1
1546531592786274 15872 -1
1546531592786415 512 -1
1546531592786514 9 -1
1546531592795597 15872 -1
1546531592802004 512 -1
1546531592802055 9 -1
1546531592802101 1923 -1
1546531592802376 9 -1
1546531592808795 3276 -1
1546531592808844 9 -1
1546531592819094 3276 -1
1546531592819131 9 -1
1546531592828243 15871 -1
1546531592828264 513 -1
1546531592828274 9 -1
1546531592840913 15871 -1
1546531592840933 513 -1
1546531592840942 9 -1
1546531592846413 15871 -1
1546531592846515 513 -1
1546531592846522 9 -1
1546531592864029 15871 -1
1546531592864162 513 -1
1546531592864219 9 -1
1546531592874340 15871 -1
1546531592874360 288 -1
1546531592874368 9 -1
1546531592878990 8254 -1
1546531592879055 9 -1
1546531592892101 3321 -1
1546531592892151 9 -1
1546531592893270 5133 -1
1546531592893318 9 -1
1546531592894290 4087 -1
1546531592894300 130 -1
1546531592894611 117 -1
1546531592894617 127 -1
1546531592896288 149 -1
1546531592896306 131 -1
1546531592896311 160 -1
1546531592896318 132 -1
1546531592896322 9 -1
1546531592917295 16383 -1
1546531592917324 1 -1
1546531592917330 9 -1
1546531592918560 16383 -1
1546531592918589 1 -1
1546531592918596 9 -1
1546531592939869 16383 -1
1546531592939914 1 -1
1546531592939951 9 -1
1546531592950713 16383 -1
1546531592950765 1 -1
1546531592950773 9 -1
1546531592970516 16383 -1
1546531592970538 1 -1
1546531592970545 9 -1
1546531592993710 16383 -1
1546531592993731 1 -1
1546531592993737 9 -1
1546531593007988 16383 -1
1546531593008006 1 -1
1546531593008013 9 -1
1546531593027673 16382 -1
1546531593027694 2 -1
1546531593027700 9 -1
1546531593043422 16382 -1
1546531593043443 2 -1
1546531593043450 9 -1
1546531593068462 16382 -1
1546531593068483 2 -1
1546531593068489 9 -1
1546531593096874 16382 -1
1546531593096893 2 -1
1546531593096899 9 -1
1546531593118029 16382 -1
1546531593118049 2 -1
1546531593118055 9 -1
1546531593123700 16382 -1
1546531593123720 2 -1
1546531593123857 9 -1
1546531593137477 16382 -1
1546531593137507 2 -1
1546531593137516 9 -1
1546531593148069 16381 -1
1546531593148085 3 -1
1546531593148091 9 -1
1546531593164475 16381 -1
1546531593164491 3 -1
1546531593164614 9 -1
1546531593173281 16381 -1
1546531593173297 3 -1
1546531593173302 9 -1
1546531593188465 16381 -1
1546531593188485 3 -1
1546531593188491 9 -1
1546531593211813 16381 -1
1546531593211842 3 -1
1546531593211848 9 -1
1546531593226368 16381 -1
1546531593226470 3 -1
1546531593226478 9 -1
1546531593237902 16381 -1
1546531593237920 3 -1
1546531593237925 9 -1
1546531593245876 8203 -1
1546531593245895 9 -1
1546531593267628 16380 -1
1546531593269454 4 -1
1546531593269467 9 -1
1546531593277362 16380 -1
1546531593277379 4 -1
1546531593277490 9 -1
1546531593291935 16380 -1
1546531593291953 4 -1
1546531593291972 9 -1
1546531593303843 16380 -1
1546531593303862 4 -1
1546531593304244 9 -1
1546531593316954 16380 -1
1546531593316972 4 -1
1546531593317175 9 -1
1546531593323721 16380 -1
1546531593324092 4 -1
1546531593324100 9 -1
1546531593334811 16379 -1
1546531593334840 5 -1
1546531593334847 9 -1
1546531593341080 16379 -1
1546531593341198 5 -1
1546531593341205 9 -1
1546531593346774 16379 -1
1546531593346791 5 -1
1546531593346796 9 -1
1546531593355808 16379 -1
1546531593355826 5 -1
1546531593355831 9 -1
1546531593357482 4279 -1
1546531593357503 9 -1
1546531593366420 16379 -1
1546531593366441 5 -1
1546531593366488 9 -1
1546531593368776 16378 -1
1546531593368796 6 -1
1546531593368802 9 -1
1546531593375576 16378 -1
1546531593375593 6 -1
1546531593375599 9 -1
1546531593385849 16378 -1
1546531593385865 6 -1
1546531593385872 9 -1
1546531593391305 16378 -1
1546531593391325 6 -1
1546531593391351 9 -1
1546531593399253 16378 -1
1546531593399400 6 -1
1546531593399405 9 -1
1546531593406732 16377 -1
1546531593406752 7 -1
1546531593406758 9 -1
1546531593413741 16377 -1
1546531593413759 7 -1
1546531593413764 9 -1
1546531593421757 16377 -1
1546531593421779 7 -1
1546531593421785 9 -1
1546531593428322 16377 -1
1546531593428342 7 -1
1546531593428348 9 -1
1546531593432770 16377 -1
1546531593432788 7 -1
1546531593432793 9 -1
1546531593437836 9489 -1
1546531593437857 9 -1
1546531593441370 9203 -1
1546531593441391 9 -1
1546531593447616 16376 -1
1546531593447636 8 -1
1546531593447642 9 -1
1546531593454472 16376 -1
1546531593454493 8 -1
1546531593454500 9 -1
1546531593461864 16376 -1
1546531593461884 8 -1
1546531593461891 9 -1
1546531593468680 16375 -1
1546531593468697 9 -1
1546531593468701 9 -1
1546531593476447 16375 -1
1546531593476467 9 -1
1546531593476472 9 -1
1546531593478573 5655 -1
1546531593478593 9 -1
1546531593494048 16374 -1
1546531593494066 10 -1
1546531593494073 9 -1
1546531593503369 16374 -1
1546531593503386 10 -1
1546531593503511 9 -1
1546531593513377 16373 -1
1546531593513397 11 -1
1546531593513404 9 -1
1546531593514304 2851 -1
1546531593514323 9 -1
1546531593519267 4362 -1
1546531593938245 77 1
1546531593942432 78 1
1546531593942912 78 1
1546531593944602 78 1
1546531593945280 170 -1
1546531593945298 9 -1
1546531593945326 77 1
1546531593955480 3151 -1
1546531593955509 261 -1
1546531593955517 9 -1
1546531593957629 3329 -1
1546531593957648 156 -1
1546531593957899 9 -1
1546531593960391 2439 -1
1546531593960411 130 -1
1546531593960490 9 -1
1546531593963923 3329 -1
1546531593963950 147 -1
1546531593964027 9 -1
1546531593965362 4219 -1
1546531594185745 63 1
1546531594188084 63 1
1546531594190312 63 1
1546531594192057 151 -1
1546531594192078 9 -1
1546531594192726 63 1
1546531594193598 63 1
1546531594197035 6743 -1
1546531594197055 129 -1
1546531594197083 9 -1
1546531594197096 63 1
1546531594206338 7328 -1
1546531594206359 129 -1
1546531594206365 9 -1
1546531594211246 7369 -1
1546531594211265 129 -1
1546531594211273 9 -1
1546531594216160 5836 -1
1546531594216182 130 -1
1546531594216193 9 -1
1546531594223646 11871 -1
1546531594223681 130 -1
1546531594223688 9 -1
1546531594254225 6650 -1
1546531596618512 59 1
1546531596627140 149 -1
1546531596627159 9 -1
1546531596646681 16383 -1
1546531596646701 1 -1
1546531596646921 9 -1
1546531596660859 16383 -1
1546531596660879 1 -1
1546531596660886 9 -1
1546531596675511 16382 -1
1546531596675530 2 -1
1546531596675536 9 -1
1546531596693539 16381 -1
1546531596693559 3 -1
1546531596693567 9 -1
1546531596709171 16380 -1
1546531596709188 4 -1
1546531596709195 9 -1
1546531596727448 16379 -1
1546531596727470 5 -1
1546531596727476 9 -1
1546531596736813 16378 -1
1546531596736837 6 -1
1546531596736843 9 -1
1546531596754944 9489 -1
1546531601364011 17 1
0 0 0
1546531592733637 200 1
0 0 0
1546531592480511 191 1
1546531592484337 39 -1
1546531592485508 13 -1
1546531592487058 9 1
1546531592488485 9 -1
1546531592489765 305 -1
1546531592489807 9 -1
1546531592495754 14947 -1
1546531592536213 17 1
0 0 0
1546531592485964 180 1
1546531592495000 39 -1
1546531592495009 13 -1
1546531592496661 9 -1
1546531592498420 9 1
1546531592520480 292 -1
1546531592520690 9 -1
1546531592529714 16383 -1
1546531592529731 1 -1
1546531592529738 9 -1
1546531592530992 16382 -1
1546531592531014 2 -1
1546531592531021 9 -1
1546531592535503 6613 -1
1546531592545282 17 1
0 0 0
1546531592486122 39 -1
1546531592486129 13 -1
1546531592490154 200 1
1546531592490165 9 1
1546531592498447 9 -1
1546531592498455 310 -1
1546531592498603 9 -1
1546531592521127 16383 -1
1546531592521284 1 -1
1546531592521826 9 -1
1546531592528924 16383 -1
1546531592528936 1 -1
1546531592528943 9 -1
1546531592535698 16382 -1
1546531592535815 2 -1
1546531592535881 9 -1
1546531592535939 2179 -1
1546531592548463 17 1
