### "'17205 232159 189102 164719 187400 128312 194955 65171 52235 187778 210874 134717 186847 152165 89358 91224 127457 90054 86324 171618 162163 235683 45283 8493 9706 45283'"
0 0 0
1546533067047672 199 1
1546533067052458 39 -1
1546533067052465 13 -1
1546533067057170 9 -1
1546533067057875 308 -1
1546533067057890 9 -1
1546533067065156 16383 -1
1546533067065174 1 -1
1546533067065182 9 -1
1546533067066902 16383 -1
1546533067067109 1 -1
1546533067067148 9 -1
1546533067069670 16382 -1
1546533067069689 2 -1
1546533067069696 9 -1
1546533067073838 16381 -1
1546533067073905 3 -1
1546533067073915 9 -1
1546533067079498 9 1
1546533067083786 16380 -1
1546533067083802 4 -1
1546533067084125 9 -1
1546533067085930 16379 -1
1546533067086025 5 -1
1546533067086195 9 -1
1546533067088317 16383 -1
1546533067088338 1 -1
1546533067088344 9 -1
1546533067095749 16382 -1
1546533067095769 2 -1
1546533067095833 9 -1
1546533067110692 16381 -1
1546533067110711 3 -1
1546533067110718 9 -1
1546533067117603 16380 -1
1546533067117630 4 -1
1546533067117637 9 -1
1546533067145906 16379 -1
1546533067145926 5 -1
1546533067145935 9 -1
1546533067152327 8878 -1
1546533067157241 17 1
0 0 0
1546533066990690 206 1
1546533066994067 39 -1
1546533066994077 13 -1
1546533066996842 9 1
1546533066998445 9 -1
1546533066998452 310 -1
1546533066998461 9 -1
1546533067000023 1883 -1
1546533067047167 17 1
0 0 0
1546533066986345 206 1
1546533066986359 59 1
1546533066986366 59 1
1546533066986411 59 1
1546533066986991 78 1
1546533066987006 59 1
1546533066987015 59 1
1546533066987060 59 1
1546533066987752 78 1
1546533066987831 78 1
1546533066987844 59 1
1546533066987853 78 1
1546533066987862 59 1
1546533066987871 58 1
1546533066987880 59 1
1546533066987890 59 1
1546533066987962 78 1
1546533066987973 78 1
1546533066988946 59 1
1546533066989316 59 1
1546533066989330 78 1
1546533066989338 79 1
1546533066989346 59 1
1546533066995142 59 1
1546533066995158 59 1
1546533066995223 79 1
1546533066995234 78 1
1546533066995419 58 1
1546533066995479 59 1
1546533066995540 78 1
1546533066995750 78 1
1546533066995829 58 1
1546533066995842 77 1
1546533066995852 78 1
1546533066995862 58 1
1546533066995870 78 1
1546533066996207 39 -1
1546533066996228 13 -1
1546533066996231 9 -1
1546533066996290 312 -1
1546533066996510 9 -1
1546533066997799 9 1
1546533067002037 15848 -1
1546533067002429 536 -1
1546533067002444 9 -1
1546533067002448 821 -1
1546533067002453 132 -1
1546533067002457 9 -1
1546533067011338 15873 -1
1546533067014766 511 -1
1546533067014782 9 -1
1546533067015432 15872 -1
1546533067016948 512 -1
1546533067016965 9 -1
1546533067018337 15871 -1
1546533067019057 513 -1
1546533067019292 9 -1
1546533067020531 15870 -1
1546533067021255 514 -1
1546533067021270 9 -1
1546533067031271 15869 -1
1546533067031727 515 -1
1546533067031740 9 -1
1546533067032371 89 1
1546533067033419 15868 -1
1546533067034565 516 -1
1546533067034584 9 -1
1546533067037145 15867 -1
1546533067037163 517 -1
1546533067037169 9 -1
1546533067039275 15866 -1
1546533067039294 518 -1
1546533067039301 9 -1
1546533067042262 15865 -1
1546533067042290 519 -1
1546533067042298 9 -1
1546533067044162 15864 -1
1546533067044183 520 -1
1546533067044192 9 -1
1546533067046359 15863 -1
1546533067046379 521 -1
1546533067046388 9 -1
1546533067055460 15862 -1
1546533067055571 522 -1
1546533067055580 9 -1
1546533067062172 15861 -1
1546533067062203 523 -1
1546533067062213 9 -1
1546533067068543 15860 -1
1546533067068564 524 -1
1546533067068573 9 -1
1546533067072962 2783 -1
1546533067073482 109 -1
1546533067074078 109 -1
1546533067074085 153 -1
1546533067074094 147 -1
1546533067074101 109 -1
1546533067074105 103 -1
1546533067078018 147 -1
1546533067078036 67 -1
1546533067078203 118 -1
1546533067078346 132 -1
1546533067078360 274 -1
1546533067078373 108 -1
1546533067078377 104 -1
1546533067078383 94 -1
1546533067078462 58 -1
1546533067078689 175 -1
1546533067078699 154 -1
1546533067078705 103 -1
1546533067078711 57 -1
1546533067078870 149 -1
1546533067078882 130 -1
1546533067078887 107 -1
1546533067078891 148 -1
1546533067078898 235 -1
1546533067080603 171 -1
1546533067080728 147 -1
1546533067080737 131 -1
1546533067080743 129 -1
1546533067080747 172 -1
1546533067080754 132 -1
1546533067080758 59 -1
1546533067080892 127 -1
1546533067081188 149 -1
1546533067082688 127 -1
1546533067082696 161 -1
1546533067082781 9 -1
1546533067085212 15873 -1
1546533067085581 511 -1
1546533067085627 9 -1
1546533067096857 15873 -1
1546533067096875 511 -1
1546533067096884 9 -1
1546533067097914 3151 -1
1546533067097928 9 -1
1546533067109058 15873 -1
1546533067109227 511 -1
1546533067109238 9 -1
1546533067129780 15873 -1
1546533067130001 511 -1
1546533067130013 9 -1
1546533067146524 15874 -1
1546533067146541 510 -1
1546533067146551 9 -1
1546533067146556 2111 -1
1546533067146564 9 -1
1546533067151416 3151 -1
1546533067151435 9 -1
1546533067189225 15874 -1
1546533067189243 510 -1
1546533067189250 9 -1
1546533067189458 3507 -1
1546533067189471 9 -1
1546533067217266 15873 -1
1546533067218311 511 -1
1546533067218327 9 -1
1546533067229591 15873 -1
1546533067229609 511 -1
1546533067229616 9 -1
1546533067241836 15873 -1
1546533067248134 511 -1
1546533067248153 9 -1
1546533067257421 15873 -1
1546533067257436 511 -1
1546533067257443 9 -1
1546533067257980 2339 -1
1546533067258062 9 -1
1546533067259489 2973 -1
1546533067259524 9 -1
1546533067268953 15873 -1
1546533067269004 511 -1
1546533067269013 9 -1
1546533067276113 15874 -1
1546533067276133 510 -1
1546533067276140 9 -1
1546533067279683 1959 -1
1546533067279700 9 -1
1546533067279988 2795 -1
1546533067280000 9 -1
1546533067286500 15874 -1
1546533067286768 510 -1
1546533067286843 9 -1
1546533067301220 16383 -1
1546533067301241 1 -1
1546533067301296 9 -1
1546533067311262 15874 -1
1546533067311283 510 -1
1546533067311291 9 -1
1546533067314453 2035 -1
1546533067314470 9 -1
1546533067315209 2261 -1
1546533067315240 9 -1
1546533067326772 16383 -1
1546533067326792 1 -1
1546533067326801 9 -1
1546533067337515 15874 -1
1546533067337535 510 -1
1546533067337543 9 -1
1546533067337984 2617 -1
1546533067338000 9 -1
1546533067338209 2973 -1
1546533067338221 9 -1
1546533067349524 15873 -1
1546533067349636 511 -1
1546533067349656 9 -1
1546533067350288 2083 -1
1546533067350302 9 -1
1546533067355847 2973 -1
1546533067355866 9 -1
1546533067361591 15873 -1
1546533067361612 511 -1
1546533067361620 9 -1
1546533067369785 2035 -1
1546533067369903 9 -1
1546533067392317 16383 -1
1546533067392335 1 -1
1546533067392340 9 -1
1546533067398319 15872 -1
1546533067398339 512 -1
1546533067398348 9 -1
1546533067413767 15872 -1
1546533067414547 512 -1
1546533067414573 9 -1
1546533067427112 15872 -1
1546533067427274 512 -1
1546533067427351 9 -1
1546533067448656 15872 -1
1546533067448675 512 -1
1546533067448683 9 -1
1546533067466090 15873 -1
1546533067467183 511 -1
1546533067467195 9 -1
1546533067486371 15873 -1
1546533067486394 511 -1
1546533067486402 9 -1
1546533067502847 15872 -1
1546533067503596 512 -1
1546533067503640 9 -1
1546533067521886 15872 -1
1546533067522120 512 -1
1546533067522351 9 -1
1546533067533082 15872 -1
1546533067533271 512 -1
1546533067535582 9 -1
1546533067550504 15872 -1
1546533067550523 512 -1
1546533067551179 9 -1
1546533067565073 15872 -1
1546533067565093 512 -1
1546533067565205 9 -1
1546533067576039 15873 -1
1546533067576058 511 -1
1546533067576066 9 -1
1546533067585252 15873 -1
1546533067585334 511 -1
1546533067585344 9 -1
1546533067596133 16382 -1
1546533067596152 2 -1
1546533067596158 9 -1
1546533067603966 15873 -1
1546533067604432 511 -1
1546533067604445 9 -1
1546533067609913 16382 -1
1546533067609931 2 -1
1546533067609936 9 -1
1546533067617039 15873 -1
1546533067617056 511 -1
1546533067617066 9 -1
1546533067623938 15872 -1
1546533067625638 512 -1
1546533067625655 9 -1
1546533067631365 15872 -1
1546533067631532 512 -1
1546533067631650 9 -1
1546533067641083 16382 -1
1546533067641101 2 -1
1546533067641107 9 -1
1546533067656018 15871 -1
1546533067656046 513 -1
1546533067656054 9 -1
1546533067663819 15871 -1
1546533067663837 513 -1
1546533067663844 9 -1
1546533067669854 15871 -1
1546533067670666 513 -1
1546533067670680 9 -1
1546533067684649 15871 -1
1546533067684703 513 -1
1546533067684744 9 -1
1546533067693061 15872 -1
1546533067693223 512 -1
1546533067693232 9 -1
1546533067702044 15872 -1
1546533067706860 512 -1
1546533067706907 9 -1
1546533067716784 15871 -1
1546533067717942 513 -1
1546533067718279 9 -1
1546533067734694 15871 -1
1546533067734834 513 -1
1546533067734928 9 -1
1546533067752082 15871 -1
1546533067752183 513 -1
1546533067752193 9 -1
1546533067770867 15871 -1
1546533067770922 513 -1
1546533067770932 9 -1
1546533067793050 15871 -1
1546533067793388 513 -1
1546533067793442 9 -1
1546533067810059 15872 -1
1546533067810120 512 -1
1546533067810129 9 -1
1546533067823686 15872 -1
1546533067825213 512 -1
1546533067825615 9 -1
1546533067834972 16381 -1
1546533067834989 3 -1
1546533067834995 9 -1
1546533067845875 15872 -1
1546533067846059 512 -1
1546533067846067 9 -1
1546533067861614 16381 -1
1546533067861631 3 -1
1546533067861636 9 -1
1546533067890450 15872 -1
1546533067890506 512 -1
1546533067890868 9 -1
1546533067902594 15871 -1
1546533067902609 513 -1
1546533067902617 9 -1
1546533067920847 15871 -1
1546533067920884 513 -1
1546533067920893 9 -1
1546533067932025 12515 -1
1546533067932053 9 -1
1546533067949655 15870 -1
1546533067949676 514 -1
1546533067949690 9 -1
1546533067967330 15870 -1
1546533067967348 514 -1
1546533067967382 9 -1
1546533067984068 15870 -1
1546533068002218 514 -1
1546533068002236 9 -1
1546533068007999 15870 -1
1546533068008017 514 -1
1546533068008060 9 -1
1546533068045947 15871 -1
1546533068045966 148 -1
1546533068045973 9 -1
1546533068046007 3083 -1
1546533068046017 9 -1
1546533068068985 15870 -1
1546533068069003 514 -1
1546533068069011 9 -1
1546533068091878 15870 -1
1546533068091900 514 -1
1546533068091907 9 -1
1546533068110414 15870 -1
1546533068110695 514 -1
1546533068110713 9 -1
1546533068126918 15870 -1
1546533068126937 514 -1
1546533068127514 9 -1
1546533068146540 15870 -1
1546533068146615 514 -1
1546533068146624 9 -1
1546533068198064 15871 -1
1546533068198086 513 -1
1546533068198226 9 -1
1546533068242130 15871 -1
1546533068242149 513 -1
1546533068242368 9 -1
1546533068264406 16380 -1
1546533068264431 4 -1
1546533068264437 9 -1
1546533068298318 15871 -1
1546533068298339 513 -1
1546533068298353 9 -1
1546533068326139 16380 -1
1546533068326159 4 -1
1546533068326165 9 -1
1546533068360652 15871 -1
1546533068360673 513 -1
1546533068360681 9 -1
1546533068381027 15870 -1
1546533068381046 514 -1
1546533068381055 9 -1
1546533068401752 15870 -1
1546533068401773 514 -1
1546533068401781 9 -1
1546533068409278 15869 -1
1546533068409298 515 -1
1546533068409307 9 -1
1546533068420042 15869 -1
1546533068420544 515 -1
1546533068420658 9 -1
1546533068432478 15869 -1
1546533068433042 515 -1
1546533068433105 9 -1
1546533068439815 15869 -1
1546533068440762 515 -1
1546533068440772 9 -1
1546533068455632 15869 -1
1546533068455748 515 -1
1546533068455763 9 -1
1546533068459103 15869 -1
1546533068461070 515 -1
1546533068461088 9 -1
1546533068486098 15869 -1
1546533068486140 515 -1
1546533068486151 9 -1
1546533068494031 15869 -1
1546533068494051 515 -1
1546533068494062 9 -1
1546533068502495 15869 -1
1546533068502516 515 -1
1546533068502524 9 -1
1546533068513989 15870 -1
1546533068514018 514 -1
1546533068514027 9 -1
1546533068525609 15870 -1
1546533068525782 514 -1
1546533068526170 9 -1
1546533068536710 16379 -1
1546533068536808 5 -1
1546533068536815 9 -1
1546533068550604 15870 -1
1546533068550621 514 -1
1546533068550673 9 -1
1546533068557893 16379 -1
1546533068557912 5 -1
1546533068557918 9 -1
1546533068570814 15870 -1
1546533068570833 514 -1
1546533068570842 9 -1
1546533068579386 15869 -1
1546533068579413 515 -1
1546533068580250 9 -1
1546533068590780 15869 -1
1546533068596284 515 -1
1546533068596332 9 -1
1546533068611611 15868 -1
1546533068611629 516 -1
1546533068611764 9 -1
1546533068614504 15868 -1
1546533068614523 516 -1
1546533068614529 9 -1
1546533068621605 15868 -1
1546533068621794 516 -1
1546533068621829 9 -1
1546533068634042 15868 -1
1546533068641619 516 -1
1546533068641732 9 -1
1546533068645254 15868 -1
1546533068647841 516 -1
1546533068647870 9 -1
1546533068654868 15868 -1
1546533068654935 516 -1
1546533068654948 9 -1
1546533068663327 15868 -1
1546533068663404 516 -1
1546533068663412 9 -1
1546533068665780 78 1
1546533068665797 78 1
1546533068667474 78 1
1546533068669760 78 1
1546533068670550 78 1
1546533068676689 15868 -1
1546533068676707 516 -1
1546533068676714 9 -1
1546533068680886 15868 -1
1546533068680903 516 -1
1546533068680912 9 -1
1546533068686169 7438 -1
1546533068686187 9 -1
1546533068692286 9304 -1
1546533068692303 9 -1
1546533068698331 16378 -1
1546533068698464 6 -1
1546533068698651 9 -1
1546533068703337 8134 -1
1546533068703611 9 -1
1546533068712084 16378 -1
1546533068712132 6 -1
1546533068712188 9 -1
1546533068715581 4404 -1
1546533068715628 9 -1
1546533068734305 15868 -1
1546533068735564 516 -1
1546533068735577 9 -1
1546533068743260 15868 -1
1546533068743397 516 -1
1546533068743407 9 -1
1546533068755058 15867 -1
1546533068757967 517 -1
1546533068757984 9 -1
1546533068761581 15867 -1
1546533068761601 517 -1
1546533068761611 9 -1
1546533068773233 15867 -1
1546533068773255 517 -1
1546533068773264 9 -1
1546533068785461 15867 -1
1546533068785481 517 -1
1546533068785490 9 -1
1546533068793703 15867 -1
1546533068793806 517 -1
1546533068793817 9 -1
1546533068810850 15867 -1
1546533068810869 517 -1
1546533068810877 9 -1
1546533068818472 15867 -1
1546533068821784 517 -1
1546533068821802 9 -1
1546533068833582 15867 -1
1546533068833602 517 -1
1546533068833610 9 -1
1546533068846525 15867 -1
1546533068846543 517 -1
1546533068847518 9 -1
1546533068859569 16377 -1
1546533068859587 7 -1
1546533068859595 9 -1
1546533068866874 16377 -1
1546533068866892 7 -1
1546533068866899 9 -1
1546533068876154 15867 -1
1546533068876172 517 -1
1546533068876609 9 -1
1546533068884712 15867 -1
1546533068885109 517 -1
1546533068885472 9 -1
1546533068896466 15866 -1
1546533068896826 518 -1
1546533068896869 9 -1
1546533068900502 15866 -1
1546533068900520 518 -1
1546533068900528 9 -1
1546533068905680 13624 -1
1546533068905725 9 -1
1546533068913046 15866 -1
1546533068913188 518 -1
1546533068913198 9 -1
1546533068918119 15866 -1
1546533068918138 518 -1
1546533068918145 9 -1
1546533068923224 15866 -1
1546533068923242 518 -1
1546533068923249 9 -1
1546533068933983 15866 -1
1546533068934003 518 -1
1546533068934010 9 -1
1546533068939943 15866 -1
1546533068939960 518 -1
1546533068941294 9 -1
1546533068946850 15866 -1
1546533068947707 518 -1
1546533068947723 9 -1
1546533068952855 12769 -1
1546533068952875 9 -1
1546533068961484 16376 -1
1546533068961504 8 -1
1546533068961511 9 -1
1546533068968200 15866 -1
1546533068968226 518 -1
1546533068968236 9 -1
1546533068975187 15866 -1
1546533068975207 518 -1
1546533068975215 9 -1
1546533068980631 15865 -1
1546533068980648 519 -1
1546533068980662 9 -1
1546533068987058 15865 -1
1546533068987101 519 -1
1546533068987109 9 -1
1546533068993041 15865 -1
1546533068993060 519 -1
1546533068993068 9 -1
1546533069004813 15865 -1
1546533069006670 519 -1
1546533069006686 274 -1
1546533069006849 148 -1
1546533069006859 9 -1
1546533069015420 15865 -1
1546533069015441 519 -1
1546533069015450 148 -1
1546533069015493 148 -1
1546533069015502 147 -1
1546533069015509 9 -1
1546533069016536 3645 -1
1546533069016596 9 -1
1546533069026715 15865 -1
1546533069026994 519 -1
1546533069027005 9 -1
1546533069038048 15865 -1
1546533069038067 519 -1
1546533069038076 9 -1
1546533069055404 16375 -1
1546533069055425 9 -1
1546533069055432 9 -1
1546533069066887 15865 -1
1546533069066909 519 -1
1546533069066917 9 -1
1546533069088121 15865 -1
1546533069094710 519 -1
1546533069094730 9 -1
1546533069116743 15864 -1
1546533069116766 520 -1
1546533069116775 9 -1
1546533069121266 63 1
1546533069121282 63 1
1546533069124081 64 1
1546533069124096 63 1
1546533069124616 63 1
1546533069125321 63 1
1546533069144811 15864 -1
1546533069144829 520 -1
1546533069144942 9 -1
1546533069166094 15864 -1
1546533069166634 520 -1
1546533069166646 9 -1
1546533069179174 15864 -1
1546533069179195 520 -1
1546533069179208 9 -1
1546533069190966 15864 -1
1546533069190985 520 -1
1546533069190997 9 -1
1546533069202119 15864 -1
1546533069202138 520 -1
1546533069202145 9 -1
1546533069205972 4709 -1
1546533069205983 9 -1
1546533069217073 16374 -1
1546533069217098 10 -1
1546533069217106 9 -1
1546533069221604 14707 -1
1546533069221617 9 -1
1546533069228105 15864 -1
1546533069228633 520 -1
1546533069228648 9 -1
1546533069230857 879 -1
1546533069230875 9 -1
1546533069245515 15863 -1
1546533069245530 521 -1
1546533069245535 9 -1
1546533069251170 15863 -1
1546533069251190 521 -1
1546533069251282 9 -1
1546533069269494 15863 -1
1546533069269510 521 -1
1546533069269516 9 -1
1546533069279775 15863 -1
1546533069279791 521 -1
1546533069279799 9 -1
1546533069300960 15863 -1
1546533069304373 521 -1
1546533069304390 9 -1
1546533069315174 7778 -1
1546533069315188 9 -1
1546533069333330 15863 -1
1546533069333348 521 -1
1546533069334516 9 -1
1546533069343301 7176 -1
1546533069343322 9 -1
1546533069359215 14731 -1
1546533069359235 9 -1
1546533069360878 7554 -1
1546533069360897 9 -1
1546533069378039 15862 -1
1546533069379442 522 -1
1546533069379453 9 -1
1546533069392709 6623 -1
1546533069392724 9 -1
1546533069409733 15862 -1
1546533069409749 522 -1
1546533069409757 9 -1
1546533069422282 14266 -1
1546533069422303 9 -1
1546533069444336 15861 -1
1546533069444352 523 -1
1546533069444409 9 -1
1546533069455883 15860 -1
1546533069455900 524 -1
1546533069455910 9 -1
1546533069461226 6307 -1
1546533069463429 138 -1
1546533069463440 117 -1
1546533069463560 130 -1
1546533069463567 130 -1
1546533069463614 132 -1
1546533069463618 130 -1
1546533069463677 9 -1
1546533069465073 3151 -1
1546533069465083 9 -1
1546533069468354 2973 -1
1546533069468367 9 -1
1546533069472036 3151 -1
1546533069472046 9 -1
1546533069473903 2973 -1
1546533069474291 9 -1
1546533069477917 3151 -1
1546533069477928 9 -1
1546533069480058 5952 -1
1546533069480074 9 -1
1546533069488969 8493 -1
1546533069488983 9 -1
1546533069491659 6350 -1
1546533069491671 9 -1
1546533069497130 9706 -1
1546533069497146 9 -1
1546533069524350 7359 -1
1546533069524370 9 -1
1546533069526269 5332 -1
1546533071517531 86 1
1546533071523956 288 -1
1546533071523977 9 -1
1546533071543838 16383 -1
1546533071543996 1 -1
1546533071544008 9 -1
1546533071552391 16383 -1
1546533071552409 1 -1
1546533071552417 9 -1
1546533071565765 12515 -1
1546533076227790 17 1
0 0 0
1546533067242031 206 1
1546533067257096 39 -1
1546533067257329 13 -1
1546533067257336 9 -1
1546533067257531 9 1
1546533067262336 312 -1
1546533067262364 9 -1
1546533067262559 3507 -1
1546533067301832 17 1
0 0 0
1546533067082401 206 1
1546533067084261 39 -1
1546533067084267 13 -1
1546533067085680 9 1
1546533067089941 9 -1
1546533067090129 310 -1
1546533067107775 9 -1
1546533067107786 2617 -1
1546533067134337 17 1
0 0 0
1546533067018139 187 1
