### "'17205 148885 45283 8493 9706 312846 212410 231147 217401 285133 85086 153688 69194 74234 16274 163130 57659'"
0 0 0
1546533758460596 39 -1
1546533758460607 13 -1
1546533758469529 206 1
1546533758473532 9 1
1546533758476058 9 -1
1546533758477090 310 -1
1546533758477227 9 -1
1546533758477237 2617 -1
1546533758523813 17 1
0 0 0
1546533758662890 199 1
0 0 0
1546533758464092 206 1
1546533758464267 59 1
1546533758464278 59 1
1546533758464482 59 1
1546533758464905 78 1
1546533758465255 59 1
1546533758465333 59 1
1546533758465344 59 1
1546533758465353 78 1
1546533758465929 78 1
1546533758465940 59 1
1546533758465948 78 1
1546533758466741 59 1
1546533758466755 58 1
1546533758466799 59 1
1546533758466809 59 1
1546533758469128 78 1
1546533758469148 78 1
1546533758469191 59 1
1546533758469269 59 1
1546533758469727 78 1
1546533758469737 79 1
1546533758469752 59 1
1546533758469949 59 1
1546533758470375 59 1
1546533758470498 79 1
1546533758470509 78 1
1546533758470519 58 1
1546533758471198 59 1
1546533758471611 78 1
1546533758471623 78 1
1546533758471856 58 1
1546533758471871 77 1
1546533758472004 78 1
1546533758472190 58 1
1546533758472203 78 1
0 0 0
1546533758486636 206 1
1546533758493619 39 -1
1546533758494063 13 -1
1546533758498545 9 -1
1546533758498639 312 -1
1546533758498653 9 -1
1546533758506086 16383 -1
1546533758506137 1 -1
1546533758506312 9 -1
1546533758506323 821 -1
1546533758511304 9 1
1546533758518671 17 1
0 0 0
1546533758684115 214 1
1546533758691402 39 -1
1546533758691412 13 -1
1546533758696029 9 -1
1546533758697035 324 -1
1546533758697054 9 -1
1546533758698440 16383 -1
1546533758698458 1 -1
1546533758698497 9 -1
1546533758699903 16382 -1
1546533758699921 2 -1
1546533758699929 9 -1
1546533758713315 12515 -1
1546533758732227 9 1
1546533759682325 81 1
1546533759682920 78 1
1546533759683619 78 1
1546533759684294 78 1
1546533759685266 78 1
1546533759689299 170 -1
1546533759689317 9 -1
1546533759689323 3151 -1
1546533759695708 148 -1
1546533759695725 9 -1
1546533759724418 3151 -1
1546533759724436 148 -1
1546533759724446 9 -1
1546533759733020 2973 -1
1546533759733039 148 -1
1546533759733046 9 -1
1546533759733149 2973 -1
1546533759733158 147 -1
1546533759733163 9 -1
1546533759733216 3151 -1
1546533759825461 63 1
1546533759825477 63 1
1546533759825487 64 1
1546533759827315 63 1
1546533759827858 63 1
1546533759832064 115 -1
1546533759832129 9 -1
1546533759832204 63 1
1546533759838301 5952 -1
1546533759838322 130 -1
1546533759838327 9 -1
1546533759839667 6350 -1
1546533759839686 130 -1
1546533759839694 9 -1
1546533759840071 8493 -1
1546533759840095 130 -1
1546533759840101 9 -1
1546533759849469 9706 -1
1546533759849494 203 -1
1546533759849503 9 -1
1546533759850702 7359 -1
1546533759850716 163 -1
1546533759850724 9 -1
1546533759852420 5332 -1
1546533762915655 78 1
1546533762917201 78 1
1546533762918022 58 1
1546533762925511 170 -1
1546533762925561 9 -1
1546533762925619 2617 -1
1546533762925701 78 1
1546533762925965 58 1
1546533762926202 78 1
1546533762926211 58 1
1546533762926217 78 1
1546533762926224 78 1
1546533762926231 59 1
1546533762929825 131 -1
1546533762929931 9 -1
1546533762930487 16383 -1
1546533762930651 1 -1
1546533762930658 9 -1
1546533762936541 16383 -1
1546533762936597 1 -1
1546533762936603 9 -1
1546533762942341 58 1
1546533762942361 58 1
1546533762950580 16382 -1
1546533762950603 2 -1
1546533762950610 9 -1
1546533762956141 16381 -1
1546533762956160 3 -1
1546533762956166 9 -1
1546533762968280 16380 -1
1546533762968310 4 -1
1546533762968316 143 -1
1546533762968325 9 -1
1546533762978038 2973 -1
1546533762978058 9 -1
1546533762980159 16383 -1
1546533762980191 1 -1
1546533762980199 9 -1
1546533762991950 16382 -1
1546533762992033 2 -1
1546533762992040 9 -1
1546533763003619 16381 -1
1546533763003637 3 -1
1546533763003642 9 -1
1546533763013805 16380 -1
1546533763013977 4 -1
1546533763013983 9 -1
1546533763029918 16379 -1
1546533763031671 5 -1
1546533763032182 9 -1
1546533763052863 16378 -1
1546533763052880 6 -1
1546533763052885 148 -1
1546533763053278 131 -1
1546533763053285 74 -1
1546533763053487 58 -1
1546533763053492 136 -1
1546533763053497 136 -1
1546533763053562 131 -1
1546533763053719 203 -1
1546533763053731 165 -1
1546533763053946 9 -1
1546533763086976 16383 -1
1546533763087283 1 -1
1546533763087411 9 -1
1546533763087503 2261 -1
1546533763087516 9 -1
1546533763116975 16383 -1
1546533763116992 1 -1
1546533763116998 9 -1
1546533763121926 1883 -1
1546533763121943 9 -1
1546533763150599 16383 -1
1546533763150866 1 -1
1546533763150873 9 -1
1546533763150880 2617 -1
1546533763150887 9 -1
1546533763156257 3151 -1
1546533763156284 9 -1
1546533763168479 16383 -1
1546533763168499 1 -1
1546533763168615 9 -1
1546533763178674 16383 -1
1546533763178695 1 -1
1546533763178703 9 -1
1546533763189380 15874 -1
1546533763189569 510 -1
1546533763189665 9 -1
1546533763200435 16382 -1
1546533763200455 2 -1
1546533763200462 9 -1
1546533763207957 16382 -1
1546533763207990 2 -1
1546533763208016 9 -1
1546533763215176 16382 -1
1546533763216024 2 -1
1546533763216034 9 -1
1546533763222485 16382 -1
1546533763222504 2 -1
1546533763222511 9 -1
1546533763230072 16382 -1
1546533763230092 2 -1
1546533763230101 9 -1
1546533763247184 16383 -1
1546533763247206 1 -1
1546533763247213 9 -1
1546533763250838 16381 -1
1546533763250855 3 -1
1546533763250863 9 -1
1546533763254445 16381 -1
1546533763254463 3 -1
1546533763254469 9 -1
1546533763262630 16381 -1
1546533763262652 3 -1
1546533763262707 9 -1
1546533763268355 16381 -1
1546533763268610 3 -1
1546533763268619 9 -1
1546533763285313 16381 -1
1546533763285390 3 -1
1546533763285398 9 -1
1546533763293606 16382 -1
1546533763293764 2 -1
1546533763293909 9 -1
1546533763311409 16380 -1
1546533763311427 4 -1
1546533763311433 9 -1
1546533763328416 16380 -1
1546533763328437 4 -1
1546533763328445 9 -1
1546533763339397 16380 -1
1546533763339417 4 -1
1546533763339423 9 -1
1546533763353621 16380 -1
1546533763353641 4 -1
1546533763353647 9 -1
1546533763363506 16380 -1
1546533763363525 4 -1
1546533763363531 9 -1
1546533763372099 16381 -1
1546533763372116 3 -1
1546533763372124 9 -1
1546533763417319 16379 -1
1546533763417337 5 -1
1546533763417344 9 -1
1546533763429260 16379 -1
1546533763429280 5 -1
1546533763429286 9 -1
1546533763441073 16379 -1
1546533763441243 5 -1
1546533763441376 9 -1
1546533763459274 16379 -1
1546533763459294 5 -1
1546533763459299 9 -1
1546533763467419 16379 -1
1546533763467435 5 -1
1546533763467576 9 -1
1546533763477371 16380 -1
1546533763477982 4 -1
1546533763478044 9 -1
1546533763487222 16378 -1
1546533763487241 6 -1
1546533763487247 9 -1
1546533763500613 16378 -1
1546533763501306 6 -1
1546533763501313 9 -1
1546533763510486 16378 -1
1546533763510513 6 -1
1546533763520518 9 -1
1546533763530803 16378 -1
1546533763530821 6 -1
1546533763530828 9 -1
1546533763553286 16378 -1
1546533763553304 6 -1
1546533763553310 9 -1
1546533763555416 3166 -1
1546533763557925 9 -1
1546533763570808 16377 -1
1546533763570834 7 -1
1546533763570841 9 -1
1546533763588622 16377 -1
1546533763588641 7 -1
1546533763588646 9 -1
1546533763621462 16377 -1
1546533763621482 7 -1
1546533763621487 9 -1
1546533763655453 16377 -1
1546533763655470 7 -1
1546533763655476 9 -1
1546533763677120 16377 -1
1546533763677138 7 -1
1546533763677146 9 -1
1546533763699103 16376 -1
1546533763699120 8 -1
1546533763699126 9 -1
1546533763723073 16376 -1
1546533763723094 8 -1
1546533763723100 9 -1
1546533763753371 16376 -1
1546533763753576 8 -1
1546533763753584 9 -1
1546533763782052 16376 -1
1546533763782071 8 -1
1546533763783621 9 -1
1546533763788478 16376 -1
1546533763788495 8 -1
1546533763788884 9 -1
1546533763791594 1550 -1
1546533763791610 9 -1
1546533763800972 16375 -1
1546533763800990 9 -1
1546533763800997 9 -1
1546533763809206 16375 -1
1546533763809227 9 -1
1546533763809235 9 -1
1546533763821214 16375 -1
1546533763821229 9 -1
1546533763821236 9 -1
1546533763842229 16375 -1
1546533763842246 9 -1
1546533763842252 9 -1
1546533763844113 16374 -1
1546533763844192 10 -1
1546533763844199 9 -1
1546533763858433 16374 -1
1546533763858449 10 -1
1546533763858456 9 -1
1546533763865345 16374 -1
1546533763865361 10 -1
1546533763865366 9 -1
1546533763873674 16374 -1
1546533763873692 10 -1
1546533763873705 9 -1
1546533763883256 16373 -1
1546533763883273 11 -1
1546533763883279 9 -1
1546533763889429 16373 -1
1546533763889450 11 -1
1546533763889457 9 -1
1546533763898046 16373 -1
1546533763898416 11 -1
1546533763898423 9 -1
1546533763905609 16373 -1
1546533763905661 11 -1
1546533763905668 9 -1
1546533763927046 16372 -1
1546533763927066 12 -1
1546533763927073 9 -1
1546533763930084 16372 -1
1546533763930097 12 -1
1546533763930103 9 -1
1546533763936185 16372 -1
1546533763936202 12 -1
1546533763936207 9 -1
1546533763945656 16372 -1
1546533763945673 12 -1
1546533763945679 9 -1
1546533763952481 15802 -1
1546533763953138 9 -1
1546533763962675 16371 -1
1546533763962695 13 -1
1546533763962701 9 -1
1546533763973278 16371 -1
1546533763973294 13 -1
1546533763973300 9 -1
1546533763976632 16371 -1
1546533763976650 13 -1
1546533763976656 9 -1
1546533763986666 16370 -1
1546533763986685 14 -1
1546533763986691 9 -1
1546533763989714 4409 -1
1546533763989730 9 -1
1546533764004454 16370 -1
1546533764004472 14 -1
1546533764004478 9 -1
1546533764006664 1771 -1
1546533764006678 9 -1
1546533764012290 16369 -1
1546533764012301 15 -1
1546533764012305 9 -1
1546533764028703 16368 -1
1546533764028719 16 -1
1546533764028725 9 -1
1546533764036512 16383 -1
1546533764036530 1 -1
1546533764036695 9 -1
1546533764037942 6605 -1
1546533765932987 78 1
1546533765933548 59 1
1546533765935790 78 1
1546533765938425 58 1
1546533765939959 79 1
1546533765940186 166 -1
1546533765940201 9 -1
1546533765940205 2617 -1
1546533765940215 79 1
1546533765945380 78 1
1546533765945396 59 1
1546533765946720 131 -1
1546533765946728 9 -1
1546533765957829 16383 -1
1546533765957849 1 -1
1546533765957856 9 -1
1546533765969800 16383 -1
1546533765969819 1 -1
1546533765969893 9 -1
1546533765986640 16382 -1
1546533765986657 2 -1
1546533765986664 9 -1
1546533766002018 16383 -1
1546533766002041 1 -1
1546533766002047 9 -1
1546533766012656 16382 -1
1546533766012678 2 -1
1546533766012684 148 -1
1546533766012693 131 -1
1546533766012698 136 -1
1546533766012703 72 -1
1546533766012848 131 -1
1546533766012857 147 -1
1546533766012867 9 -1
1546533766017143 59 1
1546533766018123 59 1
1546533766020395 16383 -1
1546533766020418 1 -1
1546533766020424 9 -1
1546533766022154 88 1
1546533766024663 2795 -1
1546533766024686 9 -1
1546533766040924 15874 -1
1546533766040943 510 -1
1546533766040951 9 -1
1546533766044476 4397 -1
1546533766044773 9 -1
1546533766047203 2719 -1
1546533766047218 9 -1
1546533766048840 3151 -1
1546533766048856 9 -1
1546533766061714 16383 -1
1546533766061743 1 -1
1546533766061749 9 -1
1546533766076064 16382 -1
1546533766076084 2 -1
1546533766076089 9 -1
1546533766088636 15873 -1
1546533766088661 511 -1
1546533766088884 9 -1
1546533766104939 16382 -1
1546533766105050 2 -1
1546533766105059 9 -1
1546533766122214 16381 -1
1546533766122234 3 -1
1546533766122241 9 -1
1546533766134172 15872 -1
1546533766134224 512 -1
1546533766134271 9 -1
1546533766152167 16381 -1
1546533766152359 3 -1
1546533766152368 9 -1
1546533766159171 16380 -1
1546533766159362 4 -1
1546533766159371 9 -1
1546533766180841 15871 -1
1546533766180858 513 -1
1546533766180867 9 -1
1546533766191732 16380 -1
1546533766191752 4 -1
1546533766191757 9 -1
1546533766195116 6232 -1
1546533766195129 9 -1
1546533766196067 3658 -1
1546533766196078 9 -1
1546533766197795 8698 -1
1546533766197805 154 -1
1546533766198385 202 -1
1546533766198439 175 -1
1546533766198496 9 -1
1546533766221871 16274 -1
1546533766221968 9 -1
1546533766270508 16383 -1
1546533766270527 1 -1
1546533766270532 9 -1
1546533766287247 16383 -1
1546533766287270 1 -1
1546533766287277 9 -1
1546533766326781 16382 -1
1546533766326802 2 -1
1546533766326809 9 -1
1546533766354332 16382 -1
1546533766354455 2 -1
1546533766354461 9 -1
1546533766369548 16381 -1
1546533766369568 3 -1
1546533766369576 9 -1
1546533766382624 16381 -1
1546533766382641 3 -1
1546533766382646 9 -1
1546533766405948 16380 -1
1546533766405968 4 -1
1546533766405974 9 -1
1546533766409687 8507 -1
1546533766409706 9 -1
1546533766420242 16379 -1
1546533766420264 5 -1
1546533766420271 9 -1
1546533766439406 16378 -1
1546533766439710 6 -1
1546533766439716 9 -1
1546533766450950 16377 -1
1546533766450965 7 -1
1546533766450970 9 -1
1546533766468177 16376 -1
1546533766468195 8 -1
1546533766468415 9 -1
1546533766480078 16375 -1
1546533766480101 9 -1
1546533766480107 9 -1
1546533766490603 15674 -1
1546533772560261 17 1
0 0 0
1546533758520801 39 -1
1546533758520812 13 -1
1546533758520830 187 1
1546533758523656 9 1
1546533758526229 9 -1
1546533758526850 296 -1
1546533758526866 9 -1
1546533758533062 16383 -1
1546533758533081 1 -1
1546533758533087 9 -1
1546533758533705 16382 -1
1546533758533719 2 -1
1546533758533764 9 -1
1546533758537610 16383 -1
1546533758537630 1 -1
1546533758537637 9 -1
1546533758542892 16382 -1
1546533758542914 2 -1
1546533758543025 9 -1
1546533758550855 16381 -1
1546533758550875 3 -1
1546533758550881 9 -1
1546533758552153 16380 -1
1546533758552172 4 -1
1546533758552178 9 -1
1546533758566427 16383 -1
1546533758566451 1 -1
1546533758566457 9 -1
1546533758567755 16382 -1
1546533758567770 2 -1
1546533758567776 9 -1
1546533758578563 16381 -1
1546533758578797 3 -1
1546533758578803 9 -1
1546533758578841 1429 -1
1546533758620308 17 1
0 0 0
1546533758471522 206 1
1546533758475712 39 -1
1546533758475722 13 -1
1546533758479214 9 -1
1546533758480464 312 -1
1546533758480483 9 -1
1546533758485468 9 1
1546533758511073 3507 -1
1546533758536013 17 1
