### "'19631 46548 8948 10095 50223 30869 105268 78295 100999 45911 43307 24277 27407 81334 29529 130044 137227 48715 96110 50506 42154 61891'"
0 0 0
1546534706531155 206 1
1546534706537952 39 -1
1546534706537960 13 -1
1546534706539270 9 1
1546534706542623 9 -1
1546534706543175 311 -1
1546534706543190 9 -1
1546534706561395 16383 -1
1546534706561412 1 -1
1546534706561418 9 -1
1546534706561466 3247 -1
1546534706584658 92 1
1546534706590653 158 -1
1546534706590671 9 -1
1546534706599037 16383 -1
1546534706599055 1 -1
1546534706599061 9 -1
1546534706605390 16383 -1
1546534706605414 1 -1
1546534706605420 9 -1
1546534706606783 13780 -1
1546534707617063 78 1
1546534707620145 77 1
1546534707620161 78 1
1546534707621664 78 1
1546534707621679 78 1
1546534707623606 202 -1
1546534707623622 9 -1
1546534707633961 3329 -1
1546534707634087 147 -1
1546534707634097 9 -1
1546534707637853 3151 -1
1546534707637873 155 -1
1546534707637880 9 -1
1546534707640502 5465 -1
1546534707640529 147 -1
1546534707641180 9 -1
1546534707641186 2439 -1
1546534707641195 171 -1
1546534707641200 9 -1
1546534707642727 2617 -1
1546534707760023 63 1
1546534707760102 63 1
1546534707768056 63 1
1546534707768104 63 1
1546534707768113 63 1
1546534707768121 63 1
1546534707783158 130 -1
1546534707783171 9 -1
1546534707787763 6371 -1
1546534707787783 130 -1
1546534707787788 9 -1
1546534707791906 6284 -1
1546534707791924 129 -1
1546534707791929 9 -1
1546534707791934 2627 -1
1546534707791947 234 -1
1546534707791959 9 -1
1546534707800636 8948 -1
1546534707800764 131 -1
1546534707800771 9 -1
1546534707806157 10095 -1
1546534707806204 152 -1
1546534707806212 9 -1
1546534707815855 7383 -1
1546534707942290 78 1
1546534707943180 58 1
1546534707944014 58 1
1546534707945844 59 1
1546534707949326 130 -1
1546534707949338 9 -1
1546534707949816 3329 -1
1546534707956305 72 -1
1546534707957928 9 -1
1546534707967352 16383 -1
1546534707967468 1 -1
1546534707967475 9 -1
1546534707986794 16383 -1
1546534707986812 1 -1
1546534707987082 9 -1
1546534708022818 16382 -1
1546534708022835 2 -1
1546534708023079 9 -1
1546534708023086 1071 -1
1546534708023100 73 -1
1546534708023105 9 -1
1546534708058418 15874 -1
1546534708058679 510 -1
1546534708058689 9 -1
1546534708079581 14485 -1
1546534708079675 73 -1
1546534708079684 9 -1
1546534708103604 16383 -1
1546534708103625 1 -1
1546534708103632 9 -1
1546534708111959 88 1
1546534708112732 16382 -1
1546534708112908 2 -1
1546534708112914 9 -1
1546534708120046 88 1
1546534708125819 16381 -1
1546534708125991 3 -1
1546534708125998 9 -1
1546534708137528 16380 -1
1546534708137886 4 -1
1546534708137894 9 -1
1546534708148991 16379 -1
1546534708149013 5 -1
1546534708149078 9 -1
1546534708155506 16378 -1
1546534708155533 6 -1
1546534708155714 9 -1
1546534708157661 6964 -1
1546534708157679 181 -1
1546534708157687 9 -1
1546534708169741 16383 -1
1546534708169761 1 -1
1546534708169795 143 -1
1546534708169863 9 -1
1546534708182644 16383 -1
1546534708182662 1 -1
1546534708182669 9 -1
1546534708189638 16383 -1
1546534708189940 1 -1
1546534708189947 9 -1
1546534708200283 16382 -1
1546534708201121 2 -1
1546534708201132 9 -1
1546534708223218 16382 -1
1546534708223262 2 -1
1546534708224091 9 -1
1546534708229059 16381 -1
1546534708229081 3 -1
1546534708229087 9 -1
1546534708288349 16381 -1
1546534708288370 3 -1
1546534708288376 9 -1
1546534708302599 12759 -1
1546534708302626 9 -1
1546534708323249 16380 -1
1546534708323269 4 -1
1546534708323436 9 -1
1546534708337352 16379 -1
1546534708337370 5 -1
1546534708337375 9 -1
1546534708376767 16378 -1
1546534708376808 6 -1
1546534708376890 9 -1
1546534708376900 2695 -1
1546534708382297 407 1
1546534708388633 137 -1
1546534708388793 9 -1
1546534708408570 16383 -1
1546534708408589 1 -1
1546534708408595 9 -1
1546534708425198 16383 -1
1546534708425530 1 -1
1546534708425538 9 -1
1546534708431544 13143 -1
1546534708468085 407 1
1546534708474630 125 -1
1546534708474640 9 -1
1546534708500446 16383 -1
1546534708500475 1 -1
1546534708500482 9 -1
1546534708506940 16383 -1
1546534708506960 1 -1
1546534708506966 9 -1
1546534708516831 10539 -1
1546534708683077 407 1
1546534708689868 132 -1
1546534708690162 9 -1
1546534708714156 15848 -1
1546534708714183 536 -1
1546534708714191 9 -1
1546534708720244 7893 -1
1546534710312653 78 1
1546534710312672 78 1
1546534710312681 58 1
1546534710321062 152 -1
1546534710321083 9 -1
1546534710321088 2439 -1
1546534710321097 150 -1
1546534710322333 78 1
1546534710322665 58 1
1546534710325802 9 -1
1546534710325813 3329 -1
1546534710325828 131 -1
1546534710325834 9 -1
1546534710326010 78 1
1546534710326024 59 1
1546534710355514 15874 -1
1546534710356541 510 -1
1546534710356586 9 -1
1546534710357558 11023 -1
1546534710357639 147 -1
1546534710357647 9 -1
1546534710358525 3151 -1
1546534710358547 148 -1
1546534710358555 9 -1
1546534710372630 2339 -1
1546534710372656 130 -1
1546534710372665 9 -1
1546534710392390 15874 -1
1546534710392680 510 -1
1546534710392690 9 -1
1546534710426669 15873 -1
1546534710426690 511 -1
1546534710426700 9 -1
1546534710431198 16383 -1
1546534710431248 1 -1
1546534710431254 9 -1
1546534710455436 16383 -1
1546534710455655 1 -1
1546534710455663 130 -1
1546534710455669 9 -1
1546534710460680 88 1
1546534710463919 59 1
1546534710468854 16383 -1
1546534710468914 1 -1
1546534710468923 9 -1
1546534710469101 87 1
1546534710477453 88 1
1546534710490421 15798 -1
1546534710490443 9 -1
1546534710502313 13145 -1
1546534710502331 159 -1
1546534710502338 9 -1
1546534710517963 16383 -1
1546534710517980 1 -1
1546534710517986 9 -1
1546534710536728 16383 -1
1546534710536810 1 -1
1546534710536818 9 -1
1546534710558892 16382 -1
1546534710558911 2 -1
1546534710558917 9 -1
1546534710577118 16381 -1
1546534710577141 3 -1
1546534710577147 114 -1
1546534710577154 158 -1
1546534710577164 160 -1
1546534710577172 9 -1
1546534710589714 16383 -1
1546534710589733 1 -1
1546534710589740 9 -1
1546534710589813 408 1
1546534710601870 16383 -1
1546534710601891 1 -1
1546534710601947 9 -1
1546534710614986 16383 -1
1546534710615003 1 -1
1546534710617368 9 -1
1546534710627601 16383 -1
1546534710627618 1 -1
1546534710627701 9 -1
1546534710640082 16382 -1
1546534710640110 2 -1
1546534710640117 9 -1
1546534710654906 16382 -1
1546534710654926 2 -1
1546534710654931 9 -1
1546534710664716 16382 -1
1546534710664735 2 -1
1546534710664743 9 -1
1546534710698119 16382 -1
1546534710698141 2 -1
1546534710698151 9 -1
1546534710717817 16381 -1
1546534710717835 3 -1
1546534710717844 9 -1
1546534710739913 16381 -1
1546534710739933 3 -1
1546534710739939 9 -1
1546534710766367 15947 -1
1546534710766429 9 -1
1546534710808057 16381 -1
1546534710808078 3 -1
1546534710808085 9 -1
1546534710809626 406 1
1546534710822475 15356 -1
1546534710822494 9 -1
1546534710836783 16380 -1
1546534710836801 4 -1
1546534710836807 9 -1
1546534710863692 16380 -1
1546534710863829 4 -1
1546534710863836 9 -1
1546534710874001 16379 -1
1546534710874021 5 -1
1546534710874027 9 -1
1546534710885437 16379 -1
1546534710885463 5 -1
1546534710885470 9 -1
1546534710900089 16378 -1
1546534710900111 6 -1
1546534710900118 9 -1
1546534710912373 14190 -1
1546534710912556 9 -1
1546534710924514 16377 -1
1546534710924535 7 -1
1546534710924540 9 -1
1546534710935141 16376 -1
1546534710935159 8 -1
1546534710935166 9 -1
1546534710938385 6155 -1
1546534710938535 138 -1
1546534710938546 161 -1
1546534710938552 9 -1
1546534710946258 16383 -1
1546534710946566 1 -1
1546534710946575 9 -1
1546534710954275 16383 -1
1546534710954296 1 -1
1546534710954302 9 -1
1546534710978223 16382 -1
1546534710978359 2 -1
1546534710978366 9 -1
1546534710980292 16382 -1
1546534710980336 2 -1
1546534710980342 9 -1
1546534710998003 16381 -1
1546534710998129 3 -1
1546534710998135 9 -1
1546534711012086 9386 -1
1546534711012102 9 -1
1546534711012108 1354 -1
1546534711012412 406 1
1546534711018802 263 -1
1546534711019214 9 -1
1546534711029280 16383 -1
1546534711029299 1 -1
1546534711029305 9 -1
1546534711041119 16383 -1
1546534711041163 1 -1
1546534711041171 9 -1
1546534711048659 16382 -1
1546534711048676 2 -1
1546534711048681 9 -1
1546534711063054 12739 -1
1546534716902200 17 1
0 0 0
1546534706570543 197 1
0 0 0
1546534706578601 205 1
0 0 0
1546534706578895 205 1
1546534706585141 39 -1
1546534706585158 13 -1
1546534706592319 9 -1
1546534706592329 311 -1
1546534706592342 9 -1
1546534706593315 2339 -1
1546534706593840 9 1
1546534706597032 17 1
