### "'44495 171965 76809 121374 226954 146908 49058 46154 48145 13103 140679 101999 44571 22458 26851 48443 291107 60540 163564 180659 97102 91328 119618 27391 15871 14900 59908 23691 14057'"
0 0 0
1546534768187981 201 1
0 0 0
1546534768180572 193 1
0 0 0
1546534768147120 201 1
1546534768147135 59 1
1546534768147146 88 1
1546534768148550 59 1
1546534768148564 58 1
1546534768148574 58 1
1546534768154330 39 -1
1546534768154339 13 -1
1546534768155762 9 1
1546534768157662 9 -1
1546534768160398 294 -1
1546534768160418 9 -1
1546534768163553 16383 -1
1546534768163572 1 -1
1546534768163579 9 -1
1546534768173304 16382 -1
1546534768173323 2 -1
1546534768173330 131 -1
1546534768173883 9 -1
1546534768177237 15873 -1
1546534768177363 511 -1
1546534768177637 9 -1
1546534768180921 15872 -1
1546534768180936 512 -1
1546534768180944 9 -1
1546534768182333 16383 -1
1546534768182348 1 -1
1546534768182355 9 -1
1546534768185426 11727 -1
1546534768185442 9 -1
1546534768187906 16383 -1
1546534768187924 1 -1
1546534768187930 9 -1
1546534768191852 16382 -1
1546534768191878 2 -1
1546534768191884 131 -1
1546534768191891 147 -1
1546534768191898 132 -1
1546534768191927 159 -1
1546534768191934 9 -1
1546534768191940 1705 -1
1546534768191983 9 -1
1546534768193037 16383 -1
1546534768193048 1 -1
1546534768193054 9 -1
1546534768193690 16383 -1
1546534768193708 1 -1
1546534768193716 9 -1
1546534768194699 16383 -1
1546534768194719 1 -1
1546534768194725 9 -1
1546534768196259 15874 -1
1546534768196278 510 -1
1546534768196287 9 -1
1546534768197487 16382 -1
1546534768197554 2 -1
1546534768197562 9 -1
1546534768198428 16382 -1
1546534768198449 2 -1
1546534768198456 9 -1
1546534768204390 16382 -1
1546534768204407 2 -1
1546534768204413 9 -1
1546534768204516 15873 -1
1546534768204524 511 -1
1546534768204532 9 -1
1546534768204956 16381 -1
1546534768204976 3 -1
1546534768204984 9 -1
1546534768206593 16381 -1
1546534768206612 3 -1
1546534768206992 9 -1
1546534768214382 91 1
1546534768214398 67 1
1546534768214525 87 1
1546534768216167 16381 -1
1546534768216184 3 -1
1546534768216304 9 -1
1546534768216808 15872 -1
1546534768216822 512 -1
1546534768216828 9 -1
1546534768218765 16380 -1
1546534768218788 4 -1
1546534768218794 9 -1
1546534768220560 16380 -1
1546534768220580 4 -1
1546534768220588 9 -1
1546534768222408 16380 -1
1546534768222426 4 -1
1546534768222490 9 -1
1546534768226322 89 1
1546534768232775 15871 -1
1546534768233139 513 -1
1546534768233147 9 -1
1546534768234048 11273 -1
1546534768234063 9 -1
1546534768238860 16379 -1
1546534768238873 5 -1
1546534768238880 9 -1
1546534768244584 16379 -1
1546534768244604 5 -1
1546534768244830 9 -1
1546534768262227 15870 -1
1546534768262247 514 -1
1546534768262257 9 -1
1546534768264928 8125 -1
1546534768264946 9 -1
1546534768276080 16378 -1
1546534768276094 6 -1
1546534768276099 9 -1
1546534768296424 15869 -1
1546534768296445 515 -1
1546534768296453 9 -1
1546534768310771 16377 -1
1546534768310788 7 -1
1546534768310793 9 -1
1546534768322141 15868 -1
1546534768322161 516 -1
1546534768322169 9 -1
1546534768328378 6686 -1
1546534768328407 9 -1
1546534768338680 15867 -1
1546534768338713 517 -1
1546534768338721 9 -1
1546534768345232 15866 -1
1546534768349450 518 -1
1546534768349466 9 -1
1546534768364912 15865 -1
1546534768364930 519 -1
1546534768364936 9 -1
1546534768376978 15864 -1
1546534768376997 520 -1
1546534768377005 9 -1
1546534768388641 15863 -1
1546534768388656 521 -1
1546534768388694 9 -1
1546534768399675 15862 -1
1546534768399693 522 -1
1546534768399700 9 -1
1546534768410336 13962 -1
1546534768410358 158 -1
1546534768410365 155 -1
1546534768410422 157 -1
1546534768410836 152 -1
1546534768410846 9 -1
1546534768429172 15835 -1
1546534768429187 549 -1
1546534768429194 9 -1
1546534768437287 16383 -1
1546534768437304 1 -1
1546534768437362 9 -1
1546534768448648 16383 -1
1546534768448675 1 -1
1546534768448785 9 -1
1546534768453552 5380 -1
1546534768453569 9 -1
1546534768495919 15834 -1
1546534768495938 550 -1
1546534768495945 9 -1
1546534768500587 16382 -1
1546534768500675 2 -1
1546534768500681 9 -1
1546534768511950 16382 -1
1546534768511968 2 -1
1546534768511974 9 -1
1546534768519246 15833 -1
1546534768519263 457 -1
1546534768519270 9 -1
1546534768529634 15377 -1
1546534768529650 9 -1
1546534768536475 13386 -1
1546534769986862 79 1
1546534769989750 78 1
1546534769989869 78 1
1546534769990265 78 1
1546534769990815 79 1
1546534769994684 276 -1
1546534769994700 9 -1
1546534769994704 2617 -1
1546534770001315 156 -1
1546534770001333 9 -1
1546534770007135 3151 -1
1546534770007163 147 -1
1546534770007228 9 -1
1546534770007827 2617 -1
1546534770007841 147 -1
1546534770007995 9 -1
1546534770009510 3507 -1
1546534770009529 148 -1
1546534770009583 9 -1
1546534770014875 3329 -1
1546534770201212 63 1
1546534770201231 63 1
1546534770201276 63 1
1546534770202673 63 1
1546534770202689 63 1
1546534770202841 63 1
1546534770208614 130 -1
1546534770208625 9 -1
1546534770219058 7493 -1
1546534770219573 129 -1
1546534770219580 9 -1
1546534770224043 4803 -1
1546534770224091 129 -1
1546534770224098 9 -1
1546534770227762 13103 -1
1546534770227798 130 -1
1546534770230619 9 -1
1546534770231462 7679 -1
1546534770231970 129 -1
1546534770231979 9 -1
1546534770234654 2900 -1
1546534770234692 201 -1
1546534770234763 9 -1
1546534770236670 5393 -1
1546534770420651 59 1
1546534770435534 108 -1
1546534770435962 9 -1
1546534770435981 58 1
1546534770436061 59 1
1546534770436071 58 1
1546534770444019 59 1
1546534770444035 79 1
1546534770444044 59 1
1546534770444144 58 1
1546534770446235 59 1
1546534770446579 58 1
1546534770446630 58 1
1546534770446750 59 1
1546534770446868 59 1
1546534770447897 59 1
1546534770452010 16383 -1
1546534770452033 1 -1
1546534770452039 9 -1
1546534770455731 16383 -1
1546534770455864 1 -1
1546534770455873 9 -1
1546534770463471 16382 -1
1546534770463492 2 -1
1546534770463498 9 -1
1546534770481185 16381 -1
1546534770481206 3 -1
1546534770481275 9 -1
1546534770486938 16383 -1
1546534770486968 1 -1
1546534770486974 9 -1
1546534770505327 16382 -1
1546534770505364 2 -1
1546534770505370 97 -1
1546534770505376 130 -1
1546534770505383 60 -1
1546534770505388 130 -1
1546534770505575 147 -1
1546534770505590 130 -1
1546534770505599 130 -1
1546534770505710 9 -1
1546534770519980 88 1
1546534770521274 16383 -1
1546534770521292 1 -1
1546534770521298 9 -1
1546534770521310 87 1
1546534770521321 88 1
1546534770524045 88 1
1546534770538556 16383 -1
1546534770539485 1 -1
1546534770539597 9 -1
1546534770561518 16383 -1
1546534770561541 1 -1
1546534770561548 9 -1
1546534770596503 15875 -1
1546534770596525 509 -1
1546534770597629 9 -1
1546534770599683 16383 -1
1546534770599773 1 -1
1546534770599863 9 -1
1546534770604537 2261 -1
1546534770604557 9 -1
1546534770618301 16383 -1
1546534770618377 1 -1
1546534770618384 9 -1
1546534770631336 16383 -1
1546534770631363 1 -1
1546534770631371 9 -1
1546534770645852 16382 -1
1546534770645872 2 -1
1546534770645877 9 -1
1546534770660629 16382 -1
1546534770660836 2 -1
1546534770661100 9 -1
1546534770676870 16382 -1
1546534770676942 2 -1
1546534770678180 9 -1
1546534770689168 6074 -1
1546534770689186 9 -1
1546534770699415 10467 -1
1546534770699437 9 -1
1546534770718247 16382 -1
1546534770718266 2 -1
1546534770718273 9 -1
1546534770742869 406 1
1546534770746192 16382 -1
1546534770746314 2 -1
1546534770746322 9 -1
1546534770758454 9607 -1
1546534770758471 9 -1
1546534770760286 16381 -1
1546534770760300 3 -1
1546534770760304 9 -1
1546534770769615 11803 -1
1546534770769691 9 -1
1546534770775717 397 1
1546534770783555 15675 -1
1546534770783656 9 -1
1546534770797636 16381 -1
1546534770797658 3 -1
1546534770797666 9 -1
1546534770811372 16380 -1
1546534770811393 4 -1
1546534770811401 9 -1
1546534770816371 16380 -1
1546534770816437 4 -1
1546534770816444 9 -1
1546534770840727 16379 -1
1546534770840744 5 -1
1546534770840750 9 -1
1546534770847139 16379 -1
1546534770847154 5 -1
1546534770847159 9 -1
1546534770860869 16378 -1
1546534770860898 6 -1
1546534770860910 9 -1
1546534770864632 398 1
1546534770875386 16378 -1
1546534770875410 6 -1
1546534770875418 9 -1
1546534770877915 3695 -1
1546534770877933 9 -1
1546534770895270 16377 -1
1546534770895339 7 -1
1546534770895352 9 -1
1546534770898057 16376 -1
1546534770898101 8 -1
1546534770898107 9 -1
1546534770929665 16375 -1
1546534770929684 9 -1
1546534770930453 9 -1
1546534770962096 16374 -1
1546534770962117 10 -1
1546534770962297 9 -1
1546534770996981 16373 -1
1546534770997000 11 -1
1546534770997006 9 -1
1546534771019441 16372 -1
1546534771019640 12 -1
1546534771019890 9 -1
1546534771030125 16371 -1
1546534771030145 13 -1
1546534771030542 9 -1
1546534771052669 16370 -1
1546534771052962 14 -1
1546534771052971 9 -1
1546534771057437 16369 -1
1546534771057466 15 -1
1546534771057474 130 -1
1546534771057637 131 -1
1546534771057642 131 -1
1546534771057701 188 -1
1546534771057715 163 -1
1546534771057795 154 -1
1546534771057804 9 -1
1546534771061840 16368 -1
1546534771061859 16 -1
1546534771063156 159 -1
1546534771063169 158 -1
1546534771063360 145 -1
1546534771074186 158 -1
1546534771074204 136 -1
1546534771074372 135 -1
1546534771074377 136 -1
1546534771074590 9 -1
1546534771079085 16383 -1
1546534771079153 1 -1
1546534771079160 9 -1
1546534771089311 16383 -1
1546534771089331 1 -1
1546534771089337 9 -1
1546534771111543 16383 -1
1546534771111573 1 -1
1546534771111579 9 -1
1546534771128588 15874 -1
1546534771128606 510 -1
1546534771128615 9 -1
1546534771141846 15875 -1
1546534771141864 509 -1
1546534771141872 9 -1
1546534771181525 15874 -1
1546534771181543 510 -1
1546534771185372 9 -1
1546534771193291 16383 -1
1546534771193311 1 -1
1546534771193318 9 -1
1546534771211557 16383 -1
1546534771211576 1 -1
1546534771211581 9 -1
1546534771222074 396 1
1546534771226844 15836 -1
1546534771226916 35 -1
1546534771226922 9 -1
1546534771239913 14900 -1
1546534771239941 9 -1
1546534771253850 16383 -1
1546534771253885 1 -1
1546534771253891 9 -1
1546534771274044 16383 -1
1546534771274065 1 -1
1546534771274073 9 -1
1546534771274448 5219 -1
1546534771274462 9 -1
1546534771275066 3144 -1
1546534771275082 9 -1
1546534771295072 12579 -1
1546534771295092 9 -1
1546534771306580 16382 -1
1546534771306605 2 -1
1546534771306611 9 -1
1546534771331273 16382 -1
1546534771331293 2 -1
1546534771331300 9 -1
1546534771341176 15873 -1
1546534771341201 511 -1
1546534771341207 9 -1
1546534771348659 15874 -1
1546534771348675 510 -1
1546534771348682 9 -1
1546534771358905 15873 -1
1546534771359694 511 -1
1546534771359710 9 -1
1546534771368953 16382 -1
1546534771368973 2 -1
1546534771368979 9 -1
1546534771381202 11007 -1
1546534771381222 9 -1
1546534771387086 16382 -1
1546534771387106 2 -1
1546534771387170 9 -1
1546534771391284 7307 -1
1546534771391298 9 -1
1546534771400754 16381 -1
1546534771400773 3 -1
1546534771400778 9 -1
1546534771409249 16381 -1
1546534771409266 3 -1
1546534771409271 9 -1
1546534771418477 15872 -1
1546534771418497 512 -1
1546534771418504 9 -1
1546534771432534 15873 -1
1546534771432553 511 -1
1546534771432559 9 -1
1546534771438105 15872 -1
1546534771438118 512 -1
1546534771438305 9 -1
1546534771447362 16381 -1
1546534771447380 3 -1
1546534771447431 9 -1
1546534771458669 16381 -1
1546534771458684 3 -1
1546534771458690 9 -1
1546534771464421 11388 -1
1546534771464440 9 -1
1546534771475193 16380 -1
1546534771475207 4 -1
1546534771475258 9 -1
1546534771481533 15871 -1
1546534771481549 513 -1
1546534771481554 9 -1
1546534771490541 15872 -1
1546534771490556 512 -1
1546534771490561 9 -1
1546534771504235 15871 -1
1546534771504255 513 -1
1546534771504262 9 -1
1546534771509487 16380 -1
1546534771509502 4 -1
1546534771509506 9 -1
1546534771515210 10756 -1
1546534771515223 9 -1
1546534771526139 16379 -1
1546534771526160 5 -1
1546534771526166 9 -1
1546534771538788 16383 -1
1546534771538806 1 -1
1546534771538812 9 -1
1546534771558629 15871 -1
1546534771558646 513 -1
1546534771558989 9 -1
1546534771577613 15870 -1
1546534771577633 514 -1
1546534771577640 9 -1
1546534771594349 16379 -1
1546534771594367 5 -1
1546534771594373 9 -1
1546534771615606 16378 -1
1546534771615898 6 -1
1546534771615904 9 -1
1546534771622913 16382 -1
1546534771622932 2 -1
1546534771622938 9 -1
1546534771636463 15182 -1
1546534771636482 9 -1
1546534771652929 15869 -1
1546534771652994 515 -1
1546534771653111 9 -1
1546534771658785 9408 -1
1546534771658801 9 -1
1546534771666996 16377 -1
1546534771667009 7 -1
1546534771667014 160 -1
1546534771667021 9 -1
1546534771675750 16381 -1
1546534771675765 3 -1
1546534771675770 9 -1
1546534771682009 15868 -1
1546534771683595 516 -1
1546534771683623 9 -1
1546534771693796 16376 -1
1546534771693815 8 -1
1546534771693821 9 -1
1546534771699505 16380 -1
1546534771699522 4 -1
1546534771699527 9 -1
1546534771700768 4930 -1
1546534771700779 9 -1
1546534771706652 16375 -1
1546534771706665 9 -1
1546534771706670 9 -1
1546534771715541 16379 -1
1546534771715558 5 -1
1546534771715564 9 -1
1546534771722170 16108 -1
1546534771722185 9 -1
1546534771728803 16378 -1
1546534771728821 6 -1
1546534771728870 9 -1
1546534771734740 16377 -1
1546534771734757 7 -1
1546534771734763 9 -1
1546534771734768 435 -1
1546534771734916 9 -1
1546534771740055 14057 -1
1546534775921504 17 1
0 0 0
1546534768226796 181 1
1546534768230376 39 -1
1546534768230383 13 -1
1546534768231333 9 1
1546534768238009 9 -1
1546534768238098 295 -1
1546534768238114 9 -1
1546534768254239 16383 -1
1546534768254258 1 -1
1546534768254265 9 -1
1546534768258423 16382 -1
1546534768258443 2 -1
1546534768258449 9 -1
1546534768260955 16381 -1
1546534768260975 3 -1
1546534768261347 9 -1
1546534768275541 16380 -1
1546534768275557 4 -1
1546534768275580 9 -1
1546534768276845 16383 -1
1546534768276861 1 -1
1546534768276867 9 -1
1546534768288468 16382 -1
1546534768288767 2 -1
1546534768288847 9 -1
1546534768297942 16381 -1
1546534768297963 3 -1
1546534768297969 9 -1
1546534768315759 16380 -1
1546534768315790 4 -1
1546534768315795 9 -1
1546534768323946 15836 -1
1546534768367386 17 1
0 0 0
1546534768219964 39 -1
1546534768220660 13 -1
1546534768224317 200 1
1546534768226436 9 1
1546534768229400 9 -1
1546534768236064 340 -1
1546534768236080 9 -1
1546534768238644 2617 -1
1546534768274561 17 1
0 0 0
1546534768184917 200 1
1546534768190419 39 -1
1546534768190428 13 -1
1546534768192795 9 1
1546534768194378 9 -1
1546534768194955 310 -1
1546534768194968 9 -1
1546534768194989 1427 -1
1546534768241935 17 1
