### "'146908 13103 140679 101999 44571 22458 26851 48443 291107 60540 163564 180659 97102 119618 91328 15871 27391 14900 59908 23691 14057'"
0 0 0
1546535548854557 200 1
0 0 0
1546535548858076 200 1
0 0 0
1546535548934003 201 1
0 0 0
1546535548892174 201 1
0 0 0
1546535548868308 181 1
1546535548872444 39 -1
1546535548872579 13 -1
1546535548877766 9 -1
1546535548878325 295 -1
1546535548878392 9 -1
1546535548885935 16383 -1
1546535548885953 1 -1
1546535548885961 9 -1
1546535548896054 16383 -1
1546535548896074 1 -1
1546535548896080 9 -1
1546535548898643 16382 -1
1546535548898664 2 -1
1546535548898671 9 -1
1546535548900897 16381 -1
1546535548900915 3 -1
1546535548900923 9 -1
1546535548902848 16380 -1
1546535548902872 4 -1
1546535548902879 9 -1
1546535548903597 9 1
1546535548904308 16383 -1
1546535548904327 1 -1
1546535548904333 9 -1
1546535548906551 16382 -1
1546535548906568 2 -1
1546535548906575 9 -1
1546535548911243 16381 -1
1546535548911279 3 -1
1546535548911305 9 -1
1546535548912858 15836 -1
1546535548944122 17 1
0 0 0
1546535548829324 193 1
1546535548829343 59 1
1546535548829353 88 1
1546535548829445 59 1
1546535548829455 58 1
1546535548829464 58 1
0 0 0
1546535550391709 202 1
1546535550391777 78 1
1546535550391837 78 1
1546535550391889 78 1
1546535550391900 79 1
1546535550391910 63 1
1546535550391919 63 1
1546535550391928 63 1
1546535550391936 63 1
1546535550391945 63 1
1546535550391953 63 1
1546535550394566 39 -1
1546535550394612 13 -1
1546535550396067 9 1
1546535550399523 9 -1
1546535550402190 312 -1
1546535550402273 9 -1
1546535550402281 2617 -1
1546535550402639 146 -1
1546535550402712 9 -1
1546535550404741 3151 -1
1546535550404785 147 -1
1546535550404792 9 -1
1546535550406624 2617 -1
1546535550406634 148 -1
1546535550406948 9 -1
1546535550408145 3329 -1
1546535550408155 129 -1
1546535550408161 9 -1
1546535550408616 4803 -1
1546535550408625 147 -1
1546535550408693 9 -1
1546535550409317 3507 -1
1546535550409395 130 -1
1546535550409401 9 -1
1546535550411189 7493 -1
1546535550411206 129 -1
1546535550411212 9 -1
1546535550412669 13103 -1
1546535550412687 130 -1
1546535550413912 9 -1
1546535550415200 7679 -1
1546535550415219 130 -1
1546535550415225 9 -1
1546535550415923 5393 -1
1546535550415939 129 -1
1546535550415945 9 -1
1546535550417521 2900 -1
1546535553383623 400 1
1546535553391018 262 -1
1546535553391035 9 -1
1546535553413492 5219 -1
1546535553462390 77 1
1546535553462405 78 1
1546535553464914 59 1
1546535553465722 58 1
1546535553466470 59 1
1546535553468170 58 1
1546535553470990 186 -1
1546535553471272 9 -1
1546535553471318 2617 -1
1546535553471391 147 -1
1546535553471427 9 -1
1546535553471438 59 1
1546535553471447 79 1
1546535553471792 59 1
1546535553475785 1705 -1
1546535553475935 75 -1
1546535553475942 9 -1
1546535553475952 58 1
1546535553475961 59 1
1546535553476013 58 1
1546535553476022 58 1
1546535553476187 59 1
1546535553476194 59 1
1546535553476605 59 1
1546535553488940 16383 -1
1546535553488961 1 -1
1546535553488968 9 -1
1546535553490581 16383 -1
1546535553490602 1 -1
1546535553490608 9 -1
1546535553493018 16382 -1
1546535553493040 2 -1
1546535553493047 9 -1
1546535553495653 16381 -1
1546535553495672 3 -1
1546535553495678 9 -1
1546535553503740 16383 -1
1546535553503771 1 -1
1546535553503778 9 -1
1546535553506320 16382 -1
1546535553506342 2 -1
1546535553506348 9 -1
1546535553507705 16381 -1
1546535553507723 3 -1
1546535553507730 9 -1
1546535553515262 16380 -1
1546535553515283 4 -1
1546535553517723 74 -1
1546535553517731 60 -1
1546535553517735 130 -1
1546535553517739 117 -1
1546535553517794 147 -1
1546535553517809 130 -1
1546535553517814 130 -1
1546535553517864 130 -1
1546535553517868 258 -1
1546535553517875 117 -1
1546535553517878 130 -1
1546535553517882 131 -1
1546535553517886 131 -1
1546535553518001 9 -1
1546535553519365 9607 -1
1546535553519377 9 -1
1546535553530739 15874 -1
1546535553530760 510 -1
1546535553530768 9 -1
1546535553537177 15875 -1
1546535553537194 509 -1
1546535553537201 9 -1
1546535553544260 16383 -1
1546535553544288 1 -1
1546535553544295 9 -1
1546535553550893 15875 -1
1546535553554033 509 -1
1546535553554058 9 -1
1546535553554120 2261 -1
1546535553554128 9 -1
1546535553563042 88 1
1546535553570674 15875 -1
1546535553570727 509 -1
1546535553570735 9 -1
1546535553570745 87 1
1546535553570840 88 1
1546535553574101 88 1
1546535553576903 15874 -1
1546535553576919 510 -1
1546535553576925 9 -1
1546535553586762 15875 -1
1546535553591610 509 -1
1546535553591629 9 -1
1546535553606210 15874 -1
1546535553606336 510 -1
1546535553606343 9 -1
1546535553621340 15874 -1
1546535553621363 510 -1
1546535553621372 9 -1
1546535553639256 15875 -1
1546535553639731 509 -1
1546535553639748 9 -1
1546535553650557 15874 -1
1546535553650586 510 -1
1546535553650595 9 -1
1546535553659923 15875 -1
1546535553659942 509 -1
1546535553660005 9 -1
1546535553678407 15873 -1
1546535553678423 511 -1
1546535553678429 9 -1
1546535553685187 15874 -1
1546535553685217 510 -1
1546535553685225 9 -1
1546535553693270 6074 -1
1546535553693292 9 -1
1546535553694741 398 1
1546535553699286 10467 -1
1546535553699308 9 -1
1546535553709293 406 1
1546535553712314 15874 -1
1546535553712335 510 -1
1546535553712343 9 -1
1546535553731913 15873 -1
1546535553733321 511 -1
1546535553733373 9 -1
1546535553750706 15874 -1
1546535553751262 510 -1
1546535553751272 9 -1
1546535553756217 15873 -1
1546535553756230 511 -1
1546535553756404 9 -1
1546535553772392 15873 -1
1546535553772410 511 -1
1546535553772544 9 -1
1546535553783027 15874 -1
1546535553783041 510 -1
1546535553783048 9 -1
1546535553796598 15873 -1
1546535553796613 511 -1
1546535553796618 9 -1
1546535553817263 15874 -1
1546535553817278 510 -1
1546535553817284 9 -1
1546535553832001 15872 -1
1546535553832020 512 -1
1546535553832283 9 -1
1546535553840816 11803 -1
1546535553840903 9 -1
1546535553858698 15675 -1
1546535553858715 9 -1
1546535553873874 15872 -1
1546535553873890 512 -1
1546535553873898 9 -1
1546535553886093 15873 -1
1546535553886117 511 -1
1546535553886124 9 -1
1546535553896000 15872 -1
1546535553896015 512 -1
1546535553896022 9 -1
1546535553901629 15872 -1
1546535553902899 512 -1
1546535553902925 9 -1
1546535553912217 15873 -1
1546535553912238 511 -1
1546535553912246 9 -1
1546535553921414 15872 -1
1546535553921431 512 -1
1546535553921495 9 -1
1546535553927336 15873 -1
1546535553927350 511 -1
1546535553927356 9 -1
1546535553932932 15871 -1
1546535553932953 513 -1
1546535553932961 9 -1
1546535553937800 15871 -1
1546535553937819 513 -1
1546535553937928 9 -1
1546535553941841 11388 -1
1546535553941918 9 -1
1546535553948294 15871 -1
1546535553948315 513 -1
1546535553948323 9 -1
1546535553953483 15871 -1
1546535553956116 513 -1
1546535553956135 9 -1
1546535553960480 15872 -1
1546535553960500 512 -1
1546535553960512 9 -1
1546535553969103 15871 -1
1546535553969117 513 -1
1546535553969176 9 -1
1546535553977649 15872 -1
1546535553977727 512 -1
1546535553977744 9 -1
1546535553991318 15870 -1
1546535553991334 514 -1
1546535553991340 159 -1
1546535553991346 158 -1
1546535553991350 9 -1
1546535553996011 15870 -1
1546535553996026 514 -1
1546535553996031 158 -1
1546535553996038 145 -1
1546535553996042 9 -1
1546535554009997 15870 -1
1546535554010011 514 -1
1546535554010017 9 -1
1546535554016445 15870 -1
1546535554016462 514 -1
1546535554016471 9 -1
1546535554026146 15871 -1
1546535554026971 513 -1
1546535554026983 9 -1
1546535554036225 15870 -1
1546535554036240 514 -1
1546535554036247 9 -1
1546535554037582 396 1
1546535554048986 15871 -1
1546535554049002 513 -1
1546535554049007 9 -1
1546535554056040 15869 -1
1546535554056056 515 -1
1546535554056062 9 -1
1546535554063315 15869 -1
1546535554063325 515 -1
1546535554063330 9 -1
1546535554079795 15869 -1
1546535554079815 515 -1
1546535554079823 9 -1
1546535554084709 15869 -1
1546535554084732 515 -1
1546535554084738 136 -1
1546535554084870 9 -1
1546535554089770 15182 -1
1546535554089783 136 -1
1546535554089789 9 -1
1546535554097700 15869 -1
1546535554097715 515 -1
1546535554097721 9 -1
1546535554101845 9408 -1
1546535554101861 9 -1
1546535554104576 3695 -1
1546535554104595 9 -1
1546535554113277 15868 -1
1546535554113301 516 -1
1546535554113353 9 -1
1546535554121394 15868 -1
1546535554121408 516 -1
1546535554121461 9 -1
1546535554129937 15868 -1
1546535554129949 516 -1
1546535554129954 9 -1
1546535554139859 15868 -1
1546535554139874 516 -1
1546535554139880 9 -1
1546535554148618 15867 -1
1546535554148633 517 -1
1546535554148639 9 -1
1546535554168583 15867 -1
1546535554168596 517 -1
1546535554168605 9 -1
1546535554180190 15867 -1
1546535554180204 517 -1
1546535554180211 9 -1
1546535554185950 4930 -1
1546535554185961 9 -1
1546535554201471 15866 -1
1546535554201486 518 -1
1546535554201492 9 -1
1546535554224521 15866 -1
1546535554224540 518 -1
1546535554224546 9 -1
1546535554245703 15866 -1
1546535554245718 518 -1
1546535554245723 9 -1
1546535554260663 15865 -1
1546535554260684 519 -1
1546535554260737 9 -1
1546535554277387 15865 -1
1546535554277401 243 -1
1546535554277408 9 -1
1546535554292299 15865 -1
1546535554292315 519 -1
1546535554292320 9 -1
1546535554306244 15864 -1
1546535554306260 520 -1
1546535554306265 9 -1
1546535554314377 15864 -1
1546535554314393 520 -1
1546535554314398 9 -1
1546535554320468 15863 -1
1546535554325044 521 -1
1546535554325055 9 -1
1546535554325060 435 -1
1546535554325067 9 -1
1546535554336766 16383 -1
1546535554336823 1 -1
1546535554336828 9 -1
1546535554340794 16382 -1
1546535554340804 2 -1
1546535554340808 9 -1
1546535554348302 16381 -1
1546535554348316 3 -1
1546535554348322 9 -1
1546535554359487 16380 -1
1546535554359508 4 -1
1546535554359514 9 -1
1546535554370029 16379 -1
1546535554370044 5 -1
1546535554370049 9 -1
1546535554375988 12579 -1
1546535554376000 264 -1
1546535554376006 9 -1
1546535554390611 16383 -1
1546535554390624 1 -1
1546535554390786 9 -1
1546535554401252 15871 -1
1546535554401268 9 -1
1546535554414458 14900 -1
1546535554414473 9 -1
1546535554427896 16383 -1
1546535554427909 1 -1
1546535554427915 9 -1
1546535554430031 3144 -1
1546535554430043 9 -1
1546535554438136 16383 -1
1546535554438149 1 -1
1546535554438154 9 -1
1546535554444743 14057 -1
1546535554444753 9 -1
1546535554454858 11007 -1
1546535554454876 9 -1
1546535554468690 16382 -1
1546535554468705 2 -1
1546535554470384 9 -1
1546535554471520 7307 -1
1546535554471537 9 -1
1546535554482188 16381 -1
1546535554482205 3 -1
1546535554482346 9 -1
1546535554491195 10756 -1
1546535559997852 17 1
0 0 0
1546535549006642 211 1
1546535549006657 67 1
1546535549006667 87 1
1546535549006675 89 1
