### "'183437 409325 13063 55308 59034 85019 149095 123291 133351 310315 116081 83357 250567 243149 44861 127364 109564 245790 114930 133030 9801 8581'"
0 0 0
1546535946353523 205 1
1546535946354006 78 1
1546535946354019 78 1
1546535946354061 58 1
1546535946354071 58 1
1546535946354174 59 1
1546535946354182 58 1
1546535946354188 59 1
1546535946354195 58 1
1546535946354201 58 1
1546535946354207 58 1
1546535946354213 58 1
1546535946354219 59 1
1546535946354225 58 1
1546535946354315 58 1
1546535946354323 58 1
1546535946354329 59 1
1546535946354528 88 1
1546535946354572 88 1
1546535946354620 88 1
1546535946354741 90 1
1546535946360388 37 -1
1546535946361103 2759 -1
1546535946361144 319 -1
1546535946361453 2127 -1
1546535946361469 2759 -1
1546535946361483 9 1
1546535946372473 2759 -1
1546535946372723 2759 -1
1546535946372774 2759 -1
1546535946372783 2759 -1
1546535946372823 2589 -1
1546535946372868 2759 -1
1546535946372875 2759 -1
1546535946372916 2759 -1
1546535946377711 2759 -1
1546535946384309 2759 -1
1546535946384330 2589 -1
1546535946384845 16384 -1
1546535946385396 16384 -1
1546535946396477 16384 -1
1546535946401966 16384 -1
1546535946403495 16384 -1
1546535946411076 16384 -1
1546535946416761 16384 -1
1546535946424936 16384 -1
1546535946431466 16384 -1
1546535946439215 16384 -1
1546535946446500 16384 -1
1546535946456876 16384 -1
1546535946469427 16384 -1
1546535946479942 16384 -1
1546535946485337 16384 -1
1546535946494019 16384 -1
1546535946505484 16384 -1
1546535946514308 16384 -1
1546535946524852 16384 -1
1546535946532065 16384 -1
1546535946539853 16384 -1
1546535946548227 16384 -1
1546535946560798 16384 -1
1546535946571352 16384 -1
1546535946580625 16384 -1
1546535946595427 16384 -1
1546535946607449 16384 -1
1546535946614827 16384 -1
1546535946632831 16384 -1
1546535946647989 16384 -1
1546535946661797 16384 -1
1546535946682559 16384 -1
1546535946710603 16384 -1
1546535946733762 16384 -1
1546535946752800 16384 -1
1546535946776699 16384 -1
1546535946792586 16384 -1
1546535946810301 16384 -1
1546535946823570 16384 -1
1546535946841150 16384 -1
1546535946857132 16384 -1
1546535946867179 16384 -1
1546535946884997 16384 -1
1546535946903488 16384 -1
1546535946919069 16384 -1
1546535946932972 16384 -1
1546535946943161 16384 -1
1546535946954669 16384 -1
1546535946965402 16384 -1
1546535946973472 16384 -1
1546535946982141 16384 -1
1546535946989062 16384 -1
1546535946995502 16384 -1
1546535947004413 16384 -1
1546535947010782 16384 -1
1546535947019754 16384 -1
1546535947024258 16384 -1
1546535947031064 16384 -1
1546535947036763 16384 -1
1546535947042434 16384 -1
1546535947047091 16384 -1
1546535947051471 16384 -1
1546535947056692 16384 -1
1546535947062603 16384 -1
1546535947073435 16384 -1
1546535947080728 16384 -1
1546535947081466 16384 -1
1546535947089490 16384 -1
1546535947095661 16384 -1
1546535947101739 16384 -1
1546535947110327 16384 -1
1546535947116122 16384 -1
1546535947122423 16384 -1
1546535947128395 16384 -1
1546535947133375 16384 -1
1546535947138866 16384 -1
1546535947143791 16384 -1
1546535947153287 16384 -1
1546535947155811 16384 -1
1546535947168581 16384 -1
1546535947169695 16384 -1
1546535947172047 16384 -1
1546535947178480 16384 -1
1546535947184803 16384 -1
1546535947191795 16384 -1
1546535947197810 16384 -1
1546535947203597 16384 -1
1546535947208674 16384 -1
1546535947214533 16384 -1
1546535947219025 16384 -1
1546535947224758 16384 -1
1546535947228469 16384 -1
1546535947233664 16384 -1
1546535947239148 16384 -1
1546535947244821 16384 -1
1546535947249745 16384 -1
1546535947264187 16384 -1
1546535947264938 16384 -1
1546535947270564 16384 -1
1546535947284301 16384 -1
1546535947294451 16384 -1
1546535947300147 16384 -1
1546535947306421 16384 -1
1546535947317571 16384 -1
1546535947327413 16384 -1
1546535947334491 16384 -1
1546535947347371 16384 -1
1546535947354477 16384 -1
1546535947370324 16384 -1
1546535947380048 16384 -1
1546535947384108 16384 -1
1546535947393753 16384 -1
1546535947395100 16384 -1
1546535947400102 16384 -1
1546535947416831 16384 -1
1546535947425728 16384 -1
1546535947427344 16384 -1
1546535947436716 16384 -1
1546535947443368 16384 -1
1546535947449265 16384 -1
1546535947455806 16384 -1
1546535947461163 16384 -1
1546535947466226 16384 -1
1546535947479747 16384 -1
1546535947488224 16384 -1
1546535947488915 16384 -1
1546535947500001 16384 -1
1546535947506268 16384 -1
1546535947519762 16384 -1
1546535947525881 16384 -1
1546535947532193 16384 -1
1546535947538126 16384 -1
1546535947545095 16384 -1
1546535947557915 16384 -1
1546535947560526 16384 -1
1546535947577381 16384 -1
1546535947577418 78 1
1546535947577429 78 1
1546535947577438 79 1
1546535947578931 78 1
1546535947579482 78 1
1546535947583376 16384 -1
1546535947594516 16384 -1
1546535947606913 16384 -1
1546535947613481 16384 -1
1546535947622884 16384 -1
1546535947631870 16384 -1
1546535947645284 16384 -1
1546535947654201 16384 -1
1546535947662016 16384 -1
1546535947669221 16384 -1
1546535947677400 16384 -1
1546535947684185 16384 -1
1546535947695183 16384 -1
1546535947707399 63 1
1546535947707416 63 1
1546535947707425 63 1
1546535947707434 63 1
1546535947707443 63 1
1546535947707451 63 1
1546535947709557 16384 -1
1546535947732224 16384 -1
1546535947732467 16384 -1
1546535947734843 16384 -1
1546535947744492 16384 -1
1546535947750666 16384 -1
1546535947771820 16384 -1
1546535947782089 16384 -1
1546535947791860 16384 -1
1546535947799452 16384 -1
1546535947806239 16384 -1
1546535947811520 16384 -1
1546535947817558 16384 -1
1546535947823275 16384 -1
1546535947830355 16384 -1
1546535947835031 16384 -1
1546535947841124 16384 -1
1546535947849447 16384 -1
1546535947854490 16384 -1
1546535947859551 16384 -1
1546535947864449 16384 -1
1546535947870879 16384 -1
1546535947877391 16384 -1
1546535947880345 11012 -1
1546535954483999 17 1
0 0 0
1546535946334557 197 1
0 0 0
1546535946124970 204 1
0 0 0
1546535946125090 184 1
0 0 0
1546535946124629 204 1
0 0 0
1546535946185909 184 1
1546535946200024 37 -1
1546535946200079 2759 -1
1546535946200922 2759 -1
1546535946212086 2759 -1
1546535946212104 2759 -1
1546535946212847 2759 -1
1546535946213251 2589 -1
1546535946214707 2759 -1
1546535946217693 2759 -1
1546535946220645 2759 -1
1546535946234987 2759 -1
1546535946235224 2759 -1
1546535946235259 2589 -1
1546535946236119 9 1
1546535946246418 16384 -1
1546535946266881 16384 -1
1546535946293056 16384 -1
1546535946332884 16384 -1
1546535946358107 16384 -1
1546535946387869 16384 -1
1546535946407216 16384 -1
1546535946446369 16384 -1
1546535946480490 16384 -1
1546535946492467 3574 -1
1546535946536052 17 1
0 0 0
1546535946101989 205 1
1546535946102005 58 1
1546535946102014 59 1
1546535946102021 58 1
1546535946102028 59 1
1546535946102035 58 1
1546535946102042 58 1
1546535946102049 58 1
1546535946102056 58 1
1546535946102064 59 1
1546535946102070 58 1
1546535946102077 58 1
1546535946102083 58 1
1546535946102092 59 1
