### "'133285 23003 341384 108640 124312 138367 45004 16298 181794 226663 182283 230330 75156 79096 244612 197271 173843 152418 89513 84093 106544 96340 86035 43139 204417 58298 190002 225115 225615 16298 8486 14503'"
0 0 0
1546536547465946 197 1
1546536547470947 39 -1
1546536547471035 13 -1
1546536547472540 9 1
1546536547475571 9 -1
1546536547476535 305 -1
1546536547477053 9 -1
1546536547481835 16298 -1
1546536547519928 17 1
0 0 0
1546536547435528 197 1
1546536547435546 58 1
1546536547437798 59 1
1546536547437812 59 1
1546536547437821 58 1
1546536547437829 88 1
1546536547437838 58 1
1546536547437844 58 1
1546536547437850 59 1
1546536547437857 58 1
1546536547437863 58 1
1546536547437870 58 1
1546536547437876 58 1
1546536547438335 39 -1
1546536547438342 13 -1
1546536547438355 58 1
1546536547438362 88 1
1546536547438370 58 1
1546536547438380 59 1
1546536547442065 58 1
1546536547445522 9 1
1546536547445532 61 1
1546536547445539 58 1
1546536547445589 88 1
1546536547445891 88 1
1546536547446589 88 1
1546536547446601 59 1
1546536547446610 59 1
1546536547447628 9 -1
1546536547447835 304 -1
1546536547447844 9 -1
1546536547447896 59 1
1546536547447904 58 1
1546536547451439 7190 -1
1546536547451457 132 -1
1546536547451462 9 -1
1546536547453758 16383 -1
1546536547453778 1 -1
1546536547453784 9 -1
1546536547457402 16382 -1
1546536547457417 2 -1
1546536547457423 9 -1
1546536547462254 16383 -1
1546536547462265 1 -1
1546536547462271 9 -1
1546536547463408 16382 -1
1546536547463418 2 -1
1546536547463424 9 -1
1546536547468937 16381 -1
1546536547468955 3 -1
1546536547468961 9 -1
1546536547471905 16383 -1
1546536547471925 1 -1
1546536547471932 9 -1
1546536547475734 16382 -1
1546536547476172 2 -1
1546536547476179 131 -1
1546536547476695 131 -1
1546536547476703 130 -1
1546536547476993 158 -1
1546536547477381 131 -1
1546536547477389 107 -1
1546536547477590 109 -1
1546536547481283 107 -1
1546536547481291 125 -1
1546536547481295 132 -1
1546536547481441 258 -1
1546536547481452 132 -1
1546536547481458 159 -1
1546536547481464 131 -1
1546536547481912 131 -1
1546536547481917 131 -1
1546536547482060 131 -1
1546536547482066 131 -1
1546536547482070 158 -1
1546536547482078 158 -1
1546536547482085 131 -1
1546536547482279 9 -1
1546536547484522 16383 -1
1546536547484537 1 -1
1546536547484542 9 -1
1546536547490500 15873 -1
1546536547491541 511 -1
1546536547493120 9 -1
1546536547494053 15873 -1
1546536547495400 511 -1
1546536547495417 9 -1
1546536547504012 15873 -1
1546536547504043 511 -1
1546536547504053 9 -1
1546536547507031 15835 -1
1546536547507044 549 -1
1546536547510367 9 -1
1546536547517349 15873 -1
1546536547517368 511 -1
1546536547517377 9 -1
1546536547529836 15873 -1
1546536547529853 511 -1
1546536547529860 9 -1
1546536547535934 15873 -1
1546536547539169 511 -1
1546536547539184 9 -1
1546536547547020 15873 -1
1546536547547036 511 -1
1546536547547042 9 -1
1546536547562611 15874 -1
1546536547562648 510 -1
1546536547562659 9 -1
1546536547581167 15874 -1
1546536547581684 510 -1
1546536547581695 9 -1
1546536547594524 15873 -1
1546536547594545 511 -1
1546536547594554 9 -1
1546536547635797 15873 -1
1546536547635814 511 -1
1546536547635822 9 -1
1546536547670247 15834 -1
1546536547670264 550 -1
1546536547670274 9 -1
1546536547697760 15873 -1
1546536547697778 511 -1
1546536547697785 9 -1
1546536547788308 15874 -1
1546536547788327 510 -1
1546536547788337 9 -1
1546536547816949 15874 -1
1546536547816974 510 -1
1546536547817014 9 -1
1546536547843991 15873 -1
1546536547844081 511 -1
1546536547844091 9 -1
1546536547861013 15874 -1
1546536547861062 510 -1
1546536547861072 9 -1
1546536547876452 15835 -1
1546536547876471 549 -1
1546536547876479 9 -1
1546536547888893 15835 -1
1546536547889344 549 -1
1546536547889361 9 -1
1546536547896107 15873 -1
1546536547896125 511 -1
1546536547896134 9 -1
1546536547899289 2213 -1
1546536547899419 9 -1
1546536547914666 15872 -1
1546536547914685 512 -1
1546536547914695 9 -1
1546536547927049 15872 -1
1546536547927072 512 -1
1546536547927082 9 -1
1546536547942691 15872 -1
1546536547942711 512 -1
1546536547942718 9 -1
1546536547990049 15834 -1
1546536547990065 550 -1
1546536547990074 9 -1
1546536548014014 15872 -1
1546536548014033 512 -1
1546536548014040 9 -1
1546536548030973 15872 -1
1546536548036220 512 -1
1546536548036267 9 -1
1546536548053489 15872 -1
1546536548053504 512 -1
1546536548053556 9 -1
1546536548079560 15872 -1
1546536548079580 512 -1
1546536548079588 9 -1
1546536548104289 15873 -1
1546536548104314 511 -1
1546536548104323 9 -1
1546536548132116 15873 -1
1546536548132138 511 -1
1546536548132146 234 -1
1546536548132154 159 -1
1546536548132160 106 -1
1546536548132312 109 -1
1546536548132322 9 -1
1546536548158989 15872 -1
1546536548159008 512 -1
1546536548159015 9 -1
1546536548176267 15872 -1
1546536548176286 512 -1
1546536548176295 9 -1
1546536548192947 15833 -1
1546536548192963 551 -1
1546536548192970 9 -1
1546536548203806 15872 -1
1546536548203824 512 -1
1546536548203831 9 -1
1546536548231147 15873 -1
1546536548231169 511 -1
1546536548231178 9 -1
1546536548232051 15873 -1
1546536548232074 511 -1
1546536548232082 9 -1
1546536548248485 15872 -1
1546536548248505 512 -1
1546536548248513 9 -1
1546536548266865 15873 -1
1546536548266885 511 -1
1546536548267005 9 -1
1546536548281254 15834 -1
1546536548281276 550 -1
1546536548281285 9 -1
1546536548289817 15834 -1
1546536548289847 550 -1
1546536548289858 9 -1
1546536548308894 15872 -1
1546536548309140 512 -1
1546536548309251 9 -1
1546536548311186 15871 -1
1546536548311202 513 -1
1546536548311209 9 -1
1546536548328527 15871 -1
1546536548328544 513 -1
1546536548328554 9 -1
1546536548348179 15871 -1
1546536548348202 513 -1
1546536548348249 9 -1
1546536548349290 12236 -1
1546536548349312 9 -1
1546536548362708 15871 -1
1546536548363685 513 -1
1546536548363701 9 -1
1546536548369807 15871 -1
1546536548370012 513 -1
1546536548370023 9 -1
1546536548379718 15871 -1
1546536548400451 513 -1
1546536548400469 9 -1
1546536548402844 15871 -1
1546536548402863 513 -1
1546536548402872 9 -1
1546536548431924 15872 -1
1546536548436954 512 -1
1546536548436972 9 -1
1546536548470670 15872 -1
1546536548470804 512 -1
1546536548470814 9 -1
1546536548504186 15871 -1
1546536548506037 513 -1
1546536548506049 9 -1
1546536548557705 15871 -1
1546536548564025 513 -1
1546536548564260 9 -1
1546536548603121 15832 -1
1546536548603141 552 -1
1546536548603482 9 -1
1546536548610533 15871 -1
1546536548610620 513 -1
1546536548627081 9 -1
1546536548654958 15872 -1
1546536548655084 512 -1
1546536548655095 9 -1
1546536548910338 15872 -1
1546536548910354 512 -1
1546536548910362 9 -1
1546536548937011 15871 -1
1546536548937707 513 -1
1546536548937726 9 -1
1546536548950025 15872 -1
1546536548950101 512 -1
1546536548951203 9 -1
1546536548960755 15833 -1
1546536548960797 551 -1
1546536548960806 9 -1
1546536548971613 10371 -1
1546536548971657 9 -1
1546536548987185 15871 -1
1546536548987207 513 -1
1546536548987215 9 -1
1546536549002629 15870 -1
1546536549002652 514 -1
1546536549002919 9 -1
1546536549014380 15870 -1
1546536549016356 514 -1
1546536549016376 9 -1
1546536549026666 15870 -1
1546536549026759 514 -1
1546536549026892 9 -1
1546536549032781 15870 -1
1546536549036914 514 -1
1546536549036935 9 -1
1546536549044725 15870 -1
1546536549044744 514 -1
1546536549044755 9 -1
1546536549054818 15870 -1
1546536549054842 514 -1
1546536549054851 9 -1
1546536549069298 15870 -1
1546536549070085 514 -1
1546536549071580 9 -1
1546536549073386 15871 -1
1546536549073405 513 -1
1546536549073413 9 -1
1546536549082865 15871 -1
1546536549082882 513 -1
1546536549082895 9 -1
1546536549100602 15870 -1
1546536549100649 514 -1
1546536549100659 9 -1
1546536549105903 15870 -1
1546536549105922 514 -1
1546536549105984 9 -1
1546536549116974 15831 -1
1546536549117719 553 -1
1546536549117736 9 -1
1546536549128365 15870 -1
1546536549128385 514 -1
1546536549128768 9 -1
1546536549131272 80 1
1546536549131290 78 1
1546536549135080 78 1
1546536549135288 78 1
1546536549137044 77 1
1546536549142911 15871 -1
1546536549142963 513 -1
1546536549144031 9 -1
1546536549162821 15871 -1
1546536549162953 513 -1
1546536549162964 9 -1
1546536549178957 15870 -1
1546536549178978 514 -1
1546536549178986 9 -1
1546536549183679 15871 -1
1546536549184020 513 -1
1546536549184036 9 -1
1546536549212655 16383 -1
1546536549212914 1 -1
1546536549212921 9 -1
1546536549235247 15870 -1
1546536549235267 514 -1
1546536549235697 9 -1
1546536549258315 15869 -1
1546536549266511 515 -1
1546536549266620 9 -1
1546536549266634 63 1
1546536549274044 63 1
1546536549274175 63 1
1546536549274281 63 1
1546536549274410 63 1
1546536549274495 63 1
1546536549284771 15869 -1
1546536549284791 515 -1
1546536549284799 9 -1
1546536549310143 15869 -1
1546536549310163 515 -1
1546536549310172 9 -1
1546536549325749 15869 -1
1546536549325769 515 -1
1546536549325779 9 -1
1546536549338850 15869 -1
1546536549338873 515 -1
1546536549338881 9 -1
1546536549350615 15869 -1
1546536549350634 515 -1
1546536549350644 9 -1
1546536549361242 15869 -1
1546536549361296 515 -1
1546536549361376 9 -1
1546536549373074 9620 -1
1546536549373091 9 -1
1546536549382091 13560 -1
1546536549382121 9 -1
1546536549397009 15869 -1
1546536549397046 515 -1
1546536549397054 9 -1
1546536549406054 15869 -1
1546536549410318 515 -1
1546536549410336 9 -1
1546536549421941 15830 -1
1546536549422204 554 -1
1546536549422213 9 -1
1546536549429668 15869 -1
1546536549429686 515 -1
1546536549429692 9 -1
1546536549439848 15870 -1
1546536549439865 514 -1
1546536549439873 9 -1
1546536549451398 15870 -1
1546536549451418 514 -1
1546536549451427 9 -1
1546536549465346 16383 -1
1546536549465549 1 -1
1546536549465556 9 -1
1546536549474588 15870 -1
1546536549474608 514 -1
1546536549474627 9 -1
1546536549481524 16382 -1
1546536549481611 2 -1
1546536549481625 9 -1
1546536549491948 15869 -1
1546536549493056 515 -1
1546536549493075 9 -1
1546536549501715 15868 -1
1546536549502092 516 -1
1546536549503148 9 -1
1546536549510746 15868 -1
1546536549510767 516 -1
1546536549510776 9 -1
1546536549517523 15868 -1
1546536549517541 516 -1
1546536549517650 9 -1
1546536549532116 15868 -1
1546536549532137 516 -1
1546536549532145 9 -1
1546536549533145 15868 -1
1546536549534399 516 -1
1546536549534450 9 -1
1546536549544122 15868 -1
1546536549544142 516 -1
1546536549544430 9 -1
1546536549550841 15868 -1
1546536549551209 516 -1
1546536549552675 9 -1
1546536549566782 15868 -1
1546536549566800 516 -1
1546536549566809 9 -1
1546536549578022 15868 -1
1546536549578040 516 -1
1546536549578049 9 -1
1546536549594670 15829 -1
1546536549595068 555 -1
1546536549595082 9 -1
1546536549607444 15868 -1
1546536549607464 516 -1
1546536549607472 9 -1
1546536549618582 7593 -1
1546536549618600 9 -1
1546536549618605 2173 -1
1546536549618731 171 -1
1546536549618738 142 -1
1546536549618745 9 -1
1546536549640368 16382 -1
1546536549640416 2 -1
1546536549642617 148 -1
1546536549642685 147 -1
1546536549642717 148 -1
1546536549642724 9 -1
1546536549679923 14420 -1
1546536549679944 9 -1
1546536549685697 4115 -1
1546536549685982 9 -1
1546536549709769 15868 -1
1546536549710112 516 -1
1546536549710122 9 -1
1546536549725100 15867 -1
1546536549725252 517 -1
1546536549725278 9 -1
1546536549732512 10336 -1
1546536549732533 9 -1
1546536549757070 15867 -1
1546536549757091 517 -1
1546536549757100 9 -1
1546536549780050 15867 -1
1546536549782304 517 -1
1546536549782327 9 -1
1546536549797247 15867 -1
1546536549797268 517 -1
1546536549797275 130 -1
1546536549797283 129 -1
1546536549798478 234 -1
1546536549798521 130 -1
1546536549798559 130 -1
1546536549798669 125 -1
1546536549798755 9 -1
1546536549823016 396 1
1546536550013295 15867 -1
1546536550013409 517 -1
1546536550013704 9 -1
1546536550015130 15867 -1
1546536550015173 517 -1
1546536550015180 9 -1
1546536550016684 15867 -1
1546536550016696 517 -1
1546536550017063 9 -1
1546536550018404 15867 -1
1546536550018423 517 -1
1546536550018431 9 -1
1546536550019716 15828 -1
1546536550019817 556 -1
1546536550019869 9 -1
1546536550031724 15867 -1
1546536550031895 517 -1
1546536550031905 9 -1
1546536550034879 8240 -1
1546536550045563 9 -1
1546536550057569 15867 -1
1546536550057636 517 -1
1546536550057643 9 -1
1546536550088401 15866 -1
1546536550088421 518 -1
1546536550088429 9 -1
1546536550090689 9624 -1
1546536550090706 9 -1
1546536550113752 15866 -1
1546536550114364 518 -1
1546536550114521 9 -1
1546536550115049 15866 -1
1546536550116225 518 -1
1546536550116238 9 -1
1546536550129784 15866 -1
1546536550129802 518 -1
1546536550129808 9 -1
1546536550148731 15866 -1
1546536550155633 518 -1
1546536550155659 9 -1
1546536550192660 15866 -1
1546536550192677 518 -1
1546536550192684 9 -1
1546536550197920 15866 -1
1546536550197938 518 -1
1546536550197945 9 -1
1546536550215628 15827 -1
1546536550221432 557 -1
1546536550221448 9 -1
1546536550235167 15866 -1
1546536550235187 518 -1
1546536550235194 9 -1
1546536550264359 16383 -1
1546536550264381 1 -1
1546536550264389 9 -1
1546536550266096 7295 -1
1546536550266120 9 -1
1546536550290864 15865 -1
1546536550290883 519 -1
1546536550290892 9 -1
1546536550328858 15865 -1
1546536550328875 519 -1
1546536550328885 9 -1
1546536550371872 15865 -1
1546536550373320 519 -1
1546536550373430 9 -1
1546536550411488 15865 -1
1546536550411507 519 -1
1546536550411514 9 -1
1546536550448747 15865 -1
1546536550448768 519 -1
1546536550448776 9 -1
1546536550455494 15865 -1
1546536550455885 519 -1
1546536550455941 9 -1
1546536550467376 15826 -1
1546536550467477 558 -1
1546536550467486 9 -1
1546536550478525 15865 -1
1546536550478846 519 -1
1546536550478855 9 -1
1546536550489881 16382 -1
1546536550489974 2 -1
1546536550490013 9 -1
1546536550507050 15864 -1
1546536550507074 520 -1
1546536550507169 9 -1
1546536550550986 15864 -1
1546536550551188 520 -1
1546536550551199 9 -1
1546536550553022 15864 -1
1546536550553037 520 -1
1546536550555832 9 -1
1546536550559092 15864 -1
1546536550559105 520 -1
1546536550559229 9 -1
1546536550572860 15864 -1
1546536550572880 520 -1
1546536550572888 9 -1
1546536550592466 15864 -1
1546536550592486 520 -1
1546536550592494 9 -1
1546536550609249 15825 -1
1546536550609480 559 -1
1546536550609489 9 -1
1546536550609534 4962 -1
1546536550609540 9 -1
1546536550621742 16381 -1
1546536550628572 3 -1
1546536550628584 9 -1
1546536550645311 15863 -1
1546536550645329 521 -1
1546536550645506 159 -1
1546536550645514 9 -1
1546536550660873 15863 -1
1546536550660893 521 -1
1546536550661451 9 -1
1546536550680443 15863 -1
1546536550680566 521 -1
1546536550680576 9 -1
1546536550701540 15863 -1
1546536550701560 521 -1
1546536550701568 9 -1
1546536550708632 15863 -1
1546536550708650 521 -1
1546536550708657 9 -1
1546536550733691 15863 -1
1546536550733721 521 -1
1546536550733730 9 -1
1546536550735694 10003 -1
1546536550735711 9 -1
1546536550749569 16380 -1
1546536550749592 4 -1
1546536550749598 9 -1
1546536550765700 15862 -1
1546536550765721 522 -1
1546536550765795 9 -1
1546536550766658 1570 -1
1546536550766864 9 -1
1546536550783780 2059 -1
1546536550783802 9 -1
1546536550790473 15862 -1
1546536550790577 522 -1
1546536550790590 9 -1
1546536550814053 15862 -1
1546536550814074 522 -1
1546536550814085 9 -1
1546536550831598 15862 -1
1546536550831621 522 -1
1546536550831629 9 -1
1546536550855712 16379 -1
1546536550855738 5 -1
1546536550855744 9 -1
1546536550865377 15861 -1
1546536550865394 523 -1
1546536550865401 9 -1
1546536550885077 15861 -1
1546536550886704 523 -1
1546536550886721 9 -1
1546536550899473 15861 -1
1546536550899492 523 -1
1546536550899500 9 -1
1546536550899507 663 -1
1546536550899798 9 -1
1546536550908111 7809 -1
1546536550908129 9 -1
1546536550921875 13671 -1
1546536550921895 9 -1
1546536550939573 15860 -1
1546536550939593 524 -1
1546536550939684 9 -1
1546536550956468 15860 -1
1546536550956485 524 -1
1546536550956492 9 -1
1546536550956498 954 -1
1546536550956559 9 -1
1546536550979085 15236 -1
1546536550979188 9 -1
1546536550995048 15835 -1
1546536550995066 549 -1
1546536550995072 9 -1
1546536551007383 15873 -1
1546536551007399 511 -1
1546536551011581 9 -1
1546536551036270 16383 -1
1546536551046588 1 -1
1546536551046598 9 -1
1546536551062593 16383 -1
1546536551062612 1 -1
1546536551062620 9 -1
1546536551085159 16298 -1
1546536551085179 9 -1
1546536551089720 2617 -1
1546536551089740 9 -1
1546536551095431 2973 -1
1546536551095448 9 -1
1546536551096244 3151 -1
1546536551096262 9 -1
1546536551101640 2795 -1
1546536551101656 9 -1
1546536551113466 8486 -1
1546536551113495 9 -1
1546536551119804 6998 -1
1546536551119824 9 -1
1546536551123995 6202 -1
1546536551124015 9 -1
1546536551125693 7146 -1
1546536551125713 9 -1
1546536551132385 7366 -1
1546536551132404 9 -1
1546536551138568 6202 -1
1546536551138586 9 -1
1546536551146854 14503 -1
1546536551146878 9 -1
1546536551167681 15834 -1
1546536551167704 550 -1
1546536551167712 9 -1
1546536551176416 15872 -1
1546536551176433 512 -1
1546536551176441 9 -1
1546536551192362 16382 -1
1546536551192381 2 -1
1546536551192387 9 -1
1546536551211098 16382 -1
1546536551211115 2 -1
1546536551211121 9 -1
1546536551220643 15833 -1
1546536551221100 551 -1
1546536551221112 9 -1
1546536551233668 15871 -1
1546536551233687 513 -1
1546536551233697 9 -1
1546536551249331 16381 -1
1546536551249359 3 -1
1546536551249365 9 -1
1546536551257354 16381 -1
1546536551257372 3 -1
1546536551257378 9 -1
1546536551262980 9146 -1
1546536551262998 9 -1
1546536551273452 15870 -1
1546536551284439 514 -1
1546536551284501 9 -1
1546536551299404 16380 -1
1546536551299422 4 -1
1546536551299429 9 -1
1546536551300825 16380 -1
1546536551300844 4 -1
1546536551300851 9 -1
1546536551315922 15869 -1
1546536551315940 515 -1
1546536551315949 9 -1
1546536551321633 16379 -1
1546536551321649 5 -1
1546536551321656 9 -1
1546536551333532 16379 -1
1546536551333553 5 -1
1546536551333560 9 -1
1546536551343884 15868 -1
1546536551343901 516 -1
1546536551343907 9 -1
1546536551356270 16378 -1
1546536551356293 6 -1
1546536551356410 9 -1
1546536551365641 16378 -1
1546536551365666 6 -1
1546536551365889 9 -1
1546536551375552 15867 -1
1546536551375751 517 -1
1546536551375761 9 -1
1546536551385882 16377 -1
1546536551385900 7 -1
1546536551385906 9 -1
1546536551397363 16377 -1
1546536551397382 7 -1
1546536551397388 9 -1
1546536551419391 15866 -1
1546536551419408 518 -1
1546536551419417 9 -1
1546536551430470 16376 -1
1546536551430485 8 -1
1546536551430550 9 -1
1546536551443599 16376 -1
1546536551443623 8 -1
1546536551443629 9 -1
1546536551456724 15865 -1
1546536551456742 519 -1
1546536551456750 9 -1
1546536551466498 16375 -1
1546536551466566 9 -1
1546536551466978 9 -1
1546536551474821 16375 -1
1546536551474841 9 -1
1546536551474905 9 -1
1546536551483371 15864 -1
1546536551483387 520 -1
1546536551483393 9 -1
1546536551497449 16374 -1
1546536551498137 10 -1
1546536551498146 9 -1
1546536551510280 16374 -1
1546536551510300 10 -1
1546536551510307 9 -1
1546536551520746 15863 -1
1546536551520765 521 -1
1546536551520774 9 -1
1546536551531846 16373 -1
1546536551531861 11 -1
1546536551531867 9 -1
1546536551553737 16373 -1
1546536551553952 11 -1
1546536551553960 9 -1
1546536551555288 9778 -1
1546536551555332 9 -1
1546536551567413 16372 -1
1546536551567433 12 -1
1546536551567685 9 -1
1546536551576409 16372 -1
1546536551576531 12 -1
1546536551577011 9 -1
1546536551594730 16371 -1
1546536551594749 13 -1
1546536551594755 9 -1
1546536551605422 16371 -1
1546536551605444 13 -1
1546536551605450 9 -1
1546536551617397 12123 -1
1546536551617415 9 -1
1546536551622770 12623 -1
1546536555689262 17 1
0 0 0
1546536547442885 183 1
0 0 0
1546536547663495 183 1
0 0 0
1546536547461397 194 1
1546536547467324 39 -1
1546536547467332 13 -1
1546536547469374 9 1
1546536547471589 9 -1
1546536547472292 308 -1
1546536547472313 9 -1
1546536547474481 16383 -1
1546536547474625 1 -1
1546536547474633 9 -1
1546536547491268 16383 -1
1546536547491282 1 -1
1546536547491290 9 -1
1546536547495446 16382 -1
1546536547495461 2 -1
1546536547495620 9 -1
1546536547499950 16381 -1
1546536547499972 3 -1
1546536547499979 9 -1
1546536547504602 16380 -1
1546536547504618 4 -1
1546536547505112 9 -1
1546536547506281 16379 -1
1546536547506362 5 -1
1546536547506368 9 -1
1546536547511297 16378 -1
1546536547511315 6 -1
1546536547511320 9 -1
1546536547521169 16383 -1
1546536547521186 1 -1
1546536547521192 9 -1
1546536547532605 16382 -1
1546536547532620 2 -1
1546536547532625 9 -1
1546536547546237 16381 -1
1546536547546254 3 -1
1546536547546260 9 -1
1546536547581724 16380 -1
1546536547581741 4 -1
1546536547581747 9 -1
1546536547602928 16379 -1
1546536547602952 5 -1
1546536547603175 9 -1
1546536547649805 16378 -1
1546536547649823 6 -1
1546536547649829 9 -1
1546536547674748 16377 -1
1546536547674767 7 -1
1546536547674773 9 -1
1546536547694878 16376 -1
1546536547694905 8 -1
1546536547694919 9 -1
1546536547703509 16375 -1
1546536547703528 9 -1
1546536547703534 9 -1
1546536547733645 16374 -1
1546536547733694 10 -1
1546536547733857 9 -1
1546536547788845 16373 -1
1546536547788863 11 -1
1546536547788870 9 -1
1546536547807775 16372 -1
1546536547808213 12 -1
1546536547808227 9 -1
1546536547846896 16371 -1
1546536547846945 13 -1
1546536547847003 9 -1
1546536547867697 13704 -1
1546536547868767 17 1
0 0 0
1546536547436237 197 1
1546536547442584 39 -1
1546536547442592 13 -1
1546536547444541 9 1
1546536547447217 9 -1
1546536547448345 306 -1
1546536547448462 9 -1
1546536547454275 16383 -1
1546536547454288 1 -1
1546536547454293 9 -1
1546536547455378 6619 -1
1546536547494337 17 1
