### "'210436 341384 23003 57359 9527 16298 93836 41298 108191 230006 164468 175921 81983 86381 40551 196977 21952 172745 291108 30547 134845 12143 141058 161061 199305 245214 109608 187859 56888 56385 66383 120273 323044 36975 271929 93100 13180 120329'"
0 0 0
1546536414550597 183 1
1546536414557406 39 -1
1546536414557416 13 -1
1546536414560334 9 -1
1546536414561085 295 -1
1546536414561102 9 -1
1546536414576275 16383 -1
1546536414576292 1 -1
1546536414576364 9 -1
1546536414576941 16383 -1
1546536414576963 1 -1
1546536414576969 9 -1
1546536414577336 9 1
1546536414580330 16382 -1
1546536414580345 2 -1
1546536414580678 9 -1
1546536414582506 16381 -1
1546536414582537 3 -1
1546536414582543 9 -1
1546536414584671 16383 -1
1546536414584697 1 -1
1546536414584704 9 -1
1546536414585730 16382 -1
1546536414585750 2 -1
1546536414585756 9 -1
1546536414594882 16381 -1
1546536414594904 3 -1
1546536414595095 9 -1
1546536414596712 16380 -1
1546536414596732 4 -1
1546536414596738 9 -1
1546536414597205 16383 -1
1546536414597451 1 -1
1546536414597614 9 -1
1546536414602459 16382 -1
1546536414602730 2 -1
1546536414603426 9 -1
1546536414604699 16381 -1
1546536414604717 3 -1
1546536414605114 9 -1
1546536414614730 16380 -1
1546536414614747 4 -1
1546536414614877 9 -1
1546536414627105 13828 -1
1546536414647849 17 1
0 0 0
1546536414604879 183 1
1546536414610079 39 -1
1546536414610119 13 -1
1546536414615241 9 -1
1546536414616343 292 -1
1546536414616353 9 -1
1546536414617880 9 1
1546536414622301 16383 -1
1546536414622429 1 -1
1546536414622437 9 -1
1546536414638688 16383 -1
1546536414638773 1 -1
1546536414638779 9 -1
1546536414640357 16382 -1
1546536414640412 2 -1
1546536414640418 9 -1
1546536414640991 8207 -1
1546536414660134 17 1
0 0 0
1546536414551994 197 1
1546536414552009 58 1
1546536414552329 59 1
1546536414552344 59 1
1546536414552355 58 1
1546536414552365 88 1
1546536414552374 58 1
1546536414552383 58 1
1546536414552391 59 1
1546536414552835 58 1
1546536414552845 58 1
1546536414552854 58 1
1546536414552863 58 1
1546536414552872 58 1
1546536414553712 88 1
1546536414553727 58 1
1546536414553737 59 1
1546536414553747 58 1
1546536414553757 58 1
1546536414553800 58 1
1546536414553810 88 1
1546536414553819 88 1
1546536414553828 88 1
1546536414553835 59 1
1546536414553879 59 1
1546536414553888 59 1
1546536414553897 58 1
0 0 0
1546536414579672 194 1
1546536414585856 39 -1
1546536414585862 13 -1
1546536414590237 9 -1
1546536414591761 308 -1
1546536414591783 9 -1
1546536414593518 16383 -1
1546536414593536 1 -1
1546536414593541 9 -1
1546536414596976 16382 -1
1546536414597048 2 -1
1546536414597054 9 -1
1546536414602391 16381 -1
1546536414602653 3 -1
1546536414602811 9 -1
1546536414605545 9 1
1546536414611307 16383 -1
1546536414611327 1 -1
1546536414611333 9 -1
1546536414612162 16382 -1
1546536414612177 2 -1
1546536414612239 9 -1
1546536414612862 16381 -1
1546536414612873 3 -1
1546536414612878 9 -1
1546536414615520 16380 -1
1546536414615538 4 -1
1546536414615716 9 -1
1546536414616203 16379 -1
1546536414616217 5 -1
1546536414616221 9 -1
1546536414616749 16378 -1
1546536414616761 6 -1
1546536414616765 9 -1
1546536414620928 16377 -1
1546536414620987 7 -1
1546536414620993 9 -1
1546536414622004 16376 -1
1546536414622043 8 -1
1546536414622048 9 -1
1546536414622750 16375 -1
1546536414622849 9 -1
1546536414622855 9 -1
1546536414625646 16383 -1
1546536414625663 1 -1
1546536414625671 9 -1
1546536414636067 16382 -1
1546536414636086 2 -1
1546536414636290 9 -1
1546536414637163 16381 -1
1546536414637200 3 -1
1546536414637207 9 -1
1546536414639981 16380 -1
1546536414640082 4 -1
1546536414640089 9 -1
1546536414644432 16379 -1
1546536414644448 5 -1
1546536414644454 9 -1
1546536414649305 16378 -1
1546536414649494 6 -1
1546536414649501 9 -1
1546536414653955 16377 -1
1546536414653970 7 -1
1546536414653976 9 -1
1546536414659377 16376 -1
1546536414659573 8 -1
1546536414659618 9 -1
1546536414660928 13704 -1
1546536414707443 17 1
0 0 0
1546536414620849 197 1
1546536414622691 39 -1
1546536414622800 13 -1
1546536414624719 9 1
1546536414627470 9 -1
1546536414628142 304 -1
1546536414628506 9 -1
1546536414653184 7190 -1
1546536414668010 17 1
0 0 0
1546536414605222 197 1
1546536414617072 39 -1
1546536414617130 13 -1
1546536414617133 9 -1
1546536414617223 306 -1
1546536414617232 9 -1
1546536414618105 16383 -1
1546536414618119 1 -1
1546536414618139 9 -1
1546536414618534 6619 -1
1546536414621420 9 1
1546536414624525 17 1
0 0 0
1546536416060867 204 1
1546536416060923 78 1
1546536416060983 78 1
1546536416060994 78 1
1546536416062008 77 1
0 0 0
1546536416279330 187 1
1546536416279590 63 1
1546536416279795 62 1
1546536416279805 63 1
1546536416282455 63 1
1546536416282468 63 1
1546536416285323 39 -1
1546536416285333 13 -1
1546536416286064 9 1
1546536416289906 9 -1
1546536416290818 291 -1
1546536416290833 9 -1
1546536416296543 7998 -1
1546536416296556 130 -1
1546536416296564 9 -1
1546536416298571 9527 -1
1546536416299164 128 -1
1546536416299171 9 -1
1546536416302057 7146 -1
1546536416302079 128 -1
1546536416302418 9 -1
1546536416303663 7366 -1
1546536416303680 129 -1
1546536416303685 9 -1
1546536416304603 6646 -1
1546536416305505 125 -1
1546536416305510 9 -1
1546536416312083 6202 -1
1546536416508942 76 1
1546536416510126 88 1
1546536416513865 88 1
1546536416517426 138 -1
1546536416517450 9 -1
1546536416517786 59 1
1546536416517854 58 1
1546536416517865 58 1
1546536416520276 78 1
1546536416520292 78 1
1546536416521087 78 1
1546536416521103 58 1
1546536416521112 77 1
1546536416521852 59 1
1546536416522390 59 1
1546536416523998 59 1
1546536416525066 58 1
1546536416525081 58 1
1546536416527231 59 1
1546536416527444 58 1
1546536416529215 16298 -1
1546536416529238 154 -1
1546536416529376 9 -1
1546536416532409 16383 -1
1546536416532534 1 -1
1546536416532751 9 -1
1546536416545704 16383 -1
1546536416545748 1 -1
1546536416545807 9 -1
1546536416555267 16382 -1
1546536416555991 2 -1
1546536416556005 9 -1
1546536416568369 16383 -1
1546536416568542 1 -1
1546536416568628 9 -1
1546536416580964 16383 -1
1546536416580986 1 -1
1546536416581295 9 -1
1546536416593892 11916 -1
1546536416593912 159 -1
1546536416593919 117 -1
1546536416593943 131 -1
1546536416593982 253 -1
1546536416593990 148 -1
1546536416593998 147 -1
1546536416594007 135 -1
1546536416594191 131 -1
1546536416594827 131 -1
1546536416595124 131 -1
1546536416595131 147 -1
1546536416595317 126 -1
1546536416595451 130 -1
1546536416595531 131 -1
1546536416599460 253 -1
1546536416599525 130 -1
1546536416599779 9 -1
1546536416621156 16383 -1
1546536416621176 1 -1
1546536416621182 9 -1
1546536416637284 16383 -1
1546536416637306 1 -1
1546536416637314 9 -1
1546536416652621 59 1
1546536416654154 58 1
1546536416655932 88 1
1546536416662661 16383 -1
1546536416662682 1 -1
1546536416662691 9 -1
1546536416694561 16383 -1
1546536416694586 1 -1
1546536416694594 9 -1
1546536416695955 2617 -1
1546536416695968 9 -1
1546536416701345 2617 -1
1546536416701359 9 -1
1546536416716529 1905 -1
1546536416716545 9 -1
1546536416754667 16383 -1
1546536416754686 1 -1
1546536416754693 9 -1
1546536416754699 2261 -1
1546536416755127 9 -1
1546536416787277 16383 -1
1546536416787326 1 -1
1546536416787333 9 -1
1546536416807451 16383 -1
1546536416807469 1 -1
1546536416807475 9 -1
1546536416837369 15874 -1
1546536416838509 510 -1
1546536416838524 9 -1
1546536416848851 15873 -1
1546536416848869 511 -1
1546536416848876 9 -1
1546536416863702 15874 -1
1546536416863722 510 -1
1546536416863730 9 -1
1546536416911309 16383 -1
1546536416911331 1 -1
1546536416911341 9 -1
1546536416929470 15873 -1
1546536416929490 511 -1
1546536416929497 9 -1
1546536416935603 16382 -1
1546536416935622 2 -1
1546536416935629 9 -1
1546536416949468 16382 -1
1546536416949549 2 -1
1546536416949556 9 -1
1546536416960977 16382 -1
1546536416960998 2 -1
1546536416961003 9 -1
1546536416973904 16382 -1
1546536416973926 2 -1
1546536416973933 9 -1
1546536416989154 16382 -1
1546536416989170 2 -1
1546536416989747 9 -1
1546536416999065 16382 -1
1546536416999175 2 -1
1546536416999501 9 -1
1546536417011563 16382 -1
1546536417011841 2 -1
1546536417011848 9 -1
1546536417025739 15873 -1
1546536417025758 511 -1
1546536417025768 9 -1
1546536417033150 15872 -1
1546536417033224 512 -1
1546536417033234 9 -1
1546536417049958 5568 -1
1546536417049976 9 -1
1546536417080201 16382 -1
1546536417080218 2 -1
1546536417080223 9 -1
1546536417104115 15872 -1
1546536417104131 512 -1
1546536417104137 9 -1
1546536417123349 8530 -1
1546536417123383 9 -1
1546536417147964 16381 -1
1546536417147986 3 -1
1546536417147992 9 -1
1546536417171919 16381 -1
1546536417171938 3 -1
1546536417171943 9 -1
1546536417182118 16381 -1
1546536417182136 3 -1
1546536417182143 9 -1
1546536417207493 16381 -1
1546536417207514 3 -1
1546536417207519 9 -1
1546536417215194 16381 -1
1546536417215214 3 -1
1546536417215220 9 -1
1546536417224676 16381 -1
1546536417224696 3 -1
1546536417224702 9 -1
1546536417238252 7783 -1
1546536417238269 9 -1
1546536417248637 15871 -1
1546536417248652 513 -1
1546536417248796 9 -1
1546536417265997 16381 -1
1546536417266016 3 -1
1546536417266022 9 -1
1546536417278194 15871 -1
1546536417280682 513 -1
1546536417280699 9 -1
1546536417293107 16380 -1
1546536417293124 4 -1
1546536417293130 9 -1
1546536417305971 16380 -1
1546536417305987 4 -1
1546536417305992 9 -1
1546536417323115 16380 -1
1546536417323131 4 -1
1546536417323233 9 -1
1546536417348001 16380 -1
1546536417348028 4 -1
1546536417348033 9 -1
1546536417378713 16380 -1
1546536417379006 4 -1
1546536417379013 117 -1
1546536417379935 159 -1
1546536417379945 126 -1
1546536417379994 9 -1
1546536417423853 16380 -1
1546536417423870 4 -1
1546536417424091 9 -1
1546536417446137 15870 -1
1546536417446157 514 -1
1546536417446260 9 -1
1546536417466382 16380 -1
1546536417466408 4 -1
1546536417466414 9 -1
1546536417501508 15870 -1
1546536417501528 514 -1
1546536417501845 9 -1
1546536417540593 16379 -1
1546536417540614 5 -1
1546536417540773 9 -1
1546536417565244 16379 -1
1546536417565266 5 -1
1546536417565410 9 -1
1546536417593242 16379 -1
1546536417593261 5 -1
1546536417593268 9 -1
1546536417618799 16379 -1
1546536417618819 5 -1
1546536417618825 9 -1
1546536417655128 16379 -1
1546536417655147 5 -1
1546536417655153 9 -1
1546536417677303 16379 -1
1546536417677324 5 -1
1546536417677329 9 -1
1546536417702367 15869 -1
1546536417702387 515 -1
1546536417702558 9 -1
1546536417719784 16379 -1
1546536417719803 5 -1
1546536417719810 9 -1
1546536417735672 15869 -1
1546536417735688 515 -1
1546536417735696 9 -1
1546536417750307 16378 -1
1546536417750324 6 -1
1546536417750329 9 -1
1546536417765996 16378 -1
1546536417766014 6 -1
1546536417766019 9 -1
1546536417774113 16378 -1
1546536417774150 6 -1
1546536417774160 9 -1
1546536417798390 16378 -1
1546536417798438 6 -1
1546536417798445 9 -1
1546536417798449 63 -1
1546536417798504 9 -1
1546536417802768 4461 -1
1546536417802787 9 -1
1546536417812868 15868 -1
1546536417812909 516 -1
1546536417813035 9 -1
1546536417817391 16378 -1
1546536417817408 6 -1
1546536417817769 9 -1
1546536417841064 15868 -1
1546536417841083 516 -1
1546536417841093 9 -1
1546536417851989 9887 -1
1546536417852008 9 -1
1546536417869775 16377 -1
1546536417869798 7 -1
1546536417869806 9 -1
1546536417887265 16377 -1
1546536417887287 7 -1
1546536417890381 9 -1
1546536417916355 16377 -1
1546536417916375 7 -1
1546536417916382 9 -1
1546536417941456 15867 -1
1546536417941476 517 -1
1546536417941485 9 -1
1546536417960591 16377 -1
1546536417960611 7 -1
1546536417960617 9 -1
1546536417986191 15867 -1
1546536417986217 517 -1
1546536417986224 9 -1
1546536418008403 16376 -1
1546536418008420 8 -1
1546536418008426 9 -1
1546536418028518 16376 -1
1546536418028541 8 -1
1546536418028548 9 -1
1546536418063939 16376 -1
1546536418064021 8 -1
1546536418064028 9 -1
1546536418074443 15866 -1
1546536418080161 518 -1
1546536418080193 9 -1
1546536418099207 16376 -1
1546536418099307 8 -1
1546536418099424 9 -1
1546536418122181 15866 -1
1546536418122201 518 -1
1546536418122239 9 -1
1546536418136421 16375 -1
1546536418136460 9 -1
1546536418136471 9 -1
1546536418151848 16375 -1
1546536418151987 9 -1
1546536418152115 9 -1
1546536418165834 16375 -1
1546536418165946 9 -1
1546536418166012 9 -1
1546536418182834 15865 -1
1546536418186618 519 -1
1546536418186925 9 -1
1546536418218386 16375 -1
1546536418218620 9 -1
1546536418219093 9 -1
1546536418242799 15865 -1
1546536418243224 519 -1
1546536418243766 9 -1
1546536418267188 16374 -1
1546536418267302 10 -1
1546536418267329 9 -1
1546536418276763 16374 -1
1546536418277028 10 -1
1546536418277326 9 -1
1546536418308347 16374 -1
1546536418308369 10 -1
1546536418308376 9 -1
1546536418322671 15864 -1
1546536418322701 520 -1
1546536418322712 9 -1
1546536418342383 16374 -1
1546536418342403 10 -1
1546536418342410 9 -1
1546536418362218 15864 -1
1546536418368013 520 -1
1546536418368910 9 -1
1546536418388501 16373 -1
1546536418388760 11 -1
1546536418388886 9 -1
1546536418390210 628 -1
1546536418390227 9 -1
1546536418405001 12081 -1
1546536418405179 9 -1
1546536418421492 15863 -1
1546536418421515 521 -1
1546536418421742 9 -1
1546536418430167 8905 -1
1546536418430204 9 -1
1546536418454055 15863 -1
1546536418454157 521 -1
1546536418454452 9 -1
1546536418511980 88 1
1546536418515945 58 1
1546536418523611 58 1
1546536418523765 59 1
1546536418523776 59 1
1546536418523783 58 1
1546536418523789 59 1
1546536418527165 59 1
1546536418527567 58 1
1546536418546222 59 1
1546536418590439 58 1
1546536418592202 58 1
1546536418594143 58 1
1546536418596340 58 1
1546536418599680 88 1
1546536418601544 58 1
1546536418624903 88 1
1546536418667147 16372 -1
1546536418667297 12 -1
1546536418667455 9 -1
1546536418673826 15862 -1
1546536418673845 522 -1
1546536418673854 9 -1
1546536418686331 15862 -1
1546536418686350 522 -1
1546536418686360 9 -1
1546536418697064 16371 -1
1546536418697135 13 -1
1546536418697333 9 -1
1546536418697343 369 -1
1546536418697352 9 -1
1546536418704857 15861 -1
1546536418704878 523 -1
1546536418704887 9 -1
1546536418712935 16370 -1
1546536418712956 14 -1
1546536418712962 9 -1
1546536418721933 15860 -1
1546536418721955 524 -1
1546536418721964 9 -1
1546536418722049 630 -1
1546536418722092 9 -1
1546536418724760 15859 -1
1546536418724781 525 -1
1546536418724789 9 -1
1546536418746607 15858 -1
1546536418746625 526 -1
1546536418746632 9 -1
1546536418767561 15857 -1
1546536418767580 527 -1
1546536418767587 9 -1
1546536418799541 12580 -1
1546536418807858 181 -1
1546536418807936 127 -1
1546536418807995 119 -1
1546536418808089 131 -1
1546536418808162 131 -1
1546536418808320 132 -1
1546536418808379 236 -1
1546536418808406 117 -1
1546536418808411 131 -1
1546536418808543 130 -1
1546536418808607 131 -1
1546536418808681 155 -1
1546536418808689 130 -1
1546536418808834 131 -1
1546536418808840 159 -1
1546536418808848 146 -1
1546536418808925 9 -1
1546536418815551 5154 -1
1546536418815567 9 -1
1546536418842004 16383 -1
1546536418842040 1 -1
1546536418842047 9 -1
1546536418857997 16383 -1
1546536418858207 1 -1
1546536418858569 9 -1
1546536418865390 12143 -1
1546536418865412 9 -1
1546536418880292 16383 -1
1546536418880310 1 -1
1546536418880316 9 -1
1546536418904559 16383 -1
1546536418904580 1 -1
1546536418904587 9 -1
1546536418935251 16383 -1
1546536418935267 1 -1
1546536418935272 9 -1
1546536418959290 16383 -1
1546536418959333 1 -1
1546536418959497 9 -1
1546536418979804 16383 -1
1546536418979824 1 -1
1546536418979830 9 -1
1546536418995029 16383 -1
1546536418995104 1 -1
1546536418995246 9 -1
1546536419010855 16383 -1
1546536419010876 1 -1
1546536419010883 9 -1
1546536419033387 16383 -1
1546536419033407 1 -1
1546536419033413 9 -1
1546536419042787 16383 -1
1546536419042804 1 -1
1546536419042810 9 -1
1546536419054717 16383 -1
1546536419054734 1 -1
1546536419054741 9 -1
1546536419064374 16383 -1
1546536419064393 1 -1
1546536419064399 9 -1
1546536419074485 16383 -1
1546536419074502 1 -1
1546536419074507 9 -1
1546536419084342 16383 -1
1546536419084361 1 -1
1546536419084368 9 -1
1546536419086311 16383 -1
1546536419086331 1 -1
1546536419086337 9 -1
1546536419095601 13180 -1
1546536419096059 9 -1
1546536419114423 14163 -1
1546536419114443 9 -1
1546536419145198 16382 -1
1546536419145221 2 -1
1546536419145309 9 -1
1546536419149475 16382 -1
1546536419150060 2 -1
1546536419150066 9 -1
1546536419159832 16382 -1
1546536419159852 2 -1
1546536419159858 9 -1
1546536419179879 16382 -1
1546536419179897 2 -1
1546536419179904 9 -1
1546536419189582 16382 -1
1546536419189596 2 -1
1546536419189601 9 -1
1546536419209956 16382 -1
1546536419209991 2 -1
1546536419210202 9 -1
1546536419247102 16382 -1
1546536419247118 2 -1
1546536419247124 9 -1
1546536419267234 16382 -1
1546536419267251 2 -1
1546536419267257 9 -1
1546536419295839 16382 -1
1546536419295862 2 -1
1546536419295867 9 -1
1546536419305737 16382 -1
1546536419305754 2 -1
1546536419305760 9 -1
1546536419315593 16382 -1
1546536419315611 2 -1
1546536419315617 9 -1
1546536419325927 16382 -1
1546536419325943 2 -1
1546536419325948 9 -1
1546536419332316 16382 -1
1546536419332332 2 -1
1546536419332337 9 -1
1546536419347879 16382 -1
1546536419348039 2 -1
1546536419348047 9 -1
1546536419352567 16382 -1
1546536419352582 2 -1
1546536419352587 9 -1
1546536419360642 16381 -1
1546536419367349 3 -1
1546536419367361 9 -1
1546536419372756 16381 -1
1546536419372772 3 -1
1546536419372778 9 -1
1546536419387062 16381 -1
1546536419387079 3 -1
1546536419387167 135 -1
1546536419387176 9 -1
1546536419405819 16381 -1
1546536419405844 3 -1
1546536419405850 9 -1
1546536419422709 16381 -1
1546536419422729 3 -1
1546536419422735 9 -1
1546536419438663 16381 -1
1546536419438681 3 -1
1546536419438688 9 -1
1546536419457479 16381 -1
1546536419457495 3 -1
1546536419457501 9 -1
1546536419468133 16381 -1
1546536419468150 3 -1
1546536419468156 9 -1
1546536419477929 16381 -1
1546536419477942 3 -1
1546536419478045 9 -1
1546536419488476 16381 -1
1546536419488493 3 -1
1546536419488498 9 -1
1546536419495580 16381 -1
1546536419495601 3 -1
1546536419495608 9 -1
1546536419508789 16381 -1
1546536419508807 3 -1
1546536419508812 9 -1
1546536419523662 16381 -1
1546536419523681 3 -1
1546536419523687 9 -1
1546536419527721 4207 -1
1546536419527737 9 -1
1546536419533695 16381 -1
1546536419533708 3 -1
1546536419533713 9 -1
1546536419551566 16380 -1
1546536419551585 4 -1
1546536419551592 9 -1
1546536419560441 16380 -1
1546536419560467 4 -1
1546536419560473 9 -1
1546536419576091 16380 -1
1546536419576107 4 -1
1546536419576210 9 -1
1546536419596096 16380 -1
1546536419596121 4 -1
1546536419596126 9 -1
1546536419601244 16380 -1
1546536419601350 4 -1
1546536419601356 9 -1
1546536419628156 16380 -1
1546536419628466 4 -1
1546536419628475 9 -1
1546536419636393 16380 -1
1546536419636555 4 -1
1546536419636584 9 -1
1546536419645872 7736 -1
1546536419645888 9 -1
1546536419659910 7233 -1
1546536419659924 9 -1
1546536419679929 16380 -1
1546536419679947 4 -1
1546536419679952 9 -1
1546536419699726 16380 -1
1546536419699742 4 -1
1546536419699748 9 -1
1546536419714634 16380 -1
1546536419714651 4 -1
1546536419714657 9 -1
1546536419728919 16380 -1
1546536419728935 4 -1
1546536419728940 9 -1
1546536419744422 16380 -1
1546536419744436 4 -1
1546536419744441 9 -1
1546536419763741 16379 -1
1546536419763760 5 -1
1546536419763766 9 -1
1546536419773020 16379 -1
1546536419773034 5 -1
1546536419773387 9 -1
1546536419789250 16379 -1
1546536419789265 5 -1
1546536419789639 9 -1
1546536419804425 16379 -1
1546536419804440 5 -1
1546536419804445 9 -1
1546536419813005 16379 -1
1546536419813020 5 -1
1546536419813025 9 -1
1546536419827437 16379 -1
1546536419827455 5 -1
1546536419827460 9 -1
1546536419833945 16379 -1
1546536419833963 5 -1
1546536419834062 9 -1
1546536419834883 847 -1
1546536419834896 9 -1
1546536419849064 16379 -1
1546536419849087 5 -1
1546536419849093 9 -1
1546536419853954 16379 -1
1546536419853968 5 -1
1546536419854016 9 -1
1546536419866654 16379 -1
1546536419866672 5 -1
1546536419866677 9 -1
1546536419876643 16379 -1
1546536419876661 5 -1
1546536419876666 9 -1
1546536419886497 16378 -1
1546536419886530 6 -1
1546536419886535 9 -1
1546536419891569 16378 -1
1546536419891665 6 -1
1546536419891671 9 -1
1546536419898222 16378 -1
1546536419913605 6 -1
1546536419913624 9 -1
1546536419914944 16378 -1
1546536419914960 6 -1
1546536419914966 9 -1
1546536419920934 16378 -1
1546536419920953 6 -1
1546536419920959 9 -1
1546536419926306 16378 -1
1546536419926323 6 -1
1546536419926488 9 -1
1546536419933652 16378 -1
1546536419933688 6 -1
1546536419933694 9 -1
1546536419946663 16378 -1
1546536419946686 6 -1
1546536419946693 9 -1
1546536419951146 16378 -1
1546536419951163 6 -1
1546536419951172 9 -1
1546536419960793 16378 -1
1546536419960810 6 -1
1546536419960817 9 -1
1546536419968782 11180 -1
1546536419968800 9 -1
1546536419983302 16377 -1
1546536419983323 7 -1
1546536419983328 9 -1
1546536419987998 16377 -1
1546536419988018 7 -1
1546536419988024 9 -1
1546536420007449 16377 -1
1546536420007470 7 -1
1546536420007523 9 -1
1546536420016662 16377 -1
1546536420016678 7 -1
1546536420016683 9 -1
1546536420034951 16377 -1
1546536420034981 7 -1
1546536420034987 9 -1
1546536420054102 16377 -1
1546536420054121 7 -1
1546536420054127 9 -1
1546536420060826 11304 -1
1546536420060922 9 -1
1546536420084679 16377 -1
1546536420084700 7 -1
1546536420084706 9 -1
1546536420109164 16377 -1
1546536420109182 7 -1
1546536420110595 9 -1
1546536420128190 16377 -1
1546536420128208 7 -1
1546536420128213 9 -1
1546536420138763 16376 -1
1546536420138781 8 -1
1546536420138786 9 -1
1546536420147332 16376 -1
1546536420147347 8 -1
1546536420147352 9 -1
1546536420158068 16376 -1
1546536420158084 8 -1
1546536420158090 9 -1
1546536420169853 16376 -1
1546536420169871 8 -1
1546536420169877 9 -1
1546536420176963 16376 -1
1546536420176980 8 -1
1546536420177072 9 -1
1546536420183059 16376 -1
1546536420183137 8 -1
1546536420183364 9 -1
1546536420190716 5585 -1
1546536420190733 9 -1
1546536420197517 16376 -1
1546536420197535 8 -1
1546536420197542 9 -1
1546536420200213 16376 -1
1546536420200228 8 -1
1546536420200285 9 -1
1546536420204590 3773 -1
1546536420204606 9 -1
1546536420205569 9986 -1
1546536420205582 9 -1
1546536420219957 16375 -1
1546536420219984 9 -1
1546536420219989 9 -1
1546536420229024 16375 -1
1546536420229044 9 -1
1546536420229092 9 -1
1546536420236728 16375 -1
1546536420236888 9 -1
1546536420237546 9 -1
1546536420247353 16375 -1
1546536420247377 9 -1
1546536420247383 9 -1
1546536420268999 16375 -1
1546536420269018 9 -1
1546536420270041 9 -1
1546536420271911 16375 -1
1546536420271930 9 -1
1546536420271936 9 -1
1546536420286771 13605 -1
1546536420286789 9 -1
1546536420299061 16374 -1
1546536420299089 10 -1
1546536420299096 9 -1
1546536420307816 16374 -1
1546536420307838 10 -1
1546536420307908 9 -1
1546536420322244 16374 -1
1546536420322619 10 -1
1546536420322868 9 -1
1546536420335965 16374 -1
1546536420335984 10 -1
1546536420336262 9 -1
1546536420344353 16374 -1
1546536420344371 10 -1
1546536420344377 9 -1
1546536420358642 16373 -1
1546536420358662 11 -1
1546536420358668 9 -1
1546536420372724 16373 -1
1546536420372743 11 -1
1546536420372749 9 -1
1546536420387009 16373 -1
1546536420387027 11 -1
1546536420387035 9 -1
1546536420406546 16373 -1
1546536420406747 11 -1
1546536420406754 9 -1
1546536420422708 16373 -1
1546536420422727 11 -1
1546536420422733 9 -1
1546536420436943 16372 -1
1546536420436963 12 -1
1546536420436970 9 -1
1546536420448422 16372 -1
1546536420448688 12 -1
1546536420448697 9 -1
1546536420449476 7635 -1
1546536420449494 9 -1
1546536420459685 16372 -1
1546536420459701 12 -1
1546536420459707 9 -1
1546536420467605 16372 -1
1546536420467619 12 -1
1546536420467624 9 -1
1546536420469581 2697 -1
1546536420469591 9 -1
1546536420480538 16371 -1
1546536420480560 13 -1
1546536420480567 9 -1
1546536420493018 16371 -1
1546536420493037 13 -1
1546536420493044 9 -1
1546536420497270 16371 -1
1546536420497287 13 -1
1546536420497294 9 -1
1546536420506210 16370 -1
1546536420506225 14 -1
1546536420506232 9 -1
1546536420517017 16370 -1
1546536420517035 14 -1
1546536420517041 9 -1
1546536420526806 16370 -1
1546536420526823 14 -1
1546536420526932 9 -1
1546536420537098 15838 -1
1546536420537117 9 -1
1546536420556876 16369 -1
1546536420556895 15 -1
1546536420556900 9 -1
1546536420588174 16369 -1
1546536420588192 15 -1
1546536420588427 9 -1
1546536420607493 16368 -1
1546536420607514 16 -1
1546536420607523 9 -1
1546536420626795 16368 -1
1546536420626813 16 -1
1546536420626819 9 -1
1546536420634009 16383 -1
1546536420634035 1 -1
1546536420634041 9 -1
1546536420644119 16383 -1
1546536420644139 1 -1
1546536420644143 9 -1
1546536420649769 9785 -1
1546536420649784 9 -1
1546536420659853 15919 -1
1546536420659868 465 -1
1546536420659875 9 -1
1546536420666919 16382 -1
1546536420666929 2 -1
1546536420666934 9 -1
1546536420671458 15918 -1
1546536420672633 466 -1
1546536420672649 9 -1
1546536420694377 16381 -1
1546536420694402 3 -1
1546536420694418 9 -1
1546536420698480 15917 -1
1546536420698559 467 -1
1546536420698566 9 -1
1546536420703057 11748 -1
1546536420703075 9 -1
1546536420718049 15916 -1
1546536420718470 468 -1
1546536420718477 9 -1
1546536420722697 15915 -1
1546536420722714 469 -1
1546536420722721 9 -1
1546536420730002 15912 -1
1546536420732879 472 -1
1546536420732893 9 -1
1546536420734236 5641 -1
1546536425157520 17 1
0 0 0
1546536416178613 187 1
1546536416178704 63 1
1546536416178714 63 1
1546536416178723 63 1
1546536416178730 63 1
1546536416178738 63 1
