### "'19995 16298 256387 154392 122129 113579 198669 173509 174934 231625 194233 186264 214321 193787 19735 19515 112127 80569 41917 15936 24099 10539 16298 16298 10475 8975 10766'"
0 0 0
1546537581521963 204 1
0 0 0
1546537581686836 204 1
0 0 0
1546537581445022 204 1
1546537581445037 58 1
1546537581445046 59 1
1546537581445055 58 1
1546537581445119 58 1
1546537581445373 58 1
1546537581445409 58 1
1546537581445470 58 1
1546537581445479 58 1
1546537581445532 58 1
1546537581445542 58 1
1546537581445551 58 1
1546537581445559 58 1
1546537581445593 59 1
1546537581445602 59 1
1546537581445611 59 1
1546537581445856 59 1
1546537581445869 58 1
1546537581445906 77 1
1546537581445964 94 1
1546537581446095 78 1
1546537581446104 59 1
0 0 0
1546537581526515 185 1
0 0 0
1546537581509775 197 1
0 0 0
1546537582582845 204 1
1546537582582860 77 1
1546537582582920 94 1
1546537582582937 78 1
1546537582583234 58 1
1546537582583461 59 1
1546537582583473 58 1
1546537582583671 58 1
1546537582583684 58 1
1546537582583695 58 1
1546537582583756 58 1
1546537582583766 58 1
1546537582583818 58 1
1546537582583903 58 1
1546537582583912 58 1
1546537582583921 58 1
1546537582584228 59 1
1546537582584368 59 1
1546537582584382 59 1
1546537582584391 59 1
1546537582584401 58 1
1546537582584409 59 1
1546537582584418 89 1
1546537582584429 88 1
1546537582584437 84 1
1546537582586886 39 -1
1546537582586895 13 -1
1546537582588272 9 1
1546537582593163 9 -1
1546537582596419 311 -1
1546537582596439 9 -1
1546537582598694 4041 -1
1546537582598739 149 -1
1546537582598748 9 -1
1546537582600753 15848 -1
1546537582600774 536 -1
1546537582600783 9 -1
1546537582602013 3611 -1
1546537582602106 143 -1
1546537582602139 9 -1
1546537582602147 3151 -1
1546537582602151 179 -1
1546537582602156 9 -1
1546537582607048 15809 -1
1546537582607148 489 -1
1546537582607201 131 -1
1546537582607209 9 -1
1546537582608555 15873 -1
1546537582608675 511 -1
1546537582608820 9 -1
1546537582609769 15872 -1
1546537582609839 512 -1
1546537582609899 9 -1
1546537582611217 15871 -1
1546537582611324 513 -1
1546537582611334 9 -1
1546537582612229 15870 -1
1546537582612297 514 -1
1546537582612307 9 -1
1546537582613048 15869 -1
1546537582613124 515 -1
1546537582613191 9 -1
1546537582624747 15868 -1
1546537582624850 516 -1
1546537582625508 9 -1
1546537582626209 15867 -1
1546537582626250 517 -1
1546537582626259 9 -1
1546537582643949 15866 -1
1546537582643972 518 -1
1546537582643985 9 -1
1546537582644989 15865 -1
1546537582645009 519 -1
1546537582645017 9 -1
1546537582647075 15864 -1
1546537582647092 520 -1
1546537582647100 9 -1
1546537582651570 15863 -1
1546537582651591 521 -1
1546537582651708 9 -1
1546537582652629 15862 -1
1546537582652646 522 -1
1546537582652734 9 -1
1546537582657657 15861 -1
1546537582657680 523 -1
1546537582657691 9 -1
1546537582665874 15860 -1
1546537582666217 524 -1
1546537582666231 9 -1
1546537582667090 15859 -1
1546537582667367 525 -1
1546537582667396 9 -1
1546537582683435 10627 -1
1546537582683456 108 -1
1546537582683462 132 -1
1546537582683511 116 -1
1546537582683661 129 -1
1546537582683741 103 -1
1546537582683831 107 -1
1546537582683836 190 -1
1546537582683882 164 -1
1546537582683930 132 -1
1546537582683969 108 -1
1546537582684004 109 -1
1546537582684095 131 -1
1546537582684174 103 -1
1546537582684212 128 -1
1546537582684219 130 -1
1546537582684501 130 -1
1546537582684510 146 -1
1546537582684521 158 -1
1546537582684527 231 -1
1546537582684635 163 -1
1546537582684673 9 -1
1546537582690885 15873 -1
1546537582690907 511 -1
1546537582690915 9 -1
1546537582701227 15873 -1
1546537582701305 511 -1
1546537582701313 9 -1
1546537582712811 15873 -1
1546537582712829 511 -1
1546537582712836 9 -1
1546537582735132 15873 -1
1546537582735152 511 -1
1546537582735374 9 -1
1546537582751037 15873 -1
1546537582751056 511 -1
1546537582751063 9 -1
1546537582779326 15873 -1
1546537582797333 511 -1
1546537582797351 9 -1
1546537582822554 76 1
1546537582823639 78 1
1546537582824316 80 1
1546537582825001 77 1
1546537582826469 78 1
1546537582834428 15873 -1
1546537582834449 511 -1
1546537582834456 9 -1
1546537582862682 15873 -1
1546537582862699 511 -1
1546537582862708 9 -1
1546537582879386 15873 -1
1546537582884336 511 -1
1546537582884355 9 -1
1546537582896064 15873 -1
1546537582896083 511 -1
1546537582896298 9 -1
1546537582907596 15873 -1
1546537582907616 511 -1
1546537582918977 9 -1
1546537582929352 15874 -1
1546537582930273 510 -1
1546537582930287 9 -1
1546537582951611 15874 -1
1546537582951752 510 -1
1546537582951763 9 -1
1546537582972847 16383 -1
1546537582972866 1 -1
1546537582973188 9 -1
1546537582973837 6637 -1
1546537582974126 9 -1
1546537582995865 15874 -1
1546537582995888 510 -1
1546537582995955 9 -1
1546537583016551 15874 -1
1546537583016569 510 -1
1546537583016576 9 -1
1546537583039642 15835 -1
1546537583039669 101 -1
1546537583039676 9 -1
1546537583040489 63 1
1546537583046082 63 1
1546537583049784 63 1
1546537583050809 15835 -1
1546537583050829 549 -1
1546537583050838 9 -1
1546537583064549 10539 -1
1546537583064571 9 -1
1546537583080064 15872 -1
1546537583080084 512 -1
1546537583080123 9 -1
1546537583081866 63 1
1546537583094392 15872 -1
1546537583095754 512 -1
1546537583096032 9 -1
1546537583107425 15872 -1
1546537583107616 512 -1
1546537583107628 9 -1
1546537583108449 63 1
1546537583112684 63 1
1546537583115522 15872 -1
1546537583115577 512 -1
1546537583115588 9 -1
1546537583126700 15872 -1
1546537583126718 512 -1
1546537583126727 9 -1
1546537583142145 15872 -1
1546537583142244 512 -1
1546537583142253 9 -1
1546537583147519 15872 -1
1546537583147539 512 -1
1546537583147547 9 -1
1546537583166363 15872 -1
1546537583166383 512 -1
1546537583166391 9 -1
1546537583175512 15872 -1
1546537583175530 512 -1
1546537583175537 9 -1
1546537583193360 15872 -1
1546537583198092 512 -1
1546537583198109 9 -1
1546537583237218 15872 -1
1546537583237279 512 -1
1546537583237290 9 -1
1546537583243078 3351 -1
1546537583243100 9 -1
1546537583247902 3131 -1
1546537583247922 9 -1
1546537583286804 16382 -1
1546537583286844 2 -1
1546537583286851 9 -1
1546537583325388 15873 -1
1546537583325472 511 -1
1546537583325479 9 -1
1546537583353051 15873 -1
1546537583353371 511 -1
1546537583353382 9 -1
1546537583375923 7715 -1
1546537583375942 9 -1
1546537583403196 15871 -1
1546537583403274 513 -1
1546537583403284 9 -1
1546537583437578 15871 -1
1546537583437918 513 -1
1546537583438032 9 -1
1546537583465730 15871 -1
1546537583465750 513 -1
1546537583465757 9 -1
1546537583477520 15871 -1
1546537583483415 513 -1
1546537583483594 9 -1
1546537583508887 15871 -1
1546537583508906 513 -1
1546537583508914 9 -1
1546537583529475 15871 -1
1546537583529926 513 -1
1546537583529940 9 -1
1546537583536349 15871 -1
1546537583541332 513 -1
1546537583541345 9 -1
1546537583565416 15871 -1
1546537583565434 513 -1
1546537583565444 9 -1
1546537583582961 15871 -1
1546537583583735 513 -1
1546537583583854 142 -1
1546537583584005 9 -1
1546537583598582 15871 -1
1546537583598600 513 -1
1546537583598607 147 -1
1546537583598612 115 -1
1546537583598617 148 -1
1546537583598622 148 -1
1546537583598627 9 -1
1546537583626726 15871 -1
1546537583626747 513 -1
1546537583626756 9 -1
1546537583643744 16381 -1
1546537583643764 3 -1
1546537583643770 9 -1
1546537583655268 15872 -1
1546537583655359 512 -1
1546537583655743 9 -1
1546537583661098 9149 -1
1546537583661113 9 -1
1546537583678639 15870 -1
1546537583678796 514 -1
1546537583679172 9 -1
1546537583697245 15870 -1
1546537583699606 514 -1
1546537583699687 9 -1
1546537583726014 15870 -1
1546537583726031 514 -1
1546537583726038 9 -1
1546537583743002 15870 -1
1546537583743021 514 -1
1546537583743029 9 -1
1546537583749987 15870 -1
1546537583750007 514 -1
1546537583750017 9 -1
1546537583761542 15870 -1
1546537583761677 514 -1
1546537583761689 9 -1
1546537583776681 15870 -1
1546537583776706 514 -1
1546537583776715 148 -1
1546537583776722 129 -1
1546537583776728 105 -1
1546537583776815 9 -1
1546537583795396 15870 -1
1546537583795418 514 -1
1546537583795425 9 -1
1546537583807949 15870 -1
1546537583807968 514 -1
1546537583807977 106 -1
1546537583807983 9 -1
1546537583819104 15870 -1
1546537583819132 514 -1
1546537583819141 9 -1
1546537583826050 15870 -1
1546537583826070 514 -1
1546537583826078 173 -1
1546537583826155 9 -1
1546537583845710 16380 -1
1546537583845732 4 -1
1546537583845914 129 -1
1546537583846102 9 -1
1546537583878795 15871 -1
1546537583879079 513 -1
1546537583879091 9 -1
1546537583889623 16383 -1
1546537583889642 1 -1
1546537583889648 9 -1
1546537583907236 15869 -1
1546537583907256 515 -1
1546537583908073 9 -1
1546537583918114 15869 -1
1546537583918363 515 -1
1546537583918380 9 -1
1546537583930184 15869 -1
1546537583930201 515 -1
1546537583930208 9 -1
1546537583940472 15869 -1
1546537583941925 515 -1
1546537583941943 9 -1
1546537583952449 15869 -1
1546537583952587 515 -1
1546537583952595 9 -1
1546537583959559 15869 -1
1546537583959584 515 -1
1546537583959593 9 -1
1546537583968233 15869 -1
1546537583969823 515 -1
1546537583969840 9 -1
1546537583982666 15869 -1
1546537583983086 515 -1
1546537583983096 9 -1
1546537583984934 15869 -1
1546537583984952 515 -1
1546537583984962 9 -1
1546537583992576 15869 -1
1546537583995817 515 -1
1546537583996011 9 -1
1546537584003558 16379 -1
1546537584003752 5 -1
1546537584003921 9 -1
1546537584010621 15033 -1
1546537584010724 9 -1
1546537584018389 16382 -1
1546537584018855 2 -1
1546537584018862 9 -1
1546537584027354 15868 -1
1546537584027373 516 -1
1546537584027380 9 -1
1546537584033535 15868 -1
1546537584033555 516 -1
1546537584033562 9 -1
1546537584039500 15868 -1
1546537584039519 516 -1
1546537584039526 9 -1
1546537584045239 15868 -1
1546537584047007 516 -1
1546537584047023 9 -1
1546537584051551 15868 -1
1546537584051572 516 -1
1546537584051582 9 -1
1546537584060474 15868 -1
1546537584060493 516 -1
1546537584060861 9 -1
1546537584064126 15868 -1
1546537584065921 516 -1
1546537584065939 9 -1
1546537584069872 15868 -1
1546537584069902 516 -1
1546537584069975 9 -1
1546537584074702 15868 -1
1546537584074722 516 -1
1546537584074730 9 -1
1546537584080326 15868 -1
1546537584080455 516 -1
1546537584080464 9 -1
1546537584085244 16378 -1
1546537584085444 6 -1
1546537584085452 9 -1
1546537584100324 16381 -1
1546537584100344 3 -1
1546537584100352 9 -1
1546537584103105 15867 -1
1546537584103120 517 -1
1546537584103702 9 -1
1546537584113882 15275 -1
1546537584113913 9 -1
1546537584118964 15867 -1
1546537584118983 517 -1
1546537584118993 9 -1
1546537584137226 15867 -1
1546537584137247 517 -1
1546537584137260 9 -1
1546537584139035 15867 -1
1546537584139051 517 -1
1546537584139060 9 -1
1546537584142407 15867 -1
1546537584142428 517 -1
1546537584142436 9 -1
1546537584162060 15867 -1
1546537584162089 517 -1
1546537584162096 9 -1
1546537584167410 15867 -1
1546537584168014 517 -1
1546537584168153 9 -1
1546537584178171 15867 -1
1546537584178188 517 -1
1546537584178197 9 -1
1546537584184891 15867 -1
1546537584186239 517 -1
1546537584186256 9 -1
1546537584197487 13823 -1
1546537584197609 9 -1
1546537584204519 16380 -1
1546537584204568 4 -1
1546537584204790 9 -1
1546537584207909 7441 -1
1546537584208079 9 -1
1546537584215095 15866 -1
1546537584215296 518 -1
1546537584215309 9 -1
1546537584220775 15866 -1
1546537584222338 518 -1
1546537584222355 9 -1
1546537584227895 15866 -1
1546537584228182 518 -1
1546537584228338 9 -1
1546537584235875 15866 -1
1546537584235901 518 -1
1546537584235912 9 -1
1546537584241625 15866 -1
1546537584241777 518 -1
1546537584241887 9 -1
1546537584247997 15866 -1
1546537584248018 518 -1
1546537584248102 9 -1
1546537584253077 15866 -1
1546537584253096 518 -1
1546537584253106 9 -1
1546537584259016 15866 -1
1546537584259398 518 -1
1546537584259709 9 -1
1546537584281745 16379 -1
1546537584281764 5 -1
1546537584281771 9 -1
1546537584286209 15865 -1
1546537584286362 519 -1
1546537584286371 9 -1
1546537584308352 15865 -1
1546537584308374 519 -1
1546537584308383 9 -1
1546537584310827 15865 -1
1546537584310855 519 -1
1546537584310863 9 -1
1546537584313464 15865 -1
1546537584313483 519 -1
1546537584313491 9 -1
1546537584320285 15865 -1
1546537584320311 519 -1
1546537584320320 9 -1
1546537584336095 15865 -1
1546537584336119 519 -1
1546537584336126 9 -1
1546537584342802 15865 -1
1546537584344115 519 -1
1546537584344132 9 -1
1546537584355068 15865 -1
1546537584355088 519 -1
1546537584355096 9 -1
1546537584368927 6936 -1
1546537584368945 9 -1
1546537584380435 15864 -1
1546537584382219 520 -1
1546537584382236 9 -1
1546537584396825 15864 -1
1546537584397284 520 -1
1546537584397295 9 -1
1546537584419219 15864 -1
1546537584419237 520 -1
1546537584419246 9 -1
1546537584436800 15864 -1
1546537584437784 520 -1
1546537584437805 9 -1
1546537584453370 15864 -1
1546537584453392 520 -1
1546537584453399 9 -1
1546537584470178 15864 -1
1546537584472505 520 -1
1546537584472518 9 -1
1546537584481878 15864 -1
1546537584481893 520 -1
1546537584481901 9 -1
1546537584494131 15864 -1
1546537584494168 520 -1
1546537584494177 9 -1
1546537584509041 15863 -1
1546537584509062 521 -1
1546537584509620 9 -1
1546537584514834 9669 -1
1546537584514853 9 -1
1546537584521757 11094 -1
1546537584522383 9 -1
1546537584530589 15863 -1
1546537584530660 521 -1
1546537584530669 9 -1
1546537584538659 15863 -1
1546537584542414 521 -1
1546537584542432 9 -1
1546537584548401 15863 -1
1546537584548437 521 -1
1546537584548445 9 -1
1546537584560337 15863 -1
1546537584560944 521 -1
1546537584561052 9 -1
1546537584565880 15863 -1
1546537584565898 521 -1
1546537584565905 9 -1
1546537584585105 15862 -1
1546537584585130 522 -1
1546537584585138 9 -1
1546537584601254 15862 -1
1546537584601272 522 -1
1546537584601280 9 -1
1546537584611644 14009 -1
1546537584611682 9 -1
1546537584617833 6040 -1
1546537584617873 9 -1
1546537584630235 15862 -1
1546537584630254 522 -1
1546537584630262 9 -1
1546537584640167 13563 -1
1546537584640187 9 -1
1546537584641221 2061 -1
1546537584641237 9 -1
1546537584655505 15861 -1
1546537584655522 523 -1
1546537584656393 9 -1
1546537584665360 15861 -1
1546537584665951 523 -1
1546537584665967 9 -1
1546537584677398 15860 -1
1546537584677420 524 -1
1546537584677428 9 -1
1546537584677435 1329 -1
1546537584677655 9 -1
1546537584678660 2249 -1
1546537584678670 9 -1
1546537584700909 16298 -1
1546537584701014 9 -1
1546537584701020 3329 -1
1546537584701552 9 -1
1546537584722728 15857 -1
1546537584722748 441 -1
1546537584722758 9 -1
1546537584723566 2795 -1
1546537584723634 9 -1
1546537584728725 2973 -1
1546537584728751 9 -1
1546537584734515 5700 -1
1546537584734534 9 -1
1546537584746876 10475 -1
1546537584746898 9 -1
1546537584755161 8975 -1
1546537584755182 9 -1
1546537584766957 10766 -1
1546537584766980 9 -1
1546537584775139 7810 -1
1546537584775165 9 -1
1546537584777898 7076 -1
1546537591121732 17 1
0 0 0
1546537582518205 185 1
