### "'20883 156127 186745 132610 210002 1041050 144924 77960 74052 73308 63857 47280 55062 188177 83395 118035 131983 107754 160503 8258 8278'"
0 0 0
1546537973057592 205 1
1546537973058054 39 -1
1546537973058059 13 -1
1546537973059525 9 1
1546537973064669 9 -1
1546537973067536 311 -1
1546537973067555 9 -1
1546537973303187 3863 -1
1546537973309673 17 1
0 0 0
1546537973036786 206 1
1546537973037030 58 1
1546537973037344 78 1
1546537973037392 59 1
1546537973037467 59 1
1546537973037531 58 1
1546537973037539 78 1
1546537973038233 58 1
1546537973038246 78 1
1546537973043328 39 -1
1546537973043337 13 -1
1546537973047543 9 -1
1546537973048511 311 -1
1546537973048675 9 -1
1546537973049884 15847 -1
1546537973050595 537 -1
1546537973050609 9 -1
1546537973051878 4499 -1
1546537973052051 149 -1
1546537973052058 9 -1
1546537973052253 2083 -1
1546537973052370 131 -1
1546537973052829 9 -1
1546537973052887 9 1
1546537973058872 15873 -1
1546537973058887 511 -1
1546537973058936 9 -1
1546537973063475 16383 -1
1546537973063540 1 -1
1546537973063630 9 -1
1546537973064590 16382 -1
1546537973064609 2 -1
1546537973064772 9 -1
1546537973066048 16383 -1
1546537973066235 1 -1
1546537973066241 9 -1
1546537973067801 16382 -1
1546537973067836 2 -1
1546537973067843 9 -1
1546537973069603 16381 -1
1546537973069723 3 -1
1546537973069912 9 -1
1546537973074278 16380 -1
1546537973074296 4 -1
1546537973074302 130 -1
1546537973074428 130 -1
1546537973074688 131 -1
1546537973074694 148 -1
1546537973074754 148 -1
1546537973074763 140 -1
1546537973074769 9 -1
1546537973088801 16383 -1
1546537973088898 1 -1
1546537973088910 9 -1
1546537973089878 15873 -1
1546537973089895 511 -1
1546537973089905 9 -1
1546537973091529 15873 -1
1546537973091546 511 -1
1546537973091554 9 -1
1546537973092159 15873 -1
1546537973092177 511 -1
1546537973092185 9 -1
1546537973092834 3151 -1
1546537973092847 9 -1
1546537973096165 15873 -1
1546537973096187 511 -1
1546537973096362 9 -1
1546537973096369 2617 -1
1546537973096378 9 -1
1546537973097128 16382 -1
1546537973097142 2 -1
1546537973097250 9 -1
1546537973097948 15872 -1
1546537973097963 512 -1
1546537973097970 9 -1
1546537973099227 15872 -1
1546537973099294 512 -1
1546537973099304 9 -1
1546537973100546 15872 -1
1546537973100626 512 -1
1546537973100636 9 -1
1546537973102595 15872 -1
1546537973102654 512 -1
1546537973102665 9 -1
1546537973103768 8671 -1
1546537973103786 9 -1
1546537973104862 15871 -1
1546537973108482 513 -1
1546537973108505 9 -1
1546537973110965 15871 -1
1546537973110983 513 -1
1546537973110993 9 -1
1546537973111717 15871 -1
1546537973111730 513 -1
1546537973111739 9 -1
1546537973112674 15871 -1
1546537973112689 513 -1
1546537973112738 9 -1
1546537973113772 15870 -1
1546537973113789 514 -1
1546537973113797 9 -1
1546537973119180 15870 -1
1546537973119195 514 -1
1546537973119202 9 -1
1546537973122653 91 1
1546537973127951 15870 -1
1546537973127980 88 1
1546537973127991 88 1
1546537973129260 514 -1
1546537973129277 9 -1
1546537973129394 89 1
1546537973129407 88 1
1546537973129416 59 1
1546537973131188 88 1
1546537973131910 15870 -1
1546537973132070 88 1
1546537973133399 88 1
1546537973133594 514 -1
1546537973133606 9 -1
1546537973134214 88 1
1546537973137352 89 1
1546537973143267 15869 -1
1546537973143300 515 -1
1546537973143311 9 -1
1546537973143485 88 1
1546537973151361 15869 -1
1546537973151386 515 -1
1546537973151394 9 -1
1546537973160970 15869 -1
1546537973160989 515 -1
1546537973160998 9 -1
1546537973161910 15869 -1
1546537973161929 515 -1
1546537973161937 9 -1
1546537973179777 15868 -1
1546537973179799 516 -1
1546537973179809 9 -1
1546537973180859 15868 -1
1546537973180876 516 -1
1546537973180913 9 -1
1546537973194604 15868 -1
1546537973194943 516 -1
1546537973199229 9 -1
1546537973214717 15868 -1
1546537973214736 516 -1
1546537973214743 9 -1
1546537973230617 15867 -1
1546537973230638 517 -1
1546537973230647 9 -1
1546537973244499 15867 -1
1546537973245989 517 -1
1546537973246300 9 -1
1546537973259602 15867 -1
1546537973259619 517 -1
1546537973259626 9 -1
1546537973268057 15867 -1
1546537973268077 517 -1
1546537973268084 9 -1
1546537973284709 15866 -1
1546537973284728 518 -1
1546537973284736 9 -1
1546537973302879 15866 -1
1546537973302900 518 -1
1546537973303497 9 -1
1546537973318330 15866 -1
1546537973318353 518 -1
1546537973318362 9 -1
1546537973325546 15866 -1
1546537973325639 518 -1
1546537973325647 9 -1
1546537973335945 15865 -1
1546537973335961 519 -1
1546537973335969 9 -1
1546537973358629 15865 -1
1546537973358651 519 -1
1546537973358660 9 -1
1546537973358667 1538 -1
1546537973358673 9 -1
1546537973369241 15865 -1
1546537973369260 519 -1
1546537973369266 9 -1
1546537973374851 15864 -1
1546537973374886 520 -1
1546537973374972 9 -1
1546537973384191 15864 -1
1546537973384208 520 -1
1546537973384218 9 -1
1546537973392007 15864 -1
1546537973392025 520 -1
1546537973392115 9 -1
1546537973399724 15863 -1
1546537973401652 521 -1
1546537973401667 9 -1
1546537973410863 15863 -1
1546537973410885 521 -1
1546537973410893 9 -1
1546537973418706 15863 -1
1546537973418725 521 -1
1546537973418733 9 -1
1546537973426224 6521 -1
1546537973426245 9 -1
1546537973435392 15862 -1
1546537973435433 522 -1
1546537973435441 9 -1
1546537973449942 15862 -1
1546537973450163 522 -1
1546537973450197 9 -1
1546537973460740 13394 -1
1546537973460761 9 -1
1546537973470488 15861 -1
1546537973470506 523 -1
1546537973470512 9 -1
1546537973480871 15860 -1
1546537973485580 524 -1
1546537973485597 9 -1
1546537973491563 15859 -1
1546537973491580 525 -1
1546537973491589 9 -1
1546537973509528 15858 -1
1546537973509549 526 -1
1546537973509602 159 -1
1546537973509944 286 -1
1546537973509956 159 -1
1546537973509965 160 -1
1546537973509971 147 -1
1546537973510548 160 -1
1546537973512419 132 -1
1546537973512658 158 -1
1546537973512676 159 -1
1546537973512682 160 -1
1546537973512690 147 -1
1546537973512697 287 -1
1546537973513093 9 -1
1546537973519430 16383 -1
1546537973519447 1 -1
1546537973519453 9 -1
1546537973534472 16383 -1
1546537973534491 1 -1
1546537973534497 9 -1
1546537973557057 16383 -1
1546537973557118 1 -1
1546537973557380 9 -1
1546537973569566 15835 -1
1546537973573399 549 -1
1546537973573441 9 -1
1546537973587927 16383 -1
1546537973587951 1 -1
1546537973587956 9 -1
1546537973605196 16383 -1
1546537973605252 1 -1
1546537973605260 9 -1
1546537973624204 15874 -1
1546537973624231 510 -1
1546537973624299 9 -1
1546537973632376 15834 -1
1546537973632395 550 -1
1546537973632481 9 -1
1546537973641241 15835 -1
1546537973641744 549 -1
1546537973641759 9 -1
1546537973651003 15834 -1
1546537973651025 550 -1
1546537973651092 9 -1
1546537973661894 16383 -1
1546537973661913 1 -1
1546537973661919 9 -1
1546537973676377 16383 -1
1546537973676397 1 -1
1546537973676403 9 -1
1546537973677923 16383 -1
1546537973677941 1 -1
1546537973677947 9 -1
1546537973687800 16382 -1
1546537973687819 2 -1
1546537973687827 9 -1
1546537973694148 16382 -1
1546537973694171 2 -1
1546537973694187 9 -1
1546537973706811 16382 -1
1546537973706831 2 -1
1546537973706838 9 -1
1546537973712429 16383 -1
1546537973712448 1 -1
1546537973712454 9 -1
1546537973722633 16382 -1
1546537973722652 2 -1
1546537973722658 9 -1
1546537973733116 16382 -1
1546537973733135 2 -1
1546537973733142 9 -1
1546537973743303 15873 -1
1546537973743323 511 -1
1546537973743549 9 -1
1546537973753086 15833 -1
1546537973754165 551 -1
1546537973754192 9 -1
1546537973759414 15834 -1
1546537973759434 550 -1
1546537973759443 9 -1
1546537973773065 15833 -1
1546537973773083 551 -1
1546537973773093 9 -1
1546537973778059 16382 -1
1546537973778078 2 -1
1546537973778084 9 -1
1546537973788433 16382 -1
1546537973788449 2 -1
1546537973788682 9 -1
1546537973798497 16382 -1
1546537973798517 2 -1
1546537973798523 9 -1
1546537973808962 16381 -1
1546537973808981 3 -1
1546537973808987 9 -1
1546537973815231 16381 -1
1546537973815247 3 -1
1546537973815253 9 -1
1546537973829923 16381 -1
1546537973830016 3 -1
1546537973830022 9 -1
1546537973831212 16382 -1
1546537973831226 2 -1
1546537973831374 9 -1
1546537973840513 16381 -1
1546537973840532 3 -1
1546537973840538 9 -1
1546537973845907 14512 -1
1546537973845927 9 -1
1546537973852857 15872 -1
1546537973855374 512 -1
1546537973855664 9 -1
1546537973861782 15832 -1
1546537973861794 552 -1
1546537973861802 9 -1
1546537973868390 15833 -1
1546537973868409 551 -1
1546537973868417 9 -1
1546537973882920 15832 -1
1546537973882941 552 -1
1546537973882949 9 -1
1546537973897171 16381 -1
1546537973897191 3 -1
1546537973897198 9 -1
1546537973898940 16381 -1
1546537973898959 3 -1
1546537973898964 9 -1
1546537973911628 16381 -1
1546537973911652 3 -1
1546537973911658 9 -1
1546537973921887 16380 -1
1546537973921901 4 -1
1546537973921935 9 -1
1546537973931481 16380 -1
1546537973931499 4 -1
1546537973931505 9 -1
1546537973940771 16380 -1
1546537973940815 4 -1
1546537973940823 9 -1
1546537973947455 16381 -1
1546537973947478 3 -1
1546537973947484 9 -1
1546537973952679 14705 -1
1546537973952699 9 -1
1546537973955174 5910 -1
1546537973955214 9 -1
1546537973966594 15831 -1
1546537973966621 553 -1
1546537973966629 9 -1
1546537973971283 15832 -1
1546537973971301 552 -1
1546537973971311 9 -1
1546537973986942 15831 -1
1546537973986956 553 -1
1546537973986962 9 -1
1546537973997204 16380 -1
1546537973997222 4 -1
1546537973997292 9 -1
1546537974010895 16380 -1
1546537974010917 4 -1
1546537974010923 9 -1
1546537974042861 16380 -1
1546537974042881 4 -1
1546537974042888 9 -1
1546537974058103 16379 -1
1546537974058120 5 -1
1546537974058125 9 -1
1546537974080527 12424 -1
1546537974080588 9 -1
1546537974082394 8516 -1
1546537974082412 9 -1
1546537974083096 7772 -1
1546537974083111 9 -1
1546537974097560 15830 -1
1546537974097952 554 -1
1546537974097968 9 -1
1546537974113761 15831 -1
1546537974113807 553 -1
1546537974113815 9 -1
1546537974133507 15830 -1
1546537974133530 554 -1
1546537974133538 9 -1
1546537974139819 16379 -1
1546537974139903 5 -1
1546537974139910 9 -1
1546537974147093 16379 -1
1546537974147113 5 -1
1546537974147118 9 -1
1546537974155927 16379 -1
1546537974155945 5 -1
1546537974155986 9 -1
1546537974165070 16378 -1
1546537974165236 6 -1
1546537974165283 9 -1
1546537974172661 15829 -1
1546537974172740 555 -1
1546537974172834 9 -1
1546537974173797 1475 -1
1546537974173810 9 -1
1546537974184181 15829 -1
1546537974184200 555 -1
1546537974184208 9 -1
1546537974199473 16378 -1
1546537974199496 6 -1
1546537974199502 9 -1
1546537974216150 16378 -1
1546537974216284 6 -1
1546537974216292 9 -1
1546537974231474 16378 -1
1546537974231576 6 -1
1546537974231621 9 -1
1546537974241158 16377 -1
1546537974241174 7 -1
1546537974241180 9 -1
1546537974259446 15828 -1
1546537974259464 556 -1
1546537974259484 9 -1
1546537974269310 15828 -1
1546537974269326 556 -1
1546537974269348 9 -1
1546537974276719 16377 -1
1546537974276747 7 -1
1546537974277008 9 -1
1546537974281823 9450 -1
1546537974281852 9 -1
1546537974289697 16377 -1
1546537974289713 7 -1
1546537974289719 9 -1
1546537974297247 16376 -1
1546537974297336 8 -1
1546537974297344 9 -1
1546537974305913 15827 -1
1546537974305978 557 -1
1546537974305986 9 -1
1546537974318501 3347 -1
1546537974318566 9 -1
1546537974320875 16376 -1
1546537974320922 8 -1
1546537974320929 9 -1
1546537974324877 16376 -1
1546537974324931 8 -1
1546537974324939 9 -1
1546537974332770 16375 -1
1546537974332791 9 -1
1546537974332797 9 -1
1546537974338901 16383 -1
1546537974338922 1 -1
1546537974338927 9 -1
1546537974339424 911 -1
1546537974339441 9 -1
1546537974348860 16375 -1
1546537974349020 9 -1
1546537974349027 9 -1
1546537974353964 16374 -1
1546537974353984 10 -1
1546537974353991 9 -1
1546537974375667 16382 -1
1546537974375689 2 -1
1546537974375695 9 -1
1546537974381006 13047 -1
1546537974381026 9 -1
1546537974395450 16373 -1
1546537974395478 11 -1
1546537974395485 9 -1
1546537974402246 16381 -1
1546537974402265 3 -1
1546537974402295 9 -1
1546537974412988 16372 -1
1546537974413014 12 -1
1546537974413019 9 -1
1546537974420138 7953 -1
1546537974420155 9 -1
1546537974433306 16371 -1
1546537974433371 13 -1
1546537974433377 9 -1
1546537974447883 16370 -1
1546537974447901 14 -1
1546537974447906 9 -1
1546537974458317 16369 -1
1546537974458365 15 -1
1546537974458371 9 -1
1546537974484744 16368 -1
1546537974484783 16 -1
1546537974484788 9 -1
1546537974508360 16367 -1
1546537974509166 17 -1
1546537974509191 9 -1
1546537974526029 16366 -1
1546537974526051 9 -1
1546537974558595 16383 -1
1546537974558615 1 -1
1546537974558620 9 -1
1546537974574237 16382 -1
1546537974574268 2 -1
1546537974574274 9 -1
1546537974598900 16381 -1
1546537974598925 3 -1
1546537974598930 9 -1
1546537974602540 16380 -1
1546537974602557 4 -1
1546537974602562 9 -1
1546537974619382 16379 -1
1546537974619403 5 -1
1546537974619409 9 -1
1546537974630276 16378 -1
1546537974630297 6 -1
1546537974630303 9 -1
1546537974646687 16377 -1
1546537974646714 7 -1
1546537974646988 9 -1
1546537974663229 16376 -1
1546537974663247 8 -1
1546537974663253 9 -1
1546537974706580 16375 -1
1546537974706599 9 -1
1546537974706605 9 -1
1546537974725853 79 1
1546537974727502 16374 -1
1546537974727520 10 -1
1546537974727526 9 -1
1546537974728177 78 1
1546537974729336 78 1
1546537974730184 77 1
1546537974747481 16373 -1
1546537974747513 11 -1
1546537974747655 9 -1
1546537974765184 16372 -1
1546537974765205 12 -1
1546537974765283 9 -1
1546537974774432 16371 -1
1546537974774455 13 -1
1546537974774462 9 -1
1546537974784539 16370 -1
1546537974784716 14 -1
1546537974785075 9 -1
1546537974805294 16369 -1
1546537974805320 15 -1
1546537974805329 9 -1
1546537974808540 16368 -1
1546537974808559 16 -1
1546537974808583 9 -1
1546537974815872 16367 -1
1546537974815925 17 -1
1546537974817048 9 -1
1546537974826280 16366 -1
1546537974826298 171 -1
1546537974826305 147 -1
1546537974826312 178 -1
1546537974826318 147 -1
1546537974826394 9 -1
1546537974845358 16383 -1
1546537974845377 1 -1
1546537974845383 9 -1
1546537974847349 3329 -1
1546537974847465 9 -1
1546537974847563 3151 -1
1546537974847571 9 -1
1546537974847619 2795 -1
1546537974847626 9 -1
1546537974847680 3151 -1
1546537974847687 9 -1
1546537974868866 16382 -1
1546537974869057 2 -1
1546537974869321 9 -1
1546537974877747 16381 -1
1546537974877768 3 -1
1546537974877774 9 -1
1546537974880978 63 1
1546537974886177 63 1
1546537974886719 63 1
1546537974886733 63 1
1546537974886744 63 1
1546537974890396 16380 -1
1546537974890417 4 -1
1546537974890468 9 -1
1546537974902352 16379 -1
1546537974902488 5 -1
1546537974902497 9 -1
1546537974918575 16378 -1
1546537974918662 6 -1
1546537974918669 9 -1
1546537974930805 16377 -1
1546537974930827 7 -1
1546537974930833 9 -1
1546537974941781 16376 -1
1546537974941799 8 -1
1546537974941804 9 -1
1546537974952622 16375 -1
1546537974952639 9 -1
1546537974952644 9 -1
1546537974967430 16374 -1
1546537974967457 10 -1
1546537974967462 9 -1
1546537974973203 16373 -1
1546537974973376 11 -1
1546537974973458 9 -1
1546537974977977 8894 -1
1546537974977993 116 -1
1546537974978239 129 -1
1546537974978249 116 -1
1546537974978253 129 -1
1546537974978259 125 -1
1546537974978264 9 -1
1546537974982208 7963 -1
1546537974982403 9 -1
1546537974993945 8258 -1
1546537974993975 9 -1
1546537974995687 8278 -1
1546537974995703 9 -1
1546537974998885 7955 -1
1546537974998935 9 -1
1546537975008825 7722 -1
1546537975160079 63 1
1546537975166429 151 -1
1546537975166464 9 -1
1546537975177026 7179 -1
1546537981642534 17 1
0 0 0
1546537973110164 39 -1
1546537973110174 13 -1
1546537973111984 205 1
1546537973113073 9 1
1546537973119003 9 -1
1546537973120012 310 -1
1546537973120033 9 -1
1546537973120039 2439 -1
1546537973159937 17 1
0 0 0
1546537973052199 205 1
1546537973053473 39 -1
1546537973053479 13 -1
1546537973056646 9 1
1546537973058331 9 -1
1546537973059811 309 -1
1546537973059880 9 -1
1546537973060013 2567 -1
1546537973101449 17 1
0 0 0
1546537973099188 186 1
0 0 0
1546537973056258 197 1
1546537973063287 39 -1
1546537973063297 13 -1
1546537973066290 9 -1
1546537973068428 308 -1
1546537973068466 9 -1
1546537973091053 16383 -1
1546537973091080 1 -1
1546537973091086 9 -1
1546537973093711 16383 -1
1546537973093729 1 -1
1546537973093735 9 -1
1546537973098412 16382 -1
1546537973098655 2 -1
1546537973098660 9 -1
1546537973101135 16381 -1
1546537973101149 3 -1
1546537973101157 9 -1
1546537973103082 16383 -1
1546537973103095 1 -1
1546537973103101 9 -1
1546537973104253 16382 -1
1546537973104584 2 -1
1546537973104591 9 -1
1546537973109625 16381 -1
1546537973109642 3 -1
1546537973109894 9 -1
1546537973111286 9 1
1546537973113346 16380 -1
1546537973113501 4 -1
1546537973113507 9 -1
1546537973117880 13852 -1
1546537973154484 17 1
