### "'20883 240043 144924 156127 186745 210002 132610 1041050 89201 77960 74052 73308 63857 47280 55062 188177 83395 118035 107754 131983 8258 8278 89201'"
0 0 0
1546538013204677 206 1
1546538013205021 59 1
1546538013205308 78 1
1546538013205317 58 1
1546538013205325 78 1
1546538013206019 59 1
1546538013206029 59 1
1546538013206037 58 1
1546538013206043 78 1
1546538013206050 58 1
1546538013206057 78 1
1546538013210406 39 -1
1546538013210415 13 -1
1546538013210957 9 1
1546538013215488 9 -1
1546538013216102 312 -1
1546538013216189 9 -1
1546538013218228 15847 -1
1546538013218718 537 -1
1546538013218963 9 -1
1546538013221562 4499 -1
1546538013221581 132 -1
1546538013221587 9 -1
1546538013228608 15873 -1
1546538013228705 511 -1
1546538013228713 9 -1
1546538013229511 91 1
1546538013229668 15872 -1
1546538013229677 512 -1
1546538013229684 9 -1
1546538013235747 88 1
1546538013239533 15871 -1
1546538013239555 513 -1
1546538013239564 9 -1
1546538013240442 88 1
1546538013243439 15870 -1
1546538013243457 514 -1
1546538013243464 9 -1
1546538013244608 15869 -1
1546538013244624 515 -1
1546538013244634 9 -1
1546538013256231 88 1
1546538013258108 15868 -1
1546538013258126 516 -1
1546538013258132 9 -1
1546538013260348 15867 -1
1546538013260363 517 -1
1546538013261053 9 -1
1546538013262122 89 1
1546538013267160 15866 -1
1546538013267480 518 -1
1546538013267621 9 -1
1546538013270801 15865 -1
1546538013270820 519 -1
1546538013270828 9 -1
1546538013277015 88 1
1546538013278345 59 1
1546538013278360 88 1
1546538013278369 88 1
1546538013278378 88 1
1546538013280125 88 1
1546538013280141 89 1
1546538013281202 15864 -1
1546538013281840 520 -1
1546538013281852 9 -1
1546538013283925 15863 -1
1546538013291931 521 -1
1546538013291945 9 -1
1546538013292597 15862 -1
1546538013292770 522 -1
1546538013292809 9 -1
1546538013302414 15861 -1
1546538013302434 523 -1
1546538013302465 9 -1
1546538013317977 15860 -1
1546538013318256 524 -1
1546538013318464 9 -1
1546538013322182 10667 -1
1546538013322203 131 -1
1546538013322209 149 -1
1546538013326554 143 -1
1546538013326570 130 -1
1546538013326576 131 -1
1546538013326580 130 -1
1546538013326617 148 -1
1546538013326625 148 -1
1546538013326631 140 -1
1546538013326677 287 -1
1546538013326684 159 -1
1546538013326690 154 -1
1546538013326695 159 -1
1546538013326701 160 -1
1546538013326708 9 -1
1546538013329086 2439 -1
1546538013329180 9 -1
1546538013340517 15873 -1
1546538013340842 511 -1
1546538013342664 9 -1
1546538013343871 2083 -1
1546538013343890 9 -1
1546538013354066 15873 -1
1546538013354132 511 -1
1546538013354141 9 -1
1546538013364244 15873 -1
1546538013364263 511 -1
1546538013364270 9 -1
1546538013371046 15873 -1
1546538013371108 511 -1
1546538013371186 9 -1
1546538013373888 3151 -1
1546538013374132 9 -1
1546538013379676 15873 -1
1546538013382599 511 -1
1546538013382814 9 -1
1546538013383074 2617 -1
1546538013383182 9 -1
1546538013392760 15835 -1
1546538013394101 549 -1
1546538013395698 9 -1
1546538013398328 16383 -1
1546538013398345 1 -1
1546538013398350 9 -1
1546538013407480 16383 -1
1546538013407497 1 -1
1546538013407503 9 -1
1546538013464350 16383 -1
1546538013464372 1 -1
1546538013464379 9 -1
1546538013465892 16383 -1
1546538013465907 1 -1
1546538013465912 9 -1
1546538013469807 15872 -1
1546538013469824 512 -1
1546538013470284 9 -1
1546538013475036 15872 -1
1546538013479394 512 -1
1546538013479417 9 -1
1546538013483981 15872 -1
1546538013483999 512 -1
1546538013484008 9 -1
1546538013488981 15872 -1
1546538013488999 512 -1
1546538013489007 9 -1
1546538013500524 15872 -1
1546538013500623 512 -1
1546538013500634 9 -1
1546538013503799 15834 -1
1546538013503817 550 -1
1546538013503910 9 -1
1546538013509097 16382 -1
1546538013509150 2 -1
1546538013509173 9 -1
1546538013520016 16382 -1
1546538013520045 2 -1
1546538013520074 9 -1
1546538013534348 16382 -1
1546538013534366 2 -1
1546538013534372 9 -1
1546538013546919 16382 -1
1546538013546944 2 -1
1546538013546951 9 -1
1546538013568253 15871 -1
1546538013568270 513 -1
1546538013568358 9 -1
1546538013585675 15871 -1
1546538013585702 513 -1
1546538013585712 9 -1
1546538013598714 15871 -1
1546538013598743 513 -1
1546538013598892 9 -1
1546538013608153 15871 -1
1546538013608174 513 -1
1546538013608182 9 -1
1546538013618305 15871 -1
1546538013618820 513 -1
1546538013618833 9 -1
1546538013632809 15833 -1
1546538013632830 551 -1
1546538013632839 9 -1
1546538013646085 16381 -1
1546538013646227 3 -1
1546538013646518 9 -1
1546538013666795 16381 -1
1546538013666818 3 -1
1546538013666825 9 -1
1546538013690335 16381 -1
1546538013690798 3 -1
1546538013690806 9 -1
1546538013700710 16381 -1
1546538013700730 3 -1
1546538013700737 9 -1
1546538013710943 15870 -1
1546538013710964 514 -1
1546538013710972 9 -1
1546538013724574 15870 -1
1546538013724673 514 -1
1546538013724737 147 -1
1546538013724806 132 -1
1546538013724859 160 -1
1546538013724926 159 -1
1546538013724936 158 -1
1546538013724943 288 -1
1546538013724952 147 -1
1546538013724959 9 -1
1546538013736244 15870 -1
1546538013736411 514 -1
1546538013736420 9 -1
1546538013740350 15870 -1
1546538013740367 514 -1
1546538013740375 9 -1
1546538013750328 15870 -1
1546538013750348 514 -1
1546538013750356 9 -1
1546538013764574 15832 -1
1546538013764593 552 -1
1546538013764600 9 -1
1546538013767212 16380 -1
1546538013767230 4 -1
1546538013767236 9 -1
1546538013776364 16380 -1
1546538013776387 4 -1
1546538013776437 9 -1
1546538013786147 16380 -1
1546538013786168 4 -1
1546538013786219 9 -1
1546538013792698 14705 -1
1546538013792714 9 -1
1546538013799012 15869 -1
1546538013802049 515 -1
1546538013802168 9 -1
1546538013815570 15869 -1
1546538013815588 515 -1
1546538013815596 9 -1
1546538013830887 15869 -1
1546538013830904 515 -1
1546538013830912 9 -1
1546538013848967 15869 -1
1546538013848984 515 -1
1546538013848993 9 -1
1546538013864947 15869 -1
1546538013864973 515 -1
1546538013864980 9 -1
1546538013873707 15831 -1
1546538013873761 553 -1
1546538013873767 9 -1
1546538013888154 12424 -1
1546538013888174 9 -1
1546538013892294 8516 -1
1546538013892311 9 -1
1546538013897783 7772 -1
1546538013897805 9 -1
1546538013909467 15868 -1
1546538013909485 516 -1
1546538013909495 9 -1
1546538013922361 15868 -1
1546538013923841 516 -1
1546538013923861 9 -1
1546538013942993 15868 -1
1546538013943056 516 -1
1546538013943066 9 -1
1546538013950112 15868 -1
1546538013950130 516 -1
1546538013950137 9 -1
1546538013974560 15868 -1
1546538013974639 516 -1
1546538013974649 9 -1
1546538013977658 7281 -1
1546538013977700 9 -1
1546538013993508 15867 -1
1546538013993563 517 -1
1546538013993573 9 -1
1546538014009961 15867 -1
1546538014009988 517 -1
1546538014009996 9 -1
1546538014029282 15867 -1
1546538014029323 517 -1
1546538014029332 9 -1
1546538014044256 15867 -1
1546538014044273 517 -1
1546538014044280 9 -1
1546538014053585 15867 -1
1546538014053953 517 -1
1546538014053966 9 -1
1546538014068483 15866 -1
1546538014068507 518 -1
1546538014068514 9 -1
1546538014074915 15866 -1
1546538014074933 518 -1
1546538014075101 9 -1
1546538014085237 15866 -1
1546538014085258 518 -1
1546538014085265 9 -1
1546538014093041 15866 -1
1546538014093067 518 -1
1546538014093077 9 -1
1546538014100287 15866 -1
1546538014100308 518 -1
1546538014100317 9 -1
1546538014114791 15865 -1
1546538014115549 519 -1
1546538014115565 9 -1
1546538014119262 15865 -1
1546538014119278 519 -1
1546538014119285 9 -1
1546538014130700 15865 -1
1546538014130719 519 -1
1546538014130728 9 -1
1546538014132319 1538 -1
1546538014132415 9 -1
1546538014140974 15865 -1
1546538014140996 519 -1
1546538014141004 9 -1
1546538014145493 8671 -1
1546538014145513 9 -1
1546538014155617 15864 -1
1546538014155634 520 -1
1546538014155640 9 -1
1546538014162458 15864 -1
1546538014165458 520 -1
1546538014165475 9 -1
1546538014171303 15864 -1
1546538014171322 520 -1
1546538014171329 9 -1
1546538014182009 15863 -1
1546538014182064 521 -1
1546538014182072 9 -1
1546538014189498 15863 -1
1546538014189523 521 -1
1546538014189532 9 -1
1546538014202110 15863 -1
1546538014202185 521 -1
1546538014203396 9 -1
1546538014203975 6521 -1
1546538014204159 9 -1
1546538014213288 15862 -1
1546538014213304 522 -1
1546538014213383 9 -1
1546538014216542 15862 -1
1546538014216646 522 -1
1546538014216664 9 -1
1546538014222719 13394 -1
1546538014222739 9 -1
1546538014229559 15861 -1
1546538014229578 523 -1
1546538014229586 9 -1
1546538014243581 15860 -1
1546538014248654 524 -1
1546538014248671 9 -1
1546538014264968 15859 -1
1546538014264987 525 -1
1546538014264995 9 -1
1546538014284311 15858 -1
1546538014284331 526 -1
1546538014284338 9 -1
1546538014309038 15857 -1
1546538014309055 527 -1
1546538014309062 9 -1
1546538014319751 15856 -1
1546538014319772 9 -1
1546538014333892 16383 -1
1546538014333912 1 -1
1546538014333918 9 -1
1546538014345091 16383 -1
1546538014345111 1 -1
1546538014345118 9 -1
1546538014351665 15874 -1
1546538014351697 510 -1
1546538014351708 9 -1
1546538014360033 15834 -1
1546538014360048 550 -1
1546538014360056 9 -1
1546538014370393 15835 -1
1546538014370415 549 -1
1546538014370422 9 -1
1546538014386893 15834 -1
1546538014386916 550 -1
1546538014386925 9 -1
1546538014393056 15834 -1
1546538014393077 550 -1
1546538014393085 9 -1
1546538014396939 15834 -1
1546538014396956 550 -1
1546538014396962 9 -1
1546538014406709 16382 -1
1546538014406835 2 -1
1546538014406844 9 -1
1546538014412664 16382 -1
1546538014412678 2 -1
1546538014412724 9 -1
1546538014420739 15873 -1
1546538014420765 511 -1
1546538014420772 9 -1
1546538014436445 15833 -1
1546538014439165 551 -1
1546538014439189 9 -1
1546538014443548 15834 -1
1546538014446012 550 -1
1546538014446031 9 -1
1546538014460904 15833 -1
1546538014460927 551 -1
1546538014460936 9 -1
1546538014466899 15833 -1
1546538014467360 551 -1
1546538014467374 9 -1
1546538014483210 15833 -1
1546538014483234 551 -1
1546538014483245 9 -1
1546538014491874 16381 -1
1546538014491894 3 -1
1546538014492272 9 -1
1546538014502222 14512 -1
1546538014502244 9 -1
1546538014511817 15872 -1
1546538014516338 512 -1
1546538014516358 9 -1
1546538014522904 15832 -1
1546538014522925 552 -1
1546538014522933 9 -1
1546538014532148 15833 -1
1546538014532835 551 -1
1546538014532853 9 -1
1546538014550487 15832 -1
1546538014550504 552 -1
1546538014555609 9 -1
1546538014563516 79 1
1546538014564574 15832 -1
1546538014564656 552 -1
1546538014564675 9 -1
1546538014565049 78 1
1546538014565847 78 1
1546538014566365 77 1
1546538014580516 15832 -1
1546538014580877 552 -1
1546538014580921 9 -1
1546538014597549 16380 -1
1546538014597577 4 -1
1546538014597583 9 -1
1546538014604312 5910 -1
1546538014604332 9 -1
1546538014610865 15831 -1
1546538014610886 553 -1
1546538014610894 9 -1
1546538014629021 15832 -1
1546538014629314 552 -1
1546538014629325 9 -1
1546538014639843 15831 -1
1546538014639865 553 -1
1546538014639874 9 -1
1546538014652895 15831 -1
1546538014653449 553 -1
1546538014653465 9 -1
1546538014665354 15831 -1
1546538014665370 553 -1
1546538014665378 9 -1
1546538014675520 16379 -1
1546538014675539 5 -1
1546538014675545 9 -1
1546538014684045 16383 -1
1546538014684066 1 -1
1546538014684072 9 -1
1546538014692812 15831 -1
1546538014692836 553 -1
1546538014692844 9 -1
1546538014705630 15830 -1
1546538014705650 554 -1
1546538014705657 9 -1
1546538014713260 15830 -1
1546538014713285 554 -1
1546538014713344 9 -1
1546538014726404 15830 -1
1546538014726474 554 -1
1546538014726487 9 -1
1546538014740183 16378 -1
1546538014740207 6 -1
1546538014740212 9 -1
1546538014756016 16382 -1
1546538014756036 2 -1
1546538014756042 9 -1
1546538014756438 1475 -1
1546538014756451 9 -1
1546538014766315 15829 -1
1546538014770138 555 -1
1546538014770157 9 -1
1546538014780506 15829 -1
1546538014780723 555 -1
1546538014780780 9 -1
1546538014792075 15829 -1
1546538014792090 555 -1
1546538014792096 9 -1
1546538014808799 16377 -1
1546538014808818 7 -1
1546538014808824 9 -1
1546538014819053 16381 -1
1546538014819073 3 -1
1546538014819079 9 -1
1546538014830523 15828 -1
1546538014830544 556 -1
1546538014832937 9 -1
1546538014846449 15828 -1
1546538014846469 556 -1
1546538014846477 9 -1
1546538014853879 9450 -1
1546538014853899 9 -1
1546538014853910 63 1
1546538014854788 63 1
1546538014857254 63 1
1546538014862743 63 1
1546538014862757 63 1
1546538014872419 16376 -1
1546538014872443 8 -1
1546538014872448 9 -1
1546538014884470 16380 -1
1546538014884490 4 -1
1546538014884495 9 -1
1546538014903583 3347 -1
1546538014903610 9 -1
1546538014926060 15827 -1
1546538014926080 557 -1
1546538014926088 9 -1
1546538014958954 16375 -1
1546538014959020 9 -1
1546538014959026 9 -1
1546538014975266 16379 -1
1546538014975348 5 -1
1546538014975447 9 -1
1546538014975553 911 -1
1546538014975580 9 -1
1546538014985798 16374 -1
1546538014985816 10 -1
1546538014985822 9 -1
1546538014999233 16378 -1
1546538014999250 6 -1
1546538014999255 9 -1
1546538015011032 16373 -1
1546538015011049 11 -1
1546538015011108 9 -1
1546538015028777 16377 -1
1546538015028796 7 -1
1546538015028804 9 -1
1546538015033440 16372 -1
1546538015033468 12 -1
1546538015033473 9 -1
1546538015038234 7953 -1
1546538015038253 9 -1
1546538015048210 16371 -1
1546538015048226 13 -1
1546538015048231 9 -1
1546538015060606 16370 -1
1546538015060626 14 -1
1546538015060631 172 -1
1546538015060640 9 -1
1546538015068201 16369 -1
1546538015068219 15 -1
1546538015068246 147 -1
1546538015068283 147 -1
1546538015068330 178 -1
1546538015068831 9 -1
1546538015077146 16368 -1
1546538015077162 16 -1
1546538015077168 9 -1
1546538015088253 16367 -1
1546538015088270 17 -1
1546538015088274 9 -1
1546538015100266 16366 -1
1546538015100285 116 -1
1546538015100453 129 -1
1546538015100460 129 -1
1546538015100465 129 -1
1546538015100471 183 -1
1546538015100480 9 -1
1546538015101044 63 1
1546538015113624 16383 -1
1546538015113642 1 -1
1546538015113647 9 -1
1546538015113817 3329 -1
1546538015113825 9 -1
1546538015114442 3151 -1
1546538015114452 9 -1
1546538015117832 2795 -1
1546538015117849 9 -1
1546538015120438 3151 -1
1546538015120464 9 -1
1546538015127179 7963 -1
1546538015127198 9 -1
1546538015135765 8258 -1
1546538015135786 9 -1
1546538015138727 8278 -1
1546538015138745 9 -1
1546538015143698 7955 -1
1546538015143714 9 -1
1546538015156341 7722 -1
1546538015156359 9 -1
1546538015181635 16382 -1
1546538015181802 2 -1
1546538015181882 9 -1
1546538015198420 16381 -1
1546538015198441 3 -1
1546538015198448 9 -1
1546538015216217 16380 -1
1546538015216243 4 -1
1546538015216249 9 -1
1546538015240719 16379 -1
1546538015240737 5 -1
1546538015240744 9 -1
1546538015273661 16378 -1
1546538015273683 6 -1
1546538015273690 9 -1
1546538015298344 16377 -1
1546538015298359 7 -1
1546538015298364 9 -1
1546538015318900 16376 -1
1546538015318926 8 -1
1546538015318994 9 -1
1546538015328567 16375 -1
1546538015328584 9 -1
1546538015328799 9 -1
1546538015338818 16374 -1
1546538015338840 10 -1
1546538015338845 9 -1
1546538015347469 16373 -1
1546538015347484 11 -1
1546538015347490 9 -1
1546538015354973 16372 -1
1546538015355047 12 -1
1546538015355056 9 -1
1546538015360202 16371 -1
1546538015360218 13 -1
1546538015360591 9 -1
1546538015366331 16370 -1
1546538015366345 14 -1
1546538015366350 9 -1
1546538015380886 16369 -1
1546538015380905 15 -1
1546538015380911 9 -1
1546538015385343 16368 -1
1546538015385364 16 -1
1546538015385371 9 -1
1546538015397810 16367 -1
1546538015397827 17 -1
1546538015397832 9 -1
1546538015409247 16366 -1
1546538015409263 185 -1
1546538015409270 9 -1
1546538015423221 16383 -1
1546538015423237 1 -1
1546538015423406 9 -1
1546538015428406 7179 -1
1546538015428423 9 -1
1546538015445083 16382 -1
1546538015445100 2 -1
1546538015445107 9 -1
1546538015451663 16381 -1
1546538015451690 3 -1
1546538015452386 9 -1
1546538015464921 16380 -1
1546538015464938 4 -1
1546538015464944 9 -1
1546538015476209 16379 -1
1546538015476229 5 -1
1546538015476235 9 -1
1546538015490568 16378 -1
1546538015490584 6 -1
1546538015490590 9 -1
1546538015502545 16377 -1
1546538015502561 7 -1
1546538015502568 9 -1
1546538015511423 16376 -1
1546538015511438 8 -1
1546538015511443 9 -1
1546538015517320 16375 -1
1546538015517333 9 -1
1546538015517340 9 -1
1546538015521729 9422 -1
1546538017283223 88 1
1546538017290393 183 -1
1546538017290410 9 -1
1546538017304857 16383 -1
1546538017304873 1 -1
1546538017304878 9 -1
1546538017310133 16383 -1
1546538017310155 1 -1
1546538017310490 9 -1
1546538017314814 16382 -1
1546538017314833 2 -1
1546538017314838 9 -1
1546538017326205 16381 -1
1546538017326224 3 -1
1546538017326230 9 -1
1546538017336661 16380 -1
1546538017336686 4 -1
1546538017336692 9 -1
1546538017340497 7281 -1
1546538022256805 17 1
0 0 0
1546538013429810 205 1
1546538013434382 39 -1
1546538013464133 13 -1
1546538013464568 9 -1
1546538013464574 312 -1
1546538013464583 9 -1
1546538013465077 3863 -1
1546538013477106 9 1
1546538013477121 17 1
0 0 0
1546538013259735 205 1
1546538013262399 39 -1
1546538013262490 13 -1
1546538013268737 9 -1
1546538013269982 312 -1
1546538013269999 9 -1
1546538013270256 2035 -1
1546538013270277 9 1
1546538013312666 17 1
0 0 0
1546538013237329 197 1
1546538013242359 39 -1
1546538013242396 13 -1
1546538013246649 9 -1
1546538013247727 309 -1
1546538013247748 9 -1
1546538013253079 16383 -1
1546538013253096 1 -1
1546538013253101 9 -1
1546538013255027 16383 -1
1546538013255044 1 -1
1546538013255049 9 -1
1546538013263698 9 1
1546538013265721 16382 -1
1546538013265743 2 -1
1546538013265751 9 -1
1546538013267153 16381 -1
1546538013267604 3 -1
1546538013268044 9 -1
1546538013276042 16383 -1
1546538013276066 1 -1
1546538013276072 9 -1
1546538013291506 16382 -1
1546538013291527 2 -1
1546538013291533 9 -1
1546538013295564 16383 -1
1546538013295583 1 -1
1546538013295588 9 -1
1546538013300331 16382 -1
1546538013300393 2 -1
1546538013300399 9 -1
1546538013312987 13852 -1
1546538013340651 17 1
0 0 0
1546538013216651 205 1
1546538013221191 39 -1
1546538013221202 13 -1
1546538013222638 9 1
1546538013228750 9 -1
1546538013228758 311 -1
1546538013228767 9 -1
1546538013259200 3329 -1
1546538013272450 17 1
0 0 0
1546538013237563 205 1
1546538013239871 39 -1
1546538013240295 13 -1
1546538013244156 9 -1
1546538013245144 310 -1
1546538013245157 9 -1
1546538013245210 2567 -1
1546538013259916 9 1
1546538013261383 17 1
