### "'352755 51923 16298 127001 53245 143891 63336 18022 36793 85520 34167 28242 9928 10181 8338 127001 53245'"
0 0 0
1546539222944497 211 1
1546539222944511 58 1
1546539222944520 58 1
1546539222944527 58 1
1546539222944536 58 1
0 0 0
1546539223020602 210 1
0 0 0
1546539222988549 210 1
0 0 0
1546539223020436 189 1
0 0 0
1546539223009168 188 1
1546539223020533 39 -1
1546539223020541 13 -1
1546539223020547 9 -1
1546539223022167 294 -1
1546539223022248 9 -1
1546539223023630 9 1
1546539223026743 16383 -1
1546539223026764 1 -1
1546539223026772 9 -1
1546539223029089 16382 -1
1546539223029106 2 -1
1546539223029114 9 -1
1546539223032339 16381 -1
1546539223032357 3 -1
1546539223032451 9 -1
1546539223034186 16383 -1
1546539223034204 1 -1
1546539223034210 9 -1
1546539223039978 16382 -1
1546539223039998 2 -1
1546539223040063 9 -1
1546539223045788 16381 -1
1546539223045808 3 -1
1546539223045814 9 -1
1546539223048366 16380 -1
1546539223048392 4 -1
1546539223048397 9 -1
1546539223053855 16379 -1
1546539223055010 5 -1
1546539223055081 9 -1
1546539223059971 16383 -1
1546539223059990 1 -1
1546539223059996 9 -1
1546539223069351 16382 -1
1546539223069369 2 -1
1546539223069399 9 -1
1546539223075194 16381 -1
1546539223075212 3 -1
1546539223075217 9 -1
1546539223089812 16380 -1
1546539223089832 4 -1
1546539223089839 9 -1
1546539223102200 16379 -1
1546539223102216 5 -1
1546539223102223 9 -1
1546539223120988 16378 -1
1546539223121009 6 -1
1546539223121018 9 -1
1546539223129531 16377 -1
1546539223129550 7 -1
1546539223129555 9 -1
1546539223147000 16376 -1
1546539223147025 8 -1
1546539223147033 9 -1
1546539223162329 16375 -1
1546539223162350 9 -1
1546539223162357 9 -1
1546539223172911 16374 -1
1546539223172940 10 -1
1546539223173523 9 -1
1546539223189632 16373 -1
1546539223189652 11 -1
1546539223189659 9 -1
1546539223200370 16372 -1
1546539223200390 12 -1
1546539223200397 9 -1
1546539223214911 16371 -1
1546539223214929 13 -1
1546539223214935 9 -1
1546539223234316 8691 -1
1546539223235766 17 1
0 0 0
1546539224024998 219 1
1546539224030852 39 -1
1546539224030860 13 -1
1546539224031313 9 1
1546539224038139 9 -1
1546539224038153 321 -1
1546539224038167 9 -1
1546539224039273 16383 -1
1546539224039293 1 -1
1546539224039299 9 -1
1546539224044419 16383 -1
1546539224044439 1 -1
1546539224044448 9 -1
1546539224051484 16382 -1
1546539224051506 2 -1
1546539224051513 9 -1
1546539224052195 2771 -1
1546539224081661 17 1
0 0 0
1546539224108992 218 1
1546539224109009 73 1
1546539224113402 77 1
1546539224113613 78 1
1546539224113624 78 1
1546539224113968 78 1
1546539224113979 88 1
1546539224114105 89 1
1546539224114116 88 1
1546539224114126 88 1
1546539224114135 88 1
1546539224114146 88 1
1546539224114237 89 1
1546539224114495 88 1
1546539224116041 39 -1
1546539224116049 13 -1
1546539224118198 9 1
1546539224119621 9 -1
1546539224121156 305 -1
1546539224121186 9 -1
1546539224122931 16298 -1
1546539224123129 160 -1
1546539224123141 9 -1
1546539224125525 16383 -1
1546539224125542 1 -1
1546539224125547 9 -1
1546539224126028 16382 -1
1546539224126042 2 -1
1546539224126052 9 -1
1546539224148329 16381 -1
1546539224148358 3 -1
1546539224148368 9 -1
1546539224156253 16380 -1
1546539224156273 4 -1
1546539224156278 9 -1
1546539224157856 16379 -1
1546539224158020 5 -1
1546539224158027 9 -1
1546539224159744 16378 -1
1546539224159766 6 -1
1546539224159773 9 -1
1546539224161770 16377 -1
1546539224161790 7 -1
1546539224161796 9 -1
1546539224179494 12313 -1
1546539224179519 148 -1
1546539224179551 148 -1
1546539224179559 147 -1
1546539224179567 148 -1
1546539224179574 158 -1
1546539224179813 159 -1
1546539224179820 147 -1
1546539224179827 159 -1
1546539224179833 287 -1
1546539224179841 160 -1
1546539224179846 158 -1
1546539224179854 159 -1
1546539224179859 9 -1
1546539224179975 2795 -1
1546539224179985 9 -1
1546539224179988 2617 -1
1546539224180270 9 -1
1546539224180449 3329 -1
1546539224180464 9 -1
1546539224181066 2973 -1
1546539224181079 9 -1
1546539224183880 15835 -1
1546539224183898 549 -1
1546539224183906 9 -1
1546539224185760 15834 -1
1546539224185779 550 -1
1546539224185788 9 -1
1546539224191279 16383 -1
1546539224191304 1 -1
1546539224191311 9 -1
1546539224211127 15835 -1
1546539224211145 549 -1
1546539224211152 9 -1
1546539224211682 15835 -1
1546539224211693 549 -1
1546539224211791 9 -1
1546539224222246 15835 -1
1546539224222263 549 -1
1546539224222272 9 -1
1546539224244332 15835 -1
1546539224244368 549 -1
1546539224244377 9 -1
1546539224259763 15835 -1
1546539224262036 549 -1
1546539224262053 9 -1
1546539224281800 15834 -1
1546539224281882 550 -1
1546539224281966 9 -1
1546539224293327 15833 -1
1546539224293343 551 -1
1546539224293434 9 -1
1546539224315129 16382 -1
1546539224315149 2 -1
1546539224315155 9 -1
1546539224349320 66 1
1546539224349334 63 1
1546539224349342 63 1
1546539224349350 63 1
1546539224349357 63 1
1546539224350388 63 1
1546539224355008 15834 -1
1546539224355028 550 -1
1546539224355036 9 -1
1546539224355270 1638 -1
1546539224355377 9 -1
1546539224360207 15834 -1
1546539224360700 550 -1
1546539224360713 9 -1
1546539224366878 15834 -1
1546539224366896 550 -1
1546539224366903 9 -1
1546539224386518 11858 -1
1546539224386535 9 -1
1546539224391691 15833 -1
1546539224395632 551 -1
1546539224395645 9 -1
1546539224408936 15832 -1
1546539224408955 552 -1
1546539224408962 9 -1
1546539224421058 16381 -1
1546539224421495 3 -1
1546539224421501 9 -1
1546539224434922 4025 -1
1546539224434938 9 -1
1546539224441097 15833 -1
1546539224447353 551 -1
1546539224447372 9 -1
1546539224447378 1399 -1
1546539224447386 9 -1
1546539224448540 4093 -1
1546539224448557 9 -1
1546539224453024 15831 -1
1546539224453045 553 -1
1546539224453125 9 -1
1546539224463815 14184 -1
1546539224463834 9 -1
1546539224470221 15832 -1
1546539224470240 552 -1
1546539224470246 9 -1
1546539224481529 16383 -1
1546539224481549 1 -1
1546539224481555 9 -1
1546539224490393 15831 -1
1546539224490414 553 -1
1546539224490423 9 -1
1546539224503013 16382 -1
1546539224503030 2 -1
1546539224503035 9 -1
1546539224506312 3600 -1
1546539224506324 9 -1
1546539224527020 16381 -1
1546539224527035 3 -1
1546539224527040 9 -1
1546539224543393 16380 -1
1546539224543409 4 -1
1546539224543415 9 -1
1546539224555709 12819 -1
1546539224555824 130 -1
1546539224555832 130 -1
1546539224555837 117 -1
1546539224555841 129 -1
1546539224556104 130 -1
1546539224556110 117 -1
1546539224556114 9 -1
1546539224566704 9928 -1
1546539224566720 9 -1
1546539224578898 10181 -1
1546539224578915 9 -1
1546539224579378 5748 -1
1546539224580123 9 -1
1546539224588992 6854 -1
1546539224589013 9 -1
1546539224594048 6836 -1
1546539224594066 9 -1
1546539224595042 8338 -1
1546539226773795 88 1
1546539226781705 183 -1
1546539226782906 9 -1
1546539226788382 16383 -1
1546539226788402 1 -1
1546539226788409 9 -1
1546539226795473 16383 -1
1546539226795492 1 -1
1546539226795498 9 -1
1546539226803386 16382 -1
1546539226803408 2 -1
1546539226803415 9 -1
1546539226811565 16381 -1
1546539226811588 3 -1
1546539226811594 9 -1
1546539226820068 88 1
1546539226827141 16383 -1
1546539226827161 1 -1
1546539226827421 9 -1
1546539226831279 16382 -1
1546539226831480 2 -1
1546539226831968 9 -1
1546539226839158 16383 -1
1546539226839178 1 -1
1546539226839186 9 -1
1546539226848335 12313 -1
1546539226848370 262 -1
1546539226848420 9 -1
1546539226857182 16383 -1
1546539226857199 1 -1
1546539226857205 9 -1
1546539226866505 16383 -1
1546539226866527 1 -1
1546539226866832 9 -1
1546539226875981 16382 -1
1546539226876135 2 -1
1546539226876142 9 -1
1546539226878485 4093 -1
1546539236055549 17 1
