### "'16298 163016 66644 352755 88312 242557 187268 127001 53245 63336 143891 18022 36793 34167 85520 28242 16298 9928 10181 8338 127001 53245'"
0 0 0
1546539532247327 188 1
1546539532254515 39 -1
1546539532254522 13 -1
1546539532255076 9 1
1546539532257651 9 -1
1546539532259276 294 -1
1546539532259294 9 -1
1546539532271894 16383 -1
1546539532271908 1 -1
1546539532271915 9 -1
1546539532278715 16383 -1
1546539532278730 1 -1
1546539532278736 9 -1
1546539532281581 16382 -1
1546539532281602 2 -1
1546539532281609 9 -1
1546539532287961 16383 -1
1546539532288058 1 -1
1546539532288064 9 -1
1546539532290758 16382 -1
1546539532291182 2 -1
1546539532291189 9 -1
1546539532291985 16383 -1
1546539532292003 1 -1
1546539532292079 9 -1
1546539532294112 16382 -1
1546539532294185 2 -1
1546539532294191 9 -1
1546539532295626 16383 -1
1546539532295715 1 -1
1546539532295795 9 -1
1546539532297581 16382 -1
1546539532297608 2 -1
1546539532297614 9 -1
1546539532300896 16381 -1
1546539532300917 3 -1
1546539532300924 9 -1
1546539532302586 16380 -1
1546539532302600 4 -1
1546539532302606 9 -1
1546539532304235 16379 -1
1546539532304433 5 -1
1546539532304440 9 -1
1546539532308111 16378 -1
1546539532308130 6 -1
1546539532309084 9 -1
1546539532311144 16377 -1
1546539532311625 7 -1
1546539532311633 9 -1
1546539532313763 16376 -1
1546539532313782 8 -1
1546539532313787 9 -1
1546539532315668 16375 -1
1546539532315684 9 -1
1546539532315690 9 -1
1546539532318395 16374 -1
1546539532318410 10 -1
1546539532318417 9 -1
1546539532321087 16373 -1
1546539532321107 11 -1
1546539532321114 9 -1
1546539532324538 16372 -1
1546539532324554 12 -1
1546539532324619 9 -1
1546539532326719 16371 -1
1546539532326748 13 -1
1546539532326758 9 -1
1546539532328855 16370 -1
1546539532328875 14 -1
1546539532328882 9 -1
1546539532329996 8691 -1
1546539532370098 17 1
0 0 0
1546539532282242 189 1
1546539532287716 39 -1
1546539532287820 13 -1
1546539532288567 9 1
1546539532292177 9 -1
1546539532293800 295 -1
1546539532293818 9 -1
1546539532299368 16383 -1
1546539532299533 1 -1
1546539532299542 9 -1
1546539532301574 16382 -1
1546539532302054 2 -1
1546539532302298 9 -1
1546539532305035 16381 -1
1546539532305767 3 -1
1546539532305883 9 -1
1546539532310224 16380 -1
1546539532310241 4 -1
1546539532310246 9 -1
1546539532311931 16383 -1
1546539532311944 1 -1
1546539532311950 9 -1
1546539532313878 16382 -1
1546539532313889 2 -1
1546539532313896 9 -1
1546539532316061 16381 -1
1546539532316078 3 -1
1546539532316084 9 -1
1546539532319106 16380 -1
1546539532319124 4 -1
1546539532319738 9 -1
1546539532324652 16379 -1
1546539532324723 5 -1
1546539532324731 9 -1
1546539532331672 16378 -1
1546539532331686 6 -1
1546539532331693 9 -1
1546539532340521 16377 -1
1546539532340540 7 -1
1546539532340547 9 -1
1546539532348929 16376 -1
1546539532349558 8 -1
1546539532349568 9 -1
1546539532353169 16375 -1
1546539532353189 9 -1
1546539532353200 9 -1
1546539532371184 16374 -1
1546539532371201 10 -1
1546539532371209 9 -1
1546539532395716 13181 -1
1546539532396486 17 1
0 0 0
1546539532272521 219 1
0 0 0
1546539532279090 210 1
1546539532288971 39 -1
1546539532289105 13 -1
1546539532290700 9 -1
1546539532291013 335 -1
1546539532291319 9 -1
1546539532294276 7190 -1
1546539532294293 9 1
1546539532337687 17 1
0 0 0
1546539532278635 211 1
0 0 0
1546539532233140 210 1
1546539532233154 58 1
1546539532233301 58 1
1546539532234069 58 1
1546539532235925 58 1
1546539532240199 39 -1
1546539532240208 13 -1
1546539532240693 9 1
1546539532246263 9 -1
1546539532246274 305 -1
1546539532246291 9 -1
1546539532247820 16298 -1
1546539532247843 131 -1
1546539532247916 9 -1
1546539532252005 15873 -1
1546539532252241 511 -1
1546539532252253 9 -1
1546539532256814 15872 -1
1546539532256950 512 -1
1546539532256963 9 -1
1546539532257060 16383 -1
1546539532257069 1 -1
1546539532257073 9 -1
1546539532257205 16382 -1
1546539532257213 2 -1
1546539532257218 130 -1
1546539532257223 9 -1
1546539532277562 15874 -1
1546539532277872 510 -1
1546539532277880 9 -1
1546539532280936 15873 -1
1546539532280957 511 -1
1546539532280966 9 -1
1546539532282630 15872 -1
1546539532282765 512 -1
1546539532282824 9 -1
1546539532288722 15871 -1
1546539532288736 513 -1
1546539532288745 9 -1
1546539532294058 1108 -1
1546539532294069 130 -1
1546539532294104 131 -1
1546539532294121 9 -1
1546539532295881 16383 -1
1546539532295977 1 -1
1546539532296138 9 -1
1546539532298962 15874 -1
1546539532298982 510 -1
1546539532299104 9 -1
1546539532301544 15873 -1
1546539532301890 511 -1
1546539532302145 9 -1
1546539532303364 91 1
1546539532304635 16382 -1
1546539532304702 2 -1
1546539532305560 9 -1
1546539532310108 15873 -1
1546539532310126 511 -1
1546539532310585 9 -1
1546539532313137 15872 -1
1546539532313157 512 -1
1546539532313165 9 -1
1546539532314729 16381 -1
1546539532315006 3 -1
1546539532315012 9 -1
1546539532317716 15872 -1
1546539532317737 512 -1
1546539532317746 9 -1
1546539532323243 15871 -1
1546539532323496 513 -1
1546539532323508 9 -1
1546539532324282 88 1
1546539532331599 89 1
1546539532333595 88 1
1546539532335156 16380 -1
1546539532335177 4 -1
1546539532335183 9 -1
1546539532336356 88 1
1546539532350518 15871 -1
1546539532350539 513 -1
1546539532350548 9 -1
1546539532352019 15870 -1
1546539532354827 514 -1
1546539532354848 9 -1
1546539532359806 88 1
1546539532361377 88 1
1546539532364070 89 1
1546539532366168 88 1
1546539532370625 16379 -1
1546539532370667 5 -1
1546539532370676 9 -1
1546539532380803 15870 -1
1546539532380822 514 -1
1546539532381174 9 -1
1546539532399821 15869 -1
1546539532399839 515 -1
1546539532399845 9 -1
1546539532416607 15560 -1
1546539532416624 9 -1
1546539532422378 6392 -1
1546539532422396 9 -1
1546539532444687 15868 -1
1546539532444890 516 -1
1546539532444901 9 -1
1546539532484209 15867 -1
1546539532484265 517 -1
1546539532484287 9 -1
1546539532528320 15866 -1
1546539532528345 518 -1
1546539532528353 9 -1
1546539532540574 15865 -1
1546539532540593 519 -1
1546539532540600 9 -1
1546539532559613 15864 -1
1546539532559844 520 -1
1546539532559854 9 -1
1546539532576497 15863 -1
1546539532576631 521 -1
1546539532576643 9 -1
1546539532595158 7044 -1
1546539532595176 160 -1
1546539532595184 158 -1
1546539532595516 160 -1
1546539532595525 160 -1
1546539532595573 159 -1
1546539532595580 286 -1
1546539532595586 159 -1
1546539532595594 160 -1
1546539532596261 158 -1
1546539532596273 9 -1
1546539532619223 16383 -1
1546539532619243 1 -1
1546539532619249 9 -1
1546539532652971 16383 -1
1546539532652991 1 -1
1546539532652998 9 -1
1546539532670537 16383 -1
1546539532670558 1 -1
1546539532670564 9 -1
1546539532688702 15835 -1
1546539532688725 549 -1
1546539532688733 9 -1
1546539532700869 16383 -1
1546539532700884 1 -1
1546539532700891 9 -1
1546539532710718 16383 -1
1546539532710735 1 -1
1546539532710748 9 -1
1546539532719608 16383 -1
1546539532719629 1 -1
1546539532719993 9 -1
1546539532731727 16383 -1
1546539532731756 1 -1
1546539532731762 9 -1
1546539532739901 16383 -1
1546539532739918 1 -1
1546539532739963 9 -1
1546539532761650 16382 -1
1546539532761665 2 -1
1546539532761671 9 -1
1546539532763140 16382 -1
1546539532763155 2 -1
1546539532763310 9 -1
1546539532767549 16382 -1
1546539532767565 2 -1
1546539532767570 9 -1
1546539532778550 15834 -1
1546539532778613 550 -1
1546539532778621 9 -1
1546539532788414 16382 -1
1546539532788627 2 -1
1546539532788636 9 -1
1546539532797622 1638 -1
1546539532797641 9 -1
1546539532806598 16382 -1
1546539532806624 2 -1
1546539532806630 9 -1
1546539532821330 16382 -1
1546539532821346 2 -1
1546539532821351 9 -1
1546539532848395 11858 -1
1546539532848414 9 -1
1546539532868543 16381 -1
1546539532868561 3 -1
1546539532868604 9 -1
1546539532886697 16381 -1
1546539532886714 3 -1
1546539532886802 9 -1
1546539532898750 16381 -1
1546539532898767 3 -1
1546539532898773 9 -1
1546539532912058 16383 -1
1546539532912114 1 -1
1546539532912120 9 -1
1546539532912749 4025 -1
1546539532912759 9 -1
1546539532925842 16381 -1
1546539532925861 3 -1
1546539532925867 9 -1
1546539532925871 1399 -1
1546539532925878 9 -1
1546539532932830 16380 -1
1546539532932857 4 -1
1546539532932862 9 -1
1546539532933965 4093 -1
1546539532933982 9 -1
1546539532949218 16380 -1
1546539532949235 4 -1
1546539532949241 9 -1
1546539532952804 14184 -1
1546539532952824 9 -1
1546539532961336 16380 -1
1546539532961715 4 -1
1546539532961722 9 -1
1546539532970159 16379 -1
1546539532970179 5 -1
1546539532970347 9 -1
1546539532982238 16379 -1
1546539532982259 5 -1
1546539532982461 9 -1
1546539532993429 16379 -1
1546539532993526 5 -1
1546539532993618 9 -1
1546539533009001 16378 -1
1546539533009417 6 -1
1546539533009519 9 -1
1546539533023727 16378 -1
1546539533023744 6 -1
1546539533024084 9 -1
1546539533028837 3600 -1
1546539533029389 9 -1
1546539533041783 16377 -1
1546539533041810 7 -1
1546539533041817 9 -1
1546539533068169 16377 -1
1546539533068192 7 -1
1546539533068198 9 -1
1546539533079297 12313 -1
1546539533079315 9 -1
1546539533105182 16376 -1
1546539533105326 8 -1
1546539533105335 9 -1
1546539533116063 12819 -1
1546539536000416 73 1
1546539536000430 77 1
1546539536000459 78 1
1546539536000549 78 1
1546539536000891 78 1
1546539536007199 165 -1
1546539536007217 9 -1
1546539536036920 16298 -1
1546539536036941 148 -1
1546539536036949 9 -1
1546539536039094 2795 -1
1546539536039130 135 -1
1546539536039137 9 -1
1546539536044591 2617 -1
1546539536044664 147 -1
1546539536044672 9 -1
1546539536050330 3329 -1
1546539536050351 148 -1
1546539536050359 9 -1
1546539536051411 2973 -1
1546539536127578 63 1
1546539536132771 63 1
1546539536132837 63 1
1546539536133254 63 1
1546539536133268 63 1
1546539536133916 63 1
1546539536134097 130 -1
1546539536134211 9 -1
1546539536140967 9928 -1
1546539536140988 234 -1
1546539536140997 9 -1
1546539536151667 10181 -1
1546539536151684 130 -1
1546539536151689 9 -1
1546539536157806 5748 -1
1546539536157825 129 -1
1546539536157830 9 -1
1546539536173885 6836 -1
1546539536173902 130 -1
1546539536173908 9 -1
1546539536175068 6854 -1
1546539536175084 117 -1
1546539536175089 9 -1
1546539536399631 8338 -1
1546539539621872 88 1
1546539539630416 183 -1
1546539539630717 9 -1
1546539539642917 88 1
1546539539649040 16383 -1
1546539539649233 1 -1
1546539539649249 9 -1
1546539539665755 16383 -1
1546539539665776 1 -1
1546539539665782 9 -1
1546539539678506 16382 -1
1546539539678523 2 -1
1546539539678529 9 -1
1546539539688208 16381 -1
1546539539688226 3 -1
1546539539688308 9 -1
1546539539700564 16383 -1
1546539539700582 1 -1
1546539539700588 9 -1
1546539539718195 16382 -1
1546539539718233 2 -1
1546539539718239 158 -1
1546539539718247 9 -1
1546539539733001 16383 -1
1546539539733038 1 -1
1546539539733044 9 -1
1546539539748894 16383 -1
1546539539748914 1 -1
1546539539748919 9 -1
1546539539766773 12313 -1
1546539539766792 9 -1
1546539539772071 16382 -1
1546539539772091 2 -1
1546539539772098 9 -1
1546539539785289 16381 -1
1546539539785464 3 -1
1546539539785575 9 -1
1546539539792138 4093 -1
1546539542978442 17 1
