### "'74652 32691 43656 114250 197877 22950 41967 76296 9468 10930 11086 12284 248148 219994 308132 116761 53385 76296'"
0 0 0
1546541423308193 197 1
1546541423308290 79 1
1546541423308392 78 1
1546541423308959 77 1
1546541423309159 78 1
1546541423309169 78 1
1546541423317409 59 1
1546541423317693 79 1
1546541423317702 78 1
1546541423317732 78 1
1546541423317749 78 1
1546541423317953 59 1
1546541423317964 78 1
1546541423317997 78 1
1546541423318192 78 1
1546541423318201 78 1
1546541423318379 58 1
1546541423319005 79 1
1546541423319020 59 1
1546541423319229 78 1
1546541423319239 77 1
1546541423325193 39 -1
1546541423325201 13 -1
1546541423325222 9 -1
1546541423325254 306 -1
1546541423325267 9 -1
1546541423329827 67 1
1546541423329843 88 1
1546541423331078 9 1
1546541423332354 15855 -1
1546541423333915 529 -1
1546541423333933 9 -1
1546541423334513 89 1
1546541423337107 16383 -1
1546541423337125 1 -1
1546541423337132 9 -1
1546541423338221 16382 -1
1546541423338241 2 -1
1546541423338249 9 -1
1546541423340640 16383 -1
1546541423340687 1 -1
1546541423340693 9 -1
1546541423341197 9116 -1
1546541423341231 148 -1
1546541423341238 9 -1
1546541423341963 15847 -1
1546541423341998 537 -1
1546541423342005 9 -1
1546541423343538 15846 -1
1546541423343620 461 -1
1546541423343674 148 -1
1546541423343682 147 -1
1546541423343720 146 -1
1546541423343761 148 -1
1546541423343881 131 -1
1546541423343922 148 -1
1546541423343963 148 -1
1546541423343970 148 -1
1546541423344026 274 -1
1546541423344055 9 -1
1546541423344225 2795 -1
1546541423344233 9 -1
1546541423345150 2439 -1
1546541423345165 9 -1
1546541423345641 3329 -1
1546541423345654 9 -1
1546541423345869 3507 -1
1546541423345880 9 -1
1546541423347415 15874 -1
1546541423347437 510 -1
1546541423347445 9 -1
1546541423350437 2617 -1
1546541423350456 9 -1
1546541423350614 3685 -1
1546541423350627 9 -1
1546541423354116 3151 -1
1546541423354148 9 -1
1546541423354612 3151 -1
1546541423354631 9 -1
1546541423364390 15873 -1
1546541423364409 511 -1
1546541423364417 9 -1
1546541423364968 10888 -1
1546541423365084 113 -1
1546541423365091 148 -1
1546541423365100 72 -1
1546541423365104 147 -1
1546541423365142 144 -1
1546541423365170 132 -1
1546541423365178 148 -1
1546541423365187 130 -1
1546541423365193 147 -1
1546541423365218 147 -1
1546541423365227 285 -1
1546541423365398 151 -1
1546541423365409 9 -1
1546541423371072 15873 -1
1546541423371090 511 -1
1546541423371096 9 -1
1546541423371160 3863 -1
1546541423371181 9 -1
1546541423374974 2339 -1
1546541423375061 9 -1
1546541423376232 3507 -1
1546541423376308 9 -1
1546541423376681 3329 -1
1546541423376768 9 -1
1546541423388475 15873 -1
1546541423388698 511 -1
1546541423388876 9 -1
1546541423389885 1794 -1
1546541423390406 9 -1
1546541423397063 15874 -1
1546541423397714 510 -1
1546541423397732 9 -1
1546541423399710 2617 -1
1546541423399756 9 -1
1546541423401941 2973 -1
1546541423401997 9 -1
1546541423403933 5491 -1
1546541423403988 9 -1
1546541423413756 16383 -1
1546541423414052 1 -1
1546541423414440 9 -1
1546541423425199 15872 -1
1546541423425255 512 -1
1546541423425298 9 -1
1546541423439615 15872 -1
1546541423439980 512 -1
1546541423440033 9 -1
1546541423441164 6566 -1
1546541423441269 9 -1
1546541423450006 16382 -1
1546541423450107 2 -1
1546541423450443 9 -1
1546541423457229 15871 -1
1546541423457359 513 -1
1546541423461003 9 -1
1546541423474430 15871 -1
1546541423474465 513 -1
1546541423474636 9 -1
1546541423479134 9199 -1
1546541423479153 9 -1
1546541423499047 15870 -1
1546541423499070 514 -1
1546541423499078 9 -1
1546541423513725 15870 -1
1546541423513818 514 -1
1546541423514058 9 -1
1546541423531348 15869 -1
1546541423531388 515 -1
1546541423531456 9 -1
1546541423553971 15869 -1
1546541423554999 515 -1
1546541423555016 9 -1
1546541423565503 15868 -1
1546541423565523 516 -1
1546541423565531 9 -1
1546541423578679 15868 -1
1546541423579107 516 -1
1546541423579333 9 -1
1546541423588417 15867 -1
1546541423588438 79 -1
1546541423588451 9 -1
1546541423595963 15867 -1
1546541423596123 517 -1
1546541423596306 9 -1
1546541423605136 15866 -1
1546541423605612 518 -1
1546541423605634 9 -1
1546541423617778 15865 -1
1546541423617799 519 -1
1546541423617807 9 -1
1546541423631856 15864 -1
1546541423632034 520 -1
1546541423632140 9 -1
1546541423645607 15863 -1
1546541423645693 521 -1
1546541423646012 9 -1
1546541423659666 15862 -1
1546541423659767 522 -1
1546541423659778 9 -1
1546541423659914 1269 -1
1546541423660066 159 -1
1546541423660078 9 -1
1546541423672795 16383 -1
1546541423672816 1 -1
1546541423672822 9 -1
1546541423682388 16382 -1
1546541423682416 2 -1
1546541423682422 9 -1
1546541423707226 16381 -1
1546541423707271 3 -1
1546541423707318 9 -1
1546541423717040 16380 -1
1546541423717058 4 -1
1546541423717067 9 -1
1546541423739834 10760 -1
1546541424630949 79 1
1546541424632262 77 1
1546541424632880 78 1
1546541424632895 78 1
1546541424633359 78 1
1546541424636658 172 -1
1546541424636675 9 -1
1546541424637245 2617 -1
1546541424643253 147 -1
1546541424643285 9 -1
1546541424643289 2617 -1
1546541424643297 173 -1
1546541424648817 9 -1
1546541424648828 2617 -1
1546541424648839 147 -1
1546541424650005 9 -1
1546541424650061 1265 -1
1546541424650071 146 -1
1546541424650189 9 -1
1546541424650602 3151 -1
1546541424812724 63 1
1546541424812781 63 1
1546541424812790 63 1
1546541424812798 63 1
1546541424812879 63 1
1546541424812888 63 1
1546541424819398 129 -1
1546541424819405 9 -1
1546541424824979 9468 -1
1546541424824998 131 -1
1546541424825004 9 -1
1546541424830330 10930 -1
1546541424830345 228 -1
1546541424830350 9 -1
1546541424835302 7838 -1
1546541424835324 130 -1
1546541424835331 9 -1
1546541424836785 6642 -1
1546541424836803 130 -1
1546541424836809 9 -1
1546541424842671 6984 -1
1546541424842693 154 -1
1546541424842701 9 -1
1546541424846747 11086 -1
1546541425056048 405 1
1546541425062132 161 -1
1546541425062150 9 -1
1546541425070835 12284 -1
1546541427742441 78 1
1546541427748594 170 -1
1546541427748623 9 -1
1546541427749032 3151 -1
1546541427757205 78 1
1546541427763754 147 -1
1546541427763773 9 -1
1546541427791365 3329 -1
1546541427791390 58 1
1546541427791401 58 1
1546541427791411 58 1
1546541427798010 132 -1
1546541427798020 9 -1
1546541427804016 15873 -1
1546541427807581 511 -1
1546541427807598 9 -1
1546541427814442 16383 -1
1546541427814569 1 -1
1546541427814577 9 -1
1546541427821049 78 1
1546541427821062 79 1
1546541427821071 78 1
1546541427821078 78 1
1546541427821086 78 1
1546541427821096 58 1
1546541427821105 78 1
1546541427821111 79 1
1546541427829743 78 1
1546541427829756 78 1
1546541427829763 78 1
1546541427829770 78 1
1546541427830129 78 1
1546541427830244 78 1
1546541427830365 78 1
1546541427830535 78 1
1546541427831786 16382 -1
1546541427832104 2 -1
1546541427832156 9 -1
1546541427835837 16383 -1
1546541427835857 1 -1
1546541427835862 9 -1
1546541427848943 16382 -1
1546541427849128 2 -1
1546541427849135 9 -1
1546541427854776 16381 -1
1546541427854794 3 -1
1546541427854858 9 -1
1546541427873189 16380 -1
1546541427873210 4 -1
1546541427873216 9 -1
1546541427878094 88 1
1546541427878633 16379 -1
1546541427878652 5 -1
1546541427878659 9 -1
1546541427880703 88 1
1546541427888712 16378 -1
1546541427888732 6 -1
1546541427888738 9 -1
1546541427893675 16377 -1
1546541427893703 7 -1
1546541427896194 108 -1
1546541427896204 109 -1
1546541427896207 147 -1
1546541427896219 252 -1
1546541427896224 72 -1
1546541427896227 132 -1
1546541427896231 148 -1
1546541427896235 147 -1
1546541427896240 172 -1
1546541427896244 148 -1
1546541427896248 142 -1
1546541427896253 150 -1
1546541427896257 147 -1
1546541427896262 148 -1
1546541427896266 252 -1
1546541427896271 72 -1
1546541427896274 148 -1
1546541427896279 72 -1
1546541427896282 9 -1
1546541427909178 16383 -1
1546541427909199 1 -1
1546541427909206 9 -1
1546541427916927 15873 -1
1546541427916949 511 -1
1546541427917023 9 -1
1546541427926738 16383 -1
1546541427926758 1 -1
1546541427926766 9 -1
1546541427928600 2439 -1
1546541427928633 9 -1
1546541427929835 2617 -1
1546541427929887 9 -1
1546541427931788 3151 -1
1546541427931810 9 -1
1546541427932573 2111 -1
1546541427932591 9 -1
1546541427935318 1905 -1
1546541427935340 9 -1
1546541427943056 15873 -1
1546541427945907 511 -1
1546541427945925 9 -1
1546541427946848 3329 -1
1546541427946863 9 -1
1546541427948842 2795 -1
1546541427948855 9 -1
1546541427949119 2261 -1
1546541427949128 9 -1
1546541427952218 2795 -1
1546541427952236 9 -1
1546541427953186 2439 -1
1546541427953199 9 -1
1546541427954797 3151 -1
1546541427954812 9 -1
1546541427954817 2035 -1
1546541427954907 9 -1
1546541427956342 2973 -1
1546541427956355 9 -1
1546541427958037 3329 -1
1546541427958050 9 -1
1546541427958892 2111 -1
1546541427958904 9 -1
1546541427993661 16382 -1
1546541427993692 2 -1
1546541427993701 9 -1
1546541427999499 15872 -1
1546541428012210 512 -1
1546541428012227 9 -1
1546541428021160 16382 -1
1546541428021185 2 -1
1546541428021191 9 -1
1546541428023764 15872 -1
1546541428025472 512 -1
1546541428025493 9 -1
1546541428028264 16381 -1
1546541428028282 3 -1
1546541428028288 9 -1
1546541428039317 15871 -1
1546541428039333 513 -1
1546541428039340 9 -1
1546541428083596 16381 -1
1546541428083617 3 -1
1546541428083625 9 -1
1546541428093267 16383 -1
1546541428093284 1 -1
1546541428093290 9 -1
1546541428098316 16380 -1
1546541428098331 4 -1
1546541428098336 9 -1
1546541428120063 15870 -1
1546541428120091 514 -1
1546541428120101 9 -1
1546541428126099 16380 -1
1546541428126220 4 -1
1546541428126227 9 -1
1546541428146403 16382 -1
1546541428146424 2 -1
1546541428146429 9 -1
1546541428161268 16379 -1
1546541428161287 5 -1
1546541428161797 9 -1
1546541428185513 15869 -1
1546541428185532 515 -1
1546541428185610 9 -1
1546541428197796 16379 -1
1546541428197818 5 -1
1546541428197825 9 -1
1546541428216719 16381 -1
1546541428216739 3 -1
1546541428216745 9 -1
1546541428220404 2388 -1
1546541428220450 9 -1
1546541428229358 15868 -1
1546541428229374 516 -1
1546541428229762 9 -1
1546541428245412 16378 -1
1546541428245433 6 -1
1546541428245724 9 -1
1546541428268994 16380 -1
1546541428269012 4 -1
1546541428269018 9 -1
1546541428278489 15867 -1
1546541428278510 517 -1
1546541428278518 9 -1
1546541428292016 16377 -1
1546541428292034 7 -1
1546541428292128 9 -1
1546541428308699 16379 -1
1546541428308718 5 -1
1546541428308725 9 -1
1546541428323164 15866 -1
1546541428324432 518 -1
1546541428324444 9 -1
1546541428347857 16376 -1
1546541428347897 8 -1
1546541428347903 9 -1
1546541428363199 2073 -1
1546541428363219 9 -1
1546541428386236 15865 -1
1546541428391309 519 -1
1546541428391383 9 -1
1546541428419255 16375 -1
1546541428419348 9 -1
1546541428419355 9 -1
1546541428434227 15864 -1
1546541428434248 520 -1
1546541428434255 9 -1
1546541428448474 16374 -1
1546541428448493 10 -1
1546541428448499 159 -1
1546541428448953 9 -1
1546541428467847 15863 -1
1546541428467865 521 -1
1546541428467879 181 -1
1546541428467887 9 -1
1546541428493607 16373 -1
1546541428493626 11 -1
1546541428493632 9 -1
1546541428509827 400 1
1546541428513797 15862 -1
1546541428514114 522 -1
1546541428514122 9 -1
1546541428518571 16372 -1
1546541428519750 12 -1
1546541428519761 9 -1
1546541428529753 15861 -1
1546541428529774 523 -1
1546541428529782 9 -1
1546541428540268 16371 -1
1546541428540285 13 -1
1546541428540291 9 -1
1546541428552825 15860 -1
1546541428555108 524 -1
1546541428555119 9 -1
1546541428561569 7002 -1
1546541428561595 9 -1
1546541428572430 15859 -1
1546541428572639 525 -1
1546541428572648 9 -1
1546541428583472 15858 -1
1546541428583489 526 -1
1546541428583566 9 -1
1546541428599871 15857 -1
1546541428604686 527 -1
1546541428604701 9 -1
1546541428620480 15856 -1
1546541428620601 159 -1
1546541428620609 9 -1
1546541428633633 13748 -1
1546541428633649 9 -1
1546541428641677 1905 -1
1546541428641691 9 -1
1546541428648850 16383 -1
1546541428648865 1 -1
1546541428648870 9 -1
1546541428654860 6817 -1
1546541428654878 9 -1
1546541428663710 16382 -1
1546541428663729 2 -1
1546541428663735 9 -1
1546541428675329 16381 -1
1546541428675346 3 -1
1546541428675350 9 -1
1546541428676492 4233 -1
1546541430060019 86 1
1546541430066605 182 -1
1546541430066621 9 -1
1546541430074359 16383 -1
1546541430074374 1 -1
1546541430074477 9 -1
1546541430077571 16382 -1
1546541430077586 2 -1
1546541430077592 9 -1
1546541430087377 16383 -1
1546541430087399 1 -1
1546541430087404 9 -1
1546541430097338 16382 -1
1546541430097352 2 -1
1546541430097356 9 -1
1546541430101912 10760 -1
1546541434325483 17 1
0 0 0
1546541423164142 197 1
1546541423164160 78 1
1546541423164172 77 1
1546541423164183 78 1
1546541423164192 78 1
1546541423164202 59 1
1546541423164270 79 1
1546541423164354 78 1
1546541423164364 78 1
1546541423164373 78 1
1546541423164380 59 1
1546541423164389 78 1
1546541423164397 78 1
1546541423164426 78 1
1546541423164434 78 1
1546541423164442 58 1
1546541423164475 79 1
1546541423164509 59 1
1546541423164518 78 1
1546541423164526 77 1
0 0 0
1546541423236508 39 -1
1546541423236518 13 -1
1546541423239455 205 1
1546541423244903 9 1
1546541423246026 9 -1
1546541423246100 311 -1
1546541423246229 9 -1
1546541423246665 3151 -1
1546541423248394 17 1
0 0 0
1546541423172454 206 1
0 0 0
1546541423187499 205 1
1546541423189438 39 -1
1546541423189456 13 -1
1546541423193827 9 -1
1546541423193848 9 1
1546541423194629 310 -1
1546541423194671 9 -1
1546541423218728 2973 -1
1546541423242801 17 1
0 0 0
1546541423169472 205 1
1546541423170503 39 -1
1546541423170571 13 -1
1546541423175475 9 -1
1546541423176192 311 -1
1546541423176258 9 -1
1546541423176910 2035 -1
1546541423184026 9 1
1546541423184926 17 1
0 0 0
1546541423244352 205 1
1546541423250350 39 -1
1546541423250386 13 -1
1546541423252711 9 1
1546541423255586 9 -1
1546541423257287 310 -1
1546541423257303 9 -1
1546541423257369 3151 -1
1546541423300728 17 1
