### "'59472 25392 54551 75614 130467 149895 16298 33343 59943 124558 124702 31807 78672 101169 137665 74434 51275 9393 125988 82040'"
0 0 0
1545404465722674 204 1
1545404465729584 39 -1
1545404465729589 13 -1
1545404465731171 9 1
1545404465738863 9 -1
1545404465738872 309 -1
1545404465738878 9 -1
1545404465738881 2973 -1
1545404465745510 17 1
0 0 0
1545404465744933 184 1
1545404465751588 39 -1
1545404465751595 13 -1
1545404465751848 9 -1
1545404465751945 293 -1
1545404465751954 9 -1
1545404465753565 16383 -1
1545404465753579 1 -1
1545404465753583 9 -1
1545404465754129 16382 -1
1545404465754139 2 -1
1545404465754144 9 -1
1545404465756477 9 1
1545404465761610 16383 -1
1545404465761623 1 -1
1545404465761627 9 -1
1545404465764373 10320 -1
1545404465822674 17 1
0 0 0
1545404465690425 198 1
1545404465690437 78 1
1545404465690443 79 1
1545404465690447 79 1
1545404465690452 79 1
1545404465690457 58 1
1545404465690462 78 1
1545404465690467 78 1
1545404465690471 58 1
1545404465690477 59 1
1545404465690481 78 1
1545404465690484 59 1
1545404465690489 78 1
1545404465690493 58 1
1545404465690498 78 1
1545404465690503 58 1
1545404465690507 78 1
1545404465690511 78 1
1545404465690515 58 1
1545404465690520 58 1
1545404465690524 77 1
1545404465690529 58 1
1545404465690533 59 1
1545404465690538 77 1
0 0 0
1545404465791118 213 1
1545404465791130 58 1
1545404465791183 88 1
1545404465798172 39 -1
1545404465798180 13 -1
1545404465800016 9 1
1545404465805527 9 -1
1545404465805534 321 -1
1545404465805540 9 -1
1545404465806253 16383 -1
1545404465806272 1 -1
1545404465806275 9 -1
1545404465808034 16383 -1
1545404465808046 1 -1
1545404465808050 9 -1
1545404465809197 16382 -1
1545404465809206 2 -1
1545404465809210 9 -1
1545404465809570 16381 -1
1545404465809579 3 -1
1545404465809583 9 -1
1545404465810981 10078 -1
1545404465810993 160 -1
1545404465810996 9 -1
1545404465812883 15834 -1
1545404465812901 550 -1
1545404465812910 9 -1
1545404465813090 15833 -1
1545404465813103 551 -1
1545404465813107 9 -1
1545404465813267 15832 -1
1545404465813278 552 -1
1545404465813282 9 -1
1545404465813476 15831 -1
1545404465813489 553 -1
1545404465813495 9 -1
1545404465813708 15830 -1
1545404465813722 554 -1
1545404465813728 9 -1
1545404465813878 15829 -1
1545404465813888 555 -1
1545404465813893 9 -1
1545404465815412 15828 -1
1545404465815430 556 -1
1545404465815436 9 -1
1545404465815574 15779 -1
1545404465815583 130 -1
1545404465815587 9 -1
1545404465819814 15873 -1
1545404465819827 511 -1
1545404465819833 9 -1
1545404465824300 15872 -1
1545404465824311 512 -1
1545404465824315 9 -1
1545404465827462 15871 -1
1545404465827474 513 -1
1545404465827479 9 -1
1545404465830077 15870 -1
1545404465830087 514 -1
1545404465830092 9 -1
1545404465830322 15869 -1
1545404465830329 515 -1
1545404465830332 9 -1
1545404465830637 15868 -1
1545404465830644 516 -1
1545404465830647 9 -1
1545404465830916 15867 -1
1545404465830923 517 -1
1545404465830928 9 -1
1545404465832510 15866 -1
1545404465832526 518 -1
1545404465832530 9 -1
1545404465832844 15865 -1
1545404465832853 519 -1
1545404465832973 9 -1
1545404465832978 2439 -1
1545404466727055 96 1
1545404466727067 78 1
1545404466727072 79 1
1545404466727077 78 1
1545404466727082 78 1
1545404466735160 203 -1
1545404466735173 9 -1
1545404466736023 15803 -1
1545404466737398 495 -1
1545404466737411 147 -1
1545404466737414 9 -1
1545404466737416 2973 -1
1545404466737419 149 -1
1545404466737421 9 -1
1545404466737551 2261 -1
1545404466737558 147 -1
1545404466737562 9 -1
1545404466737641 2617 -1
1545404466737647 148 -1
1545404466737650 9 -1
1545404466737653 2973 -1
1545404466876462 63 1
1545404466876477 63 1
1545404466876483 63 1
1545404466880813 63 1
1545404466880824 63 1
1545404466890653 130 -1
1545404466890662 9 -1
1545404466890670 63 1
1545404466891584 6070 -1
1545404466891594 128 -1
1545404466891597 9 -1
1545404466898320 7125 -1
1545404466898329 234 -1
1545404466898332 9 -1
1545404466900236 5769 -1
1545404466900248 125 -1
1545404466900253 9 -1
1545404466901869 7806 -1
1545404466901880 125 -1
1545404466901883 9 -1
1545404466901991 7387 -1
1545404466901998 115 -1
1545404466902001 9 -1
1545404466902064 7192 -1
1545404469866302 406 1
1545404469874745 146 -1
1545404469874753 9 -1
1545404469878011 16383 -1
1545404469878024 1 -1
1545404469878028 9 -1
1545404469879254 16383 -1
1545404469879269 1 -1
1545404469879273 9 -1
1545404469879277 575 -1
1545404469957021 78 1
1545404469957035 78 1
1545404469957041 58 1
1545404469957046 78 1
1545404469957050 78 1
1545404469957054 78 1
1545404469957059 58 1
1545404469957064 58 1
1545404469957068 78 1
1545404469958451 78 1
1545404469964433 58 1
1545404469964454 77 1
1545404469964460 58 1
1545404469966357 133 -1
1545404469966365 9 -1
1545404469966384 2973 -1
1545404469966393 148 -1
1545404469966397 9 -1
1545404469995563 2795 -1
1545404469995577 71 -1
1545404469995582 9 -1
1545404469995590 58 1
1545404469995596 58 1
1545404469995601 78 1
1545404469995606 78 1
1545404469995611 77 1
1545404469995616 59 1
1545404469995621 59 1
1545404469995626 78 1
1545404469995631 58 1
1545404469995636 79 1
1545404469995641 78 1
1545404469995645 78 1
1545404469998694 1959 -1
1545404469998709 148 -1
1545404469998713 9 -1
1545404469998716 2795 -1
1545404469998721 59 -1
1545404469998724 9 -1
1545404469998988 1807 -1
1545404469998995 130 -1
1545404469998998 9 -1
1545404470002526 15874 -1
1545404470002542 510 -1
1545404470002548 9 -1
1545404470004350 15873 -1
1545404470004363 511 -1
1545404470004368 9 -1
1545404470004837 15872 -1
1545404470004847 512 -1
1545404470004851 9 -1
1545404470006639 10791 -1
1545404470006652 130 -1
1545404470006657 9 -1
1545404470011035 15873 -1
1545404470012470 511 -1
1545404470012484 9 -1
1545404470016685 15872 -1
1545404470019196 512 -1
1545404470019209 9 -1
1545404470022530 15871 -1
1545404470022545 513 -1
1545404470022550 9 -1
1545404470024828 15870 -1
1545404470024844 514 -1
1545404470024850 9 -1
1545404470030767 15869 -1
1545404470030783 515 -1
1545404470030788 9 -1
1545404470035870 15868 -1
1545404470035882 516 -1
1545404470035888 252 -1
1545404470035893 9 -1
1545404470035897 2795 -1
1545404470035901 9 -1
1545404470042147 16383 -1
1545404470042172 1 -1
1545404470046714 9 -1
1545404470050126 9870 -1
1545404470050140 130 -1
1545404470050144 9 -1
1545404470064175 16383 -1
1545404470064190 1 -1
1545404470064196 9 -1
1545404470071436 16382 -1
1545404470071450 2 -1
1545404470071456 9 -1
1545404470076862 16383 -1
1545404470076885 1 -1
1545404470076890 9 -1
1545404470084199 16382 -1
1545404470084239 2 -1
1545404470084246 9 -1
1545404470095921 16381 -1
1545404470095936 3 -1
1545404470095941 9 -1
1545404470112522 16380 -1
1545404470112540 4 -1
1545404470112546 9 -1
1545404470119214 16379 -1
1545404470119235 5 -1
1545404470119240 9 -1
1545404470122021 10014 -1
1545404470122043 134 -1
1545404470122048 9 -1
1545404470122052 3151 -1
1545404470122057 130 -1
1545404470122060 9 -1
1545404470126600 89 1
1545404470133328 16383 -1
1545404470133344 1 -1
1545404470133350 9 -1
1545404470145045 86 1
1545404470158553 15423 -1
1545404470158569 140 -1
1545404470158576 9 -1
1545404470162373 15874 -1
1545404470162386 510 -1
1545404470162391 9 -1
1545404470163646 15873 -1
1545404470163656 511 -1
1545404470163659 9 -1
1545404470165779 15872 -1
1545404470165792 512 -1
1545404470165798 9 -1
1545404470169283 15871 -1
1545404470169294 513 -1
1545404470169297 9 -1
1545404470175281 13136 -1
1545404470175295 156 -1
1545404470175300 9 -1
1545404470178284 6355 -1
1545404470178299 130 -1
1545404470178303 9 -1
1545404470184025 15873 -1
1545404470184035 511 -1
1545404470184039 9 -1
1545404470188634 15872 -1
1545404470188650 512 -1
1545404470188656 9 -1
1545404470188817 15871 -1
1545404470188825 513 -1
1545404470188829 9 -1
1545404470189931 15870 -1
1545404470189944 514 -1
1545404470189949 9 -1
1545404470196831 15869 -1
1545404470196849 515 -1
1545404470196857 9 -1
1545404470200420 15868 -1
1545404470200433 516 -1
1545404470200438 9 -1
1545404470202043 2865 -1
1545404470202057 146 -1
1545404470202063 148 -1
1545404470202067 117 -1
1545404470202070 70 -1
1545404470202073 234 -1
1545404470202077 131 -1
1545404470202080 148 -1
1545404470202084 179 -1
1545404470203252 153 -1
1545404470203273 148 -1
1545404470203276 147 -1
1545404470203290 9 -1
1545404470204346 15873 -1
1545404470204622 511 -1
1545404470204632 9 -1
1545404470204635 2973 -1
1545404470204639 9 -1
1545404470204757 2187 -1
1545404470204763 9 -1
1545404470204995 2795 -1
1545404470205004 9 -1
1545404470208096 15874 -1
1545404470208113 510 -1
1545404470208119 9 -1
1545404470211989 15874 -1
1545404470212004 510 -1
1545404470212011 9 -1
1545404470212016 2973 -1
1545404470212021 9 -1
1545404470214542 9393 -1
1545404470214552 9 -1
1545404470214555 2439 -1
1545404470214559 9 -1
1545404470215916 2263 -1
1545404470215923 9 -1
1545404470216406 3507 -1
1545404470216412 9 -1
1545404470219223 15872 -1
1545404470219232 512 -1
1545404470219235 9 -1
1545404470237154 15873 -1
1545404470237172 511 -1
1545404470237177 9 -1
1545404470238312 15873 -1
1545404470238328 511 -1
1545404470238334 9 -1
1545404470250402 15871 -1
1545404470250418 513 -1
1545404470250424 9 -1
1545404470256255 15872 -1
1545404470256269 512 -1
1545404470256274 9 -1
1545404470262171 15872 -1
1545404470262182 512 -1
1545404470262185 9 -1
1545404470267540 15870 -1
1545404470267551 514 -1
1545404470267554 9 -1
1545404470286110 15871 -1
1545404470286125 513 -1
1545404470286131 9 -1
1545404470286135 2123 -1
1545404470286139 9 -1
1545404470288905 15869 -1
1545404470290493 515 -1
1545404470290505 9 -1
1545404470291090 8898 -1
1545404470291099 9 -1
1545404470291673 15868 -1
1545404470291682 516 -1
1545404470291686 9 -1
1545404470293013 15867 -1
1545404470293028 517 -1
1545404470293034 9 -1
1545404470294916 15866 -1
1545404470294928 518 -1
1545404470294933 9 -1
1545404470296380 6593 -1
1545404470296389 159 -1
1545404470296393 9 -1
1545404470297017 16383 -1
1545404470297028 1 -1
1545404470297032 9 -1
1545404470298073 16382 -1
1545404470298084 2 -1
1545404470298088 9 -1
1545404470298753 16383 -1
1545404470300551 1 -1
1545404470300559 9 -1
1545404470301034 16382 -1
1545404470301043 2 -1
1545404470301046 9 -1
1545404470301962 16381 -1
1545404470301973 3 -1
1545404470301977 9 -1
1545404470304049 16380 -1
1545404470304061 4 -1
1545404470304064 158 -1
1545404470304069 9 -1
1545404470305001 16383 -1
1545404470305010 1 -1
1545404470305015 9 -1
1545404470307424 16383 -1
1545404470307442 1 -1
1545404470307448 9 -1
1545404470307863 11300 -1
1545404470307874 9 -1
1545404470310866 16382 -1
1545404470310885 2 -1
1545404470310890 9 -1
1545404470312149 16381 -1
1545404470312162 3 -1
1545404470312392 9 -1
1545404470313583 16380 -1
1545404470313599 4 -1
1545404470313603 9 -1
1545404470315386 16379 -1
1545404470315398 5 -1
1545404470315402 9 -1
1545404470315405 120 -1
1545404476441729 17 1
0 0 0
1545404465756807 184 1
1545404465762279 39 -1
1545404465762288 13 -1
1545404465767831 9 -1
1545404465767969 294 -1
1545404465767982 9 -1
1545404465768869 16383 -1
1545404465768886 1 -1
1545404465768892 9 -1
1545404465769533 16382 -1
1545404465769541 2 -1
1545404465769544 9 -1
1545404465778190 16383 -1
1545404465778205 1 -1
1545404465778210 9 -1
1545404465780886 5399 -1
1545404465825108 9 1
1545404465825117 17 1
0 0 0
1545404465726192 204 1
1545404465728761 39 -1
1545404465728765 13 -1
1545404465729466 9 1
1545404465743261 9 -1
1545404465743274 311 -1
1545404465743281 9 -1
1545404465743285 2035 -1
1545404465748563 17 1
0 0 0
1545404465696216 205 1
1545404465721978 39 -1
1545404465721985 13 -1
1545404465724832 9 -1
1545404465724840 311 -1
1545404465724848 9 -1
1545404465725887 9 1
1545404465728672 16383 -1
1545404465728686 1 -1
1545404465728690 9 -1
1545404465736018 9008 -1
1545404465769281 17 1
