### "'59472 66516 25392 75614 149895 130467 16298 124702 124558 59943 31807 78672 101169 137665 74434 51275 9393 125988 33343'"
0 0 0
1545404714839576 39 -1
1545404714839589 13 -1
1545404714843100 205 1
1545404714850872 9 -1
1545404714850879 311 -1
1545404714850886 9 -1
1545404714850893 9 1
1545404714851054 16383 -1
1545404714851062 1 -1
1545404714851067 9 -1
1545404714851122 9008 -1
1545404714919173 17 1
0 0 0
1545404714935587 213 1
1545404714935599 58 1
1545404714935727 88 1
1545404714943191 39 -1
1545404714943199 13 -1
1545404714943984 9 1
1545404714945571 9 -1
1545404714950349 321 -1
1545404714950361 9 -1
1545404714951808 16383 -1
1545404714951827 1 -1
1545404714951830 9 -1
1545404714955849 16383 -1
1545404714955862 1 -1
1545404714955866 9 -1
1545404714957751 16382 -1
1545404714957764 2 -1
1545404714957768 9 -1
1545404714958925 16381 -1
1545404714958943 3 -1
1545404714958945 130 -1
1545404714958948 9 -1
1545404714960796 15873 -1
1545404714960808 511 -1
1545404714960812 9 -1
1545404714962093 15872 -1
1545404714962104 512 -1
1545404714962108 9 -1
1545404714963339 15871 -1
1545404714963352 513 -1
1545404714963356 9 -1
1545404714964703 15870 -1
1545404714964714 514 -1
1545404714964717 9 -1
1545404714965345 15869 -1
1545404714965354 515 -1
1545404714965357 9 -1
1545404714966209 15868 -1
1545404714966217 516 -1
1545404714966220 9 -1
1545404714967818 15867 -1
1545404714967828 517 -1
1545404714967832 9 -1
1545404714968823 16383 -1
1545404714968835 1 -1
1545404714968837 160 -1
1545404714968841 9 -1
1545404714969638 10078 -1
1545404714969648 9 -1
1545404714971153 16383 -1
1545404714971163 1 -1
1545404714971166 9 -1
1545404714974090 15834 -1
1545404714974101 550 -1
1545404714974105 9 -1
1545404714975384 2439 -1
1545404714975394 9 -1
1545404714977066 15833 -1
1545404714977077 551 -1
1545404714977082 9 -1
1545404714977803 15832 -1
1545404714977814 552 -1
1545404714977819 9 -1
1545404714980643 15831 -1
1545404714980656 553 -1
1545404714980660 9 -1
1545404714982809 15830 -1
1545404714982821 554 -1
1545404714982825 9 -1
1545404714984996 15829 -1
1545404714985010 555 -1
1545404714985015 9 -1
1545404714989183 15828 -1
1545404714989195 556 -1
1545404714989198 9 -1
1545404714989833 15779 -1
1545404715788101 96 1
1545404715788449 78 1
1545404715789106 79 1
1545404715789116 78 1
1545404715789465 78 1
1545404715793624 203 -1
1545404715793974 9 -1
1545404715795148 16298 -1
1545404715799084 147 -1
1545404715799095 9 -1
1545404715799099 2973 -1
1545404715799172 149 -1
1545404715799306 9 -1
1545404715800380 2261 -1
1545404715800395 147 -1
1545404715800399 9 -1
1545404715800408 2617 -1
1545404715800412 148 -1
1545404715800415 9 -1
1545404715801344 2973 -1
1545404715968584 63 1
1545404715968597 63 1
1545404715968602 63 1
1545404715968606 63 1
1545404715969125 63 1
1545404715969134 63 1
1545404715974453 130 -1
1545404715974461 9 -1
1545404715977245 6070 -1
1545404715977258 130 -1
1545404715977262 9 -1
1545404715978468 5769 -1
1545404715978480 232 -1
1545404715978483 9 -1
1545404715979025 7125 -1
1545404715979822 129 -1
1545404715979833 9 -1
1545404715980700 7806 -1
1545404715980711 125 -1
1545404715980715 9 -1
1545404715981421 7387 -1
1545404716132430 157 -1
1545404716132443 9 -1
1545404716133616 7191 -1
1545404716147400 77 1
1545404716147411 78 1
1545404716147416 78 1
1545404716147421 58 1
1545404716147425 78 1
1545404716147489 78 1
1545404716147497 78 1
1545404716147502 58 1
1545404716147507 58 1
1545404716147511 78 1
1545404716147516 78 1
1545404716153209 58 1
1545404716153219 77 1
1545404716153224 58 1
1545404716153229 58 1
1545404716153233 58 1
1545404716153471 78 1
1545404716153630 134 -1
1545404716153698 9 -1
1545404716154636 2617 -1
1545404716154648 133 -1
1545404716154651 9 -1
1545404716157004 2973 -1
1545404716157018 130 -1
1545404716157022 9 -1
1545404716157806 78 1
1545404716157967 15873 -1
1545404716157979 511 -1
1545404716157985 9 -1
1545404716158114 15872 -1
1545404716158122 512 -1
1545404716158127 9 -1
1545404716158241 15871 -1
1545404716158248 513 -1
1545404716158252 9 -1
1545404716158353 15870 -1
1545404716158359 514 -1
1545404716158364 9 -1
1545404716158468 15869 -1
1545404716158474 515 -1
1545404716158478 9 -1
1545404716176485 77 1
1545404716176499 59 1
1545404716176505 59 1
1545404716176510 78 1
1545404716176515 58 1
1545404716176521 79 1
1545404716176525 78 1
1545404716189195 15868 -1
1545404716189209 516 -1
1545404716189213 9 -1
1545404716213267 15867 -1
1545404716213279 517 -1
1545404716213284 9 -1
1545404716219262 10014 -1
1545404716219275 144 -1
1545404716219279 9 -1
1545404716223429 2795 -1
1545404716223441 71 -1
1545404716223443 9 -1
1545404716223445 1959 -1
1545404716230061 148 -1
1545404716230072 9 -1
1545404716230077 2795 -1
1545404716230081 59 -1
1545404716230084 9 -1
1545404716230873 1807 -1
1545404716230883 126 -1
1545404716230885 9 -1
1545404716232198 15873 -1
1545404716232208 511 -1
1545404716232211 9 -1
1545404716233676 15872 -1
1545404716233695 512 -1
1545404716233698 9 -1
1545404716239726 15871 -1
1545404716239744 513 -1
1545404716239750 9 -1
1545404716243142 15870 -1
1545404716243154 514 -1
1545404716243159 9 -1
1545404716251746 15869 -1
1545404716251759 515 -1
1545404716251762 9 -1
1545404716253779 15868 -1
1545404716253796 516 -1
1545404716253802 9 -1
1545404716256077 15867 -1
1545404716256091 517 -1
1545404716256096 9 -1
1545404716256201 9870 -1
1545404716256208 229 -1
1545404716256212 9 -1
1545404716256564 15874 -1
1545404716256574 510 -1
1545404716256579 9 -1
1545404716257831 15873 -1
1545404716257844 511 -1
1545404716257849 9 -1
1545404716258933 15872 -1
1545404716258949 512 -1
1545404716258954 9 -1
1545404716260683 10791 -1
1545404716260697 148 -1
1545404716260703 134 -1
1545404716260707 153 -1
1545404716260711 117 -1
1545404716260714 156 -1
1545404716260717 148 -1
1545404716260722 130 -1
1545404716260724 9 -1
1545404716264578 2795 -1
1545404716264593 9 -1
1545404716266433 3151 -1
1545404716266444 9 -1
1545404716269611 16383 -1
1545404716269632 1 -1
1545404716269635 9 -1
1545404716269776 6355 -1
1545404716270117 9 -1
1545404716270738 16383 -1
1545404716270748 1 -1
1545404716270752 9 -1
1545404716270845 15873 -1
1545404716270931 511 -1
1545404716270937 9 -1
1545404716270940 2973 -1
1545404716270944 9 -1
1545404716271074 15423 -1
1545404716271080 9 -1
1545404716271163 16382 -1
1545404716271169 2 -1
1545404716271173 9 -1
1545404716271275 15872 -1
1545404716271282 512 -1
1545404716271287 9 -1
1545404716271381 16381 -1
1545404716271388 3 -1
1545404716271391 9 -1
1545404716271482 16383 -1
1545404716271488 1 -1
1545404716271492 9 -1
1545404716271606 16380 -1
1545404716271613 4 -1
1545404716271617 9 -1
1545404716271721 16382 -1
1545404716271728 2 -1
1545404716271731 9 -1
1545404716271818 13136 -1
1545404716271826 9 -1
1545404716271949 16381 -1
1545404716271957 3 -1
1545404716271961 9 -1
1545404716272067 16380 -1
1545404716272072 4 -1
1545404716272076 9 -1
1545404716272138 2865 -1
1545404716272144 94 -1
1545404716272147 70 -1
1545404716272150 9 -1
1545404716272249 16383 -1
1545404716272256 1 -1
1545404716272259 9 -1
1545404716272311 2187 -1
1545404716272316 9 -1
1545404716272403 16382 -1
1545404716272410 2 -1
1545404716272413 9 -1
1545404716272518 16381 -1
1545404716272524 3 -1
1545404716272529 9 -1
1545404716272625 16380 -1
1545404716272632 4 -1
1545404716272635 9 -1
1545404716272736 16379 -1
1545404716272743 5 -1
1545404716272746 9 -1
1545404716280905 16378 -1
1545404716280919 6 -1
1545404716280927 9 -1
1545404716282679 16377 -1
1545404716282690 7 -1
1545404716282694 9 -1
1545404716287130 16376 -1
1545404716287151 8 -1
1545404716287157 9 -1
1545404716287344 6593 -1
1545404716287351 146 -1
1545404716287356 235 -1
1545404716287360 130 -1
1545404716287364 130 -1
1545404716287367 171 -1
1545404716287370 179 -1
1545404716287373 148 -1
1545404716287376 9 -1
1545404716288727 2795 -1
1545404716288737 9 -1
1545404716291845 89 1
1545404716292826 15874 -1
1545404716292837 510 -1
1545404716292840 9 -1
1545404716296752 15874 -1
1545404716296767 510 -1
1545404716296771 9 -1
1545404716296775 2973 -1
1545404716296778 9 -1
1545404716298377 9393 -1
1545404716298390 9 -1
1545404716298394 2439 -1
1545404716298399 9 -1
1545404716298475 2263 -1
1545404716298481 9 -1
1545404716302011 15873 -1
1545404716302023 511 -1
1545404716302027 9 -1
1545404716303071 15873 -1
1545404716303083 511 -1
1545404716303088 9 -1
1545404716307421 15872 -1
1545404716307433 512 -1
1545404716307437 9 -1
1545404716308014 15872 -1
1545404716308024 512 -1
1545404716308029 9 -1
1545404716309193 15871 -1
1545404716309203 513 -1
1545404716309206 9 -1
1545404716310420 2123 -1
1545404716310429 9 -1
1545404716310880 8898 -1
1545404716310887 155 -1
1545404716310891 9 -1
1545404716312862 16383 -1
1545404716312875 1 -1
1545404716312878 9 -1
1545404716314271 16383 -1
1545404716314282 1 -1
1545404716314285 9 -1
1545404716316957 16382 -1
1545404716316974 2 -1
1545404716316978 9 -1
1545404716319593 16381 -1
1545404716319612 3 -1
1545404716319615 9 -1
1545404716320324 16380 -1
1545404716320335 4 -1
1545404716320338 9 -1
1545404716321675 16383 -1
1545404716321687 1 -1
1545404716321690 9 -1
1545404716325463 16382 -1
1545404716325478 2 -1
1545404716325482 9 -1
1545404716325609 11300 -1
1545404717112763 406 1
1545404717120961 159 -1
1545404717120973 9 -1
1545404717123068 16383 -1
1545404717123077 1 -1
1545404717123080 9 -1
1545404717139318 16383 -1
1545404717139335 1 -1
1545404717139340 9 -1
1545404717139344 575 -1
1545404722243249 17 1
0 0 0
1545404714843637 184 1
1545404714859790 39 -1
1545404714859797 13 -1
1545404714859964 9 -1
1545404714859969 293 -1
1545404714859976 9 -1
1545404714865104 16383 -1
1545404714865125 1 -1
1545404714865130 9 -1
1545404714865138 9 1
1545404714865813 16383 -1
1545404714865825 1 -1
1545404714865829 9 -1
1545404714866189 16382 -1
1545404714866199 2 -1
1545404714866203 9 -1
1545404714867780 16381 -1
1545404714867792 3 -1
1545404714867796 9 -1
1545404714867800 980 -1
1545404714869898 17 1
0 0 0
1545404714823744 39 -1
1545404714823758 13 -1
1545404714823769 184 1
1545404714830394 9 -1
1545404714830911 293 -1
1545404714830923 9 -1
1545404714831612 16383 -1
1545404714831623 1 -1
1545404714831627 9 -1
1545404714832498 16382 -1
1545404714832507 2 -1
1545404714832512 9 -1
1545404714837829 16383 -1
1545404714837842 1 -1
1545404714837847 9 -1
1545404714838663 10320 -1
1545404714866523 9 1
1545404714868103 17 1
0 0 0
1545404714852007 204 1
0 0 0
1545404714818629 198 1
0 0 0
1545404714792367 204 1
1545404714792380 58 1
1545404714792385 78 1
1545404714792390 79 1
1545404714792394 79 1
1545404714792399 79 1
1545404714792403 58 1
1545404714792408 78 1
1545404714792413 78 1
1545404714792418 58 1
1545404714792422 59 1
1545404714792426 78 1
1545404714792431 59 1
1545404714792436 78 1
1545404714792440 58 1
1545404714792444 78 1
1545404714792448 58 1
1545404714792453 78 1
1545404714792457 78 1
1545404714792462 58 1
1545404714792466 58 1
1545404714792470 77 1
1545404714792475 58 1
1545404714792480 59 1
