### "'38312 45114 33670 8348 8710 45114 12590 117531 36356 140657 181610 207546 71580 232678 179237 177539 165873 112431 11997 34378 65841 96347'"
0 0 0
1546545068379970 188 1
0 0 0
1546545068415796 181 1
0 0 0
1546545068388482 200 1
1546545068394226 39 -1
1546545068394257 13 -1
1546545068395426 9 1
1546545068399544 9 -1
1546545068400450 312 -1
1546545068400463 9 -1
1546545068401058 16383 -1
1546545068401068 1 -1
1546545068401073 9 -1
1546545068406448 16382 -1
1546545068406465 2 -1
1546545068406497 9 -1
1546545068406942 5544 -1
1546545068444638 17 1
0 0 0
1546545068647950 199 1
1546545068653073 39 -1
1546545068653198 13 -1
1546545068653998 9 1
1546545068657699 9 -1
1546545068661134 310 -1
1546545068661151 9 -1
1546545068661158 2263 -1
1546545068700730 17 1
0 0 0
1546545068379559 192 1
1546545068379571 58 1
1546545068379584 58 1
1546545068379592 58 1
1546545068380173 58 1
1546545068380185 58 1
1546545068380193 78 1
1546545068380202 78 1
1546545068380210 78 1
1546545068380219 79 1
1546545068380226 58 1
0 0 0
1546545068440242 199 1
1546545068445848 39 -1
1546545068445855 13 -1
1546545068448652 9 1
1546545068452474 9 -1
1546545068452944 310 -1
1546545068452961 9 -1
1546545068452967 3685 -1
1546545068495921 17 1
0 0 0
1546545068731677 210 1
1546545068731695 88 1
1546545068736755 39 -1
1546545068736764 13 -1
1546545068741948 9 -1
1546545068743016 322 -1
1546545068743029 9 -1
1546545068760082 16383 -1
1546545068760097 1 -1
1546545068760103 9 -1
1546545068760603 16383 -1
1546545068760615 1 -1
1546545068760620 9 -1
1546545068761109 12346 -1
1546545068761118 160 -1
1546545068761123 9 -1
1546545068765315 16383 -1
1546545068765325 1 -1
1546545068765329 9 -1
1546545068780134 9 1
1546545068798943 16383 -1
1546545068799048 1 -1
1546545068799053 9 -1
1546545068799059 902 -1
1546545069540669 82 1
1546545069540684 78 1
1546545069540696 78 1
1546545069540705 78 1
1546545069540714 78 1
1546545069549012 172 -1
1546545069549031 9 -1
1546545069549037 2439 -1
1546545069549088 148 -1
1546545069549099 9 -1
1546545069553081 2261 -1
1546545069553100 146 -1
1546545069553108 9 -1
1546545069553804 3151 -1
1546545069553819 147 -1
1546545069553828 9 -1
1546545069553834 3685 -1
1546545069554598 147 -1
1546545069554611 9 -1
1546545069554740 2617 -1
1546545069731365 63 1
1546545069731379 63 1
1546545069731469 63 1
1546545069731478 63 1
1546545069731486 63 1
1546545069731495 63 1
1546545069738613 131 -1
1546545069738622 9 -1
1546545069738842 7327 -1
1546545069744648 129 -1
1546545069744658 9 -1
1546545069747378 8348 -1
1546545069747397 130 -1
1546545069747403 9 -1
1546545069751393 8710 -1
1546545069751418 187 -1
1546545069751427 9 -1
1546545069755877 7912 -1
1546545069755894 163 -1
1546545069755900 9 -1
1546545069761100 7908 -1
1546545069761117 125 -1
1546545069761122 9 -1
1546545069762966 7814 -1
1546545072234953 88 1
1546545072241354 182 -1
1546545072241401 9 -1
1546545072253448 16383 -1
1546545072253467 1 -1
1546545072253474 9 -1
1546545072258576 16383 -1
1546545072258596 1 -1
1546545072258603 9 -1
1546545072263574 12346 -1
1546545073184129 400 1
1546545073190764 168 -1
1546545073190782 9 -1
1546545073198206 12590 -1
1546545073260550 77 1
1546545073288675 134 -1
1546545073288969 9 -1
1546545073288977 3685 -1
1546545073289064 59 1
1546545073289474 88 1
1546545073289706 77 1
1546545073289716 59 1
1546545073289723 58 1
1546545073289731 59 1
1546545073289739 58 1
1546545073290610 58 1
1546545073290622 58 1
1546545073293711 59 1
1546545073293726 58 1
1546545073293733 59 1
1546545073298781 74 -1
1546545073299063 9 -1
1546545073309458 15873 -1
1546545073309481 511 -1
1546545073309490 9 -1
1546545073316389 15872 -1
1546545073316408 512 -1
1546545073316564 9 -1
1546545073324956 15871 -1
1546545073324973 513 -1
1546545073325097 9 -1
1546545073338717 15870 -1
1546545073338738 514 -1
1546545073338748 9 -1
1546545073349488 15869 -1
1546545073349506 515 -1
1546545073349516 9 -1
1546545073363489 15868 -1
1546545073369121 516 -1
1546545073369138 160 -1
1546545073369144 148 -1
1546545073369149 74 -1
1546545073369153 73 -1
1546545073369155 132 -1
1546545073369159 145 -1
1546545073369164 150 -1
1546545073369169 131 -1
1546545073369172 132 -1
1546545073369175 129 -1
1546545073369179 155 -1
1546545073369184 9 -1
1546545073380920 16383 -1
1546545073380976 1 -1
1546545073380982 9 -1
1546545073397458 86 1
1546545073398865 89 1
1546545073400562 15835 -1
1546545073400582 549 -1
1546545073401733 9 -1
1546545073404405 2617 -1
1546545073404472 9 -1
1546545073404485 88 1
1546545073410648 88 1
1546545073429428 15873 -1
1546545073429452 511 -1
1546545073429465 9 -1
1546545073434561 15873 -1
1546545073435467 511 -1
1546545073435485 9 -1
1546545073446520 15873 -1
1546545073446542 511 -1
1546545073446553 9 -1
1546545073456174 15873 -1
1546545073456196 511 -1
1546545073456204 9 -1
1546545073468280 15874 -1
1546545073469026 510 -1
1546545073469043 9 -1
1546545073513750 15873 -1
1546545073513768 511 -1
1546545073513774 9 -1
1546545073542568 16383 -1
1546545073542588 1 -1
1546545073542596 9 -1
1546545073596688 16383 -1
1546545073596708 1 -1
1546545073597000 9 -1
1546545073612496 16383 -1
1546545073612515 1 -1
1546545073612521 9 -1
1546545073617936 2843 -1
1546545073617955 9 -1
1546545073667602 15834 -1
1546545073668346 550 -1
1546545073668370 9 -1
1546545073717921 15872 -1
1546545073721552 512 -1
1546545073721841 9 -1
1546545073778464 15872 -1
1546545073778933 512 -1
1546545073779168 9 -1
1546545073793339 15872 -1
1546545073794260 512 -1
1546545073794277 9 -1
1546545073810713 15872 -1
1546545073810732 512 -1
1546545073810742 9 -1
1546545073831913 15873 -1
1546545073832000 511 -1
1546545073832010 9 -1
1546545073850936 15872 -1
1546545073850997 512 -1
1546545073851005 9 -1
1546545073868641 16382 -1
1546545073868662 2 -1
1546545073868739 9 -1
1546545073885374 16382 -1
1546545073885602 2 -1
1546545073885609 9 -1
1546545073901973 16382 -1
1546545073901992 2 -1
1546545073901999 9 -1
1546545073903122 3588 -1
1546545073903417 9 -1
1546545073914363 15871 -1
1546545073914382 513 -1
1546545073914406 9 -1
1546545073924211 15871 -1
1546545073924233 513 -1
1546545073924241 9 -1
1546545073933050 15871 -1
1546545073933068 513 -1
1546545073933077 9 -1
1546545073944293 15871 -1
1546545073944311 513 -1
1546545073944319 9 -1
1546545073949419 15872 -1
1546545073953540 512 -1
1546545073953560 9 -1
1546545073966200 15871 -1
1546545073966476 513 -1
1546545073966521 9 -1
1546545073971230 16381 -1
1546545073971282 3 -1
1546545073971386 9 -1
1546545073978397 16381 -1
1546545073978472 3 -1
1546545073978478 9 -1
1546545074008538 16381 -1
1546545074008559 3 -1
1546545074009041 9 -1
1546545074014169 15870 -1
1546545074014186 514 -1
1546545074014309 9 -1
1546545074026809 15870 -1
1546545074027752 514 -1
1546545074027767 9 -1
1546545074041845 15870 -1
1546545074041864 514 -1
1546545074041872 9 -1
1546545074055079 15870 -1
1546545074055097 514 -1
1546545074055104 9 -1
1546545074079213 15871 -1
1546545074084388 513 -1
1546545074084484 9 -1
1546545074091590 15870 -1
1546545074091608 514 -1
1546545074092036 9 -1
1546545074103580 16380 -1
1546545074103923 4 -1
1546545074103929 162 -1
1546545074103937 9 -1
1546545074156222 16380 -1
1546545074156241 4 -1
1546545074156247 158 -1
1546545074156254 158 -1
1546545074157530 159 -1
1546545074157545 9 -1
1546545074164497 16380 -1
1546545074164512 4 -1
1546545074164516 9 -1
1546545074178080 15869 -1
1546545074178096 515 -1
1546545074178104 9 -1
1546545074189411 15869 -1
1546545074193593 515 -1
1546545074193608 9 -1
1546545074222110 15869 -1
1546545074222373 515 -1
1546545074222381 9 -1
1546545074231921 15869 -1
1546545074231939 515 -1
1546545074231948 9 -1
1546545074247426 6044 -1
1546545074247447 9 -1
1546545074266406 15869 -1
1546545074271162 515 -1
1546545074271181 9 -1
1546545074297552 16379 -1
1546545074297574 5 -1
1546545074297579 9 -1
1546545074320176 16379 -1
1546545074320196 5 -1
1546545074320202 9 -1
1546545074336187 16379 -1
1546545074336442 5 -1
1546545074336449 9 -1
1546545074390476 15868 -1
1546545074390497 516 -1
1546545074390503 9 -1
1546545074402662 15868 -1
1546545074408602 516 -1
1546545074408626 9 -1
1546545074435936 15868 -1
1546545074435958 516 -1
1546545074435966 9 -1
1546545074452602 15868 -1
1546545074452661 516 -1
1546545074452725 9 -1
1546545074467935 15868 -1
1546545074467955 516 -1
1546545074467963 9 -1
1546545074490772 16378 -1
1546545074490791 6 -1
1546545074490796 9 -1
1546545074513660 16378 -1
1546545074513773 6 -1
1546545074513867 9 -1
1546545074525127 16378 -1
1546545074525143 6 -1
1546545074525148 9 -1
1546545074549863 15867 -1
1546545074550011 517 -1
1546545074550024 9 -1
1546545074558525 15867 -1
1546545074559850 517 -1
1546545074559865 9 -1
1546545074572903 15867 -1
1546545074572922 517 -1
1546545074572930 9 -1
1546545074606233 15867 -1
1546545074613324 517 -1
1546545074613423 9 -1
1546545074621347 15867 -1
1546545074621370 517 -1
1546545074621377 9 -1
1546545074633833 16377 -1
1546545074633850 7 -1
1546545074633856 9 -1
1546545074656286 16377 -1
1546545074656398 7 -1
1546545074656473 9 -1
1546545074671929 14127 -1
1546545074671946 9 -1
1546545074688854 15866 -1
1546545074688873 518 -1
1546545074688880 9 -1
1546545074705925 15866 -1
1546545074706553 518 -1
1546545074706561 9 -1
1546545074723503 15866 -1
1546545074723530 518 -1
1546545074723537 9 -1
1546545074747192 15866 -1
1546545074747209 518 -1
1546545074747216 9 -1
1546545074775671 15866 -1
1546545074775689 518 -1
1546545074775697 9 -1
1546545074802979 16376 -1
1546545074802997 8 -1
1546545074803003 9 -1
1546545074833201 16376 -1
1546545074833220 8 -1
1546545074833225 9 -1
1546545074853671 9585 -1
1546545074853688 9 -1
1546545074870363 15865 -1
1546545074870380 519 -1
1546545074870387 9 -1
1546545074883749 15865 -1
1546545074888620 519 -1
1546545074888639 9 -1
1546545074900569 15865 -1
1546545074900590 519 -1
1546545074900598 9 -1
1546545074913999 15865 -1
1546545074914020 519 -1
1546545074914027 9 -1
1546545074922736 16375 -1
1546545074922752 9 -1
1546545074922757 9 -1
1546545074929020 16375 -1
1546545074929036 9 -1
1546545074929042 9 -1
1546545074940332 15864 -1
1546545074941194 520 -1
1546545074941213 9 -1
1546545074946874 15864 -1
1546545074946892 520 -1
1546545074946900 9 -1
1546545074961027 15864 -1
1546545074961041 520 -1
1546545074961049 9 -1
1546545074968631 15864 -1
1546545074972556 520 -1
1546545074972572 9 -1
1546545074980056 16374 -1
1546545074980075 10 -1
1546545074980080 9 -1
1546545074992081 16374 -1
1546545074992098 10 -1
1546545074992103 9 -1
1546545075005351 15863 -1
1546545075005859 521 -1
1546545075005871 9 -1
1546545075026952 15863 -1
1546545075026968 521 -1
1546545075026977 9 -1
1546545075031238 15863 -1
1546545075033598 521 -1
1546545075033615 9 -1
1546545075045121 15397 -1
1546545075045139 9 -1
1546545075063657 13699 -1
1546545075063676 9 -1
1546545075064763 2033 -1
1546545075064782 9 -1
1546545075064786 1386 -1
1546545075064793 9 -1
1546545075080409 15862 -1
1546545075081170 522 -1
1546545075081181 9 -1
1546545075096621 15862 -1
1546545075096649 522 -1
1546545075096656 9 -1
1546545075104538 10938 -1
1546545075104554 9 -1
1546545075119468 15861 -1
1546545075119485 523 -1
1546545075119491 9 -1
1546545075136979 15860 -1
1546545075136996 524 -1
1546545075137003 9 -1
1546545075138105 3302 -1
1546545075138119 9 -1
1546545075143631 11997 -1
1546545075143659 9 -1
1546545075154931 16383 -1
1546545075154946 1 -1
1546545075154951 9 -1
1546545075165475 16383 -1
1546545075165490 1 -1
1546545075165496 9 -1
1546545075175766 16383 -1
1546545075175785 1 -1
1546545075175791 9 -1
1546545075186411 16382 -1
1546545075186430 2 -1
1546545075186436 9 -1
1546545075198850 16382 -1
1546545075198867 2 -1
1546545075199045 9 -1
1546545075210062 16382 -1
1546545075210077 2 -1
1546545075210081 9 -1
1546545075210743 1610 -1
1546545075210753 9 -1
1546545075221796 16381 -1
1546545075221812 3 -1
1546545075222117 9 -1
1546545075233782 16381 -1
1546545075233798 3 -1
1546545075233802 9 -1
1546545075250784 16380 -1
1546545075250800 4 -1
1546545075250805 9 -1
1546545075256703 16380 -1
1546545075256719 4 -1
1546545075256725 9 -1
1546545075256730 305 -1
1546545075256737 9 -1
1546545075274070 16379 -1
1546545075274090 5 -1
1546545075274097 9 -1
1546545075274841 14427 -1
1546545079682960 17 1
