### "'28452 195915 84166 163031 172299 72721 53049 49091 10810 38786 65620 24649 36242 137192 15625 94534 79498 79868 8208 8504 53049 72721'"
0 0 0
1546545678507207 205 1
1546545678507220 59 1
1546545678507271 79 1
1546545678507354 59 1
1546545678513733 39 -1
1546545678513749 13 -1
1546545678514263 9 1
1546545678520700 9 -1
1546545678520721 311 -1
1546545678520734 9 -1
1546545678521654 16383 -1
1546545678521666 1 -1
1546545678521671 9 -1
1546545678523432 12068 -1
1546545678523449 131 -1
1546545678523544 9 -1
1546545678533402 15873 -1
1546545678533421 511 -1
1546545678533428 9 -1
1546545678533990 15872 -1
1546545678534005 512 -1
1546545678534012 9 -1
1546545678534124 15871 -1
1546545678534140 513 -1
1546545678534146 9 -1
1546545678534278 15870 -1
1546545678534288 514 -1
1546545678534294 9 -1
1546545678534396 16383 -1
1546545678534410 1 -1
1546545678534414 9 -1
1546545678534517 16382 -1
1546545678534525 2 -1
1546545678534529 9 -1
1546545678536139 16381 -1
1546545678536154 3 -1
1546545678536159 9 -1
1546545678545616 16380 -1
1546545678545635 4 -1
1546545678545642 9 -1
1546545678547582 16379 -1
1546545678547605 5 -1
1546545678547612 9 -1
1546545678550044 16378 -1
1546545678550067 6 -1
1546545678550072 148 -1
1546545678550130 127 -1
1546545678550154 9 -1
1546545678551237 16383 -1
1546545678551294 1 -1
1546545678551302 9 -1
1546545678552251 3329 -1
1546545678552272 9 -1
1546545678552439 15874 -1
1546545678552452 510 -1
1546545678552459 9 -1
1546545678561628 15691 -1
1546545678561644 9 -1
1546545678563086 15873 -1
1546545678564099 511 -1
1546545678564190 9 -1
1546545678568022 15872 -1
1546545678568793 512 -1
1546545678568808 9 -1
1546545678571329 15871 -1
1546545678571350 513 -1
1546545678571358 9 -1
1546545678572568 15870 -1
1546545678572588 514 -1
1546545678572724 9 -1
1546545678572731 2246 -1
1546545678625184 89 1
1546545678625362 59 1
1546545678631645 162 -1
1546545678631670 9 -1
1546545678639250 59 1
1546545678645384 58 1
1546545678647530 58 1
1546545678651565 16383 -1
1546545678651615 1 -1
1546545678651621 9 -1
1546545678653405 59 1
1546545678656432 16383 -1
1546545678656475 1 -1
1546545678656483 9 -1
1546545678657565 59 1
1546545678662115 59 1
1546545678665034 59 1
1546545678665956 16382 -1
1546545678665975 2 -1
1546545678665981 9 -1
1546545678670618 58 1
1546545678671240 16383 -1
1546545678671378 1 -1
1546545678671385 130 -1
1546545678671390 9 -1
1546545678674273 59 1
1546545678676061 15874 -1
1546545678676080 510 -1
1546545678676087 9 -1
1546545678676647 58 1
1546545678678146 87 1
1546545678685852 16383 -1
1546545678685872 1 -1
1546545678685878 9 -1
1546545678686442 7185 -1
1546545678686458 9 -1
1546545678696101 16383 -1
1546545678696173 1 -1
1546545678696181 9 -1
1546545678697425 3897 -1
1546545678697442 131 -1
1546545678697471 130 -1
1546545678697524 117 -1
1546545678697530 125 -1
1546545678697576 9 -1
1546545678710137 16383 -1
1546545678710156 1 -1
1546545678710162 9 -1
1546545678710800 10810 -1
1546545678710837 9 -1
1546545678715889 16383 -1
1546545678715908 1 -1
1546545678715954 9 -1
1546545678724434 16383 -1
1546545678724449 1 -1
1546545678724455 9 -1
1546545678730752 16382 -1
1546545678730769 2 -1
1546545678730775 9 -1
1546545678747986 16382 -1
1546545678748007 2 -1
1546545678748049 9 -1
1546545678757441 16382 -1
1546545678757459 2 -1
1546545678757557 9 -1
1546545678764315 16323 -1
1546545678764335 9 -1
1546545678765447 6018 -1
1546545678765464 9 -1
1546545678777964 16381 -1
1546545678778012 3 -1
1546545678778153 9 -1
1546545678784267 16380 -1
1546545678796472 4 -1
1546545678796482 9 -1
1546545678796486 84 -1
1546545678796502 117 -1
1546545678796507 252 -1
1546545678796577 131 -1
1546545678796583 130 -1
1546545678796672 129 -1
1546545678796676 126 -1
1546545678796763 161 -1
1546545678796830 9 -1
1546545678811823 16383 -1
1546545678811843 1 -1
1546545678811851 9 -1
1546545678829150 16383 -1
1546545678829282 1 -1
1546545678829373 9 -1
1546545678842800 15873 -1
1546545678842821 511 -1
1546545678842943 9 -1
1546545678858373 15625 -1
1546545678858435 9 -1
1546545678868259 16383 -1
1546545678868279 1 -1
1546545678868285 9 -1
1546545678876907 16383 -1
1546545678877042 1 -1
1546545678877049 9 -1
1546545678908132 16383 -1
1546545678908347 1 -1
1546545678908394 9 -1
1546545678910769 8265 -1
1546545678910804 9 -1
1546545678928850 16382 -1
1546545678928872 2 -1
1546545678928879 9 -1
1546545678955354 16383 -1
1546545678955373 1 -1
1546545678955379 9 -1
1546545678965680 16382 -1
1546545678965708 2 -1
1546545678965714 9 -1
1546545678980405 16382 -1
1546545678980426 2 -1
1546545678980433 9 -1
1546545678993408 16382 -1
1546545678993429 2 -1
1546545678993437 9 -1
1546545678995069 3474 -1
1546545678995128 9 -1
1546545679009184 16382 -1
1546545679009205 2 -1
1546545679009211 9 -1
1546545679014988 16381 -1
1546545679015037 3 -1
1546545679015079 9 -1
1546545679027115 16381 -1
1546545679027198 3 -1
1546545679027306 9 -1
1546545679040757 16381 -1
1546545679040909 3 -1
1546545679040955 9 -1
1546545679051147 16381 -1
1546545679051207 3 -1
1546545679051309 9 -1
1546545679059898 16380 -1
1546545679059918 4 -1
1546545679059924 9 -1
1546545679083327 16380 -1
1546545679083347 4 -1
1546545679083373 9 -1
1546545679095011 16380 -1
1546545679095031 4 -1
1546545679095349 9 -1
1546545679133199 16380 -1
1546545679133227 4 -1
1546545679136115 9 -1
1546545679136591 16379 -1
1546545679136607 5 -1
1546545679136614 9 -1
1546545679146757 13962 -1
1546545679146778 9 -1
1546545679157731 14332 -1
1546545679157749 9 -1
1546545679178405 16379 -1
1546545679178434 5 -1
1546545679178440 9 -1
1546545679198122 12614 -1
1546545679198150 9 -1
1546545679231703 16378 -1
1546545679231724 6 -1
1546545679231730 9 -1
1546545679261933 16377 -1
1546545679261953 7 -1
1546545679261958 9 -1
1546545679266794 6120 -1
1546545680329056 78 1
1546545680335443 171 -1
1546545680335583 9 -1
1546545680335898 2973 -1
1546545680336324 78 1
1546545680338050 78 1
1546545680341104 78 1
1546545680341122 78 1
1546545680342411 147 -1
1546545680342573 9 -1
1546545680343000 3863 -1
1546545680347951 148 -1
1546545680347970 9 -1
1546545680348549 3329 -1
1546545680348564 145 -1
1546545680353066 9 -1
1546545680353076 2617 -1
1546545680353092 149 -1
1546545680377459 9 -1
1546545680382231 3151 -1
1546545680708920 63 1
1546545680710322 63 1
1546545680712558 63 1
1546545680715796 233 -1
1546545680715815 9 -1
1546545680715827 63 1
1546545680720950 7394 -1
1546545680721263 129 -1
1546545680729061 9 -1
1546545680744021 6642 -1
1546545680744286 130 -1
1546545680744357 9 -1
1546545680745888 8208 -1
1546545680745903 129 -1
1546545680745910 9 -1
1546545680749046 7400 -1
1546545680988752 63 1
1546545680990168 63 1
1546545680996988 115 -1
1546545680996999 9 -1
1546545681003923 8504 -1
1546545681007867 129 -1
1546545681007876 9 -1
1546545681013520 6187 -1
1546545683191364 59 1
1546545683198091 149 -1
1546545683198184 9 -1
1546545683217882 16383 -1
1546545683217901 1 -1
1546545683217907 9 -1
1546545683231738 16383 -1
1546545683231760 1 -1
1546545683231766 9 -1
1546545683245597 86 1
1546545683247073 16382 -1
1546545683247096 2 -1
1546545683247104 9 -1
1546545683248494 3897 -1
1546545683251400 162 -1
1546545683261272 9 -1
1546545683266965 16383 -1
1546545683266985 1 -1
1546545683266991 9 -1
1546545683285005 16383 -1
1546545683285606 1 -1
1546545683285617 9 -1
1546545683318232 16382 -1
1546545683349341 2 -1
1546545683349663 9 -1
1546545683370978 16381 -1
1546545683371193 3 -1
1546545683371199 9 -1
1546545683375573 7185 -1
1546545689386880 17 1
0 0 0
1546545678521559 204 1
0 0 0
1546545678555795 184 1
1546545678563691 39 -1
1546545678563700 13 -1
1546545678563704 9 -1
1546545678564327 294 -1
1546545678564339 9 -1
1546545678564702 9 1
1546545678588002 16383 -1
1546545678588020 1 -1
1546545678588025 9 -1
1546545678588131 16383 -1
1546545678588139 1 -1
1546545678588144 9 -1
1546545678588650 16382 -1
1546545678590668 2 -1
1546545678590679 9 -1
1546545678591545 16381 -1
1546545678591565 3 -1
1546545678591799 9 -1
1546545678592930 16383 -1
1546545678592948 1 -1
1546545678592955 9 -1
1546545678594111 16382 -1
1546545678594128 2 -1
1546545678594135 9 -1
1546545678598430 16381 -1
1546545678598447 3 -1
1546545678598610 9 -1
1546545678599312 16383 -1
1546545678599330 1 -1
1546545678599335 9 -1
1546545678599977 16382 -1
1546545678600237 2 -1
1546545678600245 9 -1
1546545678625433 15575 -1
1546545678640249 17 1
0 0 0
1546545678572633 204 1
1546545678579272 39 -1
1546545678579284 13 -1
1546545678580759 9 1
1546545678583206 9 -1
1546545678584193 311 -1
1546545678584215 9 -1
1546545678584487 3329 -1
1546545678623914 17 1
0 0 0
1546545678527825 196 1
0 0 0
1546545678593309 185 1
1546545678597762 39 -1
1546545678597770 13 -1
1546545678602285 9 1
1546545678603378 9 -1
1546545678607899 294 -1
1546545678607918 9 -1
1546545678608755 16383 -1
1546545678608769 1 -1
1546545678608898 9 -1
1546545678613484 16383 -1
1546545678613501 1 -1
1546545678613775 9 -1
1546545678618000 16382 -1
1546545678618101 2 -1
1546545678618111 9 -1
1546545678622316 16381 -1
1546545678622334 3 -1
1546545678622339 9 -1
1546545678628261 16383 -1
1546545678628282 1 -1
1546545678628289 9 -1
1546545678639174 16382 -1
1546545678639194 2 -1
1546545678639201 9 -1
1546545678648891 16381 -1
1546545678648913 3 -1
1546545678648919 9 -1
1546545678653808 16380 -1
1546545678653823 4 -1
1546545678653830 9 -1
1546545678661958 16383 -1
1546545678661978 1 -1
1546545678661984 9 -1
1546545678668530 16382 -1
1546545678668549 2 -1
1546545678668557 9 -1
1546545678673466 8459 -1
1546545678696262 17 1
