### "'28452 172299 8208 8504 53049 120309 162196 62565 201280 81113 96316 38683 45126 60193 102953 49327 48708 66540 111927 69283 120841'"
0 0 0
1546545540274358 189 1
1546545540274374 78 1
1546545540274487 78 1
1546545540274497 78 1
1546545540274749 78 1
1546545540274758 78 1
1546545540274769 63 1
1546545540274801 63 1
1546545540274811 63 1
1546545540282154 39 -1
1546545540282183 13 -1
1546545540283597 9 1
1546545540285662 9 -1
1546545540286792 292 -1
1546545540286809 9 -1
1546545540307514 7394 -1
1546545540307534 148 -1
1546545540307542 9 -1
1546545540308930 2973 -1
1546545540308955 147 -1
1546545540308966 9 -1
1546545540310197 3863 -1
1546545540310212 148 -1
1546545540310221 9 -1
1546545540311626 3329 -1
1546545540311637 149 -1
1546545540311642 9 -1
1546545540311654 3151 -1
1546545540311660 149 -1
1546545540311912 9 -1
1546545540313493 2617 -1
1546545540313578 129 -1
1546545540313584 9 -1
1546545540314366 6642 -1
1546545540314379 130 -1
1546545540314384 9 -1
1546545540315086 8208 -1
1546545540315101 129 -1
1546545540315107 9 -1
1546545540318301 7400 -1
1546545540495582 66 1
1546545540495819 63 1
1546545540504521 129 -1
1546545540504821 9 -1
1546545540506931 6187 -1
1546545540506954 209 -1
1546545540506961 9 -1
1546545540515635 8504 -1
1546545542685159 59 1
1546545542692774 182 -1
1546545542692793 9 -1
1546545542697102 16383 -1
1546545542697125 1 -1
1546545542697131 9 -1
1546545542708202 16382 -1
1546545542708224 2 -1
1546545542708231 9 -1
1546545542711509 16381 -1
1546545542711529 3 -1
1546545542711538 9 -1
1546545542712395 3897 -1
1546545543640795 59 1
1546545543648758 153 -1
1546545543648780 9 -1
1546545543661131 16383 -1
1546545543661150 1 -1
1546545543661158 9 -1
1546545543664314 16382 -1
1546545543664333 2 -1
1546545543664339 9 -1
1546545543671188 16381 -1
1546545543671208 3 -1
1546545543671215 9 -1
1546545543687473 16380 -1
1546545543687492 4 -1
1546545543687498 9 -1
1546545543692879 16383 -1
1546545543692897 1 -1
1546545543692904 9 -1
1546545543706124 16382 -1
1546545543706146 2 -1
1546545543706153 9 -1
1546545543717845 16381 -1
1546545543717865 3 -1
1546545543717871 9 -1
1546545543722536 5621 -1
1546545543955903 78 1
1546545543962952 58 1
1546545543970521 148 -1
1546545543976795 59 1
1546545543981477 9 -1
1546545543984307 79 1
1546545543992623 3329 -1
1546545543992641 74 -1
1546545543992645 9 -1
1546545543992655 59 1
1546545544011784 16383 -1
1546545544012064 1 -1
1546545544012075 9 -1
1546545544023668 16382 -1
1546545544023689 2 -1
1546545544023696 9 -1
1546545544038639 16383 -1
1546545544038843 1 -1
1546545544039069 9 -1
1546545544048089 16382 -1
1546545544048118 2 -1
1546545544048125 9 -1
1546545544057561 16383 -1
1546545544057663 1 -1
1546545544057673 9 -1
1546545544069318 16382 -1
1546545544069340 2 -1
1546545544069346 68 -1
1546545544069351 148 -1
1546545544069863 125 -1
1546545544069871 9 -1
1546545544075849 16383 -1
1546545544075870 1 -1
1546545544075878 9 -1
1546545544088300 16383 -1
1546545544088321 1 -1
1546545544088329 9 -1
1546545544089322 3329 -1
1546545544089433 9 -1
1546545544096622 15873 -1
1546545544096640 511 -1
1546545544096655 9 -1
1546545544114740 86 1
1546545544124892 86 1
1546545544124908 59 1
1546545544125064 58 1
1546545544125162 59 1
1546545544125174 59 1
1546545544125181 58 1
1546545544125341 58 1
1546545544126183 59 1
1546545544126193 58 1
1546545544126399 59 1
1546545544126407 87 1
1546545544127477 16382 -1
1546545544127489 2 -1
1546545544127493 9 -1
1546545544131227 16382 -1
1546545544131244 2 -1
1546545544131249 9 -1
1546545544136615 15872 -1
1546545544136636 512 -1
1546545544136643 9 -1
1546545544149670 16381 -1
1546545544149691 3 -1
1546545544149698 9 -1
1546545544165210 16381 -1
1546545544165231 3 -1
1546545544165237 9 -1
1546545544203962 16383 -1
1546545544203981 1 -1
1546545544203988 9 -1
1546545544230879 14740 -1
1546545544230897 9 -1
1546545544253848 13413 -1
1546545544253868 9 -1
1546545544286143 16382 -1
1546545544286581 2 -1
1546545544286591 9 -1
1546545544296726 16381 -1
1546545544296748 3 -1
1546545544296853 9 -1
1546545544320407 16380 -1
1546545544320425 4 -1
1546545544320436 9 -1
1546545544338059 16379 -1
1546545544338081 5 -1
1546545544338089 9 -1
1546545544355555 16378 -1
1546545544355575 6 -1
1546545544355581 9 -1
1546545544373803 16377 -1
1546545544373819 7 -1
1546545544373825 9 -1
1546545544389730 16376 -1
1546545544389748 8 -1
1546545544389756 9 -1
1546545544397148 16375 -1
1546545544397168 9 -1
1546545544397174 9 -1
1546545544426356 16374 -1
1546545544426382 10 -1
1546545544426388 9 -1
1546545544428587 4672 -1
1546545544428603 183 -1
1546545544428655 160 -1
1546545544428662 130 -1
1546545544428666 202 -1
1546545544428672 129 -1
1546545544428867 164 -1
1546545544428875 130 -1
1546545544428932 130 -1
1546545544430807 130 -1
1546545544431802 130 -1
1546545544431809 126 -1
1546545544431815 181 -1
1546545544431827 9 -1
1546545544444024 16383 -1
1546545544444043 1 -1
1546545544444050 9 -1
1546545544458744 15832 -1
1546545544458760 552 -1
1546545544458766 9 -1
1546545544473171 15874 -1
1546545544473191 510 -1
1546545544473320 9 -1
1546545544481047 15874 -1
1546545544481067 510 -1
1546545544481075 9 -1
1546545544493342 15874 -1
1546545544493363 510 -1
1546545544493372 9 -1
1546545544509431 15873 -1
1546545544509449 511 -1
1546545544509457 9 -1
1546545544531995 15874 -1
1546545544532017 510 -1
1546545544532026 9 -1
1546545544539471 15874 -1
1546545544549582 510 -1
1546545544549597 9 -1
1546545544556164 15874 -1
1546545544556180 510 -1
1546545544556188 9 -1
1546545544566459 15873 -1
1546545544566492 511 -1
1546545544566793 9 -1
1546545544577957 15873 -1
1546545544577974 511 -1
1546545544577981 9 -1
1546545544588573 15832 -1
1546545544588598 552 -1
1546545544588606 9 -1
1546545544597170 16382 -1
1546545544597188 2 -1
1546545544597193 9 -1
1546545544603044 15831 -1
1546545544603062 553 -1
1546545544603069 9 -1
1546545544611046 15873 -1
1546545544611062 511 -1
1546545544611070 9 -1
1546545544620853 15873 -1
1546545544620872 511 -1
1546545544620881 9 -1
1546545544635005 15873 -1
1546545544635021 511 -1
1546545544635027 9 -1
1546545544639571 15872 -1
1546545544639588 512 -1
1546545544639595 9 -1
1546545544656690 15873 -1
1546545544656705 511 -1
1546545544656711 9 -1
1546545544666859 15873 -1
1546545544666886 511 -1
1546545544666896 9 -1
1546545544680150 15873 -1
1546545544680177 511 -1
1546545544680249 9 -1
1546545544711864 15872 -1
1546545544711885 512 -1
1546545544711893 9 -1
1546545544738402 15872 -1
1546545544738420 512 -1
1546545544738427 9 -1
1546545544751548 15831 -1
1546545544753069 553 -1
1546545544753081 9 -1
1546545544768789 16381 -1
1546545544768810 3 -1
1546545544768817 9 -1
1546545544781784 15830 -1
1546545544782388 554 -1
1546545544782793 9 -1
1546545544790608 15872 -1
1546545544793607 512 -1
1546545544793749 9 -1
1546545544795768 5915 -1
1546545544795783 9 -1
1546545544806898 12358 -1
1546545544806918 9 -1
1546545544812396 15871 -1
1546545544812416 513 -1
1546545544812424 9 -1
1546545544820603 15872 -1
1546545544823827 512 -1
1546545544823852 9 -1
1546545544836912 15872 -1
1546545544836937 68 -1
1546545544837077 9 -1
1546545544839013 15872 -1
1546545544842433 512 -1
1546545544842452 9 -1
1546545544849294 15871 -1
1546545544849316 513 -1
1546545544849325 9 -1
1546545544860202 15871 -1
1546545544861566 513 -1
1546545544861582 9 -1
1546545544870745 15830 -1
1546545544870761 554 -1
1546545544870768 9 -1
1546545544878844 16380 -1
1546545544878867 4 -1
1546545544878873 9 -1
1546545544885597 15829 -1
1546545544890554 555 -1
1546545544890573 9 -1
1546545544902332 11041 -1
1546545544902347 9 -1
1546545544918664 15870 -1
1546545544918679 514 -1
1546545544918684 9 -1
1546545544918689 175 -1
1546545544918695 9 -1
1546545544929295 15871 -1
1546545544929310 513 -1
1546545544929318 9 -1
1546545544943185 15870 -1
1546545544946101 514 -1
1546545544946115 9 -1
1546545544959751 15870 -1
1546545544959764 514 -1
1546545544959771 9 -1
1546545544970354 15829 -1
1546545544970388 555 -1
1546545544970748 9 -1
1546545544981927 16379 -1
1546545544981944 5 -1
1546545544981948 9 -1
1546545544988597 15577 -1
1546545544988610 9 -1
1546545544999306 15869 -1
1546545544999325 515 -1
1546545544999332 9 -1
1546545544999339 1004 -1
1546545544999346 9 -1
1546545545018612 15869 -1
1546545545018636 515 -1
1546545545018645 9 -1
1546545545024399 15869 -1
1546545545024415 515 -1
1546545545024421 9 -1
1546545545029979 3747 -1
1546545545029995 9 -1
1546545545036249 14396 -1
1546545545036264 9 -1
1546545545052376 15868 -1
1546545545052401 516 -1
1546545545056792 9 -1
1546545545063843 15868 -1
1546545545063863 516 -1
1546545545063870 9 -1
1546545545092644 15868 -1
1546545545093376 516 -1
1546545545093384 9 -1
1546545545104301 4649 -1
1546545545104316 9 -1
1546545545115413 13623 -1
1546545545115430 9 -1
1546545545142952 15867 -1
1546545545142966 517 -1
1546545545142974 9 -1
1546545545153168 6153 -1
1546545550417539 17 1
0 0 0
1546545538540940 196 1
1546545538540987 59 1
1546545538540995 79 1
1546545538541003 59 1
0 0 0
1546545538607764 185 1
1546545538615243 39 -1
1546545538615255 13 -1
1546545538615686 9 1
1546545538619161 9 -1
1546545538619850 295 -1
1546545538619932 9 -1
1546545538636539 16383 -1
1546545538636590 1 -1
1546545538636598 9 -1
1546545538638031 16383 -1
1546545538638052 1 -1
1546545538638059 9 -1
1546545538642000 16382 -1
1546545538642020 2 -1
1546545538642029 9 -1
1546545538642744 16381 -1
1546545538642762 3 -1
1546545538642867 9 -1
1546545538643559 16383 -1
1546545538643616 1 -1
1546545538643622 9 -1
1546545538648702 16383 -1
1546545538648722 1 -1
1546545538648728 9 -1
1546545538649757 16383 -1
1546545538649896 1 -1
1546545538649903 9 -1
1546545538657707 16383 -1
1546545538657753 1 -1
1546545538657761 9 -1
1546545538662919 16382 -1
1546545538662937 2 -1
1546545538662944 9 -1
1546545538688838 16381 -1
1546545538688857 3 -1
1546545538688864 9 -1
1546545538694265 8459 -1
1546545538703975 17 1
0 0 0
1546545538829508 204 1
1546545538834248 39 -1
1546545538834256 13 -1
1546545538835991 9 1
1546545538838828 9 -1
1546545538840984 312 -1
1546545538841034 9 -1
1546545538867525 3329 -1
1546545538884522 17 1
0 0 0
1546545538899128 185 1
1546545538899143 59 1
1546545538899171 58 1
1546545538899182 58 1
1546545538899190 59 1
1546545538899200 59 1
1546545538899208 59 1
1546545538899217 59 1
1546545538899226 58 1
1546545538899235 59 1
1546545538899244 58 1
1546545538899320 87 1
1546545538899524 59 1
0 0 0
1546545538799796 204 1
1546545538806062 39 -1
1546545538806919 9 1
1546545538812243 13 -1
1546545538812254 9 -1
1546545538818687 311 -1
1546545538819090 9 -1
1546545538819147 2263 -1
1546545538856361 17 1
0 0 0
1546545538554741 205 1
1546545538561612 39 -1
1546545538561621 13 -1
1546545538562948 9 1
1546545538566896 9 -1
1546545538566906 312 -1
1546545538566919 9 -1
1546545538595386 16383 -1
1546545538595407 1 -1
1546545538595415 9 -1
1546545538595798 12068 -1
1546545538607900 17 1
0 0 0
1546545538576175 184 1
