### "'172299 28452 195915 163031 84166 189482 72721 53049 49091 10810 38786 65620 24649 36242 137192 15625 94534 79498 79868 8208 8504 72721 53049'"
0 0 0
1546545795423106 205 1
1546545795423119 59 1
1546545795423190 79 1
1546545795424599 59 1
1546545795427729 39 -1
1546545795427738 13 -1
1546545795433608 9 -1
1546545795433761 311 -1
1546545795434074 9 -1
1546545795435247 9 1
1546545795452733 15847 -1
1546545795452759 537 -1
1546545795452770 9 -1
1546545795455953 12068 -1
1546545795457391 131 -1
1546545795457400 9 -1
1546545795457515 15873 -1
1546545795457526 511 -1
1546545795457533 9 -1
1546545795458161 15872 -1
1546545795458513 512 -1
1546545795458522 9 -1
1546545795470708 89 1
1546545795471242 59 1
1546545795471257 59 1
1546545795473166 15871 -1
1546545795473184 513 -1
1546545795473191 9 -1
1546545795473477 15870 -1
1546545795473490 514 -1
1546545795473496 9 -1
1546545795475828 58 1
1546545795477971 58 1
1546545795483729 59 1
1546545795487978 59 1
1546545795488922 59 1
1546545795492516 16383 -1
1546545795492637 1 -1
1546545795492645 148 -1
1546545795492654 127 -1
1546545795492659 9 -1
1546545795493955 59 1
1546545795495219 16383 -1
1546545795495231 1 -1
1546545795495237 9 -1
1546545795495697 3329 -1
1546545795495711 9 -1
1546545795496356 58 1
1546545795497624 16383 -1
1546545795497643 1 -1
1546545795497650 9 -1
1546545795500485 59 1
1546545795506564 58 1
1546545795506697 87 1
1546545795509029 16382 -1
1546545795509050 2 -1
1546545795509057 9 -1
1546545795512991 16382 -1
1546545795513010 2 -1
1546545795513666 9 -1
1546545795529216 16381 -1
1546545795529271 3 -1
1546545795529279 9 -1
1546545795530095 16381 -1
1546545795530109 3 -1
1546545795530566 9 -1
1546545795548278 16380 -1
1546545795548297 4 -1
1546545795548558 9 -1
1546545795571106 16380 -1
1546545795571126 4 -1
1546545795571132 9 -1
1546545795576222 16379 -1
1546545795576241 5 -1
1546545795576248 9 -1
1546545795593566 16379 -1
1546545795593585 5 -1
1546545795593590 9 -1
1546545795612267 16378 -1
1546545795612490 6 -1
1546545795612567 9 -1
1546545795612573 2246 -1
1546545795612608 9 -1
1546545795623751 15691 -1
1546545795623915 162 -1
1546545795623926 130 -1
1546545795624082 131 -1
1546545795624417 117 -1
1546545795625481 130 -1
1546545795625493 125 -1
1546545795625497 117 -1
1546545795628098 252 -1
1546545795628120 131 -1
1546545795628125 130 -1
1546545795628129 129 -1
1546545795628295 126 -1
1546545795628313 161 -1
1546545795628331 9 -1
1546545795638477 15832 -1
1546545795638498 552 -1
1546545795638506 9 -1
1546545795662490 16383 -1
1546545795662594 1 -1
1546545795662701 9 -1
1546545795668727 16383 -1
1546545795668764 1 -1
1546545795668817 9 -1
1546545795670315 10810 -1
1546545795670426 9 -1
1546545795691076 16383 -1
1546545795691157 1 -1
1546545795693150 9 -1
1546545795698718 16383 -1
1546545795698737 1 -1
1546545795698743 9 -1
1546545795704349 16383 -1
1546545795704375 1 -1
1546545795704382 9 -1
1546545795715358 16383 -1
1546545795715379 1 -1
1546545795715386 9 -1
1546545795737331 16383 -1
1546545795737353 1 -1
1546545795737725 9 -1
1546545795756289 15625 -1
1546545795756310 9 -1
1546545795772321 16383 -1
1546545795772341 1 -1
1546545795772349 9 -1
1546545795784025 16383 -1
1546545795784043 1 -1
1546545795784139 9 -1
1546545795812062 15832 -1
1546545795814340 552 -1
1546545795814367 9 -1
1546545795840196 15831 -1
1546545795840220 553 -1
1546545795840231 9 -1
1546545795862124 16382 -1
1546545795862143 2 -1
1546545795862431 9 -1
1546545795886585 16382 -1
1546545795886632 2 -1
1546545795886730 9 -1
1546545795897694 16382 -1
1546545795897716 2 -1
1546545795900360 9 -1
1546545795910326 16382 -1
1546545795910344 2 -1
1546545795910350 9 -1
1546545795912494 8265 -1
1546545795912510 9 -1
1546545795921831 16382 -1
1546545795921847 2 -1
1546545795921853 9 -1
1546545795931626 16382 -1
1546545795931642 2 -1
1546545795931654 9 -1
1546545795939585 16382 -1
1546545795939603 2 -1
1546545795939656 9 -1
1546545795951569 16382 -1
1546545795952529 2 -1
1546545795952538 9 -1
1546545795955783 16383 -1
1546545795956086 1 -1
1546545795956095 9 -1
1546545795960611 15830 -1
1546545795961970 554 -1
1546545795961984 9 -1
1546545795972476 16381 -1
1546545795972493 3 -1
1546545795972499 9 -1
1546545795989026 16323 -1
1546545795989045 9 -1
1546545795996969 6018 -1
1546545795997000 9 -1
1546545796003394 16381 -1
1546545796003412 3 -1
1546545796003704 9 -1
1546545796004920 3474 -1
1546545796004937 9 -1
1546545796020852 16381 -1
1546545796020873 3 -1
1546545796020879 9 -1
1546545796035866 16381 -1
1546545796035885 3 -1
1546545796035891 9 -1
1546545796057425 16381 -1
1546545796057442 3 -1
1546545796057449 9 -1
1546545796065519 16382 -1
1546545796065538 2 -1
1546545796065544 9 -1
1546545796128274 15829 -1
1546545796128329 555 -1
1546545796128337 9 -1
1546545796129272 3897 -1
1546545796129285 9 -1
1546545796156820 16380 -1
1546545796156908 4 -1
1546545796156915 9 -1
1546545796184117 16380 -1
1546545796184321 4 -1
1546545796184327 9 -1
1546545796208777 16380 -1
1546545796208796 4 -1
1546545796208803 9 -1
1546545796247371 16380 -1
1546545796247413 4 -1
1546545796247448 9 -1
1546545796279742 16381 -1
1546545796279764 3 -1
1546545796279795 9 -1
1546545796288035 7185 -1
1546545796288054 9 -1
1546545796288521 84 -1
1546545796288529 9 -1
1546545796305118 16379 -1
1546545796305135 5 -1
1546545796305140 9 -1
1546545796321705 16379 -1
1546545796321725 5 -1
1546545796321731 9 -1
1546545796344306 13962 -1
1546545796345014 9 -1
1546545796347937 14332 -1
1546545796347953 9 -1
1546545796365873 16378 -1
1546545796365891 6 -1
1546545796365897 9 -1
1546545796380238 12614 -1
1546545796380259 9 -1
1546545796391476 16377 -1
1546545796391506 7 -1
1546545796391513 9 -1
1546545796409907 16376 -1
1546545796409956 8 -1
1546545796410249 9 -1
1546545796412016 6120 -1
1546545797252930 78 1
1546545797252946 78 1
1546545797253262 78 1
1546545797254679 78 1
1546545797254695 78 1
1546545797260718 171 -1
1546545797260929 9 -1
1546545797261803 2973 -1
1546545797266252 147 -1
1546545797266272 9 -1
1546545797267569 3863 -1
1546545797267587 149 -1
1546545797267656 9 -1
1546545797274207 3151 -1
1546545797274348 148 -1
1546545797274468 9 -1
1546545797274476 3329 -1
1546545797274483 145 -1
1546545797274490 9 -1
1546545797276789 2617 -1
1546545797531621 63 1
1546545797535344 63 1
1546545797536059 63 1
1546545797538332 63 1
1546545797543141 233 -1
1546545797543163 9 -1
1546545797556531 7394 -1
1546545797556551 129 -1
1546545797556559 9 -1
1546545797561319 7400 -1
1546545797561341 129 -1
1546545797561442 9 -1
1546545797567821 6642 -1
1546545797567851 130 -1
1546545797567858 9 -1
1546545797569167 8208 -1
1546545797780448 63 1
1546545797780465 63 1
1546545797788929 115 -1
1546545797788947 9 -1
1546545797793400 8504 -1
1546545797793417 129 -1
1546545797793422 9 -1
1546545797799032 6187 -1
1546545799916085 86 1
1546545799923486 185 -1
1546545799923505 9 -1
1546545799935159 15832 -1
1546545799935177 552 -1
1546545799935187 9 -1
1546545799941095 15831 -1
1546545799943409 553 -1
1546545799943813 9 -1
1546545799964555 16383 -1
1546545799964575 1 -1
1546545799964582 9 -1
1546545799976628 16383 -1
1546545799976650 1 -1
1546545799976655 9 -1
1546545799979787 7185 -1
1546545800037765 59 1
1546545800046784 149 -1
1546545800046807 9 -1
1546545800058243 16383 -1
1546545800058258 1 -1
1546545800058264 9 -1
1546545800069820 16383 -1
1546545800070171 1 -1
1546545800070177 9 -1
1546545800103618 16382 -1
1546545800103778 2 -1
1546545800103784 9 -1
1546545800108867 3897 -1
1546545805915267 17 1
0 0 0
1546545795440695 204 1
1546545795449155 39 -1
1546545795449229 13 -1
1546545795457225 9 -1
1546545795457751 311 -1
1546545795457809 9 -1
1546545795458181 3329 -1
1546545795458825 9 1
1546545795460292 17 1
0 0 0
1546545795458476 184 1
1546545795464817 39 -1
1546545795464827 13 -1
1546545795465513 9 1
1546545795470125 9 -1
1546545795470245 294 -1
1546545795470259 9 -1
1546545795487722 16383 -1
1546545795487934 1 -1
1546545795487943 9 -1
1546545795488350 16383 -1
1546545795488362 1 -1
1546545795488367 9 -1
1546545795493549 16382 -1
1546545795493749 2 -1
1546545795493756 9 -1
1546545795495113 16381 -1
1546545795495142 3 -1
1546545795495150 9 -1
1546545795497057 16380 -1
1546545795497074 4 -1
1546545795497154 9 -1
1546545795499149 16383 -1
1546545795499611 1 -1
1546545795499618 9 -1
1546545795500347 16382 -1
1546545795500370 2 -1
1546545795500376 9 -1
1546545795511155 16381 -1
1546545795511175 3 -1
1546545795511182 9 -1
1546545795527273 16380 -1
1546545795527291 4 -1
1546545795527297 9 -1
1546545795528422 15575 -1
1546545795556379 17 1
0 0 0
1546545795432245 39 -1
1546545795434876 204 1
1546545795439619 9 1
1546545795449167 13 -1
1546545795449276 9 -1
1546545795449422 310 -1
1546545795449565 9 -1
1546545795449570 2263 -1
1546545795458494 17 1
0 0 0
1546545795436151 39 -1
1546545795436161 13 -1
1546545795437357 185 1
1546545795440145 9 1
1546545795448561 9 -1
1546545795448786 294 -1
1546545795448829 9 -1
1546545795450491 16383 -1
1546545795450503 1 -1
1546545795450523 9 -1
1546545795454173 16383 -1
1546545795454192 1 -1
1546545795454198 9 -1
1546545795455811 16382 -1
1546545795455829 2 -1
1546545795455836 9 -1
1546545795457371 16381 -1
1546545795457956 3 -1
1546545795458409 9 -1
1546545795460422 16383 -1
1546545795460479 1 -1
1546545795460487 9 -1
1546545795464980 16382 -1
1546545795464996 2 -1
1546545795465001 9 -1
1546545795465731 16381 -1
1546545795465888 3 -1
1546545795465895 9 -1
1546545795482380 16380 -1
1546545795482404 4 -1
1546545795482411 9 -1
1546545795486514 16383 -1
1546545795486832 1 -1
1546545795487061 9 -1
1546545795489032 16382 -1
1546545795489047 2 -1
1546545795489054 9 -1
1546545795489510 8459 -1
1546545795540384 17 1
0 0 0
1546545795487392 196 1
1546545795493635 39 -1
1546545795493657 13 -1
1546545795497919 9 -1
1546545795498835 309 -1
1546545795498951 9 -1
1546545795500021 16383 -1
1546545795500040 1 -1
1546545795500046 9 -1
1546545795536261 16383 -1
1546545795536355 1 -1
1546545795536361 9 -1
1546545795538888 16382 -1
1546545795539052 2 -1
1546545795539061 9 -1
1546545795541361 9 1
1546545795541897 16381 -1
1546545795541954 3 -1
1546545795541961 9 -1
1546545795542775 16383 -1
1546545795542794 1 -1
1546545795542801 9 -1
1546545795546899 16383 -1
1546545795546965 1 -1
1546545795546971 9 -1
1546545795558267 16382 -1
1546545795558288 2 -1
1546545795558295 9 -1
1546545795558713 16383 -1
1546545795558729 1 -1
1546545795558735 9 -1
1546545795576835 16382 -1
1546545795576851 2 -1
1546545795576858 9 -1
1546545795580901 16381 -1
1546545795580923 3 -1
1546545795580931 9 -1
1546545795597320 16380 -1
1546545795597338 4 -1
1546545795597346 9 -1
1546545795599025 9258 -1
1546545795599946 17 1
