### "'163031 195915 172299 84166 53049 49091 10810 38786 65620 24649 36242 137192 15625 94534 79498 79868 120309 28452 8208 8504 53049'"
0 0 0
1546545467345871 205 1
1546545467349279 39 -1
1546545467349286 13 -1
1546545467350127 9 1
1546545467359367 9 -1
1546545467359401 312 -1
1546545467359592 9 -1
1546545467361259 16383 -1
1546545467361275 1 -1
1546545467361283 9 -1
1546545467362131 12068 -1
1546545467403861 17 1
0 0 0
1546545466357998 39 -1
1546545466358004 13 -1
1546545466365424 185 1
1546545466380916 9 -1
1546545466380925 295 -1
1546545466381248 9 -1
1546545466382901 9 1
1546545466383746 16383 -1
1546545466383805 1 -1
1546545466384040 9 -1
1546545466387304 16383 -1
1546545466387322 1 -1
1546545466387327 9 -1
1546545466396082 16382 -1
1546545466396188 2 -1
1546545466396195 9 -1
1546545466397163 16381 -1
1546545466397177 3 -1
1546545466397182 9 -1
1546545466399062 16380 -1
1546545466399083 4 -1
1546545466399088 9 -1
1546545466400811 16379 -1
1546545466400837 5 -1
1546545466400844 9 -1
1546545466401841 16378 -1
1546545466401861 6 -1
1546545466401867 9 -1
1546545466415019 16377 -1
1546545466415039 7 -1
1546545466415048 9 -1
1546545466416915 16383 -1
1546545466416960 1 -1
1546545466416967 9 -1
1546545466419900 16382 -1
1546545466419962 2 -1
1546545466419971 9 -1
1546545466420834 8459 -1
1546545466458423 17 1
0 0 0
1546545466296839 204 1
1546545466297537 58 1
1546545466301231 39 -1
1546545466301405 13 -1
1546545466306107 9 -1
1546545466306372 9 1
1546545466307145 311 -1
1546545466307158 9 -1
1546545466307707 2263 -1
1546545466308137 131 -1
1546545466308143 9 -1
1546545466321321 62 1
1546545466323938 15873 -1
1546545466324762 511 -1
1546545466324855 9 -1
1546545466325659 15872 -1
1546545466326100 512 -1
1546545466326190 9 -1
1546545466327404 15871 -1
1546545466328697 513 -1
1546545466328813 9 -1
1546545466329923 15870 -1
1546545466329938 514 -1
1546545466329946 9 -1
1546545466331547 15869 -1
1546545466331577 515 -1
1546545466331587 9 -1
1546545466341614 15868 -1
1546545466341717 516 -1
1546545466341728 9 -1
1546545466344445 15867 -1
1546545466344466 517 -1
1546545466344473 9 -1
1546545466346261 16383 -1
1546545466346275 1 -1
1546545466346280 9 -1
1546545466352194 16382 -1
1546545466352223 2 -1
1546545466352229 9 -1
1546545466354222 79 1
1546545466357605 15575 -1
1546545466357647 131 -1
1546545466357655 9 -1
1546545466362893 16383 -1
1546545466363049 1 -1
1546545466363056 9 -1
1546545466373872 16382 -1
1546545466373897 2 -1
1546545466373979 9 -1
1546545466378474 16381 -1
1546545466378497 3 -1
1546545466378504 9 -1
1546545466378804 59 1
1546545466381352 16380 -1
1546545466383403 4 -1
1546545466383471 9 -1
1546545466397318 16379 -1
1546545466397466 5 -1
1546545466397519 9 -1
1546545466399195 16378 -1
1546545466399359 6 -1
1546545466399363 9 -1
1546545466415405 16377 -1
1546545466415423 7 -1
1546545466415429 9 -1
1546545466428048 16376 -1
1546545466428319 8 -1
1546545466428326 9 -1
1546545466440087 16375 -1
1546545466440105 9 -1
1546545466440111 9 -1
1546545466447117 59 1
1546545466449805 59 1
1546545466451430 58 1
1546545466455519 16374 -1
1546545466455541 10 -1
1546545466455547 9 -1
1546545466486758 16373 -1
1546545466486778 11 -1
1546545466486786 9 -1
1546545466486816 58 1
1546545466486827 59 1
1546545466486858 59 1
1546545466487016 59 1
1546545466487082 59 1
1546545466487091 58 1
1546545466487279 59 1
1546545466487347 58 1
1546545466488212 87 1
1546545466488349 59 1
1546545466494663 15691 -1
1546545466494680 148 -1
1546545466494687 127 -1
1546545466502806 9 -1
1546545466503130 3329 -1
1546545466503144 9 -1
1546545466517208 16383 -1
1546545466517228 1 -1
1546545466517234 9 -1
1546545466530141 16382 -1
1546545466530160 2 -1
1546545466530249 9 -1
1546545466546120 16381 -1
1546545466546140 3 -1
1546545466546146 9 -1
1546545466558127 16380 -1
1546545466558180 4 -1
1546545466558247 9 -1
1546545466579247 16379 -1
1546545466579266 5 -1
1546545466579272 9 -1
1546545466590481 2246 -1
1546545466590501 130 -1
1546545466590507 127 -1
1546545466590512 130 -1
1546545466590774 130 -1
1546545466590781 130 -1
1546545466591093 117 -1
1546545466591104 259 -1
1546545466591115 126 -1
1546545466591165 129 -1
1546545466591169 129 -1
1546545466591175 130 -1
1546545466591179 161 -1
1546545466591187 130 -1
1546545466594216 9 -1
1546545466609300 16383 -1
1546545466609361 1 -1
1546545466609369 9 -1
1546545466631987 15874 -1
1546545466632005 510 -1
1546545466632014 9 -1
1546545466648444 10810 -1
1546545466648462 9 -1
1546545466671767 15874 -1
1546545466671792 510 -1
1546545466671799 9 -1
1546545466683634 15874 -1
1546545466683749 510 -1
1546545466683879 9 -1
1546545466696858 15874 -1
1546545466696917 510 -1
1546545466696929 9 -1
1546545466711330 15874 -1
1546545466711349 510 -1
1546545466711485 9 -1
1546545466728413 15873 -1
1546545466728564 511 -1
1546545466728578 9 -1
1546545466737158 15625 -1
1546545466737176 9 -1
1546545466748850 15874 -1
1546545466748872 510 -1
1546545466748886 9 -1
1546545466759861 15874 -1
1546545466759885 510 -1
1546545466759893 9 -1
1546545466776025 15832 -1
1546545466776044 552 -1
1546545466776146 9 -1
1546545466790682 15873 -1
1546545466790705 511 -1
1546545466790713 9 -1
1546545466800284 16382 -1
1546545466800302 2 -1
1546545466800307 9 -1
1546545466819862 15873 -1
1546545466822961 511 -1
1546545466823084 9 -1
1546545466853697 15873 -1
1546545466853720 511 -1
1546545466853729 9 -1
1546545466868529 15873 -1
1546545466870125 511 -1
1546545466870252 9 -1
1546545466876067 8265 -1
1546545466876084 9 -1
1546545466891788 15873 -1
1546545466895795 511 -1
1546545466895815 9 -1
1546545466911893 15872 -1
1546545466912071 512 -1
1546545466912081 9 -1
1546545466925373 15873 -1
1546545466925393 511 -1
1546545466925401 9 -1
1546545466936227 15873 -1
1546545466941022 511 -1
1546545466941040 9 -1
1546545466958836 15831 -1
1546545466958854 553 -1
1546545466958861 9 -1
1546545466964315 15872 -1
1546545466965567 512 -1
1546545466965582 9 -1
1546545466986247 16381 -1
1546545466986265 3 -1
1546545466986500 9 -1
1546545467003800 16323 -1
1546545467003820 9 -1
1546545467009216 6018 -1
1546545467009233 9 -1
1546545467039200 15872 -1
1546545467039222 512 -1
1546545467039259 9 -1
1546545467044236 3474 -1
1546545467044264 9 -1
1546545467079115 15871 -1
1546545467079136 513 -1
1546545467079144 9 -1
1546545467089099 15872 -1
1546545467089120 512 -1
1546545467089126 9 -1
1546545467111728 15872 -1
1546545467111747 512 -1
1546545467111833 9 -1
1546545467124086 15830 -1
1546545467136582 554 -1
1546545467136601 9 -1
1546545467145482 15871 -1
1546545467145503 513 -1
1546545467145511 9 -1
1546545467151436 3897 -1
1546545467151760 9 -1
1546545467162777 15871 -1
1546545467162793 513 -1
1546545467162886 9 -1
1546545467178183 15870 -1
1546545467189058 514 -1
1546545467189074 9 -1
1546545467195888 15871 -1
1546545467195910 513 -1
1546545467195920 9 -1
1546545467211469 15871 -1
1546545467211491 513 -1
1546545467211499 9 -1
1546545467224274 15829 -1
1546545467226151 555 -1
1546545467226262 9 -1
1546545467236835 15870 -1
1546545467236855 514 -1
1546545467236864 9 -1
1546545467236869 84 -1
1546545467237055 9 -1
1546545467245748 15869 -1
1546545467245768 515 -1
1546545467245777 9 -1
1546545467266100 15870 -1
1546545467266117 514 -1
1546545467266124 9 -1
1546545467269732 13962 -1
1546545467269757 9 -1
1546545467283454 14332 -1
1546545467283471 9 -1
1546545467295993 15869 -1
1546545467296010 515 -1
1546545467296017 9 -1
1546545467307313 15868 -1
1546545467311604 516 -1
1546545467311621 9 -1
1546545467317417 12614 -1
1546545467317434 9 -1
1546545467325525 16383 -1
1546545467325541 1 -1
1546545467325584 9 -1
1546545467335632 15867 -1
1546545467335655 517 -1
1546545467335663 9 -1
1546545467346949 16382 -1
1546545467346984 2 -1
1546545467346991 9 -1
1546545467370202 15866 -1
1546545467370221 518 -1
1546545467370229 9 -1
1546545467370649 5621 -1
1546545467370661 9 -1
1546545467371902 6120 -1
1546545467724019 78 1
1546545467727473 78 1
1546545467727488 78 1
1546545467727571 78 1
1546545467728689 78 1
1546545467733513 172 -1
1546545467733530 9 -1
1546545467733852 2973 -1
1546545467739720 147 -1
1546545467739737 9 -1
1546545467740132 3863 -1
1546545467740189 148 -1
1546545467740546 9 -1
1546545467746273 3329 -1
1546545467746291 220 -1
1546545467746301 9 -1
1546545467768744 3151 -1
1546545467768762 178 -1
1546545467768768 9 -1
1546545467772719 2617 -1
1546545467991936 63 1
1546545467992384 63 1
1546545467995055 63 1
1546545467996452 63 1
1546545468000230 153 -1
1546545468000250 9 -1
1546545468006023 7394 -1
1546545468006042 129 -1
1546545468006048 9 -1
1546545468010545 6642 -1
1546545468010563 129 -1
1546545468010569 9 -1
1546545468017302 7400 -1
1546545468017329 130 -1
1546545468017335 9 -1
1546545468021376 8208 -1
1546545468236871 63 1
1546545468239209 63 1
1546545468246225 115 -1
1546545468246235 9 -1
1546545468252359 8504 -1
1546545468253288 129 -1
1546545468253331 9 -1
1546545468256988 6187 -1
1546545470435673 59 1
1546545470442509 149 -1
1546545470442528 9 -1
1546545470464357 16383 -1
1546545470464376 1 -1
1546545470464421 9 -1
1546545470470935 16382 -1
1546545470471581 2 -1
1546545470471589 9 -1
1546545470484874 16383 -1
1546545470484895 1 -1
1546545470485437 9 -1
1546545470486372 3897 -1
1546545475050033 17 1
0 0 0
1546545466531212 196 1
0 0 0
1546545466384005 204 1
