### "'126037 59802 130634 26035 103676 34676 34676 34676 366621 37887 34676 34676 71730 88546 89617 103676 117313 87431 16298 41381 123666 133864 95393 9480 16298'"
0 0 0
1546547462238129 181 1
1546547462241233 39 -1
1546547462241241 13 -1
1546547462247731 9 -1
1546547462248287 293 -1
1546547462248301 9 -1
1546547462250187 16383 -1
1546547462250258 1 -1
1546547462250282 9 -1
1546547462250337 9 1
1546547462276701 16382 -1
1546547462276721 2 -1
1546547462276727 9 -1
1546547462277747 16381 -1
1546547462277764 3 -1
1546547462277770 9 -1
1546547462279089 16383 -1
1546547462279111 1 -1
1546547462279117 9 -1
1546547462281254 16382 -1
1546547462281280 2 -1
1546547462281288 9 -1
1546547462282242 6626 -1
1546547462320943 17 1
0 0 0
1546547462242622 180 1
0 0 0
1546547462172317 198 1
0 0 0
1546547462148291 198 1
0 0 0
1546547462205823 198 1
0 0 0
1546547462132404 192 1
1546547462132448 58 1
1546547462132489 58 1
1546547462132540 78 1
1546547462132582 58 1
1546547462132632 58 1
1546547462132672 77 1
1546547462132715 58 1
1546547462132754 58 1
1546547462132798 58 1
1546547462132838 59 1
1546547462132888 78 1
1546547462132937 59 1
1546547462132991 78 1
1546547462133028 58 1
1546547462133069 59 1
1546547462133107 59 1
1546547462133155 58 1
1546547462133883 59 1
1546547462133900 58 1
1546547462136404 77 1
1546547462136419 58 1
1546547462136429 58 1
1546547462136480 75 1
1546547462136487 59 1
1546547462136495 59 1
1546547462136505 77 1
1546547462136550 58 1
1546547462138427 39 -1
1546547462138436 13 -1
1546547462139333 9 1
1546547462139666 9 -1
1546547462140205 308 -1
1546547462140295 9 -1
1546547462156136 15854 -1
1546547462157482 530 -1
1546547462157498 9 -1
1546547462158539 15853 -1
1546547462159138 531 -1
1546547462159150 9 -1
1546547462159436 15852 -1
1546547462159954 532 -1
1546547462159965 9 -1
1546547462161942 15851 -1
1546547462162096 533 -1
1546547462162107 9 -1
1546547462162178 15850 -1
1546547462162228 534 -1
1546547462162235 9 -1
1546547462162496 15849 -1
1546547462162506 535 -1
1546547462162512 9 -1
1546547462165556 15848 -1
1546547462165572 536 -1
1546547462165579 9 -1
1546547462172650 11349 -1
1546547462172667 129 -1
1546547462172675 147 -1
1546547462172681 108 -1
1546547462172688 130 -1
1546547462172692 129 -1
1546547462172739 131 -1
1546547462172870 147 -1
1546547462172973 131 -1
1546547462172979 131 -1
1546547462172985 125 -1
1546547462172989 258 -1
1546547462172997 117 -1
1546547462173001 130 -1
1546547462173008 148 -1
1546547462173343 129 -1
1546547462173348 126 -1
1546547462175702 131 -1
1546547462175711 132 -1
1546547462175716 147 -1
1546547462175728 129 -1
1546547462175797 130 -1
1546547462175940 253 -1
1546547462175948 150 -1
1546547462176318 126 -1
1546547462176323 117 -1
1546547462176580 117 -1
1546547462176635 147 -1
1546547462176642 9 -1
1546547462177520 15874 -1
1546547462177532 510 -1
1546547462177538 9 -1
1546547462177628 15873 -1
1546547462177635 511 -1
1546547462177642 9 -1
1546547462177686 2795 -1
1546547462177692 9 -1
1546547462177777 15873 -1
1546547462177783 511 -1
1546547462177790 9 -1
1546547462183492 15874 -1
1546547462183590 510 -1
1546547462183598 9 -1
1546547462183602 2617 -1
1546547462183607 9 -1
1546547462183705 15874 -1
1546547462183712 510 -1
1546547462183718 9 -1
1546547462190543 15873 -1
1546547462191579 511 -1
1546547462191597 9 -1
1546547462192499 15874 -1
1546547462192517 510 -1
1546547462192528 9 -1
1546547462195104 15874 -1
1546547462195122 510 -1
1546547462195130 9 -1
1546547462198058 3507 -1
1546547462198082 9 -1
1546547462201771 15874 -1
1546547462201841 510 -1
1546547462201850 9 -1
1546547462201853 3151 -1
1546547462201859 9 -1
1546547462231992 15874 -1
1546547462232012 510 -1
1546547462232020 9 -1
1546547462233215 15874 -1
1546547462233231 510 -1
1546547462233237 9 -1
1546547462249747 71 1
1546547462255568 15874 -1
1546547462255588 510 -1
1546547462255595 9 -1
1546547462256173 15874 -1
1546547462256533 510 -1
1546547462256589 9 -1
1546547462261098 16383 -1
1546547462261116 1 -1
1546547462261341 9 -1
1546547462272605 15873 -1
1546547462272625 511 -1
1546547462272728 9 -1
1546547462273133 2439 -1
1546547462273146 9 -1
1546547462283358 15874 -1
1546547462283704 510 -1
1546547462283721 9 -1
1546547462290535 15874 -1
1546547462290562 510 -1
1546547462290609 9 -1
1546547462301475 15859 -1
1546547462301534 439 -1
1546547462301545 9 -1
1546547462323843 15873 -1
1546547462323865 511 -1
1546547462323874 9 -1
1546547462324403 15873 -1
1546547462324423 511 -1
1546547462324431 9 -1
1546547462324871 2439 -1
1546547462324894 9 -1
1546547462340846 15874 -1
1546547462340865 510 -1
1546547462340909 9 -1
1546547462357207 15873 -1
1546547462357237 511 -1
1546547462358877 9 -1
1546547462371932 15872 -1
1546547462371962 512 -1
1546547462373213 9 -1
1546547462385453 15872 -1
1546547462385470 512 -1
1546547462385480 9 -1
1546547462391187 9651 -1
1546547462391456 9 -1
1546547462397579 15873 -1
1546547462397713 511 -1
1546547462397724 9 -1
1546547462404420 15872 -1
1546547462408264 512 -1
1546547462408281 9 -1
1546547462414312 15873 -1
1546547462414367 511 -1
1546547462414419 9 -1
1546547462422486 15873 -1
1546547462422808 511 -1
1546547462422858 9 -1
1546547462436343 15873 -1
1546547462436473 511 -1
1546547462436482 9 -1
1546547462440097 15873 -1
1546547462440408 511 -1
1546547462440426 9 -1
1546547462450052 15873 -1
1546547462450393 511 -1
1546547462450406 9 -1
1546547462459140 15873 -1
1546547462459162 511 -1
1546547462459582 9 -1
1546547462466043 15873 -1
1546547462466178 511 -1
1546547462466192 9 -1
1546547462473867 16382 -1
1546547462473894 2 -1
1546547462473903 9 -1
1546547462490420 15872 -1
1546547462490442 512 -1
1546547462490449 9 -1
1546547462493554 15873 -1
1546547462493948 511 -1
1546547462493961 9 -1
1546547462504055 15873 -1
1546547462505301 511 -1
1546547462505309 9 -1
1546547462513192 15872 -1
1546547462513212 512 -1
1546547462513911 9 -1
1546547462520337 15872 -1
1546547462521967 512 -1
1546547462521983 9 -1
1546547462530841 15873 -1
1546547462530886 511 -1
1546547462530934 9 -1
1546547462539557 15872 -1
1546547462539574 512 -1
1546547462539580 9 -1
1546547462552085 15871 -1
1546547462552104 513 -1
1546547462552112 9 -1
1546547462556530 15871 -1
1546547462556548 513 -1
1546547462556555 9 -1
1546547462561413 1908 -1
1546547462561429 9 -1
1546547462577848 15871 -1
1546547462577871 513 -1
1546547462577880 9 -1
1546547462580288 1908 -1
1546547462580307 9 -1
1546547462580333 1908 -1
1546547462580705 9 -1
1546547462580858 5119 -1
1546547462580869 9 -1
1546547462580872 1908 -1
1546547462580878 9 -1
1546547462581315 1908 -1
1546547462581331 9 -1
1546547462602143 15872 -1
1546547462602209 512 -1
1546547462602249 9 -1
1546547462603273 15872 -1
1546547462603288 512 -1
1546547462603315 9 -1
1546547462618122 16381 -1
1546547462618139 3 -1
1546547462618144 155 -1
1546547462618261 9 -1
1546547462623946 15871 -1
1546547462628906 513 -1
1546547462628923 9 -1
1546547462635282 15872 -1
1546547462635298 512 -1
1546547462635306 9 -1
1546547462651773 8613 -1
1546547462651801 9 -1
1546547462658011 15871 -1
1546547462658028 513 -1
1546547462658058 9 -1
1546547462668631 15871 -1
1546547462669597 513 -1
1546547462669612 9 -1
1546547462686554 15872 -1
1546547462686570 512 -1
1546547462686608 9 -1
1546547462692684 10650 -1
1546547462692703 9 -1
1546547462710678 15870 -1
1546547462710700 514 -1
1546547462710709 9 -1
1546547462714892 15870 -1
1546547462714908 514 -1
1546547462714915 9 -1
1546547462738988 15870 -1
1546547462739022 514 -1
1546547462739065 9 -1
1546547462745721 15871 -1
1546547462745737 513 -1
1546547462745768 9 -1
1546547462758477 15871 -1
1546547462758615 513 -1
1546547462758624 9 -1
1546547462773162 16380 -1
1546547462773531 4 -1
1546547462773560 9 -1
1546547462787850 15870 -1
1546547462787868 514 -1
1546547462787875 9 -1
1546547462793880 15871 -1
1546547462793900 513 -1
1546547462793907 9 -1
1546547462805364 15870 -1
1546547462805403 514 -1
1546547462805411 9 -1
1546547462810548 15870 -1
1546547462810563 514 -1
1546547462810570 9 -1
1546547462822263 15871 -1
1546547462822280 513 -1
1546547462822288 9 -1
1546547462832188 15869 -1
1546547462832249 515 -1
1546547462832424 9 -1
1546547462859701 15869 -1
1546547462859748 515 -1
1546547462859874 9 -1
1546547462880709 15869 -1
1546547462880766 515 -1
1546547462883680 9 -1
1546547462897244 6194 -1
1546547462897262 9 -1
1546547462909024 15870 -1
1546547462909043 514 -1
1546547462909051 9 -1
1546547462925884 16379 -1
1546547462925904 5 -1
1546547462925911 9 -1
1546547462941926 15869 -1
1546547462941946 515 -1
1546547462941953 9 -1
1546547462953901 15870 -1
1546547462953930 514 -1
1546547462953937 9 -1
1546547462964671 15869 -1
1546547462964691 515 -1
1546547462964698 9 -1
1546547462977022 15869 -1
1546547462981593 515 -1
1546547462981619 9 -1
1546547462999491 15870 -1
1546547462999509 514 -1
1546547462999516 9 -1
1546547463019081 15868 -1
1546547463019126 516 -1
1546547463019234 9 -1
1546547463036906 15868 -1
1546547463038652 516 -1
1546547463038706 9 -1
1546547463057681 15868 -1
1546547463058725 516 -1
1546547463063745 9 -1
1546547463068878 7697 -1
1546547463068969 9 -1
1546547463075585 16378 -1
1546547463075604 6 -1
1546547463075610 9 -1
1546547463091977 15868 -1
1546547463092025 516 -1
1546547463092035 9 -1
1546547463115031 5511 -1
1546547463115050 9 -1
1546547463134639 15868 -1
1546547463134687 516 -1
1546547463134729 9 -1
1546547463155907 15868 -1
1546547463155962 516 -1
1546547463156002 9 -1
1546547463166509 13473 -1
1546547463166527 9 -1
1546547463193369 15867 -1
1546547463193389 517 -1
1546547463193397 9 -1
1546547463204171 5372 -1
1546547463204190 9 -1
1546547463220290 15867 -1
1546547463220497 517 -1
1546547463220509 9 -1
1546547463231772 16377 -1
1546547463231791 7 -1
1546547463231797 9 -1
1546547463233267 5372 -1
1546547463233286 9 -1
1546547463248555 15867 -1
1546547463248575 517 -1
1546547463248583 9 -1
1546547463262463 15867 -1
1546547463262479 517 -1
1546547463262485 9 -1
1546547463270382 15866 -1
1546547463270398 80 -1
1546547463270403 9 -1
1546547463279449 15866 -1
1546547463279496 518 -1
1546547463279603 9 -1
1546547463280422 2625 -1
1546547463280859 9 -1
1546547463286763 8978 -1
1546547463286816 9 -1
1546547463296320 15866 -1
1546547463296369 518 -1
1546547463296847 9 -1
1546547463302140 15865 -1
1546547463317568 519 -1
1546547463317585 9 -1
1546547463317698 2792 -1
1546547463317740 9 -1
1546547463328846 15864 -1
1546547463328864 520 -1
1546547463328872 9 -1
1546547463333788 15863 -1
1546547463334192 521 -1
1546547463334209 9 -1
1546547463339855 15862 -1
1546547463339876 522 -1
1546547463339985 9 -1
1546547463350902 15861 -1
1546547463351591 523 -1
1546547463351608 9 -1
1546547463367340 15860 -1
1546547463367361 524 -1
1546547463367369 9 -1
1546547463375850 15859 -1
1546547463375867 525 -1
1546547463375874 9 -1
1546547463398252 15858 -1
1546547463399135 526 -1
1546547463399148 9 -1
1546547463416988 16383 -1
1546547463417034 1 -1
1546547463417192 9 -1
1546547463434374 9480 -1
1546547463434425 9 -1
1546547463460132 16382 -1
1546547463460153 2 -1
1546547463460159 9 -1
1546547463481876 16381 -1
1546547463481898 3 -1
1546547463481996 9 -1
1546547463523516 16380 -1
1546547463523561 4 -1
1546547463523567 9 -1
1546547463539825 16379 -1
1546547463539858 5 -1
1546547463539864 9 -1
1546547463554562 16378 -1
1546547463554581 6 -1
1546547463554587 9 -1
1546547463565095 6173 -1
1546547464295825 78 1
1546547464297933 89 1
1546547464299316 77 1
1546547464300550 80 1
1546547464301565 77 1
1546547464304249 170 -1
1546547464304268 9 -1
1546547464304275 2439 -1
1546547464310696 148 -1
1546547464310861 9 -1
1546547464310868 2795 -1
1546547464310987 118 -1
1546547464310993 9 -1
1546547464343803 16298 -1
1546547464343861 118 -1
1546547464343870 9 -1
1546547464345167 1551 -1
1546547464345183 251 -1
1546547464345217 9 -1
1546547464346528 2973 -1
1546547464448624 63 1
1546547464453106 63 1
1546547464453121 63 1
1546547464455037 124 -1
1546547464455054 9 -1
1546547464455954 63 1
1546547464459666 63 1
1546547464462366 5392 -1
1546547464466898 128 -1
1546547464466908 9 -1
1546547464469577 2911 -1
1546547464469602 129 -1
1546547464469692 9 -1
1546547464473934 63 1
1546547464475613 3367 -1
1546547464475715 128 -1
1546547464475721 9 -1
1546547464480926 3367 -1
1546547464480944 111 -1
1546547464480952 9 -1
1546547464486042 3367 -1
1546547464486063 129 -1
1546547464486068 9 -1
1546547464493801 6056 -1
1546547471188600 17 1
