### "'352877 77558 206342 94587 112726 61743 119832 122598 25062 143158 10802 49662 51390 160719 117389 180480 153026 156698 198199 244659 271545 283028 18594 61236 111540 164512 195860 31629 28017'"
0 0 0
1546548205681503 180 1
1546548205687421 39 -1
1546548205687429 13 -1
1546548205690360 9 -1
1546548205692245 294 -1
1546548205692413 9 -1
1546548205699388 16383 -1
1546548205699634 1 -1
1546548205699747 9 -1
1546548205701513 9 1
1546548205703899 16382 -1
1546548205703920 2 -1
1546548205703926 9 -1
1546548205708312 16381 -1
1546548205708330 3 -1
1546548205708336 9 -1
1546548205711200 16383 -1
1546548205711218 1 -1
1546548205711224 9 -1
1546548205715405 16382 -1
1546548205715825 2 -1
1546548205716113 9 -1
1546548205726712 16381 -1
1546548205726728 3 -1
1546548205726779 9 -1
1546548205729955 14422 -1
1546548205771556 17 1
0 0 0
1546548205643446 39 -1
1546548205643641 13 -1
1546548205644346 200 1
1546548205644876 9 1
1546548205650488 9 -1
1546548205651304 310 -1
1546548205651732 9 -1
1546548205652327 2111 -1
1546548205720367 17 1
0 0 0
1546548205728663 39 -1
1546548205728676 13 -1
1546548205741767 200 1
1546548205745899 9 1
1546548205747898 9 -1
1546548205754632 310 -1
1546548205754648 9 -1
1546548205754655 3151 -1
1546548205792703 17 1
0 0 0
1546548205629278 180 1
0 0 0
1546548205699143 39 -1
1546548205699152 13 -1
1546548205720826 201 1
1546548205726665 9 -1
1546548205731994 311 -1
1546548205732552 9 -1
1546548205734639 16383 -1
1546548205734659 1 -1
1546548205734665 9 -1
1546548205735356 8678 -1
1546548205743750 9 1
1546548205744041 17 1
0 0 0
1546548205611525 192 1
1546548205611541 59 1
1546548205611551 59 1
1546548205611560 59 1
1546548205611568 66 1
1546548205611686 59 1
1546548205611921 78 1
1546548205611933 59 1
1546548205613352 39 -1
1546548205613363 13 -1
1546548205614931 9 1
1546548205618959 9 -1
1546548205619857 295 -1
1546548205620050 9 -1
1546548205625377 15873 -1
1546548205625403 511 -1
1546548205625413 9 -1
1546548205631478 15872 -1
1546548205631915 512 -1
1546548205631930 9 -1
1546548205640193 15871 -1
1546548205640418 513 -1
1546548205640434 9 -1
1546548205644519 15870 -1
1546548205644988 514 -1
1546548205646003 9 -1
1546548205648826 15869 -1
1546548205648855 515 -1
1546548205648863 9 -1
1546548205653016 15868 -1
1546548205653861 516 -1
1546548205653988 9 -1
1546548205658745 15867 -1
1546548205660204 517 -1
1546548205660437 9 -1
1546548205665483 15866 -1
1546548205665516 518 -1
1546548205665523 156 -1
1546548205665531 148 -1
1546548205669538 144 -1
1546548205669617 131 -1
1546548205669624 131 -1
1546548205669629 118 -1
1546548205669903 131 -1
1546548205669908 9 -1
1546548205673875 16383 -1
1546548205673895 1 -1
1546548205673901 9 -1
1546548205680412 16383 -1
1546548205680438 1 -1
1546548205680444 9 -1
1546548205685648 15873 -1
1546548205685666 511 -1
1546548205685673 9 -1
1546548205691032 16383 -1
1546548205691050 1 -1
1546548205691056 9 -1
1546548205692819 15838 -1
1546548205695584 546 -1
1546548205695615 9 -1
1546548205698564 16383 -1
1546548205698584 1 -1
1546548205698589 9 -1
1546548205699681 2261 -1
1546548205699832 9 -1
1546548205709899 16383 -1
1546548205709915 1 -1
1546548205710103 9 -1
1546548205713323 16382 -1
1546548205713347 2 -1
1546548205713353 9 -1
1546548205720106 16382 -1
1546548205720127 2 -1
1546548205720139 9 -1
1546548205725199 15872 -1
1546548205725223 512 -1
1546548205725231 9 -1
1546548205732291 16382 -1
1546548205732591 2 -1
1546548205732596 9 -1
1546548205736838 90 1
1546548205738872 15837 -1
1546548205738890 547 -1
1546548205738899 9 -1
1546548205744413 16382 -1
1546548205749139 2 -1
1546548205749149 9 -1
1546548205752603 16382 -1
1546548205752630 2 -1
1546548205752779 9 -1
1546548205760174 16381 -1
1546548205760193 3 -1
1546548205760331 9 -1
1546548205766918 16381 -1
1546548205766935 3 -1
1546548205767073 9 -1
1546548205773837 15871 -1
1546548205773854 513 -1
1546548205773862 9 -1
1546548205785833 16381 -1
1546548205785850 3 -1
1546548205785857 9 -1
1546548205795037 15836 -1
1546548205795057 548 -1
1546548205795065 9 -1
1546548205809522 16381 -1
1546548205809773 3 -1
1546548205811056 9 -1
1546548205822811 16381 -1
1546548205823306 3 -1
1546548205823590 9 -1
1546548205834072 16380 -1
1546548205834090 4 -1
1546548205834139 9 -1
1546548205848621 16380 -1
1546548205848688 4 -1
1546548205848695 9 -1
1546548205855989 15870 -1
1546548205856437 514 -1
1546548205856452 9 -1
1546548205863844 16380 -1
1546548205863861 4 -1
1546548205863866 9 -1
1546548205870831 12591 -1
1546548205871248 9 -1
1546548205881165 16380 -1
1546548205881187 4 -1
1546548205881194 9 -1
1546548205895566 16380 -1
1546548205895585 4 -1
1546548205895592 9 -1
1546548205899976 12022 -1
1546548205900487 9 -1
1546548205903233 16379 -1
1546548205903481 5 -1
1546548205903490 9 -1
1546548205910838 15869 -1
1546548205913512 515 -1
1546548205913808 9 -1
1546548205923432 16379 -1
1546548205923860 5 -1
1546548205923967 9 -1
1546548205934525 16379 -1
1546548205934771 5 -1
1546548205934782 9 -1
1546548205947099 16379 -1
1546548205947119 5 -1
1546548205947125 9 -1
1546548205956714 16378 -1
1546548205956731 6 -1
1546548205956736 9 -1
1546548205963902 16383 -1
1546548205963918 1 -1
1546548205963923 9 -1
1546548205973165 12667 -1
1546548205973198 9 -1
1546548205984491 16378 -1
1546548205984509 6 -1
1546548205984516 9 -1
1546548205985103 16378 -1
1546548205985121 6 -1
1546548205985127 9 -1
1546548205996612 16377 -1
1546548205996639 7 -1
1546548205996646 9 -1
1546548206006162 16382 -1
1546548206006180 2 -1
1546548206006185 9 -1
1546548206015879 16377 -1
1546548206015915 7 -1
1546548206015922 9 -1
1546548206025236 16377 -1
1546548206025253 7 -1
1546548206025261 9 -1
1546548206037798 16376 -1
1546548206037909 8 -1
1546548206037917 9 -1
1546548206042428 16381 -1
1546548206042445 3 -1
1546548206042452 9 -1
1546548206048712 5144 -1
1546548206048729 9 -1
1546548206053249 7910 -1
1546548206053266 9 -1
1546548206059612 16375 -1
1546548206059630 9 -1
1546548206059636 9 -1
1546548206077403 16380 -1
1546548206077423 4 -1
1546548206077429 9 -1
1546548206083630 16374 -1
1546548206083704 10 -1
1546548206083711 9 -1
1546548206099050 16379 -1
1546548206099069 5 -1
1546548206099078 162 -1
1546548206099086 9 -1
1546548206110750 16373 -1
1546548206110769 11 -1
1546548206110776 9 -1
1546548206120875 16378 -1
1546548206120893 6 -1
1546548206120900 9 -1
1546548206138110 16372 -1
1546548206138127 12 -1
1546548206138134 9 -1
1546548206142893 16377 -1
1546548206142928 7 -1
1546548206142934 9 -1
1546548206158512 16371 -1
1546548206158540 13 -1
1546548206158548 9 -1
1546548206163116 9734 -1
1546548206163137 9 -1
1546548206168317 8813 -1
1546548206168456 9 -1
1546548206180766 16383 -1
1546548206181105 1 -1
1546548206181114 9 -1
1546548206186300 16382 -1
1546548206186591 2 -1
1546548206186600 9 -1
1546548206194357 16381 -1
1546548206194378 3 -1
1546548206194640 9 -1
1546548206204519 16380 -1
1546548206204642 4 -1
1546548206204739 9 -1
1546548206213776 16379 -1
1546548206213934 5 -1
1546548206213943 9 -1
1546548206218924 16378 -1
1546548206218944 6 -1
1546548206218951 9 -1
1546548206229024 16377 -1
1546548206229148 7 -1
1546548206229194 9 -1
1546548206237336 16376 -1
1546548206237390 8 -1
1546548206237439 9 -1
1546548206241941 12086 -1
1546548207800042 78 1
1546548207801958 78 1
1546548207801974 79 1
1546548207801983 78 1
1546548207801992 78 1
1546548207807069 171 -1
1546548207807173 9 -1
1546548207807180 2973 -1
1546548207812222 218 -1
1546548207812246 9 -1
1546548207812719 3151 -1
1546548207812733 181 -1
1546548207812741 9 -1
1546548207817343 3685 -1
1546548207817364 147 -1
1546548207817371 9 -1
1546548207819485 2261 -1
1546548207819557 148 -1
1546548207819567 9 -1
1546548207819573 3329 -1
1546548208173074 63 1
1546548208176838 63 1
1546548208177176 63 1
1546548208178975 63 1
1546548208179707 152 -1
1546548208180604 9 -1
1546548208180828 5911 -1
1546548208180850 63 1
1546548208183165 63 1
1546548208186441 131 -1
1546548208186452 9 -1
1546548208201516 10802 -1
1546548208201537 129 -1
1546548208201543 9 -1
1546548208203084 6700 -1
1546548208203104 129 -1
1546548208203109 9 -1
1546548208205791 7275 -1
1546548208205808 116 -1
1546548208205815 9 -1
1546548208206859 7382 -1
1546548208444742 129 -1
1546548208444752 9 -1
1546548208445784 7567 -1
1546548208642033 407 1
1546548208649539 137 -1
1546548208649559 9 -1
1546548208659418 16383 -1
1546548208659566 1 -1
1546548208659574 9 -1
1546548208674668 16382 -1
1546548208674696 2 -1
1546548208674702 9 -1
1546548208693870 16383 -1
1546548208693890 1 -1
1546548208693896 9 -1
1546548208693902 510 -1
1546548210878252 78 1
1546548210883951 58 1
1546548210883966 78 1
1546548210883976 58 1
1546548210885140 78 1
1546548210888474 58 1
1546548210890251 58 1
1546548210893142 59 1
1546548210893159 59 1
1546548210895144 59 1
1546548210897142 237 -1
1546548210897162 9 -1
1546548210897301 59 1
1546548210898087 58 1
1546548210902231 3151 -1
1546548210902318 181 -1
1546548210902326 9 -1
1546548210902331 2261 -1
1546548210902670 118 -1
1546548210905127 9 -1
1546548210910484 59 1
1546548210910499 58 1
1546548210916892 58 1
1546548210917685 59 1
1546548210921694 58 1
1546548210922624 16383 -1
1546548210922646 1 -1
1546548210922654 9 -1
1546548210928940 59 1
1546548210935036 16382 -1
1546548210935067 2 -1
1546548210935080 9 -1
1546548210948034 16381 -1
1546548210948057 3 -1
1546548210948063 9 -1
1546548210949317 2238 -1
1546548210949505 131 -1
1546548210949514 9 -1
1546548210955005 16383 -1
1546548210955101 1 -1
1546548210955560 9 -1
1546548210979021 16382 -1
1546548210979072 2 -1
1546548210979079 9 -1
1546548211008871 16381 -1
1546548211008888 3 -1
1546548211008895 9 -1
1546548211020625 16380 -1
1546548211020886 4 -1
1546548211021028 9 -1
1546548211032920 16379 -1
1546548211032951 5 -1
1546548211032958 9 -1
1546548211053632 16378 -1
1546548211053650 6 -1
1546548211053656 9 -1
1546548211058654 16377 -1
1546548211058718 7 -1
1546548211058725 9 -1
1546548211065373 16376 -1
1546548211065462 8 -1
1546548211065469 9 -1
1546548211076318 16375 -1
1546548211076339 9 -1
1546548211076346 9 -1
1546548211085457 13263 -1
1546548211085489 107 -1
1546548211085497 108 -1
1546548211085503 71 -1
1546548211085586 108 -1
1546548211085591 132 -1
1546548211085597 96 -1
1546548211085601 109 -1
1546548211085607 131 -1
1546548211085613 130 -1
1546548211085618 203 -1
1546548211085628 164 -1
1546548211085635 131 -1
1546548211085927 132 -1
1546548211085935 132 -1
1546548211086608 9 -1
1546548211091280 15873 -1
1546548211094538 511 -1
1546548211094557 9 -1
1546548211095305 1883 -1
1546548211095324 9 -1
1546548211101493 16383 -1
1546548211101512 1 -1
1546548211101995 9 -1
1546548211112159 16383 -1
1546548211112336 1 -1
1546548211112496 9 -1
1546548211117312 16383 -1
1546548211117333 1 -1
1546548211117340 9 -1
1546548211124939 15873 -1
1546548211126580 511 -1
1546548211126599 9 -1
1546548211132668 15873 -1
1546548211132689 511 -1
1546548211132696 9 -1
1546548211142558 15873 -1
1546548211142578 511 -1
1546548211142585 9 -1
1546548211148473 16383 -1
1546548211148492 1 -1
1546548211148501 9 -1
1546548211153276 15874 -1
1546548211153296 510 -1
1546548211153418 9 -1
1546548211159432 16383 -1
1546548211159451 1 -1
1546548211159456 9 -1
1546548211166248 16383 -1
1546548211166275 1 -1
1546548211166281 9 -1
1546548211170456 16383 -1
1546548211170477 1 -1
1546548211170484 9 -1
1546548211175413 16383 -1
1546548211175435 1 -1
1546548211175442 9 -1
1546548211180861 15872 -1
1546548211180882 512 -1
1546548211180891 9 -1
1546548211186418 16382 -1
1546548211186435 2 -1
1546548211186539 9 -1
1546548211198726 16382 -1
1546548211199128 2 -1
1546548211199137 9 -1
1546548211203276 16382 -1
1546548211203296 2 -1
1546548211203301 9 -1
1546548211205487 15872 -1
1546548211206273 512 -1
1546548211206287 9 -1
1546548211213039 15872 -1
1546548211213060 512 -1
1546548211213069 9 -1
1546548211218469 15872 -1
1546548211218683 512 -1
1546548211218692 9 -1
1546548211226125 16382 -1
1546548211226147 2 -1
1546548211226154 9 -1
1546548211227110 2210 -1
1546548211227398 9 -1
1546548211236074 407 1
1546548211238990 16382 -1
1546548211239011 2 -1
1546548211239017 9 -1
1546548211239148 16382 -1
1546548211239159 2 -1
1546548211239164 9 -1
1546548211248899 16382 -1
1546548211248918 2 -1
1546548211248927 9 -1
1546548211255551 16382 -1
1546548211255569 2 -1
1546548211255576 9 -1
1546548211263785 16383 -1
1546548211263807 1 -1
1546548211263814 9 -1
1546548211277246 16381 -1
1546548211277277 3 -1
1546548211277284 9 -1
1546548211287891 16381 -1
1546548211287915 3 -1
1546548211287921 9 -1
1546548211301046 16381 -1
1546548211301321 3 -1
1546548211301329 9 -1
1546548211310689 15871 -1
1546548211311980 513 -1
1546548211311992 9 -1
1546548211325978 15871 -1
1546548211326159 513 -1
1546548211326269 9 -1
1546548211346898 15871 -1
1546548211346919 513 -1
1546548211346932 9 -1
1546548211358869 16381 -1
1546548211359015 3 -1
1546548211359025 9 -1
1546548211373195 16381 -1
1546548211373213 3 -1
1546548211373218 9 -1
1546548211391856 16381 -1
1546548211391877 3 -1
1546548211391883 9 -1
1546548211403290 16381 -1
1546548211403332 3 -1
1546548211403817 9 -1
1546548211408720 16381 -1
1546548211408743 3 -1
1546548211408750 9 -1
1546548211422099 16382 -1
1546548211422118 2 -1
1546548211422124 9 -1
1546548211432903 16380 -1
1546548211432922 4 -1
1546548211432936 9 -1
1546548211447145 16380 -1
1546548211447166 4 -1
1546548211447172 9 -1
1546548211454403 16380 -1
1546548211454425 4 -1
1546548211454456 9 -1
1546548211470877 15870 -1
1546548211470956 514 -1
1546548211470967 9 -1
1546548211475642 15870 -1
1546548211478592 514 -1
1546548211478612 9 -1
1546548211491014 15870 -1
1546548211491032 514 -1
1546548211491041 9 -1
1546548211506237 16380 -1
1546548211506253 4 -1
1546548211506258 9 -1
1546548211517566 12084 -1
1546548211517583 9 -1
1546548211536163 16380 -1
1546548211536183 4 -1
1546548211536190 9 -1
1546548211547479 16380 -1
1546548211547564 4 -1
1546548211547570 9 -1
1546548211557245 16380 -1
1546548211557265 4 -1
1546548211557270 9 -1
1546548211566124 16381 -1
1546548211566144 3 -1
1546548211566204 9 -1
1546548211580685 16379 -1
1546548211580704 5 -1
1546548211581021 9 -1
1546548211595037 16379 -1
1546548211595227 5 -1
1546548211595236 9 -1
1546548211609456 16379 -1
1546548211609475 5 -1
1546548211609484 9 -1
1546548211618157 15869 -1
1546548211618176 515 -1
1546548211618788 9 -1
1546548211640152 15869 -1
1546548211640853 515 -1
1546548211641061 9 -1
1546548211650898 15869 -1
1546548211651691 515 -1
1546548211651833 9 -1
1546548211669528 16379 -1
1546548211671741 5 -1
1546548211676179 9 -1
1546548211699434 16379 -1
1546548211699750 5 -1
1546548211699766 9 -1
1546548211703698 16379 -1
1546548211703716 5 -1
1546548211703723 9 -1
1546548211715099 16379 -1
1546548211715119 5 -1
1546548211719667 160 -1
1546548211719684 9 -1
1546548211726428 16380 -1
1546548211726450 4 -1
1546548211726456 9 -1
1546548211738555 16378 -1
1546548211738573 6 -1
1546548211738580 9 -1
1546548211752991 16378 -1
1546548211753009 6 -1
1546548211753015 9 -1
1546548211763405 16378 -1
1546548211763426 6 -1
1546548211763432 9 -1
1546548211777129 15868 -1
1546548211777147 516 -1
1546548211777155 9 -1
1546548211799082 16383 -1
1546548211799282 1 -1
1546548211799326 9 -1
1546548211813927 15868 -1
1546548211814042 516 -1
1546548211814374 9 -1
1546548211819457 406 1
1546548211826552 16378 -1
1546548211826574 6 -1
1546548211826580 9 -1
1546548211841236 16378 -1
1546548211841257 6 -1
1546548211841263 9 -1
1546548211845565 16378 -1
1546548211845583 6 -1
1546548211845590 9 -1
1546548211856765 16378 -1
1546548211857011 6 -1
1546548211857019 9 -1
1546548211870981 16379 -1
1546548211871886 5 -1
1546548211871896 9 -1
1546548211880891 16377 -1
1546548211880926 7 -1
1546548211881226 9 -1
1546548211913668 16377 -1
1546548211913867 7 -1
1546548211914192 9 -1
1546548211922216 16377 -1
1546548211922549 7 -1
1546548211922755 9 -1
1546548211930743 15867 -1
1546548211935715 517 -1
1546548211935731 9 -1
1546548211947256 16382 -1
1546548211947559 2 -1
1546548211947567 9 -1
1546548211959321 15867 -1
1546548211959343 517 -1
1546548211959351 9 -1
1546548211976456 16377 -1
1546548211976475 7 -1
1546548211976481 9 -1
1546548211981538 16377 -1
1546548211981554 7 -1
1546548211981560 9 -1
1546548212001287 13236 -1
1546548212001306 9 -1
1546548212006449 16377 -1
1546548212006471 7 -1
1546548212006476 9 -1
1546548212017585 2701 -1
1546548212017605 9 -1
1546548212026767 16376 -1
1546548212027012 8 -1
1546548212027020 9 -1
1546548212041828 16376 -1
1546548212041848 8 -1
1546548212041853 9 -1
1546548212059084 16376 -1
1546548212059231 8 -1
1546548212059238 9 -1
1546548212066184 15866 -1
1546548212066203 518 -1
1546548212066213 9 -1
1546548212075492 16381 -1
1546548212075510 3 -1
1546548212075516 9 -1
1546548212084031 15866 -1
1546548212084051 518 -1
1546548212084059 9 -1
1546548212096587 16376 -1
1546548212096606 8 -1
1546548212096612 9 -1
1546548212133888 16376 -1
1546548212133906 8 -1
1546548212134052 9 -1
1546548212148299 16376 -1
1546548212148316 8 -1
1546548212148330 9 -1
1546548212158558 16375 -1
1546548212158579 9 -1
1546548212158585 9 -1
1546548212174278 16375 -1
1546548212174485 9 -1
1546548212174551 9 -1
1546548212181782 16375 -1
1546548212181802 9 -1
1546548212181808 9 -1
1546548212191075 15865 -1
1546548212191094 519 -1
1546548212191641 9 -1
1546548212203429 16380 -1
1546548212203449 4 -1
1546548212203455 9 -1
1546548212216748 15865 -1
1546548212216768 519 -1
1546548212216776 9 -1
1546548212233208 16375 -1
1546548212233493 9 -1
1546548212233500 9 -1
1546548212252463 16375 -1
1546548212252481 9 -1
1546548212252750 9 -1
1546548212277707 16375 -1
1546548212277725 9 -1
1546548212277731 9 -1
1546548212301415 16374 -1
1546548212301435 10 -1
1546548212301442 9 -1
1546548212305747 5570 -1
1546548212305765 9 -1
1546548212320214 9242 -1
1546548212320231 9 -1
1546548212334921 15864 -1
1546548212334939 520 -1
1546548212334948 9 -1
1546548212350706 16379 -1
1546548212350725 5 -1
1546548212350731 9 -1
1546548212370068 15864 -1
1546548212370088 520 -1
1546548212370096 136 -1
1546548212370103 9 -1
1546548212389568 16374 -1
1546548212389586 10 -1
1546548212389879 9 -1
1546548212407390 16374 -1
1546548212407459 10 -1
1546548212407466 9 -1
1546548212416066 16374 -1
1546548212416261 10 -1
1546548212417289 9 -1
1546548212425254 16373 -1
1546548212425271 11 -1
1546548212425276 9 -1
1546548212435657 15863 -1
1546548212435676 521 -1
1546548212435685 9 -1
1546548212448939 16378 -1
1546548212448965 6 -1
1546548212448969 9 -1
1546548212454709 15863 -1
1546548212454727 521 -1
1546548212454774 9 -1
1546548212463090 16373 -1
1546548212463163 11 -1
1546548212463173 9 -1
1546548212474716 672 -1
1546548212474736 9 -1
1546548212482123 16373 -1
1546548212482300 11 -1
1546548212482643 9 -1
1546548212482651 256 -1
1546548212482804 9 -1
1546548212487606 15862 -1
1546548212487681 522 -1
1546548212488488 9 -1
1546548212496211 16377 -1
1546548212496380 7 -1
1546548212496489 9 -1
1546548212506189 15862 -1
1546548212506547 522 -1
1546548212506645 9 -1
1546548212522915 16372 -1
1546548212522989 12 -1
1546548212522997 9 -1
1546548212532165 15636 -1
1546548212532326 9 -1
1546548212542024 15861 -1
1546548212542039 523 -1
1546548212542047 9 -1
1546548212556375 16376 -1
1546548212556392 8 -1
1546548212556396 9 -1
1546548212556613 1591 -1
1546548212556621 9 -1
1546548212570121 16371 -1
1546548212570186 13 -1
1546548212570456 9 -1
1546548212576088 15860 -1
1546548212576965 524 -1
1546548212576983 9 -1
1546548212585843 16375 -1
1546548212585915 9 -1
1546548212585922 9 -1
1546548212591478 16370 -1
1546548212591498 14 -1
1546548212591505 9 -1
1546548212598949 15859 -1
1546548212599447 525 -1
1546548212599462 9 -1
1546548212606003 15283 -1
1546548212606022 9 -1
1546548212612396 16369 -1
1546548212612415 15 -1
1546548212612420 9 -1
1546548212617119 15858 -1
1546548212617135 526 -1
1546548212617143 9 -1
1546548212622832 16368 -1
1546548212622852 16 -1
1546548212622859 9 -1
1546548212624321 9401 -1
1546548212624390 9 -1
1546548212629490 16383 -1
1546548212629505 1 -1
1546548212629511 9 -1
1546548212633163 15848 -1
1546548212635351 536 -1
1546548212635492 9 -1
1546548212640222 16383 -1
1546548212640600 1 -1
1546548212640607 9 -1
1546548212646572 4500 -1
1546548212646643 9 -1
1546548212649041 11633 -1
1546548212649231 9 -1
1546548212690449 15245 -1
1546548217434487 17 1
