### "'23523 10485 8314 8848 141199 108114 93329 112848 145379 63039 195065 42512 119274 156204 30581 26210 77741 78764 110919 71253 101155 67316 84783 79508 108257'"
0 0 0
1546549856116980 206 1
1546549856118598 39 -1
1546549856118605 13 -1
1546549856119208 9 1
1546549856123428 9 -1
1546549856124762 310 -1
1546549856124780 9 -1
1546549856125066 3507 -1
1546549856171113 17 1
0 0 0
1546549856133443 185 1
0 0 0
1546549856071048 185 1
0 0 0
1546549856196375 214 1
0 0 0
1546549857242424 205 1
1546549857242438 79 1
1546549857242446 78 1
1546549857242453 77 1
1546549857242460 78 1
0 0 0
1546549857324132 190 1
1546549857325290 63 1
1546549857325303 62 1
1546549857325310 63 1
1546549857326657 63 1
1546549857326676 64 1
1546549857331111 39 -1
1546549857331123 13 -1
1546549857332671 9 1
1546549857336153 9 -1
1546549857336845 293 -1
1546549857336863 9 -1
1546549857341902 10485 -1
1546549857341919 125 -1
1546549857341924 9 -1
1546549857343184 7028 -1
1546549857343200 129 -1
1546549857343206 9 -1
1546549857344339 8314 -1
1546549857344351 130 -1
1546549857344357 9 -1
1546549857346183 6382 -1
1546549857346201 130 -1
1546549857346223 9 -1
1546549857347205 8848 -1
1546549857347222 129 -1
1546549857347227 9 -1
1546549857352411 7247 -1
1546549859929916 90 1
1546549859937412 178 -1
1546549859937432 9 -1
1546549859938549 16383 -1
1546549859938635 1 -1
1546549859938871 9 -1
1546549859944196 16383 -1
1546549859944215 1 -1
1546549859944223 9 -1
1546549859950928 16382 -1
1546549859950950 2 -1
1546549859950956 9 -1
1546549859955392 16381 -1
1546549859955458 3 -1
1546549859955465 9 -1
1546549859958771 16383 -1
1546549859958806 1 -1
1546549859958817 9 -1
1546549859959965 16382 -1
1546549859959982 2 -1
1546549859959991 9 -1
1546549859962356 16383 -1
1546549859962375 1 -1
1546549859962382 9 -1
1546549859962916 16382 -1
1546549859962939 2 -1
1546549859962945 9 -1
1546549859997023 10127 -1
1546549860981451 79 1
1546549860981555 58 1
1546549860981685 58 1
1546549860981782 58 1
1546549860981875 58 1
1546549860981954 58 1
1546549860981965 58 1
1546549860982019 59 1
1546549860982812 58 1
1546549860988122 58 1
1546549860999985 157 -1
1546549861000012 9 -1
1546549861000020 3507 -1
1546549861000027 129 -1
1546549861000033 9 -1
1546549861000047 58 1
1546549861005198 59 1
1546549861005344 59 1
1546549861006823 58 1
1546549861006839 59 1
1546549861011095 15873 -1
1546549861011118 511 -1
1546549861011130 9 -1
1546549861011247 58 1
1546549861013067 58 1
1546549861018804 15872 -1
1546549861018828 58 1
1546549861021036 512 -1
1546549861021057 9 -1
1546549861022809 59 1
1546549861023335 15871 -1
1546549861023861 513 -1
1546549861023877 9 -1
1546549861035615 15870 -1
1546549861036279 514 -1
1546549861036295 9 -1
1546549861037118 78 1
1546549861037141 59 1
1546549861044605 59 1
1546549861049400 15869 -1
1546549861049685 515 -1
1546549861049696 9 -1
1546549861061828 15868 -1
1546549861062966 516 -1
1546549861062984 9 -1
1546549861086738 9810 -1
1546549861086758 130 -1
1546549861086765 131 -1
1546549861086770 235 -1
1546549861086846 131 -1
1546549861086853 129 -1
1546549861086858 132 -1
1546549861086863 132 -1
1546549861086910 132 -1
1546549861086916 153 -1
1546549861086924 9 -1
1546549861106113 15874 -1
1546549861106134 510 -1
1546549861106144 9 -1
1546549861115963 15873 -1
1546549861115983 511 -1
1546549861116199 9 -1
1546549861132504 15873 -1
1546549861132523 511 -1
1546549861132529 9 -1
1546549861150811 15874 -1
1546549861150833 510 -1
1546549861150841 9 -1
1546549861162179 16383 -1
1546549861162200 1 -1
1546549861162208 9 -1
1546549861178307 15874 -1
1546549861178329 510 -1
1546549861178337 9 -1
1546549861188484 16383 -1
1546549861190470 1 -1
1546549861190481 9 -1
1546549861229627 16383 -1
1546549861229644 1 -1
1546549861229650 9 -1
1546549861258259 16383 -1
1546549861258280 1 -1
1546549861258286 9 -1
1546549861285276 15873 -1
1546549861285295 511 -1
1546549861285770 9 -1
1546549861319277 15872 -1
1546549861319296 512 -1
1546549861319307 9 -1
1546549861365136 15872 -1
1546549861365158 512 -1
1546549861365168 9 -1
1546549861386549 15873 -1
1546549861391385 511 -1
1546549861391468 9 -1
1546549861403790 16382 -1
1546549861403813 2 -1
1546549861404030 9 -1
1546549861424114 15873 -1
1546549861424133 511 -1
1546549861424140 9 -1
1546549861435011 16382 -1
1546549861435031 2 -1
1546549861435036 9 -1
1546549861445950 16382 -1
1546549861446562 2 -1
1546549861446569 9 -1
1546549861457356 14197 -1
1546549861457375 9 -1
1546549861473834 15872 -1
1546549861473851 512 -1
1546549861473858 9 -1
1546549861485986 15871 -1
1546549861486004 513 -1
1546549861486010 9 -1
1546549861502597 15871 -1
1546549861503488 513 -1
1546549861503498 9 -1
1546549861510392 15872 -1
1546549861510404 512 -1
1546549861510411 9 -1
1546549861526136 16381 -1
1546549861526155 3 -1
1546549861526161 9 -1
1546549861535596 9744 -1
1546549861535975 9 -1
1546549861553167 16381 -1
1546549861553186 3 -1
1546549861553192 9 -1
1546549861565274 16381 -1
1546549861565291 3 -1
1546549861565299 9 -1
1546549861587964 15871 -1
1546549861587990 513 -1
1546549861587999 9 -1
1546549861605157 15870 -1
1546549861605184 514 -1
1546549861605192 9 -1
1546549861638805 15870 -1
1546549861638825 514 -1
1546549861638834 9 -1
1546549861661111 13887 -1
1546549861661130 9 -1
1546549861699997 16380 -1
1546549861700013 4 -1
1546549861700018 9 -1
1546549861716763 16380 -1
1546549861716780 4 -1
1546549861717193 9 -1
1546549861739965 16380 -1
1546549861739986 4 -1
1546549861739993 131 -1
1546549861740000 131 -1
1546549861740004 130 -1
1546549861740009 130 -1
1546549861740289 235 -1
1546549861740299 130 -1
1546549861740304 9 -1
1546549861756969 15870 -1
1546549861756986 514 -1
1546549861756995 131 -1
1546549861757001 129 -1
1546549861757007 9 -1
1546549861779318 15869 -1
1546549861779346 515 -1
1546549861779355 133 -1
1546549861780124 148 -1
1546549861780135 153 -1
1546549861780830 9 -1
1546549861791673 15869 -1
1546549861791689 515 -1
1546549861791695 9 -1
1546549861812161 16379 -1
1546549861812178 5 -1
1546549861812183 9 -1
1546549861829005 16379 -1
1546549861829022 5 -1
1546549861829027 9 -1
1546549861846316 16379 -1
1546549861846406 5 -1
1546549861846412 9 -1
1546549861855757 11409 -1
1546549861855771 9 -1
1546549861865643 15868 -1
1546549861865669 516 -1
1546549861865678 9 -1
1546549861875825 15868 -1
1546549861875843 516 -1
1546549861875852 9 -1
1546549861887149 16378 -1
1546549861887167 6 -1
1546549861887173 9 -1
1546549861905817 16378 -1
1546549861905832 6 -1
1546549861905838 9 -1
1546549861911451 16378 -1
1546549861911469 6 -1
1546549861911475 9 -1
1546549861915967 14544 -1
1546549861915984 9 -1
1546549861921604 15867 -1
1546549861921621 517 -1
1546549861921669 9 -1
1546549861929592 16377 -1
1546549861929611 7 -1
1546549861929617 9 -1
1546549861944017 16377 -1
1546549861944034 7 -1
1546549861944040 9 -1
1546549861946826 16377 -1
1546549861946842 7 -1
1546549861947053 9 -1
1546549861955368 15866 -1
1546549861956993 518 -1
1546549861957007 9 -1
1546549861971830 16376 -1
1546549861971879 8 -1
1546549861971885 9 -1
1546549861973465 4586 -1
1546549861973481 9 -1
1546549861991065 16376 -1
1546549861991083 8 -1
1546549861991219 9 -1
1546549862010427 14307 -1
1546549862010442 9 -1
1546549862031335 16375 -1
1546549862031354 9 -1
1546549862031360 9 -1
1546549862070212 16375 -1
1546549862070228 9 -1
1546549862070233 9 -1
1546549862109772 16374 -1
1546549862109787 10 -1
1546549862109792 9 -1
1546549862120845 8748 -1
1546549862120860 9 -1
1546549862147838 16373 -1
1546549862147855 11 -1
1546549862147860 9 -1
1546549862160231 14841 -1
1546549862160248 9 -1
1546549862180893 16383 -1
1546549862180910 1 -1
1546549862180915 9 -1
1546549862197877 16383 -1
1546549862197891 1 -1
1546549862197895 9 -1
1546549862215457 16383 -1
1546549862215486 1 -1
1546549862215493 9 -1
1546549862236073 16383 -1
1546549862236090 1 -1
1546549862236319 9 -1
1546549862248094 16383 -1
1546549862248117 1 -1
1546549862248123 9 -1
1546549862266420 16383 -1
1546549862266436 1 -1
1546549862266442 9 -1
1546549862288964 16383 -1
1546549862288983 1 -1
1546549862288991 9 -1
1546549862317097 16383 -1
1546549862317118 1 -1
1546549862317210 9 -1
1546549862334901 2973 -1
1546549862334921 9 -1
1546549862363454 16383 -1
1546549862363474 1 -1
1546549862363480 9 -1
1546549862385533 16383 -1
1546549862387664 1 -1
1546549862387674 9 -1
1546549862405514 9826 -1
1546549862405546 9 -1
1546549862417705 16382 -1
1546549862417723 2 -1
1546549862417728 9 -1
1546549862430035 16382 -1
1546549862430053 2 -1
1546549862430058 9 -1
1546549862452367 16382 -1
1546549862452385 2 -1
1546549862452389 9 -1
1546549862468902 16382 -1
1546549862468924 2 -1
1546549862468930 9 -1
1546549862519546 16382 -1
1546549862519571 2 -1
1546549862519578 9 -1
1546549862553668 16382 -1
1546549862553685 2 -1
1546549862553690 9 -1
1546549862571403 16382 -1
1546549862571420 2 -1
1546549862571424 9 -1
1546549862592125 16382 -1
1546549862592141 2 -1
1546549862592147 9 -1
1546549862609440 16382 -1
1546549862609456 2 -1
1546549862609461 9 -1
1546549862621395 16381 -1
1546549862621414 3 -1
1546549862621421 9 -1
1546549862640123 16381 -1
1546549862640149 3 -1
1546549862640154 9 -1
1546549862657431 16381 -1
1546549862657611 3 -1
1546549862657623 9 -1
1546549862676803 16381 -1
1546549862676821 3 -1
1546549862676826 9 -1
1546549862695485 16381 -1
1546549862695504 3 -1
1546549862695509 9 -1
1546549862709767 16381 -1
1546549862709783 3 -1
1546549862709788 9 -1
1546549862722715 16381 -1
1546549862722729 3 -1
1546549862722736 9 -1
1546549862732233 16381 -1
1546549862732252 3 -1
1546549862732257 9 -1
1546549862741402 16381 -1
1546549862741427 3 -1
1546549862741432 9 -1
1546549862752422 16380 -1
1546549862752452 4 -1
1546549862752458 9 -1
1546549862775580 16380 -1
1546549862775595 4 -1
1546549862775600 9 -1
1546549862777258 16380 -1
1546549862777269 4 -1
1546549862777273 9 -1
1546549862790933 16380 -1
1546549862790951 4 -1
1546549862790958 9 -1
1546549862805355 16380 -1
1546549862805371 4 -1
1546549862805444 9 -1
1546549862821550 16380 -1
1546549862821566 4 -1
1546549862821572 9 -1
1546549862830480 16380 -1
1546549862830495 4 -1
1546549862830499 9 -1
1546549862846463 16380 -1
1546549862846605 4 -1
1546549862846680 9 -1
1546549862852259 16380 -1
1546549862852479 4 -1
1546549862852486 9 -1
1546549862868300 12205 -1
1546549862868319 9 -1
1546549862879560 16379 -1
1546549862879580 5 -1
1546549862880041 9 -1
1546549862890724 13228 -1
1546549862890803 9 -1
1546549862896660 5717 -1
1546549862896676 9 -1
1546549862911168 16379 -1
1546549862911184 5 -1
1546549862911189 9 -1
1546549862911756 1780 -1
1546549862911768 9 -1
1546549862919369 16379 -1
1546549862919384 5 -1
1546549862920207 9 -1
1546549862928486 16379 -1
1546549862928501 5 -1
1546549862928505 9 -1
1546549862937238 13972 -1
1546549862937258 9 -1
1546549862953321 16378 -1
1546549862953339 6 -1
1546549862953877 9 -1
1546549862957987 16378 -1
1546549862958004 6 -1
1546549862958012 9 -1
1546549862958078 2863 -1
1546549862958085 9 -1
1546549862967236 16378 -1
1546549862967253 6 -1
1546549862967257 9 -1
1546549862973475 12615 -1
1546549862973492 9 -1
1546549862975110 2851 -1
1546549862975121 9 -1
1546549862979922 9953 -1
1546549867605011 17 1
0 0 0
1546549856069952 198 1
1546549856069964 58 1
1546549856070527 59 1
1546549856070538 59 1
1546549856070668 59 1
1546549856070790 58 1
1546549856070799 59 1
1546549856070916 58 1
1546549856070924 58 1
1546549856071221 59 1
1546549856071413 58 1
1546549856071450 58 1
1546549856071569 58 1
1546549856071578 58 1
1546549856071586 58 1
1546549856071593 58 1
1546549856071600 59 1
1546549856071608 59 1
1546549856071615 59 1
1546549856071622 58 1
1546549856071789 59 1
0 0 0
1546549856120427 206 1
1546549856125472 39 -1
1546549856125569 13 -1
1546549856126091 9 1
1546549856129667 9 -1
1546549856130366 310 -1
1546549856130380 9 -1
1546549856133009 2263 -1
1546549856175140 17 1
0 0 0
1546549856118420 206 1
1546549856125373 39 -1
1546549856125381 13 -1
1546549856127207 9 1
1546549856134033 9 -1
1546549856134042 311 -1
1546549856134053 9 -1
1546549856164362 16383 -1
1546549856164383 1 -1
1546549856164390 9 -1
1546549856165907 7139 -1
1546549856177642 17 1
