### "'88653 28612 12438 238463 182101 87106 106534 143189 84842 131554 233274 107128 132381 142504 61246 139264 54347 115188 17658 120419 85056'"
0 0 0
1546551043971936 204 1
0 0 0
1546551043791878 204 1
0 0 0
1546551043744193 184 1
1546551043747161 39 -1
1546551043747170 13 -1
1546551043747437 9 1
1546551043752373 9 -1
1546551043753293 292 -1
1546551043753309 9 -1
1546551043755072 16383 -1
1546551043755116 1 -1
1546551043755123 9 -1
1546551043760868 16383 -1
1546551043760888 1 -1
1546551043760894 9 -1
1546551043784162 16382 -1
1546551043784178 2 -1
1546551043784186 9 -1
1546551043787245 16381 -1
1546551043787265 3 -1
1546551043787270 9 -1
1546551043789858 16383 -1
1546551043789876 1 -1
1546551043790274 9 -1
1546551043792808 6733 -1
1546551043836324 17 1
0 0 0
1546551043738512 204 1
1546551043741255 79 1
1546551043744368 77 1
1546551043744408 78 1
1546551043744514 78 1
1546551043744575 78 1
1546551043744995 78 1
1546551043745006 59 1
1546551043745014 58 1
1546551043745024 59 1
1546551043745162 58 1
1546551043745393 58 1
1546551043745404 58 1
1546551043745413 58 1
1546551043745422 59 1
1546551043745432 58 1
1546551043745441 58 1
1546551043745644 58 1
1546551043745659 58 1
1546551043745670 59 1
1546551043745799 58 1
1546551043745809 59 1
1546551043746080 59 1
0 0 0
1546551043742885 197 1
1546551043752182 39 -1
1546551043752929 13 -1
1546551043752992 9 -1
1546551043753418 9 1
1546551043753960 307 -1
1546551043753974 9 -1
1546551043755163 16383 -1
1546551043755173 1 -1
1546551043755179 9 -1
1546551043783246 12228 -1
1546551043808229 17 1
0 0 0
1546551048687529 205 1
0 0 0
1546551048755165 204 1
1546551048755181 78 1
1546551048755460 79 1
1546551048755474 79 1
1546551048756580 78 1
1546551048756592 63 1
1546551048756603 63 1
1546551048756691 63 1
1546551048756701 63 1
1546551048756711 63 1
1546551048757016 63 1
1546551048759531 39 -1
1546551048759540 13 -1
1546551048760356 9 1
1546551048765747 9 -1
1546551048766975 310 -1
1546551048767387 9 -1
1546551048767438 3151 -1
1546551048767446 148 -1
1546551048767831 9 -1
1546551048769130 2617 -1
1546551048769144 149 -1
1546551048770149 9 -1
1546551048772368 2439 -1
1546551048773381 147 -1
1546551048773525 9 -1
1546551048773534 2617 -1
1546551048773966 149 -1
1546551048774180 9 -1
1546551048777086 1794 -1
1546551048777799 129 -1
1546551048777940 9 -1
1546551048779750 5044 -1
1546551048779868 131 -1
1546551048779999 9 -1
1546551048783382 12438 -1
1546551048783400 131 -1
1546551048783406 9 -1
1546551048784966 6195 -1
1546551048784980 130 -1
1546551048785042 9 -1
1546551048786314 6321 -1
1546551048786325 107 -1
1546551048786641 9 -1
1546551048787990 6402 -1
1546551057076879 128 -1
1546551057077353 9 -1
1546551057078114 6209 -1
1546551057675018 81 1
1546551057678346 58 1
1546551057681371 78 1
1546551057681712 251 -1
1546551057681739 9 -1
1546551057681752 78 1
1546551057684845 2973 -1
1546551057684870 58 1
1546551057690351 132 -1
1546551057690362 9 -1
1546551057693808 16383 -1
1546551057693831 1 -1
1546551057693881 9 -1
1546551057704557 16383 -1
1546551057704575 1 -1
1546551057704581 9 -1
1546551057704835 16382 -1
1546551057704850 2 -1
1546551057704854 9 -1
1546551057705062 16381 -1
1546551057705075 3 -1
1546551057705079 9 -1
1546551057721403 16383 -1
1546551057721422 1 -1
1546551057721428 9 -1
1546551057721727 59 1
1546551057726591 59 1
1546551057726666 78 1
1546551057726675 58 1
1546551057727188 59 1
1546551057727196 58 1
1546551057731951 58 1
1546551057732398 16382 -1
1546551057732417 2 -1
1546551057732869 9 -1
1546551057733378 59 1
1546551057734433 16381 -1
1546551057734455 3 -1
1546551057734461 9 -1
1546551057734695 16383 -1
1546551057734708 1 -1
1546551057734713 143 -1
1546551057734719 58 -1
1546551057734723 129 -1
1546551057734727 9 -1
1546551057734884 16383 -1
1546551057734893 1 -1
1546551057734897 9 -1
1546551057734957 2035 -1
1546551057734966 9 -1
1546551057734969 2973 -1
1546551057734974 9 -1
1546551057735070 16383 -1
1546551057735077 1 -1
1546551057735083 9 -1
1546551057740609 16382 -1
1546551057740629 2 -1
1546551057740637 9 -1
1546551057742202 58 1
1546551057744472 59 1
1546551057744493 78 1
1546551057744502 59 1
1546551057745035 78 1
1546551057747747 16382 -1
1546551057747766 2 -1
1546551057747775 9 -1
1546551057749420 16381 -1
1546551057749441 3 -1
1546551057749452 9 -1
1546551057750885 16381 -1
1546551057750910 3 -1
1546551057750916 9 -1
1546551057759478 78 1
1546551057760734 59 1
1546551057766543 16380 -1
1546551057766572 4 -1
1546551057766702 9 -1
1546551057768855 16380 -1
1546551057768873 4 -1
1546551057768879 9 -1
1546551057771721 16379 -1
1546551057771848 5 -1
1546551057771854 9 -1
1546551057791203 88 1
1546551057796586 89 1
1546551057800492 89 1
1546551057808113 16379 -1
1546551057808134 5 -1
1546551057808140 9 -1
1546551057808405 88 1
1546551057809796 16378 -1
1546551057809814 6 -1
1546551057809819 9 -1
1546551057827013 16378 -1
1546551057827035 6 -1
1546551057827043 9 -1
1546551057831891 9087 -1
1546551057831912 9 -1
1546551057843477 16377 -1
1546551057843493 7 -1
1546551057843847 9 -1
1546551057854027 16376 -1
1546551057854998 8 -1
1546551057855007 9 -1
1546551057860467 16375 -1
1546551057860489 9 -1
1546551057860494 9 -1
1546551057884567 16374 -1
1546551057884587 10 -1
1546551057884593 9 -1
1546551057887139 16373 -1
1546551057887154 11 -1
1546551057887160 9 -1
1546551057888915 1877 -1
1546551057888935 130 -1
1546551057888941 131 -1
1546551057895489 131 -1
1546551057895498 148 -1
1546551057895702 130 -1
1546551057895707 131 -1
1546551057895772 155 -1
1546551057895778 236 -1
1546551057895883 147 -1
1546551057895888 132 -1
1546551057895951 147 -1
1546551057895956 130 -1
1546551057896196 131 -1
1546551057896199 147 -1
1546551057896205 130 -1
1546551057896208 155 -1
1546551057896287 160 -1
1546551057896297 178 -1
1546551057896726 258 -1
1546551057896739 9 -1
1546551057907992 16383 -1
1546551057908901 1 -1
1546551057908909 9 -1
1546551057930624 15873 -1
1546551057930645 511 -1
1546551057930654 9 -1
1546551057933229 2617 -1
1546551057933394 9 -1
1546551057948678 16383 -1
1546551057948694 1 -1
1546551057948698 9 -1
1546551057977164 15874 -1
1546551057977603 510 -1
1546551057977611 9 -1
1546551057984533 15873 -1
1546551057984549 511 -1
1546551057984557 9 -1
1546551058001243 16383 -1
1546551058001260 1 -1
1546551058001343 9 -1
1546551058020450 16383 -1
1546551058020471 1 -1
1546551058020477 9 -1
1546551058056806 15873 -1
1546551058058177 511 -1
1546551058058359 9 -1
1546551058086811 16383 -1
1546551058086832 1 -1
1546551058086839 9 -1
1546551058086844 3329 -1
1546551058087034 9 -1
1546551058113074 15874 -1
1546551058118526 510 -1
1546551058118544 9 -1
1546551058134670 3507 -1
1546551058134685 9 -1
1546551058135602 2617 -1
1546551058135618 9 -1
1546551058157515 16383 -1
1546551058157533 1 -1
1546551058157539 9 -1
1546551058179592 16383 -1
1546551058179669 1 -1
1546551058179676 9 -1
1546551058218707 15834 -1
1546551058218721 550 -1
1546551058218728 9 -1
1546551058230595 15834 -1
1546551058230948 550 -1
1546551058230955 9 -1
1546551058248585 16383 -1
1546551058248600 1 -1
1546551058248665 9 -1
1546551058265281 16382 -1
1546551058265296 2 -1
1546551058265303 9 -1
1546551058283514 16383 -1
1546551058283527 1 -1
1546551058283774 9 -1
1546551058298100 16382 -1
1546551058298111 2 -1
1546551058298116 9 -1
1546551058310901 15873 -1
1546551058311091 511 -1
1546551058311101 9 -1
1546551058327675 15872 -1
1546551058327752 512 -1
1546551058327760 9 -1
1546551058342614 16382 -1
1546551058342627 2 -1
1546551058342634 9 -1
1546551058369352 16382 -1
1546551058369366 2 -1
1546551058369372 9 -1
1546551058382446 15872 -1
1546551058382461 512 -1
1546551058382469 9 -1
1546551058399195 16382 -1
1546551058399219 2 -1
1546551058399330 9 -1
1546551058426416 16383 -1
1546551058426443 1 -1
1546551058426448 9 -1
1546551058438145 16382 -1
1546551058438161 2 -1
1546551058438165 9 -1
1546551058450571 16382 -1
1546551058450582 2 -1
1546551058450588 9 -1
1546551058462076 15833 -1
1546551058465935 551 -1
1546551058465952 9 -1
1546551058483624 15833 -1
1546551058483638 551 -1
1546551058483644 9 -1
1546551058493758 1274 -1
1546551058493773 9 -1
1546551058495319 16381 -1
1546551058495338 3 -1
1546551058495345 9 -1
1546551058509725 16382 -1
1546551058509742 2 -1
1546551058509747 9 -1
1546551058522324 16381 -1
1546551058522343 3 -1
1546551058522348 9 -1
1546551058530694 15872 -1
1546551058533609 512 -1
1546551058533620 9 -1
1546551058547713 15871 -1
1546551058547724 513 -1
1546551058547729 9 -1
1546551058550112 16381 -1
1546551058550122 3 -1
1546551058550128 9 -1
1546551058561829 16381 -1
1546551058561844 3 -1
1546551058561849 9 -1
1546551058571921 15871 -1
1546551058571936 513 -1
1546551058571944 9 -1
1546551058585337 16381 -1
1546551058585354 3 -1
1546551058585359 9 -1
1546551058597705 16382 -1
1546551058597719 2 -1
1546551058597723 9 -1
1546551058619343 16381 -1
1546551058619357 3 -1
1546551058619363 9 -1
1546551058636655 16381 -1
1546551058636667 3 -1
1546551058636672 9 -1
1546551058653787 15832 -1
1546551058653804 552 -1
1546551058653810 9 -1
1546551058664393 15832 -1
1546551058664868 552 -1
1546551058664876 9 -1
1546551058676465 16380 -1
1546551058676533 4 -1
1546551058676539 9 -1
1546551058682201 16381 -1
1546551058682220 3 -1
1546551058682226 9 -1
1546551058695484 16380 -1
1546551058695497 4 -1
1546551058695501 9 -1
1546551058708439 15871 -1
1546551058708460 513 -1
1546551058708466 9 -1
1546551058725575 15870 -1
1546551058725593 514 -1
1546551058725601 9 -1
1546551058731164 16380 -1
1546551058731180 4 -1
1546551058731187 9 -1
1546551058747300 16380 -1
1546551058747314 4 -1
1546551058747320 9 -1
1546551058753821 15870 -1
1546551058753836 514 -1
1546551058753842 9 -1
1546551058775942 16380 -1
1546551058775964 4 -1
1546551058775970 9 -1
1546551058783436 12094 -1
1546551058783446 9 -1
1546551058799239 16380 -1
1546551058799558 4 -1
1546551058799564 9 -1
1546551058801067 5195 -1
1546551058801077 9 -1
1546551058813263 15831 -1
1546551058813282 553 -1
1546551058813289 9 -1
1546551058824496 15831 -1
1546551058824941 553 -1
1546551058824954 9 -1
1546551058835079 16379 -1
1546551058835099 5 -1
1546551058835298 9 -1
1546551058845589 16380 -1
1546551058845603 4 -1
1546551058845609 9 -1
1546551058855123 16379 -1
1546551058855137 5 -1
1546551058855142 9 -1
1546551058871180 15870 -1
1546551058872490 514 -1
1546551058872501 9 -1
1546551058875233 16383 -1
1546551058875245 1 -1
1546551058875250 9 -1
1546551058882937 16379 -1
1546551058883165 5 -1
1546551058883169 9 -1
1546551058889989 16379 -1
1546551058890101 5 -1
1546551058890106 9 -1
1546551058905816 15869 -1
1546551058905833 515 -1
1546551058905840 9 -1
1546551058912060 16379 -1
1546551058912080 5 -1
1546551058912084 9 -1
1546551058932298 16379 -1
1546551058932716 5 -1
1546551058932721 9 -1
1546551058944739 15830 -1
1546551058944752 554 -1
1546551058944757 9 -1
1546551058960663 15830 -1
1546551058961380 554 -1
1546551058961392 9 -1
1546551058966339 5186 -1
1546551058966353 9 -1
1546551058979745 16379 -1
1546551058979760 5 -1
1546551058979766 9 -1
1546551058995998 16378 -1
1546551058996013 6 -1
1546551058996018 9 -1
1546551058996517 2922 -1
1546551058996526 9 -1
1546551059002630 16382 -1
1546551059002641 2 -1
1546551059002645 9 -1
1546551059014159 16378 -1
1546551059014177 6 -1
1546551059014184 9 -1
1546551059025853 16378 -1
1546551059025870 6 -1
1546551059025874 9 -1
1546551059036254 15868 -1
1546551059036994 516 -1
1546551059037004 9 -1
1546551059057337 16378 -1
1546551059057352 6 -1
1546551059057358 9 -1
1546551059060564 16378 -1
1546551059060576 6 -1
1546551059060580 9 -1
1546551059072555 15829 -1
1546551059072569 555 -1
1546551059072674 9 -1
1546551059090501 15829 -1
1546551059090516 555 -1
1546551059090522 9 -1
1546551059096442 8230 -1
1546551059096453 9 -1
1546551059111604 16377 -1
1546551059111615 7 -1
1546551059111620 9 -1
1546551059126798 16381 -1
1546551059126815 3 -1
1546551059126819 9 -1
1546551059137336 16377 -1
1546551059137349 7 -1
1546551059137355 9 -1
1546551059146287 16377 -1
1546551059146303 7 -1
1546551059146308 9 -1
1546551059151048 8824 -1
1546551059153770 9 -1
1546551059162619 16377 -1
1546551059162635 7 -1
1546551059162640 9 -1
1546551059177310 16377 -1
1546551059177325 7 -1
1546551059177331 9 -1
1546551059187655 15828 -1
1546551059187669 556 -1
1546551059187674 9 -1
1546551059199671 15828 -1
1546551059199684 556 -1
1546551059199690 9 -1
1546551059211045 16376 -1
1546551059211062 8 -1
1546551059211066 9 -1
1546551059222728 16380 -1
1546551059222741 4 -1
1546551059222745 9 -1
1546551059240824 16376 -1
1546551059240842 8 -1
1546551059240848 9 -1
1546551059244944 16376 -1
1546551059244960 8 -1
1546551059244964 9 -1
1546551059258010 16376 -1
1546551059258021 8 -1
1546551059258026 9 -1
1546551059270870 16376 -1
1546551059270884 8 -1
1546551059270889 9 -1
1546551059270893 500 -1
1546551059270899 9 -1
1546551059271236 5731 -1
1546551059271248 9 -1
1546551059281780 12117 -1
1546551059281795 9 -1
1546551059281800 482 -1
1546551059282178 9 -1
1546551059289350 16375 -1
1546551059289360 9 -1
1546551059289364 9 -1
1546551059303616 1309 -1
1546551059303629 9 -1
1546551059304507 11432 -1
1546551059304523 9 -1
1546551059305638 8192 -1
1546551059305657 9 -1
1546551059320403 16374 -1
1546551059320420 10 -1
1546551059320424 9 -1
1546551059332196 16373 -1
1546551059332210 11 -1
1546551059332214 9 -1
1546551059342805 16372 -1
1546551059342819 12 -1
1546551059343188 9 -1
1546551059351968 16371 -1
1546551059351979 13 -1
1546551059351983 9 -1
1546551059381371 16370 -1
1546551059381384 14 -1
1546551059381439 9 -1
1546551059387239 3898 -1
1546551060152050 89 1
1546551060160631 183 -1
1546551060160651 9 -1
1546551060177618 16383 -1
1546551060177670 1 -1
1546551060177676 9 -1
1546551060193688 16382 -1
1546551060193786 2 -1
1546551060193877 9 -1
1546551060207663 16381 -1
1546551060207683 3 -1
1546551060207689 9 -1
1546551060223519 16383 -1
1546551060223538 1 -1
1546551060223546 9 -1
1546551060232571 16382 -1
1546551060232592 2 -1
1546551060232830 9 -1
1546551060234335 3136 -1
1546551064183379 17 1
