### "'98032 41225 197052 90237 258246 143741 137091 208492 41838 38387 23880 10993 117178 42616 48939 12425 64330 14089 19817 8724 41838'"
0 0 0
1546553773589565 197 1
0 0 0
1546553773556626 203 1
1546553773556644 58 1
1546553773556655 59 1
1546553773556664 78 1
1546553773556674 58 1
1546553773556683 78 1
1546553773556691 59 1
1546553773556700 58 1
1546553773556768 58 1
1546553773558032 58 1
1546553773558046 58 1
1546553773562546 39 -1
1546553773562555 13 -1
1546553773563583 9 1
1546553773570195 9 -1
1546553773570205 309 -1
1546553773570216 9 -1
1546553773570221 2083 -1
1546553773570227 131 -1
1546553773570230 9 -1
1546553773592206 15874 -1
1546553773592280 510 -1
1546553773593017 9 -1
1546553773594299 15873 -1
1546553773594373 511 -1
1546553773594383 9 -1
1546553773598840 15872 -1
1546553773598859 512 -1
1546553773598868 9 -1
1546553773601827 15871 -1
1546553773601846 513 -1
1546553773601853 9 -1
1546553773609015 15870 -1
1546553773609068 514 -1
1546553773609080 9 -1
1546553773616252 15869 -1
1546553773616276 243 -1
1546553773616284 128 -1
1546553773616310 9 -1
1546553773617027 15874 -1
1546553773617044 510 -1
1546553773617164 9 -1
1546553773617578 62 1
1546553773618260 15873 -1
1546553773618301 511 -1
1546553773618310 9 -1
1546553773620807 8457 -1
1546553773627447 149 -1
1546553773628340 132 -1
1546553773628351 117 -1
1546553773628361 119 -1
1546553773628429 132 -1
1546553773628437 130 -1
1546553773629139 148 -1
1546553773629150 131 -1
1546553773629155 9 -1
1546553773629162 2261 -1
1546553773629169 9 -1
1546553773629180 88 1
1546553773629190 86 1
1546553773629262 67 1
1546553773630124 15873 -1
1546553773630143 511 -1
1546553773630151 9 -1
1546553773630390 2617 -1
1546553773630490 9 -1
1546553773630571 87 1
1546553773630652 15874 -1
1546553773630660 510 -1
1546553773630666 9 -1
1546553773634350 88 1
1546553773634854 15873 -1
1546553773634873 511 -1
1546553773634881 9 -1
1546553773639386 15873 -1
1546553773639406 511 -1
1546553773639414 9 -1
1546553773639853 87 1
1546553773645857 15873 -1
1546553773647487 88 1
1546553773648426 88 1
1546553773650630 511 -1
1546553773650657 9 -1
1546553773652833 59 1
1546553773654633 59 1
1546553773662912 15873 -1
1546553773662932 511 -1
1546553773662939 9 -1
1546553773679675 15872 -1
1546553773681317 512 -1
1546553773681356 9 -1
1546553773697086 15873 -1
1546553773702336 511 -1
1546553773702355 9 -1
1546553773719953 15872 -1
1546553773719972 512 -1
1546553773720591 9 -1
1546553773736349 15872 -1
1546553773736368 512 -1
1546553773736821 9 -1
1546553773758730 15872 -1
1546553773758749 512 -1
1546553773758757 9 -1
1546553773774830 15872 -1
1546553773774849 512 -1
1546553773774918 9 -1
1546553773790933 15871 -1
1546553773807717 513 -1
1546553773807737 9 -1
1546553773857086 15872 -1
1546553773857103 512 -1
1546553773857112 9 -1
1546553773874519 15871 -1
1546553773874541 513 -1
1546553773874551 9 -1
1546553773913158 15871 -1
1546553773920111 513 -1
1546553773920129 9 -1
1546553773958382 15871 -1
1546553773958403 513 -1
1546553773958410 9 -1
1546553773986065 15871 -1
1546553773991571 513 -1
1546553773991587 9 -1
1546553774018908 15870 -1
1546553774018925 514 -1
1546553774018998 9 -1
1546553774040825 15871 -1
1546553774040845 513 -1
1546553774040852 9 -1
1546553774057440 15870 -1
1546553774057461 514 -1
1546553774057470 9 -1
1546553774069316 15870 -1
1546553774069330 514 -1
1546553774069338 9 -1
1546553774080539 15870 -1
1546553774080554 514 -1
1546553774080560 9 -1
1546553774090967 15870 -1
1546553774102565 514 -1
1546553774102580 9 -1
1546553774114284 15869 -1
1546553774114298 515 -1
1546553774114304 9 -1
1546553774136761 15870 -1
1546553774136931 514 -1
1546553774136944 9 -1
1546553774161287 15869 -1
1546553774161310 515 -1
1546553774161319 9 -1
1546553774189236 15869 -1
1546553774189251 515 -1
1546553774189257 9 -1
1546553774200761 15869 -1
1546553774200781 515 -1
1546553774200793 9 -1
1546553774212453 15869 -1
1546553774212498 515 -1
1546553774212562 9 -1
1546553774228207 15868 -1
1546553774229004 516 -1
1546553774229015 9 -1
1546553774238254 8317 -1
1546553774238272 9 -1
1546553774245339 15868 -1
1546553774245869 516 -1
1546553774245931 9 -1
1546553774255197 15868 -1
1546553774255211 516 -1
1546553774255219 9 -1
1546553774262223 15868 -1
1546553774262249 516 -1
1546553774262256 9 -1
1546553774272355 15868 -1
1546553774272380 516 -1
1546553774272387 9 -1
1546553774284951 15867 -1
1546553774284966 517 -1
1546553774284973 9 -1
1546553774303125 15867 -1
1546553774303141 517 -1
1546553774303148 9 -1
1546553774309094 15867 -1
1546553774309112 517 -1
1546553774309118 9 -1
1546553774322352 15867 -1
1546553774322597 517 -1
1546553774322605 258 -1
1546553774322611 9 -1
1546553774339708 15867 -1
1546553774339723 517 -1
1546553774339855 154 -1
1546553774339863 156 -1
1546553774339923 161 -1
1546553774340337 160 -1
1546553774340350 159 -1
1546553774340413 9 -1
1546553774350806 15866 -1
1546553774350826 518 -1
1546553774350833 161 -1
1546553774350841 154 -1
1546553774350848 160 -1
1546553774350855 130 -1
1546553774351257 258 -1
1546553774351271 9 -1
1546553774366782 15866 -1
1546553774366801 518 -1
1546553774366808 9 -1
1546553774378268 15866 -1
1546553774378372 518 -1
1546553774378382 9 -1
1546553774396460 15866 -1
1546553774396477 518 -1
1546553774396483 9 -1
1546553774404635 15866 -1
1546553774404658 518 -1
1546553774404670 9 -1
1546553774425534 15865 -1
1546553774425575 519 -1
1546553774425581 9 -1
1546553774442189 15865 -1
1546553774442206 519 -1
1546553774442213 9 -1
1546553774458771 12669 -1
1546553774458791 9 -1
1546553774459371 6019 -1
1546553774459413 9 -1
1546553774487654 15865 -1
1546553774487672 519 -1
1546553774487681 9 -1
1546553774515773 15864 -1
1546553774520861 520 -1
1546553774520880 9 -1
1546553774548804 15864 -1
1546553774548822 520 -1
1546553774548829 9 -1
1546553774565356 15864 -1
1546553774565375 520 -1
1546553774565383 9 -1
1546553774584263 15863 -1
1546553774584279 521 -1
1546553774584286 9 -1
1546553774611796 15863 -1
1546553774611815 521 -1
1546553774611823 9 -1
1546553774638013 15863 -1
1546553774638290 521 -1
1546553774638304 9 -1
1546553774649635 15862 -1
1546553774649653 522 -1
1546553774649720 9 -1
1546553774661745 15862 -1
1546553774661759 522 -1
1546553774661765 9 -1
1546553774683180 15862 -1
1546553774694721 522 -1
1546553774694738 9 -1
1546553774694744 444 -1
1546553774694752 9 -1
1546553774699645 15861 -1
1546553774699674 523 -1
1546553774700255 9 -1
1546553774718553 11884 -1
1546553774718589 9 -1
1546553774734211 15860 -1
1546553774734554 524 -1
1546553774734562 9 -1
1546553774772800 15859 -1
1546553774772821 525 -1
1546553774773056 9 -1
1546553774794430 12486 -1
1546553774794457 9 -1
1546553774833744 16383 -1
1546553774833766 1 -1
1546553774833772 9 -1
1546553774872421 16383 -1
1546553774872440 1 -1
1546553774872446 9 -1
1546553774910397 16383 -1
1546553774910521 1 -1
1546553774910544 9 -1
1546553774932770 10993 -1
1546553774932787 9 -1
1546553774954019 16383 -1
1546553774954035 1 -1
1546553774954227 9 -1
1546553774977191 16383 -1
1546553774977213 1 -1
1546553774977220 9 -1
1546553774996412 16383 -1
1546553774996430 1 -1
1546553774996438 9 -1
1546553775029220 12425 -1
1546553775029240 9 -1
1546553775061559 16383 -1
1546553775061577 1 -1
1546553775061584 9 -1
1546553775110499 14089 -1
1546553775110520 9 -1
1546553775148673 16383 -1
1546553775148754 1 -1
1546553775148760 9 -1
1546553775178977 16382 -1
1546553775178998 2 -1
1546553775179177 9 -1
1546553775217774 16382 -1
1546553775217802 2 -1
1546553775217813 9 -1
1546553775228975 7496 -1
1546553775228998 9 -1
1546553775283338 16382 -1
1546553775283357 2 -1
1546553775283365 9 -1
1546553775310658 16382 -1
1546553775310678 2 -1
1546553775310685 9 -1
1546553775344717 16382 -1
1546553775344738 2 -1
1546553775344744 9 -1
1546553775359289 16382 -1
1546553775359379 2 -1
1546553775359507 9 -1
1546553775363675 78 1
1546553775367923 3433 -1
1546553775368917 9 -1
1546553775368931 78 1
1546553775369367 78 1
1546553775374861 78 1
1546553775375358 78 1
1546553775377454 9070 -1
1546553775382424 9 -1
1546553775383447 5619 -1
1546553775383465 9 -1
1546553775399984 16381 -1
1546553775400001 3 -1
1546553775400007 9 -1
1546553775410663 9848 -1
1546553775410679 9 -1
1546553775430179 16171 -1
1546553775430196 9 -1
1546553775450159 16381 -1
1546553775450177 3 -1
1546553775450183 9 -1
1546553775462670 16380 -1
1546553775462689 4 -1
1546553775462695 9 -1
1546553775473467 15178 -1
1546553775473485 9 -1
1546553775490246 16379 -1
1546553775490265 5 -1
1546553775490271 9 -1
1546553775528096 16378 -1
1546553775528142 6 -1
1546553775528148 9 -1
1546553775545825 16377 -1
1546553775545845 7 -1
1546553775545854 9 -1
1546553775551162 2490 -1
1546553775551181 170 -1
1546553775551239 148 -1
1546553775551249 147 -1
1546553775552425 148 -1
1546553775552438 147 -1
1546553775552592 9 -1
1546553775556355 3151 -1
1546553775556375 9 -1
1546553775567483 2973 -1
1546553775567500 9 -1
1546553775568035 2617 -1
1546553775568045 9 -1
1546553775573477 3151 -1
1546553775573501 9 -1
1546553775580921 2617 -1
1546553775615176 63 1
1546553775623030 116 -1
1546553775623040 9 -1
1546553775628863 7923 -1
1546553775644708 63 1
1546553775645273 63 1
1546553775645961 63 1
1546553775653254 130 -1
1546553775653266 9 -1
1546553775653390 4236 -1
1546553775657136 128 -1
1546553775658775 9 -1
1546553775659549 5883 -1
1546553775659580 130 -1
1546553775659638 9 -1
1546553775692569 7750 -1
1546553775898493 63 1
1546553775898896 63 1
1546553775915177 200 -1
1546553775915194 9 -1
1546553775926422 8724 -1
1546553775926443 161 -1
1546553775926501 9 -1
1546553775931561 7196 -1
1546553778032692 59 1
1546553778040619 154 -1
1546553778040647 9 -1
1546553778059372 16383 -1
1546553778059423 1 -1
1546553778059431 9 -1
1546553778077504 16383 -1
1546553778077527 1 -1
1546553778077534 9 -1
1546553778091904 9070 -1
1546553782583707 17 1
0 0 0
1546553773629102 184 1
0 0 0
1546553773593078 204 1
0 0 0
1546553773609832 204 1
1546553773619717 39 -1
1546553773619727 13 -1
1546553773619795 9 -1
1546553773620795 310 -1
1546553773626901 9 -1
1546553773626910 1959 -1
1546553773627115 9 1
1546553773669619 17 1
0 0 0
1546553773607460 204 1
