### "'11779 243406 128206 110699 132001 170349 122803 113008 243520 85938 178019 171104 142999 157331 132768 83124 80820 127745 81347 95747 18362 20351 43482 26520 50619 16298 8156 10153 18362'"
0 0 0
1546556408479771 183 1
1546556408492231 39 -1
1546556408492241 13 -1
1546556408495159 9 -1
1546556408495198 294 -1
1546556408495209 9 -1
1546556408497312 9 1
1546556408499395 16383 -1
1546556408499454 1 -1
1546556408499521 9 -1
1546556408506461 16383 -1
1546556408506481 1 -1
1546556408506487 9 -1
1546556408508459 16382 -1
1546556408508534 2 -1
1546556408508546 9 -1
1546556408510902 16381 -1
1546556408510922 3 -1
1546556408510929 9 -1
1546556408516031 16383 -1
1546556408516139 1 -1
1546556408516277 9 -1
1546556408531799 16382 -1
1546556408532149 2 -1
1546556408532156 9 -1
1546556408533306 12395 -1
1546556408555740 17 1
0 0 0
1546556408421495 204 1
1546556408422153 58 1
1546556408422620 59 1
1546556408423315 59 1
1546556408423386 59 1
1546556408423634 59 1
1546556408424165 58 1
1546556408425204 58 1
1546556408425225 78 1
1546556408425235 58 1
1546556408425815 59 1
1546556408425907 59 1
1546556408426084 59 1
1546556408428435 59 1
1546556408428559 58 1
1546556408428644 58 1
1546556408428654 59 1
1546556408428664 59 1
1546556408428967 58 1
1546556408430723 39 -1
1546556408430731 13 -1
1546556408433637 9 -1
1546556408434652 311 -1
1546556408434688 9 -1
1546556408440708 11779 -1
1546556408440724 132 -1
1546556408440730 9 -1
1546556408443742 15873 -1
1546556408443866 511 -1
1546556408444280 9 -1
1546556408452421 15872 -1
1546556408452501 512 -1
1546556408452509 9 -1
1546556408455847 15871 -1
1546556408456237 513 -1
1546556408456248 9 -1
1546556408459755 15870 -1
1546556408459767 514 -1
1546556408459880 9 -1
1546556408459894 9 1
1546556408461708 15869 -1
1546556408461729 515 -1
1546556408461844 9 -1
1546556408463066 15868 -1
1546556408463469 516 -1
1546556408463480 9 -1
1546556408465018 15867 -1
1546556408465035 517 -1
1546556408465042 9 -1
1546556408476615 15866 -1
1546556408476635 518 -1
1546556408476645 9 -1
1546556408478694 15865 -1
1546556408478817 519 -1
1546556408478829 9 -1
1546556408480374 15864 -1
1546556408480389 520 -1
1546556408480397 9 -1
1546556408480520 15863 -1
1546556408480529 521 -1
1546556408480534 9 -1
1546556408492751 15862 -1
1546556408493141 522 -1
1546556408493619 9 -1
1546556408494423 15861 -1
1546556408494435 523 -1
1546556408494443 9 -1
1546556408499337 15860 -1
1546556408499357 524 -1
1546556408499365 9 -1
1546556408503851 91 1
1546556408519433 14030 -1
1546556408520202 131 -1
1546556408520624 132 -1
1546556408520631 131 -1
1546556408521552 131 -1
1546556408522644 130 -1
1546556408523033 131 -1
1546556408523460 147 -1
1546556408523536 118 -1
1546556408523569 132 -1
1546556408523576 259 -1
1546556408523584 131 -1
1546556408523632 117 -1
1546556408524368 132 -1
1546556408524380 129 -1
1546556408524415 131 -1
1546556408524432 88 1
1546556408526706 130 -1
1546556408527076 131 -1
1546556408529043 9 -1
1546556408530022 89 1
1546556408530867 88 1
1546556408531236 88 1
1546556408534201 15873 -1
1546556408534868 511 -1
1546556408534979 9 -1
1546556408539335 15873 -1
1546556408539358 511 -1
1546556408539365 9 -1
1546556408550931 15873 -1
1546556408556236 511 -1
1546556408556249 9 -1
1546556408570594 15873 -1
1546556408570612 511 -1
1546556408570619 9 -1
1546556408577261 15873 -1
1546556408578847 511 -1
1546556408578864 9 -1
1546556408588017 15874 -1
1546556408588034 510 -1
1546556408588043 9 -1
1546556408590666 3507 -1
1546556408591041 9 -1
1546556408615955 15873 -1
1546556408615975 511 -1
1546556408615983 9 -1
1546556408635045 15873 -1
1546556408635143 511 -1
1546556408636357 9 -1
1546556408689223 15873 -1
1546556408689248 511 -1
1546556408689258 9 -1
1546556408738178 15873 -1
1546556408745069 511 -1
1546556408745089 9 -1
1546556408782492 15873 -1
1546556408782515 511 -1
1546556408782524 9 -1
1546556408839681 16383 -1
1546556408839703 1 -1
1546556408839711 9 -1
1546556408857385 15873 -1
1546556408857405 511 -1
1546556408857412 9 -1
1546556408876054 15874 -1
1546556408876075 510 -1
1546556408876085 9 -1
1546556408887801 15874 -1
1546556408887819 510 -1
1546556408887918 9 -1
1546556408911516 15874 -1
1546556408911535 510 -1
1546556408911544 9 -1
1546556408917216 15872 -1
1546556408917237 512 -1
1546556408917245 9 -1
1546556408928787 15872 -1
1546556408931556 512 -1
1546556408931584 9 -1
1546556408950780 15872 -1
1546556408950799 512 -1
1546556408950809 9 -1
1546556408968102 15872 -1
1546556408968163 512 -1
1546556408968173 9 -1
1546556408998528 15872 -1
1546556408998549 512 -1
1546556408998558 9 -1
1546556409034997 15873 -1
1546556409035017 511 -1
1546556409035051 9 -1
1546556409107100 15872 -1
1546556409107118 512 -1
1546556409107163 9 -1
1546556409141668 15872 -1
1546556409141685 512 -1
1546556409141691 9 -1
1546556409153194 15872 -1
1546556409171554 512 -1
1546556409171572 9 -1
1546556409177370 15872 -1
1546556409177387 512 -1
1546556409177395 9 -1
1546556409188690 15872 -1
1546556409188708 512 -1
1546556409188716 9 -1
1546556409199747 16382 -1
1546556409199764 2 -1
1546556409199770 9 -1
1546556409222151 15872 -1
1546556409222169 512 -1
1546556409222176 9 -1
1546556409226575 15873 -1
1546556409226591 511 -1
1546556409226597 9 -1
1546556409243946 15873 -1
1546556409245050 511 -1
1546556409245066 9 -1
1546556409261250 15873 -1
1546556409261271 511 -1
1546556409261482 9 -1
1546556409283329 15871 -1
1546556409283514 513 -1
1546556409283524 9 -1
1546556409299719 15871 -1
1546556409299738 513 -1
1546556409299746 9 -1
1546556409321369 15871 -1
1546556409321388 513 -1
1546556409321401 9 -1
1546556409341122 15871 -1
1546556409341144 513 -1
1546556409341151 159 -1
1546556409341254 9 -1
1546556409348264 15871 -1
1546556409348284 513 -1
1546556409348406 159 -1
1546556409348523 159 -1
1546556409349536 285 -1
1546556409349668 159 -1
1546556409349709 9 -1
1546556409361181 15872 -1
1546556409361198 512 -1
1546556409361253 9 -1
1546556409377378 15871 -1
1546556409377429 513 -1
1546556409377440 9 -1
1546556409388691 15871 -1
1546556409388711 513 -1
1546556409388725 9 -1
1546556409398157 15871 -1
1546556409398178 513 -1
1546556409398187 9 -1
1546556409403967 15871 -1
1546556409405407 513 -1
1546556409405424 9 -1
1546556409414589 15871 -1
1546556409414607 513 -1
1546556409414666 9 -1
1546556409422508 16381 -1
1546556409422824 3 -1
1546556409422831 9 -1
1546556409428045 15871 -1
1546556409428066 513 -1
1546556409428077 9 -1
1546556409433680 15872 -1
1546556409433724 512 -1
1546556409433776 9 -1
1546556409440622 15872 -1
1546556409440941 512 -1
1546556409440953 9 -1
1546556409449287 15872 -1
1546556409449307 512 -1
1546556409449321 9 -1
1546556409456233 15870 -1
1546556409456261 514 -1
1546556409456270 9 -1
1546556409470101 15870 -1
1546556409470119 514 -1
1546556409470126 9 -1
1546556409470665 15870 -1
1546556409470678 514 -1
1546556409470685 9 -1
1546556409476003 15870 -1
1546556409476022 514 -1
1546556409476053 9 -1
1546556409483138 15870 -1
1546556409483156 514 -1
1546556409483164 9 -1
1546556409494337 15871 -1
1546556409494359 513 -1
1546556409494368 9 -1
1546556409499628 15870 -1
1546556409503020 514 -1
1546556409503039 9 -1
1546556409511102 15870 -1
1546556409511119 514 -1
1546556409511201 9 -1
1546556409517793 15870 -1
1546556409517911 514 -1
1546556409517919 9 -1
1546556409525092 15870 -1
1546556409527385 514 -1
1546556409527405 9 -1
1546556409535786 15870 -1
1546556409535803 514 -1
1546556409535906 9 -1
1546556409542614 16380 -1
1546556409542631 4 -1
1546556409542637 9 -1
1546556409549775 15870 -1
1546556409549794 514 -1
1546556409549955 9 -1
1546556409555211 15871 -1
1546556409556621 513 -1
1546556409556854 9 -1
1546556409560545 15871 -1
1546556409562243 513 -1
1546556409562261 9 -1
1546556409567587 15871 -1
1546556409567606 513 -1
1546556409567614 9 -1
1546556409581130 15869 -1
1546556409581149 515 -1
1546556409581158 9 -1
1546556409584006 15869 -1
1546556409584118 515 -1
1546556409584291 9 -1
1546556409599591 15869 -1
1546556409599643 515 -1
1546556409599685 9 -1
1546556409603830 15869 -1
1546556409603911 515 -1
1546556409603995 9 -1
1546556409617729 15869 -1
1546556409617748 515 -1
1546556409617758 9 -1
1546556409641413 15870 -1
1546556409641588 514 -1
1546556409641673 9 -1
1546556409651832 15869 -1
1546556409656984 515 -1
1546556409657003 9 -1
1546556409673900 15869 -1
1546556409674003 515 -1
1546556409674012 9 -1
1546556409687230 15869 -1
1546556409692887 515 -1
1546556409692906 9 -1
1546556409715240 15869 -1
1546556409715260 515 -1
1546556409715268 9 -1
1546556409724490 15869 -1
1546556409724535 515 -1
1546556409724543 9 -1
1546556409737720 16379 -1
1546556409737742 5 -1
1546556409737752 9 -1
1546556409752261 16383 -1
1546556409752282 1 -1
1546556409752288 9 -1
1546556409767473 15284 -1
1546556409767495 9 -1
1546556409777558 15811 -1
1546556409777580 9 -1
1546556409789394 15870 -1
1546556409789413 514 -1
1546556409789424 9 -1
1546556409801920 15868 -1
1546556409801940 516 -1
1546556409801948 9 -1
1546556409811928 15868 -1
1546556409811950 516 -1
1546556409817450 9 -1
1546556409824105 15868 -1
1546556409824126 516 -1
1546556409824134 9 -1
1546556409848595 15868 -1
1546556409848681 516 -1
1546556409848829 9 -1
1546556409861453 15868 -1
1546556409861483 516 -1
1546556409861752 9 -1
1546556409863051 4018 -1
1546556409863070 9 -1
1546556409865602 15868 -1
1546556409865624 516 -1
1546556409865633 9 -1
1546556409889712 15868 -1
1546556409889749 516 -1
1546556409889761 9 -1
1546556409895803 15868 -1
1546556409895823 516 -1
1546556409895833 9 -1
1546556409901552 15868 -1
1546556409901573 516 -1
1546556409901584 9 -1
1546556409919152 15868 -1
1546556409919173 516 -1
1546556409919182 9 -1
1546556409919342 1204 -1
1546556409919351 9 -1
1546556409928864 16382 -1
1546556409928884 2 -1
1546556409928891 9 -1
1546556409941510 13827 -1
1546556409941534 9 -1
1546556409956297 15867 -1
1546556409956953 517 -1
1546556409956967 9 -1
1546556409972808 15867 -1
1546556409972826 517 -1
1546556409972980 9 -1
1546556410011417 15867 -1
1546556410011493 517 -1
1546556410011503 9 -1
1546556410028400 14704 -1
1546556410028418 9 -1
1546556410039432 15867 -1
1546556410039817 517 -1
1546556410040035 9 -1
1546556410056955 15867 -1
1546556410056977 517 -1
1546556410057039 9 -1
1546556410068492 15867 -1
1546556410068517 517 -1
1546556410068524 9 -1
1546556410085855 15867 -1
1546556410086971 517 -1
1546556410086986 9 -1
1546556410091878 15867 -1
1546556410092578 517 -1
1546556410092592 9 -1
1546556410104669 16383 -1
1546556410104692 1 -1
1546556410104700 9 -1
1546556410109511 72 1
1546556410112560 78 1
1546556410112583 78 1
1546556410112594 78 1
1546556410112940 78 1
1546556410121524 63 1
1546556410121864 63 1
1546556410121876 63 1
1546556410125812 16381 -1
1546556410125834 3 -1
1546556410125840 9 -1
1546556410125853 63 1
1546556410125864 63 1
1546556410125874 63 1
1546556410138835 15866 -1
1546556410138855 518 -1
1546556410138862 9 -1
1546556410142857 15866 -1
1546556410143016 518 -1
1546556410143024 9 -1
1546556410148754 8115 -1
1546556410148772 9 -1
1546556410159611 15866 -1
1546556410159641 518 -1
1546556410159658 9 -1
1546556410171265 15866 -1
1546556410171284 518 -1
1546556410171291 9 -1
1546556410178268 15866 -1
1546556410178290 518 -1
1546556410178298 9 -1
1546556410202147 15866 -1
1546556410202169 518 -1
1546556410202239 9 -1
1546556410213729 15866 -1
1546556410213752 518 -1
1546556410213759 9 -1
1546556410229566 16382 -1
1546556410229585 2 -1
1546556410229591 9 -1
1546556410236865 13057 -1
1546556410236881 9 -1
1546556410236890 929 -1
1546556410236898 9 -1
1546556410248426 15865 -1
1546556410248448 519 -1
1546556410248455 9 -1
1546556410258931 15865 -1
1546556410258960 519 -1
1546556410258969 9 -1
1546556410270903 15865 -1
1546556410270924 519 -1
1546556410270932 9 -1
1546556410278193 15865 -1
1546556410278209 519 -1
1546556410281842 9 -1
1546556410287212 11927 -1
1546556410287226 9 -1
1546556410294614 15865 -1
1546556410294625 519 -1
1546556410294632 9 -1
1546556410296265 1696 -1
1546556410296274 9 -1
1546556410303385 15864 -1
1546556410303988 520 -1
1546556410304002 9 -1
1546556410327319 15864 -1
1546556410327339 520 -1
1546556410327346 9 -1
1546556410330654 15864 -1
1546556410330666 520 -1
1546556410330674 9 -1
1546556410333082 15864 -1
1546556410333095 520 -1
1546556410333101 9 -1
1546556410334918 9875 -1
1546556410334935 9 -1
1546556410338031 6509 -1
1546556410338045 9 -1
1546556410343489 15863 -1
1546556410343751 521 -1
1546556410343759 9 -1
1546556410353063 14179 -1
1546556410353586 9 -1
1546556410357904 7264 -1
1546556410358034 9 -1
1546556410363891 15862 -1
1546556410363911 522 -1
1546556410363918 9 -1
1546556410377607 15861 -1
1546556410377626 523 -1
1546556410377634 9 -1
1546556410383157 15860 -1
1546556410383173 524 -1
1546556410383181 9 -1
1546556410399922 14144 -1
1546556410399939 153 -1
1546556410399945 148 -1
1546556410400153 147 -1
1546556410400161 147 -1
1546556410400269 147 -1
1546556410400275 130 -1
1546556410400328 129 -1
1546556410400332 125 -1
1546556410401174 196 -1
1546556410401182 162 -1
1546556410401443 126 -1
1546556410401447 9 -1
1546556410419106 16383 -1
1546556410419120 1 -1
1546556410419127 9 -1
1546556410441207 16383 -1
1546556410441226 1 -1
1546556410441233 9 -1
1546556410453184 16383 -1
1546556410453203 1 -1
1546556410453212 9 -1
1546556410470610 16383 -1
1546556410470637 1 -1
1546556410470643 9 -1
1546556410495476 16383 -1
1546556410495494 1 -1
1546556410495500 9 -1
1546556410502238 16298 -1
1546556410502253 9 -1
1546556410503377 3329 -1
1546556410503391 9 -1
1546556410507411 2617 -1
1546556410507439 9 -1
1546556410509213 3507 -1
1546556410509227 9 -1
1546556410513595 2973 -1
1546556410513611 9 -1
1546556410518779 7055 -1
1546556410518880 9 -1
1546556410531726 7035 -1
1546556410531747 9 -1
1546556410535240 7600 -1
1546556410535256 9 -1
1546556410555595 8156 -1
1546556410555638 9 -1
1546556410557921 7947 -1
1546556410557943 9 -1
1546556410577849 10153 -1
1546556410577866 9 -1
1546556410583513 1978 -1
1546556410583531 9 -1
1546556410584853 3967 -1
1546556410584873 9 -1
1546556410623510 16382 -1
1546556410623527 2 -1
1546556410623532 9 -1
1546556410640284 10136 -1
1546556410640302 9 -1
1546556410656987 16382 -1
1546556410657003 2 -1
1546556410657008 9 -1
1546556410667592 10714 -1
1546556410667611 9 -1
1546556410688685 16381 -1
1546556410688699 3 -1
1546556410689642 9 -1
1546556410689647 1467 -1
1546556412645619 88 1
1546556412652111 182 -1
1546556412652765 9 -1
1546556412659190 16383 -1
1546556412659209 1 -1
1546556412659215 9 -1
1546556412671374 1978 -1
1546556417247926 17 1
0 0 0
1546556408679126 203 1
0 0 0
1546556408477623 203 1
1546556408490543 39 -1
1546556408490551 13 -1
1546556408490625 9 -1
1546556408490726 311 -1
1546556408490741 9 -1
1546556408490745 2795 -1
1546556408492915 9 1
1546556408494365 17 1
0 0 0
1546556408444127 184 1
1546556408448961 39 -1
1546556408448970 13 -1
1546556408453210 9 -1
1546556408453923 293 -1
1546556408453936 9 -1
1546556408459402 16383 -1
1546556408459428 1 -1
1546556408459543 9 -1
1546556408463931 16383 -1
1546556408463947 1 -1
1546556408464178 9 -1
1546556408466840 16383 -1
1546556408466861 1 -1
1546556408466867 9 -1
1546556408469723 16382 -1
1546556408469839 2 -1
1546556408469848 9 -1
1546556408472256 16383 -1
1546556408472273 1 -1
1546556408472282 9 -1
1546556408473591 16383 -1
1546556408473635 1 -1
1546556408473642 9 -1
1546556408475307 9 1
1546556408476804 16383 -1
1546556408476924 1 -1
1546556408477042 9 -1
1546556408478718 13518 -1
1546556408516564 17 1
0 0 0
1546556408724416 184 1
