### "'123136 25126 162248 9886 36604 139587 80195 171614 203023 301653 271434 113571 32627 37401 60254 53658 57007 9595'"
0 0 0
1546557230413111 206 1
1546557230431469 39 -1
1546557230431478 13 -1
1546557230431483 9 -1
1546557230431488 313 -1
1546557230431688 9 -1
1546557230454127 16383 -1
1546557230454789 1 -1
1546557230454797 9 -1
1546557230456546 8742 -1
1546557230465302 9 1
1546557230465319 17 1
0 0 0
1546557230445326 206 1
1546557230451016 39 -1
1546557230451022 13 -1
1546557230453734 9 1
1546557230458065 9 -1
1546557230458075 311 -1
1546557230458089 9 -1
1546557230458094 2187 -1
1546557230459146 17 1
0 0 0
1546557230369538 197 1
1546557230375618 58 1
1546557230375631 88 1
1546557230375642 87 1
1546557230375657 58 1
1546557230375666 59 1
1546557230375674 59 1
1546557230375682 59 1
1546557230375688 87 1
0 0 0
1546557230621706 185 1
1546557230629535 39 -1
1546557230630688 9 1
1546557230632955 13 -1
1546557230632962 9 -1
1546557230649923 295 -1
1546557230649937 9 -1
1546557230655823 16383 -1
1546557230655836 1 -1
1546557230655841 9 -1
1546557230666666 16383 -1
1546557230667456 1 -1
1546557230671857 9 -1
1546557230678024 16382 -1
1546557230678041 2 -1
1546557230678047 9 -1
1546557230691624 16381 -1
1546557230691642 3 -1
1546557230691655 9 -1
1546557230700134 16383 -1
1546557230700222 1 -1
1546557230700285 9 -1
1546557230707341 16382 -1
1546557230707359 2 -1
1546557230707365 9 -1
1546557230712523 16381 -1
1546557230712538 3 -1
1546557230712544 9 -1
1546557230723308 16380 -1
1546557230723325 4 -1
1546557230723331 9 -1
1546557230729612 16379 -1
1546557230729629 5 -1
1546557230729638 9 -1
1546557230745343 14792 -1
1546557230746540 17 1
0 0 0
1546557230403032 186 1
1546557230411250 39 -1
1546557230411259 13 -1
1546557230412805 9 1
1546557230414277 9 -1
1546557230414286 295 -1
1546557230414296 9 -1
1546557230428132 16383 -1
1546557230428148 1 -1
1546557230429065 9 -1
1546557230431255 16383 -1
1546557230431273 1 -1
1546557230431279 9 -1
1546557230436109 16382 -1
1546557230436202 2 -1
1546557230436989 9 -1
1546557230439052 16383 -1
1546557230439073 1 -1
1546557230439080 9 -1
1546557230450494 16383 -1
1546557230450520 1 -1
1546557230450705 9 -1
1546557230453362 16383 -1
1546557230453387 1 -1
1546557230453394 9 -1
1546557230461238 16383 -1
1546557230461258 1 -1
1546557230461263 9 -1
1546557230469382 8448 -1
1546557230481084 17 1
0 0 0
1546557230390421 206 1
0 0 0
1546557230692520 215 1
1546557230692532 87 1
1546557230692541 88 1
0 0 0
1546557234793864 205 1
1546557234793880 79 1
1546557234794379 78 1
1546557234794388 77 1
1546557234794514 79 1
1546557234794802 64 1
1546557234794811 63 1
1546557234794818 63 1
1546557234794866 63 1
1546557234794874 63 1
1546557234794880 63 1
1546557234799115 39 -1
1546557234799121 13 -1
1546557234804428 9 -1
1546557234804949 312 -1
1546557234804979 9 -1
1546557234811278 2439 -1
1546557234811292 148 -1
1546557234811298 9 -1
1546557234812114 2617 -1
1546557234812123 148 -1
1546557234812286 9 -1
1546557234813213 2973 -1
1546557234813221 146 -1
1546557234813225 9 -1
1546557234813228 3151 -1
1546557234813517 148 -1
1546557234813524 9 -1
1546557234816111 2617 -1
1546557234816121 129 -1
1546557234816127 9 -1
1546557234828415 6020 -1
1546557234828427 129 -1
1546557234828431 9 -1
1546557234829691 7893 -1
1546557234829701 129 -1
1546557234829909 9 -1
1546557234831658 9886 -1
1546557234831668 128 -1
1546557234831737 9 -1
1546557234832347 7637 -1
1546557234832357 117 -1
1546557234832412 9 -1
1546557234833943 6702 -1
1546557234833955 130 -1
1546557234833959 9 -1
1546557234835212 6450 -1
1546557234840084 9 1
1546557235264159 82 1
1546557235264182 89 1
1546557235265658 59 1
1546557235265677 59 1
1546557235270811 59 1
1546557235271161 59 1
1546557235271175 59 1
1546557235271184 58 1
1546557235271193 77 1
1546557235272417 274 -1
1546557235273213 9 -1
1546557235273226 3329 -1
1546557235273237 158 -1
1546557235273476 9 -1
1546557235279418 15835 -1
1546557235279435 549 -1
1546557235279444 9 -1
1546557235290657 15834 -1
1546557235290677 550 -1
1546557235290686 9 -1
1546557235293125 3836 -1
1546557235293142 131 -1
1546557235293146 9 -1
1546557235294096 16383 -1
1546557235294181 1 -1
1546557235294186 9 -1
1546557235299754 16383 -1
1546557235299772 1 -1
1546557235299778 9 -1
1546557235304150 16382 -1
1546557235304167 2 -1
1546557235304349 9 -1
1546557235310200 16381 -1
1546557235310220 3 -1
1546557235310225 131 -1
1546557235310232 9 -1
1546557235316329 16383 -1
1546557235316350 1 -1
1546557235316356 9 -1
1546557235322006 15874 -1
1546557235322025 510 -1
1546557235322033 9 -1
1546557235327342 16382 -1
1546557235327465 2 -1
1546557235327471 9 -1
1546557235333777 15873 -1
1546557235333840 511 -1
1546557235333847 9 -1
1546557235339218 16381 -1
1546557235339234 3 -1
1546557235339239 9 -1
1546557235341886 15872 -1
1546557235341905 512 -1
1546557235341913 9 -1
1546557235343448 88 1
1546557235348067 88 1
1546557235348079 87 1
1546557235348741 16380 -1
1546557235348823 4 -1
1546557235348830 9 -1
1546557235352618 88 1
1546557235352963 88 1
1546557235354006 15871 -1
1546557235354025 513 -1
1546557235354035 9 -1
1546557235355502 8515 -1
1546557235355523 9 -1
1546557235361610 86 1
1546557235363873 14659 -1
1546557235363948 73 -1
1546557235363956 60 -1
1546557235364018 147 -1
1546557235364029 132 -1
1546557235364034 118 -1
1546557235364039 9 -1
1546557235373247 15873 -1
1546557235373262 511 -1
1546557235373269 9 -1
1546557235376013 15873 -1
1546557235376028 511 -1
1546557235376036 9 -1
1546557235383186 15873 -1
1546557235383210 511 -1
1546557235383215 9 -1
1546557235389073 15873 -1
1546557235389092 511 -1
1546557235389099 9 -1
1546557235390868 2187 -1
1546557235390888 9 -1
1546557235396980 15872 -1
1546557235403247 512 -1
1546557235403260 9 -1
1546557235405860 15872 -1
1546557235405882 512 -1
1546557235405888 9 -1
1546557235413640 15872 -1
1546557235414391 512 -1
1546557235414406 9 -1
1546557235423920 15872 -1
1546557235423941 512 -1
1546557235423949 9 -1
1546557235438300 15871 -1
1546557235438319 513 -1
1546557235438505 9 -1
1546557235450982 15871 -1
1546557235451001 513 -1
1546557235451009 9 -1
1546557235456622 15871 -1
1546557235456642 513 -1
1546557235456651 9 -1
1546557235469423 15871 -1
1546557235469443 513 -1
1546557235469613 9 -1
1546557235478733 15870 -1
1546557235478753 514 -1
1546557235478762 9 -1
1546557235491855 15870 -1
1546557235491873 514 -1
1546557235491883 9 -1
1546557235522670 15870 -1
1546557235522690 514 -1
1546557235522698 9 -1
1546557235534850 15870 -1
1546557235534867 514 -1
1546557235534874 9 -1
1546557235550614 15869 -1
1546557235550631 515 -1
1546557235550637 9 -1
1546557235561587 15869 -1
1546557235566679 515 -1
1546557235566754 9 -1
1546557235573539 15869 -1
1546557235573556 515 -1
1546557235573564 9 -1
1546557235583297 15869 -1
1546557235583312 515 -1
1546557235583318 9 -1
1546557235594556 15868 -1
1546557235594572 516 -1
1546557235594578 9 -1
1546557235601110 15868 -1
1546557235601131 516 -1
1546557235601141 9 -1
1546557235616152 15868 -1
1546557235617015 516 -1
1546557235617028 9 -1
1546557235618392 15868 -1
1546557235618829 516 -1
1546557235618840 9 -1
1546557235628022 15867 -1
1546557235628041 517 -1
1546557235628051 9 -1
1546557235634875 15867 -1
1546557235638891 517 -1
1546557235638910 9 -1
1546557235645955 15867 -1
1546557235645973 517 -1
1546557235645983 9 -1
1546557235652383 15867 -1
1546557235652903 517 -1
1546557235652914 9 -1
1546557235664152 15866 -1
1546557235664170 518 -1
1546557235664180 9 -1
1546557235670641 15866 -1
1546557235670662 518 -1
1546557235670670 9 -1
1546557235687991 15866 -1
1546557235688011 518 -1
1546557235688020 9 -1
1546557235695623 15866 -1
1546557235695636 518 -1
1546557235695775 9 -1
1546557235702246 15865 -1
1546557235702261 519 -1
1546557235703350 160 -1
1546557235703574 9 -1
1546557235709330 15865 -1
1546557235709343 519 -1
1546557235709350 9 -1
1546557235724913 15865 -1
1546557235724927 519 -1
1546557235724933 159 -1
1546557235724940 145 -1
1546557235724944 9 -1
1546557235744584 15865 -1
1546557235744601 519 -1
1546557235744607 281 -1
1546557235744613 158 -1
1546557235744617 162 -1
1546557235744887 9 -1
1546557235754500 15864 -1
1546557235754515 520 -1
1546557235754521 9 -1
1546557235770526 15864 -1
1546557235770540 520 -1
1546557235770547 9 -1
1546557235783104 15864 -1
1546557235786200 520 -1
1546557235786210 9 -1
1546557235794724 15864 -1
1546557235794739 520 -1
1546557235794745 9 -1
1546557235799627 7774 -1
1546557235799644 9 -1
1546557235808537 15863 -1
1546557235810844 521 -1
1546557235810854 9 -1
1546557235819710 15863 -1
1546557235819724 521 -1
1546557235819890 9 -1
1546557235827690 15863 -1
1546557235827709 521 -1
1546557235827715 9 -1
1546557235834276 15862 -1
1546557235834288 522 -1
1546557235834293 9 -1
1546557235840993 15862 -1
1546557235841004 522 -1
1546557235841012 9 -1
1546557235850206 15862 -1
1546557235850221 522 -1
1546557235850391 9 -1
1546557235851318 6415 -1
1546557235851330 9 -1
1546557235862929 15861 -1
1546557235863159 523 -1
1546557235863165 9 -1
1546557235868179 15861 -1
1546557235868193 523 -1
1546557235868199 9 -1
1546557235878297 15860 -1
1546557235878310 524 -1
1546557235878316 9 -1
1546557235885281 15860 -1
1546557235885305 524 -1
1546557235885311 9 -1
1546557235897122 15859 -1
1546557235897137 525 -1
1546557235897143 9 -1
1546557235907894 15859 -1
1546557235908489 525 -1
1546557235908498 9 -1
1546557235920275 15858 -1
1546557235920291 526 -1
1546557235920296 9 -1
1546557235931321 15858 -1
1546557235931333 526 -1
1546557235931338 9 -1
1546557235941877 15857 -1
1546557235943074 527 -1
1546557235943088 9 -1
1546557235947543 9290 -1
1546557235947554 9 -1
1546557235953368 15856 -1
1546557235953382 9 -1
1546557235957106 7269 -1
1546557235957117 9 -1
1546557235964434 16383 -1
1546557235964444 1 -1
1546557235964449 9 -1
1546557235973597 16383 -1
1546557235973622 1 -1
1546557235973627 9 -1
1546557235990092 16383 -1
1546557235990107 1 -1
1546557235990112 9 -1
1546557235995067 16383 -1
1546557235995081 1 -1
1546557235995087 9 -1
1546557236006685 16383 -1
1546557236006698 1 -1
1546557236007518 9 -1
1546557236009343 16383 -1
1546557236009354 1 -1
1546557236009358 9 -1
1546557236017671 16382 -1
1546557236017686 2 -1
1546557236018007 9 -1
1546557236023580 16243 -1
1546557236023595 9 -1
1546557236030711 16382 -1
1546557236030725 2 -1
1546557236030729 9 -1
1546557236040381 16382 -1
1546557236040394 2 -1
1546557236040400 9 -1
1546557236047047 16382 -1
1546557236047060 2 -1
1546557236047117 9 -1
1546557236053020 16382 -1
1546557236053036 2 -1
1546557236053040 9 -1
1546557236059069 16381 -1
1546557236059084 3 -1
1546557236059089 9 -1
1546557236062074 4633 -1
1546557236062089 9 -1
1546557236067756 16381 -1
1546557236067770 3 -1
1546557236067774 9 -1
1546557236073484 16381 -1
1546557236073499 3 -1
1546557236073570 9 -1
1546557236078719 16381 -1
1546557236078734 3 -1
1546557236078739 9 -1
1546557236085943 16380 -1
1546557236085958 4 -1
1546557236085961 9 -1
1546557236087998 11102 -1
1546557236088011 9 -1
1546557236089919 4506 -1
1546557236089928 9 -1
1546557236092726 7855 -1
1546557236092735 9 -1
1546557236097155 16379 -1
1546557236097163 5 -1
1546557236097169 9 -1
1546557236099262 16378 -1
1546557236099273 6 -1
1546557236099277 9 -1
1546557236110574 15267 -1
1546557238202183 88 1
1546557238211572 177 -1
1546557238211593 9 -1
1546557238212314 9595 -1
1546557240711412 17 1
