### "'121290 25126 222526 162248 39765 123136 32081 123662 180923 242496 84684 12054 26416 81310 9595 9886'"
0 0 0
1546557295218586 206 1
1546557295220857 58 1
1546557295220871 88 1
1546557295221322 87 1
1546557295221334 58 1
1546557295221343 59 1
1546557295221615 59 1
1546557295226735 39 -1
1546557295227654 13 -1
1546557295227673 59 1
1546557295228057 87 1
1546557295244638 9 -1
1546557295245849 313 -1
1546557295245864 9 -1
1546557295250157 9 1
1546557295254027 16383 -1
1546557295254050 1 -1
1546557295254058 9 -1
1546557295257978 8742 -1
1546557295257997 130 -1
1546557295258002 9 -1
1546557295261971 91 1
1546557295265572 16383 -1
1546557295265584 1 -1
1546557295265590 9 -1
1546557295268509 87 1
1546557295268526 88 1
1546557295274453 16383 -1
1546557295274745 1 -1
1546557295275272 9 -1
1546557295278425 16382 -1
1546557295278441 2 -1
1546557295278447 9 -1
1546557295287192 16383 -1
1546557295287214 1 -1
1546557295287221 160 -1
1546557295287231 9 -1
1546557295288486 15835 -1
1546557295288501 549 -1
1546557295288616 9 -1
1546557295290583 15834 -1
1546557295290602 550 -1
1546557295290612 9 -1
1546557295293748 6997 -1
1546557295293776 118 -1
1546557295293781 162 -1
1546557295293790 131 -1
1546557295294323 131 -1
1546557295294331 9 -1
1546557295295860 16383 -1
1546557295295949 1 -1
1546557295295956 9 -1
1546557295299116 15831 -1
1546557295299343 553 -1
1546557295299352 9 -1
1546557295301015 15874 -1
1546557295301033 510 -1
1546557295301041 9 -1
1546557295312918 15873 -1
1546557295313418 511 -1
1546557295313699 9 -1
1546557295346660 15873 -1
1546557295350851 511 -1
1546557295351170 9 -1
1546557295367902 16382 -1
1546557295367933 2 -1
1546557295367946 9 -1
1546557295394846 15830 -1
1546557295394865 554 -1
1546557295394872 9 -1
1546557295414636 15697 -1
1546557295414656 9 -1
1546557295444355 15872 -1
1546557295444373 512 -1
1546557295444381 9 -1
1546557295468273 15872 -1
1546557295468299 512 -1
1546557295468309 9 -1
1546557295479954 16381 -1
1546557295479971 3 -1
1546557295480992 9 -1
1546557295499322 15829 -1
1546557295499345 555 -1
1546557295499352 9 -1
1546557295509253 15871 -1
1546557295509271 513 -1
1546557295509278 9 -1
1546557295519343 15871 -1
1546557295519438 513 -1
1546557295519492 9 -1
1546557295538279 16380 -1
1546557295538301 4 -1
1546557295538314 9 -1
1546557295543502 15828 -1
1546557295543520 556 -1
1546557295543531 9 -1
1546557295548060 15870 -1
1546557295548079 514 -1
1546557295548086 9 -1
1546557295565666 15870 -1
1546557295565786 514 -1
1546557295565796 9 -1
1546557295583417 16379 -1
1546557295583438 5 -1
1546557295583445 9 -1
1546557295594921 15827 -1
1546557295594942 557 -1
1546557295594951 9 -1
1546557295608299 15869 -1
1546557295608320 515 -1
1546557295608329 9 -1
1546557295618672 15869 -1
1546557295618701 515 -1
1546557295618772 9 -1
1546557295627283 16378 -1
1546557295627302 6 -1
1546557295627308 9 -1
1546557295641108 15826 -1
1546557295641134 558 -1
1546557295641219 9 -1
1546557295646663 15868 -1
1546557295646682 516 -1
1546557295646690 9 -1
1546557295655754 15868 -1
1546557295661238 516 -1
1546557295661267 9 -1
1546557295668139 16377 -1
1546557295668156 7 -1
1546557295668162 9 -1
1546557295679045 15825 -1
1546557295679066 559 -1
1546557295679075 9 -1
1546557295689715 15867 -1
1546557295693198 517 -1
1546557295693209 9 -1
1546557295703847 15867 -1
1546557295703893 517 -1
1546557295703900 9 -1
1546557295715939 16376 -1
1546557295715961 8 -1
1546557295716015 9 -1
1546557295724495 8974 -1
1546557295724511 9 -1
1546557295735685 15866 -1
1546557295735697 518 -1
1546557295735704 130 -1
1546557295735708 158 -1
1546557295735766 9 -1
1546557295741483 15866 -1
1546557295741581 518 -1
1546557295741591 9 -1
1546557295752786 16375 -1
1546557295752801 9 -1
1546557295752805 9 -1
1546557295760464 15865 -1
1546557295765493 519 -1
1546557295765512 9 -1
1546557295780387 15865 -1
1546557295780413 519 -1
1546557295780420 142 -1
1546557295780645 9 -1
1546557295784809 9534 -1
1546557295784827 154 -1
1546557295784834 285 -1
1546557295784842 9 -1
1546557295805683 15864 -1
1546557295806199 520 -1
1546557295806212 9 -1
1546557295816335 15864 -1
1546557295821248 520 -1
1546557295821266 9 -1
1546557295835794 15863 -1
1546557295835810 521 -1
1546557295836697 9 -1
1546557295847559 15863 -1
1546557295847578 521 -1
1546557295847586 9 -1
1546557295847952 699 -1
1546557295847963 9 -1
1546557295857179 16383 -1
1546557295857199 1 -1
1546557295857496 9 -1
1546557295863389 16382 -1
1546557295863403 2 -1
1546557295863664 9 -1
1546557295873922 16381 -1
1546557295873948 3 -1
1546557295873954 9 -1
1546557295878335 13120 -1
1546557295878350 9 -1
1546557295888845 15874 -1
1546557295888862 510 -1
1546557295888870 9 -1
1546557295892203 12054 -1
1546557295892217 9 -1
1546557295899104 16383 -1
1546557295899119 1 -1
1546557295901367 9 -1
1546557295908010 16383 -1
1546557295908031 1 -1
1546557295908037 9 -1
1546557295913389 9595 -1
1546557295913409 9 -1
1546557295926068 15873 -1
1546557295926091 511 -1
1546557295926400 9 -1
1546557295927820 10032 -1
1546557295927982 9 -1
1546557295936715 16382 -1
1546557295936734 2 -1
1546557295936740 9 -1
1546557295949782 15872 -1
1546557295949802 512 -1
1546557295949810 9 -1
1546557295959308 16381 -1
1546557295959326 3 -1
1546557295959331 9 -1
1546557295969617 15871 -1
1546557295969634 513 -1
1546557295969641 9 -1
1546557295980230 16380 -1
1546557295980247 4 -1
1546557295980252 9 -1
1546557295986959 15870 -1
1546557295986974 514 -1
1546557295986981 9 -1
1546557296000369 15774 -1
1546557296000398 9 -1
1546557296000408 2764 -1
1546557299019290 78 1
1546557299021946 79 1
1546557299021963 78 1
1546557299023327 77 1
1546557299023714 79 1
1546557299026439 171 -1
1546557299026458 9 -1
1546557299026520 2617 -1
1546557299034330 149 -1
1546557299034344 9 -1
1546557299034348 2439 -1
1546557299034488 148 -1
1546557299034494 9 -1
1546557299039098 2973 -1
1546557299039121 146 -1
1546557299039129 9 -1
1546557299039134 3151 -1
1546557299039355 148 -1
1546557299039363 9 -1
1546557299042014 2617 -1
1546557299134347 64 1
1546557299137499 63 1
1546557299137517 63 1
1546557299138674 63 1
1546557299138689 63 1
1546557299138700 63 1
1546557299144218 129 -1
1546557299144231 9 -1
1546557299144729 6020 -1
1546557299145972 129 -1
1546557299154433 9 -1
1546557299160507 7893 -1
1546557299160714 129 -1
1546557299161120 9 -1
1546557299175317 9886 -1
1546557299175486 128 -1
1546557299175867 9 -1
1546557299177826 7637 -1
1546557299182122 188 -1
1546557299182838 9 -1
1546557299184565 6702 -1
1546557299185446 163 -1
1546557299185453 9 -1
1546557299214353 6450 -1
1546557305707339 17 1
0 0 0
1546557295252048 186 1
1546557295259501 39 -1
1546557295259509 13 -1
1546557295264777 9 -1
1546557295265145 295 -1
1546557295265156 9 -1
1546557295265213 9 1
1546557295272689 16383 -1
1546557295272707 1 -1
1546557295272713 9 -1
1546557295277772 16382 -1
1546557295277793 2 -1
1546557295277799 9 -1
1546557295287570 16381 -1
1546557295287662 3 -1
1546557295288252 9 -1
1546557295291313 16380 -1
1546557295291332 4 -1
1546557295291338 9 -1
1546557295292203 16383 -1
1546557295292232 1 -1
1546557295292239 9 -1
1546557295297792 16382 -1
1546557295297814 2 -1
1546557295297973 9 -1
1546557295348175 16381 -1
1546557295352767 3 -1
1546557295353025 9 -1
1546557295353974 8448 -1
1546557295354519 17 1
0 0 0
1546557295273995 206 1
0 0 0
1546557295221371 206 1
1546557295225052 39 -1
1546557295225061 13 -1
1546557295225856 9 1
1546557295229326 9 -1
1546557295231175 311 -1
1546557295231194 9 -1
1546557295231200 2187 -1
1546557295274077 17 1
0 0 0
1546557295226725 185 1
1546557295243620 39 -1
1546557295243630 13 -1
1546557295243636 9 -1
1546557295243806 295 -1
1546557295243822 9 -1
1546557295266192 16383 -1
1546557295266313 1 -1
1546557295266325 9 -1
1546557295274463 16382 -1
1546557295275010 2 -1
1546557295275465 9 -1
1546557295277955 16381 -1
1546557295279129 3 -1
1546557295279223 9 -1
1546557295287908 9 1
1546557295292264 16380 -1
1546557295293061 4 -1
1546557295293151 9 -1
1546557295298274 16383 -1
1546557295298543 1 -1
1546557295299033 9 -1
1546557295302422 16382 -1
1546557295302451 2 -1
1546557295302458 9 -1
1546557295310829 16381 -1
1546557295310875 3 -1
1546557295311132 9 -1
1546557295314990 16380 -1
1546557295315201 4 -1
1546557295315209 9 -1
1546557295336223 16379 -1
1546557295350697 5 -1
1546557295352660 9 -1
1546557295357989 14792 -1
1546557295370460 17 1
0 0 0
1546557295219810 197 1
1546557295225918 39 -1
1546557295225932 13 -1
1546557295228359 9 1
1546557295231348 9 -1
1546557295235743 308 -1
1546557295235761 9 -1
1546557295236691 16383 -1
1546557295236704 1 -1
1546557295236711 9 -1
1546557295236814 16383 -1
1546557295236823 1 -1
1546557295236828 9 -1
1546557295244528 16382 -1
1546557295244549 2 -1
1546557295245330 9 -1
1546557295250477 16381 -1
1546557295250520 3 -1
1546557295250528 9 -1
1546557295260256 16383 -1
1546557295260275 1 -1
1546557295260281 9 -1
1546557295264458 16382 -1
1546557295264484 2 -1
1546557295264490 9 -1
1546557295264745 16381 -1
1546557295264847 3 -1
1546557295264854 9 -1
1546557295265450 6602 -1
1546557295297400 17 1
