### "'222526 123136 121290 25126 39765 123662 162248 32081 180923 242496 84684 12054 9595 26416 81310 9886'"
0 0 0
1546557273539197 206 1
1546557273539220 58 1
1546557273541173 88 1
1546557273541184 87 1
1546557273541193 58 1
1546557273541201 59 1
1546557273541211 59 1
1546557273541221 59 1
1546557273541229 87 1
1546557273542328 39 -1
1546557273542335 13 -1
1546557273545377 9 1
1546557273548490 9 -1
1546557273552204 293 -1
1546557273552228 9 -1
1546557273554812 15873 -1
1546557273555893 511 -1
1546557273555911 9 -1
1546557273568172 15872 -1
1546557273568207 512 -1
1546557273568218 9 -1
1546557273568545 15871 -1
1546557273568557 513 -1
1546557273568565 9 -1
1546557273578436 15870 -1
1546557273578791 514 -1
1546557273578802 9 -1
1546557273580254 15869 -1
1546557273580266 515 -1
1546557273580274 9 -1
1546557273580643 15868 -1
1546557273581140 516 -1
1546557273581150 9 -1
1546557273582118 15867 -1
1546557273582135 517 -1
1546557273582145 9 -1
1546557273584840 15866 -1
1546557273584999 518 -1
1546557273585215 9 -1
1546557273586326 16383 -1
1546557273586339 1 -1
1546557273586343 9 -1
1546557273589175 16382 -1
1546557273589188 2 -1
1546557273589195 9 -1
1546557273590711 16381 -1
1546557273590724 3 -1
1546557273590730 9 -1
1546557273593709 16380 -1
1546557273593725 4 -1
1546557273593730 150 -1
1546557273593738 160 -1
1546557273593744 162 -1
1546557273593873 131 -1
1546557273593879 131 -1
1546557273593989 130 -1
1546557273593994 158 -1
1546557273594004 118 -1
1546557273594008 9 -1
1546557273596084 15847 -1
1546557273596101 537 -1
1546557273596110 9 -1
1546557273608963 16383 -1
1546557273608984 1 -1
1546557273608990 9 -1
1546557273610642 15835 -1
1546557273610765 549 -1
1546557273610776 9 -1
1546557273631465 15831 -1
1546557273631484 553 -1
1546557273631532 9 -1
1546557273640617 91 1
1546557273645714 87 1
1546557273650380 88 1
1546557273846765 16383 -1
1546557273846785 1 -1
1546557273846791 9 -1
1546557273847276 15873 -1
1546557273848244 511 -1
1546557273848261 9 -1
1546557273849130 15873 -1
1546557273849327 511 -1
1546557273849506 9 -1
1546557273850224 15874 -1
1546557273850242 510 -1
1546557273850251 9 -1
1546557273850906 12054 -1
1546557273850924 9 -1
1546557273851199 8742 -1
1546557273851215 9 -1
1546557273851534 9534 -1
1546557273851548 9 -1
1546557273857915 15834 -1
1546557273857934 550 -1
1546557273857941 9 -1
1546557273869722 15830 -1
1546557273869750 554 -1
1546557273869758 9 -1
1546557273891477 15697 -1
1546557273891497 9 -1
1546557273907681 15872 -1
1546557273907701 512 -1
1546557273907708 9 -1
1546557273925171 15872 -1
1546557273926082 512 -1
1546557273926100 9 -1
1546557273941382 15873 -1
1546557273941404 511 -1
1546557273941443 9 -1
1546557273942535 6997 -1
1546557273942551 9 -1
1546557273949890 15829 -1
1546557273951077 555 -1
1546557273951128 9 -1
1546557273965285 15871 -1
1546557273965320 513 -1
1546557273965492 9 -1
1546557273979155 15871 -1
1546557273979171 513 -1
1546557273979301 9 -1
1546557273985626 15872 -1
1546557273985640 512 -1
1546557273985646 9 -1
1546557273995400 15828 -1
1546557273995419 556 -1
1546557273995427 9 -1
1546557274002887 15870 -1
1546557274002903 514 -1
1546557274002951 9 -1
1546557274019104 15870 -1
1546557274019120 514 -1
1546557274019127 9 -1
1546557274032079 15871 -1
1546557274032098 513 -1
1546557274032150 9 -1
1546557274042745 15827 -1
1546557274047426 557 -1
1546557274047437 9 -1
1546557274059901 15869 -1
1546557274059919 515 -1
1546557274059926 9 -1
1546557274070483 15869 -1
1546557274070503 515 -1
1546557274070511 9 -1
1546557274085593 15870 -1
1546557274085612 514 -1
1546557274085621 9 -1
1546557274109748 15826 -1
1546557274109768 558 -1
1546557274109777 9 -1
1546557274120130 15868 -1
1546557274127171 516 -1
1546557274127191 9 -1
1546557274137674 15868 -1
1546557274137692 516 -1
1546557274137700 9 -1
1546557274141843 2764 -1
1546557274141858 9 -1
1546557274158486 15825 -1
1546557274158506 559 -1
1546557274158514 9 -1
1546557274165984 15867 -1
1546557274166703 517 -1
1546557274166714 9 -1
1546557274178252 15867 -1
1546557274178267 517 -1
1546557274178275 9 -1
1546557274184586 8974 -1
1546557274184603 9 -1
1546557274195114 15866 -1
1546557274195134 518 -1
1546557274195141 9 -1
1546557274208673 15866 -1
1546557274208692 518 -1
1546557274208700 9 -1
1546557274216070 15865 -1
1546557274216087 519 -1
1546557274216328 9 -1
1546557274224782 15865 -1
1546557274224811 519 -1
1546557274224818 9 -1
1546557274231460 15864 -1
1546557274232276 520 -1
1546557274232287 9 -1
1546557274239287 15864 -1
1546557274239298 520 -1
1546557274239343 9 -1
1546557274247758 15863 -1
1546557274247776 521 -1
1546557274247785 142 -1
1546557274247794 158 -1
1546557274248240 281 -1
1546557274248253 9 -1
1546557274254524 15863 -1
1546557274254683 521 -1
1546557274254692 9 -1
1546557274255487 699 -1
1546557274255499 9 -1
1546557274269077 15862 -1
1546557274269093 522 -1
1546557274269100 9 -1
1546557274270985 15861 -1
1546557274271006 523 -1
1546557274271049 9 -1
1546557274277441 15860 -1
1546557274278792 524 -1
1546557274278803 9 -1
1546557274285168 13120 -1
1546557274285184 9 -1
1546557274291975 16383 -1
1546557274292065 1 -1
1546557274292075 9 -1
1546557274301095 16383 -1
1546557274301111 1 -1
1546557274301118 9 -1
1546557274306215 9595 -1
1546557274306232 9 -1
1546557274319386 10032 -1
1546557274319407 9 -1
1546557274323685 16382 -1
1546557274323703 2 -1
1546557274323831 9 -1
1546557274329959 16381 -1
1546557274329975 3 -1
1546557274329980 9 -1
1546557274347422 16380 -1
1546557274347444 4 -1
1546557274347450 9 -1
1546557274350692 15774 -1
1546557277311564 78 1
1546557277311666 79 1
1546557277311676 78 1
1546557277311683 77 1
1546557277319248 171 -1
1546557277319270 9 -1
1546557277319388 2617 -1
1546557277319406 79 1
1546557277325867 149 -1
1546557277325886 9 -1
1546557277326551 2439 -1
1546557277327058 148 -1
1546557277329494 9 -1
1546557277332906 2973 -1
1546557277332928 146 -1
1546557277332936 9 -1
1546557277335144 3151 -1
1546557277335163 148 -1
1546557277335173 9 -1
1546557277336244 2617 -1
1546557277443857 64 1
1546557277443870 63 1
1546557277443878 63 1
1546557277443982 63 1
1546557277443990 63 1
1546557277444315 63 1
1546557277451556 129 -1
1546557277451566 9 -1
1546557277492007 6020 -1
1546557277492025 129 -1
1546557277492030 9 -1
1546557277494234 7893 -1
1546557277494254 129 -1
1546557277494260 9 -1
1546557277495269 9886 -1
1546557277495359 128 -1
1546557277495365 9 -1
1546557277523726 7637 -1
1546557277523842 188 -1
1546557277523850 9 -1
1546557277528840 6702 -1
1546557277528858 163 -1
1546557277528866 9 -1
1546557277529572 6450 -1
1546557284267795 17 1
0 0 0
1546557273579735 39 -1
1546557273579742 13 -1
1546557273584670 197 1
1546557273584681 9 1
1546557273590796 9 -1
1546557273591314 308 -1
1546557273591326 9 -1
1546557273602221 16383 -1
1546557273602246 1 -1
1546557273602252 9 -1
1546557273602356 16383 -1
1546557273602363 1 -1
1546557273602367 9 -1
1546557273614255 16382 -1
1546557273614395 2 -1
1546557273614510 9 -1
1546557273620559 16381 -1
1546557273621382 3 -1
1546557273621491 9 -1
1546557273635551 16380 -1
1546557273635576 4 -1
1546557273635673 9 -1
1546557273642478 16383 -1
1546557273642499 1 -1
1546557273642507 9 -1
1546557273657155 16382 -1
1546557273657249 2 -1
1546557273657256 9 -1
1546557273662574 6602 -1
1546557273664699 17 1
0 0 0
1546557273584803 206 1
1546557273586569 39 -1
1546557273586739 13 -1
1546557273588027 9 1
1546557273590593 9 -1
1546557273591615 311 -1
1546557273591627 9 -1
1546557273613216 2187 -1
1546557273632310 17 1
0 0 0
1546557273612251 206 1
0 0 0
1546557273584527 186 1
1546557273587804 39 -1
1546557273587812 13 -1
1546557273589607 9 1
1546557273593009 9 -1
1546557273594280 295 -1
1546557273594340 9 -1
1546557273598250 16383 -1
1546557273598439 1 -1
1546557273598446 9 -1
1546557273606340 16383 -1
1546557273606361 1 -1
1546557273606367 9 -1
1546557273606475 16382 -1
1546557273606483 2 -1
1546557273606487 9 -1
1546557273606580 16381 -1
1546557273606587 3 -1
1546557273606592 9 -1
1546557273606716 16383 -1
1546557273606723 1 -1
1546557273606727 9 -1
1546557273606837 16383 -1
1546557273606844 1 -1
1546557273606848 9 -1
1546557273606936 16382 -1
1546557273606943 2 -1
1546557273606946 9 -1
1546557273606989 8448 -1
1546557273648941 17 1
0 0 0
1546557273619761 185 1
1546557273626257 39 -1
1546557273626265 13 -1
1546557273627209 9 1
1546557273631107 9 -1
1546557273632204 295 -1
1546557273632254 9 -1
1546557273638105 16383 -1
1546557273638148 1 -1
1546557273638155 9 -1
1546557273639266 16383 -1
1546557273639282 1 -1
1546557273639288 9 -1
1546557273643513 16382 -1
1546557273643614 2 -1
1546557273643621 9 -1
1546557273649357 16381 -1
1546557273649397 3 -1
1546557273649405 9 -1
1546557273660129 16383 -1
1546557273660149 1 -1
1546557273660155 9 -1
1546557273661022 16382 -1
1546557273661082 2 -1
1546557273661094 9 -1
1546557273666221 16383 -1
1546557273666315 1 -1
1546557273666409 9 -1
1546557273677395 16382 -1
1546557273677414 2 -1
1546557273677419 9 -1
1546557273683615 16381 -1
1546557273683636 3 -1
1546557273683643 9 -1
1546557273690083 14792 -1
1546557273720385 17 1
