### "'102084 96142 297928 379040 161256 196115 213101 334751 75020 13073 8634 128700 94058 79434 394908 222207 196481 67737 120338 91495 193910 208054 182417 228744 197857 209262 114479 8437 13073'"
0 0 0
1546561252561598 186 1
1546561252562165 58 1
1546561252562179 59 1
1546561252562189 59 1
1546561252562254 58 1
1546561252562266 58 1
1546561252562272 59 1
1546561252562278 79 1
1546561252562974 58 1
1546561252562986 77 1
1546561252562995 59 1
1546561252563248 78 1
0 0 0
1546561253585948 206 1
1546561253589578 39 -1
1546561253589586 13 -1
1546561253596513 9 -1
1546561253596996 312 -1
1546561253597296 9 -1
1546561253597302 2795 -1
1546561253635002 9 1
1546561253635172 17 1
0 0 0
1546561252613903 207 1
0 0 0
1546561252823052 206 1
0 0 0
1546561257595162 199 1
0 0 0
1546561252631386 206 1
0 0 0
1546561257655995 206 1
1546561257656008 77 1
1546561257656058 79 1
1546561257656180 78 1
1546561257656330 78 1
1546561257656369 79 1
1546561257658530 78 1
1546561257658538 58 1
1546561257658639 58 1
1546561257658644 59 1
1546561257658816 59 1
1546561257658825 58 1
1546561257658832 58 1
1546561257658838 59 1
1546561257658977 58 1
1546561257658982 59 1
1546561257658989 68 1
1546561257659028 63 1
1546561257659064 63 1
1546561257659177 63 1
1546561257659280 63 1
1546561257659288 63 1
1546561257659294 63 1
1546561257661228 39 -1
1546561257661299 13 -1
1546561257662185 9 1
1546561257666995 9 -1
1546561257667771 310 -1
1546561257667898 9 -1
1546561257668494 3329 -1
1546561257668502 148 -1
1546561257668581 9 -1
1546561257673875 2973 -1
1546561257673883 147 -1
1546561257673960 9 -1
1546561257674562 3151 -1
1546561257674571 143 -1
1546561257674677 9 -1
1546561257674954 2617 -1
1546561257674960 148 -1
1546561257674965 9 -1
1546561257675544 3329 -1
1546561257675688 149 -1
1546561257675693 9 -1
1546561257678952 2973 -1
1546561257678961 131 -1
1546561257678964 9 -1
1546561257689935 15873 -1
1546561257689949 511 -1
1546561257689957 9 -1
1546561257691111 15872 -1
1546561257691121 512 -1
1546561257691126 9 -1
1546561257692087 15871 -1
1546561257692096 513 -1
1546561257692101 9 -1
1546561257696983 15870 -1
1546561257697002 514 -1
1546561257697341 9 -1
1546561257698966 15869 -1
1546561257698986 515 -1
1546561257699027 9 -1
1546561257703946 15868 -1
1546561257703966 516 -1
1546561257703974 9 -1
1546561257710120 3780 -1
1546561257710136 130 -1
1546561257710140 132 -1
1546561257710143 132 -1
1546561257710147 118 -1
1546561257710150 258 -1
1546561257710156 155 -1
1546561257710160 72 -1
1546561257710334 129 -1
1546561257710338 72 -1
1546561257710343 73 -1
1546561257710346 130 -1
1546561257710350 119 -1
1546561257710396 74 -1
1546561257710401 61 -1
1546561257710405 133 -1
1546561257710408 113 -1
1546561257710412 9 -1
1546561257710873 2973 -1
1546561257710888 9 -1
1546561257713401 15874 -1
1546561257713417 510 -1
1546561257713423 9 -1
1546561257714140 15873 -1
1546561257714157 511 -1
1546561257714165 9 -1
1546561257718733 15873 -1
1546561257718749 511 -1
1546561257718757 9 -1
1546561257728990 15873 -1
1546561257729008 511 -1
1546561257729014 9 -1
1546561257744503 15873 -1
1546561257744520 511 -1
1546561257744529 9 -1
1546561257759894 15873 -1
1546561257759910 511 -1
1546561257759915 9 -1
1546561257774447 15873 -1
1546561257774594 511 -1
1546561257774683 9 -1
1546561257785416 15874 -1
1546561257785461 510 -1
1546561257785470 9 -1
1546561257796278 13073 -1
1546561257796309 9 -1
1546561257803642 7707 -1
1546561257803689 9 -1
1546561257812375 8634 -1
1546561257812393 9 -1
1546561257812604 5402 -1
1546561257812616 9 -1
1546561257818385 7024 -1
1546561257818411 9 -1
1546561257820135 7173 -1
1546561257820152 9 -1
1546561257835739 7010 -1
1546561257835758 9 -1
1546561257841989 15873 -1
1546561257846000 511 -1
1546561257846017 9 -1
1546561257857866 15872 -1
1546561257857882 512 -1
1546561257857889 9 -1
1546561257872011 15872 -1
1546561257872029 512 -1
1546561257876582 9 -1
1546561257885296 15872 -1
1546561257885314 512 -1
1546561257885322 9 -1
1546561257893935 15872 -1
1546561257893951 512 -1
1546561257893957 9 -1
1546561257903925 15872 -1
1546561257903943 512 -1
1546561257903950 9 -1
1546561257913539 15872 -1
1546561257913553 512 -1
1546561257913561 9 -1
1546561257926756 15873 -1
1546561257926771 511 -1
1546561257926779 9 -1
1546561257932309 15872 -1
1546561257935626 512 -1
1546561257935636 9 -1
1546561257942768 15871 -1
1546561257942781 513 -1
1546561257942787 9 -1
1546561257965529 15871 -1
1546561257965544 513 -1
1546561257965551 9 -1
1546561257971240 15871 -1
1546561257971258 513 -1
1546561257971265 9 -1
1546561257993054 15871 -1
1546561257993068 513 -1
1546561257993075 9 -1
1546561258005211 15871 -1
1546561258005981 513 -1
1546561258005992 9 -1
1546561258020824 15871 -1
1546561258020840 513 -1
1546561258020847 9 -1
1546561258036391 15872 -1
1546561258036408 512 -1
1546561258036415 9 -1
1546561258043040 15871 -1
1546561258043051 513 -1
1546561258043058 9 -1
1546561258060783 15870 -1
1546561258060810 514 -1
1546561258060817 9 -1
1546561258071733 15870 -1
1546561258071750 514 -1
1546561258071757 9 -1
1546561258082514 15870 -1
1546561258082537 514 -1
1546561258082544 9 -1
1546561258089391 15870 -1
1546561258089474 514 -1
1546561258089482 9 -1
1546561258125530 15870 -1
1546561258125545 514 -1
1546561258125552 9 -1
1546561258127239 15870 -1
1546561258127253 514 -1
1546561258127261 9 -1
1546561258136976 15871 -1
1546561258136991 513 -1
1546561258137940 9 -1
1546561258148251 15870 -1
1546561258148445 514 -1
1546561258148455 9 -1
1546561258154002 15869 -1
1546561258154011 515 -1
1546561258154017 9 -1
1546561258165138 15869 -1
1546561258165154 515 -1
1546561258165160 9 -1
1546561258171620 15869 -1
1546561258171638 515 -1
1546561258171645 9 -1
1546561258178294 15869 -1
1546561258178322 515 -1
1546561258178329 9 -1
1546561258186810 15869 -1
1546561258188309 515 -1
1546561258188317 9 -1
1546561258194637 15869 -1
1546561258194684 515 -1
1546561258194819 9 -1
1546561258205279 9484 -1
1546561258205319 9 -1
1546561258206243 14222 -1
1546561258206497 9 -1
1546561258216740 15868 -1
1546561258216754 516 -1
1546561258216760 9 -1
1546561258225978 15868 -1
1546561258225997 516 -1
1546561258226005 9 -1
1546561258240986 15868 -1
1546561258241005 516 -1
1546561258241013 9 -1
1546561258248060 15868 -1
1546561258248079 516 -1
1546561258248087 9 -1
1546561258268505 15868 -1
1546561258270675 516 -1
1546561258270687 9 -1
1546561258282355 15868 -1
1546561258282367 516 -1
1546561258282373 9 -1
1546561258295252 15867 -1
1546561258295271 517 -1
1546561258295278 9 -1
1546561258305712 15867 -1
1546561258316680 517 -1
1546561258316692 9 -1
1546561258325938 15867 -1
1546561258325953 517 -1
1546561258325961 9 -1
1546561258342067 15867 -1
1546561258342781 517 -1
1546561258342869 9 -1
1546561258357936 15867 -1
1546561258357952 517 -1
1546561258357958 9 -1
1546561258391763 15867 -1
1546561258391779 517 -1
1546561258391784 9 -1
1546561258395884 15866 -1
1546561258396438 518 -1
1546561258396524 9 -1
1546561258408148 15866 -1
1546561258408162 518 -1
1546561258408205 9 -1
1546561258420585 15866 -1
1546561258420612 518 -1
1546561258420620 9 -1
1546561258436090 15866 -1
1546561258436105 518 -1
1546561258436110 9 -1
1546561258448104 15866 -1
1546561258448117 518 -1
1546561258448125 9 -1
1546561258470643 15866 -1
1546561258471506 518 -1
1546561258471517 9 -1
1546561258475089 15865 -1
1546561258475723 519 -1
1546561258475732 9 -1
1546561258487083 15865 -1
1546561258487099 519 -1
1546561258487105 9 -1
1546561258498635 15865 -1
1546561258498646 519 -1
1546561258498689 9 -1
1546561258510905 15865 -1
1546561258510961 519 -1
1546561258510968 9 -1
1546561258525886 15865 -1
1546561258525932 519 -1
1546561258525939 9 -1
1546561258536914 15865 -1
1546561258537956 519 -1
1546561258537964 9 -1
1546561258554007 15864 -1
1546561258554021 520 -1
1546561258554138 9 -1
1546561258565366 15864 -1
1546561258578202 520 -1
1546561258578219 9 -1
1546561258582067 13800 -1
1546561258582082 9 -1
1546561258593461 15864 -1
1546561258593474 520 -1
1546561258593480 9 -1
1546561258617148 15864 -1
1546561258617165 520 -1
1546561258617170 9 -1
1546561258637888 15864 -1
1546561258637908 520 -1
1546561258637915 9 -1
1546561258671660 15863 -1
1546561258671677 521 -1
1546561258671682 9 -1
1546561258705002 15863 -1
1546561258705018 521 -1
1546561258705025 9 -1
1546561258716866 15863 -1
1546561258716877 521 -1
1546561258716883 9 -1
1546561258734018 15863 -1
1546561258738816 521 -1
1546561258738832 9 -1
1546561258750248 15863 -1
1546561258750260 521 -1
1546561258750264 9 -1
1546561258765997 15862 -1
1546561258766548 522 -1
1546561258766560 9 -1
1546561258793688 15862 -1
1546561258793715 522 -1
1546561258793722 9 -1
1546561258800221 15862 -1
1546561258800235 29 -1
1546561258800240 9 -1
1546561258811110 15862 -1
1546561258811122 522 -1
1546561258811128 9 -1
1546561258823267 16383 -1
1546561258823285 1 -1
1546561258823291 9 -1
1546561258833497 15861 -1
1546561258833515 523 -1
1546561258833522 9 -1
1546561258854436 15861 -1
1546561258854722 523 -1
1546561258854810 9 -1
1546561258865827 15861 -1
1546561258870751 523 -1
1546561258870764 9 -1
1546561258884632 16382 -1
1546561258884657 2 -1
1546561258884664 9 -1
1546561259107619 15860 -1
1546561259107635 524 -1
1546561259107642 9 -1
1546561259109152 15860 -1
1546561259109171 524 -1
1546561259109179 9 -1
1546561259112522 15860 -1
1546561259112539 524 -1
1546561259112546 9 -1
1546561259112552 109 -1
1546561259112556 9 -1
1546561259114499 15859 -1
1546561259114513 525 -1
1546561259114520 9 -1
1546561259116854 15859 -1
1546561259116867 525 -1
1546561259116875 9 -1
1546561259125513 15859 -1
1546561259125530 525 -1
1546561259125536 9 -1
1546561259142168 15858 -1
1546561259142186 526 -1
1546561259142194 9 -1
1546561259153165 15858 -1
1546561259153617 526 -1
1546561259153982 9 -1
1546561259174978 15858 -1
1546561259175398 526 -1
1546561259175409 9 -1
1546561259188333 15857 -1
1546561259188347 527 -1
1546561259188454 9 -1
1546561259222323 15857 -1
1546561259222584 527 -1
1546561259222595 9 -1
1546561259234739 15857 -1
1546561259234753 527 -1
1546561259234899 9 -1
1546561259245877 15856 -1
1546561259245890 9 -1
1546561259251752 15856 -1
1546561259251766 9 -1
1546561259262615 15856 -1
1546561259262630 9 -1
1546561259273984 16383 -1
1546561259274007 1 -1
1546561259274012 9 -1
1546561259278249 3544 -1
1546561259278263 9 -1
1546561259285166 16383 -1
1546561259285181 1 -1
1546561259285184 9 -1
1546561259296004 16382 -1
1546561259296021 2 -1
1546561259296026 9 -1
1546561259306462 16382 -1
1546561259306477 2 -1
1546561259306484 9 -1
1546561259320756 16381 -1
1546561259320770 3 -1
1546561259320776 9 -1
1546561259326730 7599 -1
1546561259326746 9 -1
1546561259338504 16380 -1
1546561259338518 4 -1
1546561259338730 9 -1
1546561259349113 16379 -1
1546561259349128 5 -1
1546561259349132 9 -1
1546561259350478 2736 -1
1546561262038624 81 1
1546561262040994 59 1
1546561262042512 59 1
1546561262042775 58 1
1546561262045266 78 1
1546561262048679 172 -1
1546561262048699 9 -1
1546561262048705 2795 -1
1546561262048718 59 1
1546561262053782 58 1
1546561262053798 58 1
1546561262053896 77 1
1546561262053906 77 1
1546561262053915 58 1
1546561262053925 58 1
1546561262053933 58 1
1546561262055152 130 -1
1546561262055163 9 -1
1546561262056253 59 1
1546561262058361 58 1
1546561262058378 58 1
1546561262066160 58 1
1546561262066177 58 1
1546561262068424 16383 -1
1546561262068444 1 -1
1546561262068480 9 -1
1546561262068569 78 1
1546561262074330 58 1
1546561262075636 58 1
1546561262081031 16382 -1
1546561262083245 2 -1
1546561262083258 9 -1
1546561262091530 16381 -1
1546561262091546 3 -1
1546561262091551 9 -1
1546561262102226 16380 -1
1546561262102255 4 -1
1546561262102419 172 -1
1546561262102428 9 -1
1546561262110523 16383 -1
1546561262121386 1 -1
1546561262121396 9 -1
1546561262129649 16382 -1
1546561262129673 2 -1
1546561262129681 9 -1
1546561262131613 88 1
1546561262140880 16381 -1
1546561262140902 3 -1
1546561262140908 9 -1
1546561262152055 16380 -1
1546561262152073 4 -1
1546561262152078 9 -1
1546561262168547 16379 -1
1546561262168568 5 -1
1546561262168646 9 -1
1546561262171787 12138 -1
1546561262175941 95 -1
1546561262175951 149 -1
1546561262176078 132 -1
1546561262176137 147 -1
1546561262176206 126 -1
1546561262176422 72 -1
1546561262176426 132 -1
1546561262176429 131 -1
1546561262176434 130 -1
1546561262176437 131 -1
1546561262176550 129 -1
1546561262176554 109 -1
1546561262176669 235 -1
1546561262176675 131 -1
1546561262176679 147 -1
1546561262176683 131 -1
1546561262176914 131 -1
1546561262176922 131 -1
1546561262177678 9 -1
1546561262188614 15874 -1
1546561262188633 510 -1
1546561262188639 9 -1
1546561262210913 16383 -1
1546561262210931 1 -1
1546561262210988 9 -1
1546561262216700 2795 -1
1546561262216715 9 -1
1546561262234612 16383 -1
1546561262234632 1 -1
1546561262234639 9 -1
1546561262260541 16383 -1
1546561262260557 1 -1
1546561262260563 9 -1
1546561262266229 15873 -1
1546561262266316 511 -1
1546561262266323 9 -1
1546561262271467 3329 -1
1546561262271490 9 -1
1546561262271495 2263 -1
1546561262271502 9 -1
1546561262288732 15873 -1
1546561262288798 511 -1
1546561262288919 9 -1
1546561262299657 15874 -1
1546561262299673 510 -1
1546561262299679 9 -1
1546561262311595 15874 -1
1546561262311622 510 -1
1546561262311629 9 -1
1546561262323816 15873 -1
1546561262324059 511 -1
1546561262324067 9 -1
1546561262329492 16383 -1
1546561262329514 1 -1
1546561262329520 9 -1
1546561262341440 16383 -1
1546561262341456 1 -1
1546561262341629 9 -1
1546561262348594 15873 -1
1546561262348611 511 -1
1546561262348620 9 -1
1546561262356026 16383 -1
1546561262356042 1 -1
1546561262356047 9 -1
1546561262358109 3329 -1
1546561262358126 9 -1
1546561262377971 16383 -1
1546561262377988 1 -1
1546561262377993 9 -1
1546561262383026 16383 -1
1546561262383048 1 -1
1546561262383054 9 -1
1546561262395233 15873 -1
1546561262398366 511 -1
1546561262398379 9 -1
1546561262404854 16382 -1
1546561262404874 2 -1
1546561262404880 9 -1
1546561262417215 16382 -1
1546561262417235 2 -1
1546561262417242 9 -1
1546561262428973 16382 -1
1546561262428991 2 -1
1546561262428996 9 -1
1546561262455320 15872 -1
1546561262455449 512 -1
1546561262455458 9 -1
1546561262465779 15872 -1
1546561262465802 512 -1
1546561262465811 9 -1
1546561262468894 15873 -1
1546561262468913 511 -1
1546561262469105 9 -1
1546561262480301 15873 -1
1546561262480320 511 -1
1546561262480328 9 -1
1546561262488606 15872 -1
1546561262488624 512 -1
1546561262488688 9 -1
1546561262496468 16382 -1
1546561262496483 2 -1
1546561262496487 9 -1
1546561262510629 16382 -1
1546561262510647 2 -1
1546561262510654 9 -1
1546561262514997 16383 -1
1546561262515011 1 -1
1546561262515018 9 -1
1546561262522504 16382 -1
1546561262522518 2 -1
1546561262522523 9 -1
1546561262532160 16382 -1
1546561262532170 2 -1
1546561262532574 9 -1
1546561262539470 16382 -1
1546561262539483 2 -1
1546561262539488 9 -1
1546561262546600 15872 -1
1546561262548701 512 -1
1546561262548717 9 -1
1546561262561535 16381 -1
1546561262561552 3 -1
1546561262561558 9 -1
1546561262564655 16381 -1
1546561262564672 3 -1
1546561262564677 157 -1
1546561262564685 9 -1
1546561262585961 16381 -1
1546561262585976 3 -1
1546561262585981 9 -1
1546561262597003 15871 -1
1546561262597023 513 -1
1546561262597030 9 -1
1546561262608091 15871 -1
1546561262611329 513 -1
1546561262611343 9 -1
1546561262620427 15872 -1
1546561262620441 512 -1
1546561262620448 9 -1
1546561262631337 15872 -1
1546561262631349 512 -1
1546561262631356 9 -1
1546561262651821 15871 -1
1546561262651842 513 -1
1546561262651849 9 -1
1546561262664783 16381 -1
1546561262664799 3 -1
1546561262664805 9 -1
1546561262670388 16381 -1
1546561262670407 3 -1
1546561262670413 9 -1
1546561262686306 16382 -1
1546561262686322 2 -1
1546561262686326 9 -1
1546561262699237 16381 -1
1546561262699249 3 -1
1546561262699254 9 -1
1546561262716180 16381 -1
1546561262716194 3 -1
1546561262716250 9 -1
1546561262723350 16381 -1
1546561262723363 3 -1
1546561262723370 9 -1
1546561262734991 15871 -1
1546561262735006 513 -1
1546561262735158 9 -1
1546561262740546 14012 -1
1546561262740561 9 -1
1546561262753672 16380 -1
1546561262753687 4 -1
1546561262753693 9 -1
1546561262781731 16380 -1
1546561262781746 4 -1
1546561262781752 9 -1
1546561262783881 15870 -1
1546561262783895 514 -1
1546561262783901 9 -1
1546561262793611 15870 -1
1546561262793624 514 -1
1546561262793632 9 -1
1546561262809667 15871 -1
1546561262809681 513 -1
1546561262809687 9 -1
1546561262811589 15871 -1
1546561262811615 513 -1
1546561262811623 9 -1
1546561262829730 15870 -1
1546561262832569 514 -1
1546561262832586 9 -1
1546561262837246 16380 -1
1546561262837264 4 -1
1546561262837269 9 -1
1546561262847715 16380 -1
1546561262847730 4 -1
1546561262847734 9 -1
1546561262864764 16381 -1
1546561262864779 3 -1
1546561262864784 9 -1
1546561262876330 16380 -1
1546561262876342 4 -1
1546561262876346 9 -1
1546561262892760 16380 -1
1546561262892776 4 -1
1546561262892782 9 -1
1546561262906639 16380 -1
1546561262906651 4 -1
1546561262906655 9 -1
1546561262915492 13898 -1
1546561262915502 9 -1
1546561262926062 16379 -1
1546561262926076 5 -1
1546561262926605 9 -1
1546561262933885 16379 -1
1546561262933897 5 -1
1546561262934043 9 -1
1546561262952639 15869 -1
1546561262952661 515 -1
1546561262952748 9 -1
1546561262958344 15869 -1
1546561262958359 515 -1
1546561262958365 9 -1
1546561262963802 2201 -1
1546561262964526 9 -1
1546561262971441 15870 -1
1546561262971455 514 -1
1546561262971463 9 -1
1546561262980947 15869 -1
1546561262981408 515 -1
1546561262981417 9 -1
1546561262988537 16379 -1
1546561262988551 5 -1
1546561262988742 9 -1
1546561262997975 16379 -1
1546561262997985 5 -1
1546561262998092 9 -1
1546561263013442 16380 -1
1546561263013457 4 -1
1546561263013463 9 -1
1546561263030180 16379 -1
1546561263030195 5 -1
1546561263030200 9 -1
1546561263035962 16379 -1
1546561263035974 5 -1
1546561263035978 9 -1
1546561263047011 16379 -1
1546561263047030 5 -1
1546561263047037 9 -1
1546561263053627 16378 -1
1546561263053641 6 -1
1546561263053645 9 -1
1546561263060039 16378 -1
1546561263060050 6 -1
1546561263060155 9 -1
1546561263084309 15868 -1
1546561263084324 516 -1
1546561263084329 9 -1
1546561263094852 15868 -1
1546561263094869 516 -1
1546561263094875 9 -1
1546561263097264 9575 -1
1546561263097278 9 -1
1546561263113989 15868 -1
1546561263115091 516 -1
1546561263115101 9 -1
1546561263130221 16378 -1
1546561263130232 6 -1
1546561263130236 9 -1
1546561263142317 16378 -1
1546561263142335 6 -1
1546561263142340 9 -1
1546561263154916 16379 -1
1546561263154930 5 -1
1546561263155028 9 -1
1546561263175865 16378 -1
1546561263175882 6 -1
1546561263175887 9 -1
1546561263182498 16378 -1
1546561263182513 6 -1
1546561263182518 9 -1
1546561263200356 16378 -1
1546561263200368 6 -1
1546561263200372 9 -1
1546561263215513 16377 -1
1546561263215527 7 -1
1546561263215531 9 -1
1546561263228787 16377 -1
1546561263228802 7 -1
1546561263228806 9 -1
1546561263244838 15867 -1
1546561263244858 517 -1
1546561263244865 9 -1
1546561263254005 15867 -1
1546561263254020 517 -1
1546561263254026 9 -1
1546561263273226 15867 -1
1546561263277521 517 -1
1546561263277531 9 -1
1546561263295010 16377 -1
1546561263295021 7 -1
1546561263295026 9 -1
1546561263307204 16377 -1
1546561263307220 7 -1
1546561263307225 9 -1
1546561263323533 16378 -1
1546561263323555 6 -1
1546561263323559 9 -1
1546561263340326 16377 -1
1546561263340341 7 -1
1546561263340346 9 -1
1546561263351662 16377 -1
1546561263351682 7 -1
1546561263351686 9 -1
1546561263368594 16175 -1
1546561263368611 9 -1
1546561263390519 16376 -1
1546561263390541 8 -1
1546561263390546 9 -1
1546561263412338 16376 -1
1546561263412354 8 -1
1546561263412473 9 -1
1546561263423271 15866 -1
1546561263423288 518 -1
1546561263423295 9 -1
1546561263428363 5650 -1
1546561263428381 9 -1
1546561263439537 15866 -1
1546561263439553 518 -1
1546561263439563 9 -1
1546561263450870 16376 -1
1546561263450886 8 -1
1546561263450891 9 -1
1546561263462691 16376 -1
1546561263462706 8 -1
1546561263462948 9 -1
1546561263473490 16377 -1
1546561263473505 7 -1
1546561263473510 9 -1
1546561263487151 16376 -1
1546561263487177 8 -1
1546561263487183 9 -1
1546561263496496 16376 -1
1546561263496510 8 -1
1546561263496515 9 -1
1546561263508326 16375 -1
1546561263508339 9 -1
1546561263508344 9 -1
1546561263521755 16375 -1
1546561263521772 9 -1
1546561263521776 9 -1
1546561263534202 15865 -1
1546561263534217 519 -1
1546561263534222 9 -1
1546561263543743 15865 -1
1546561263545099 519 -1
1546561263545109 9 -1
1546561263555471 16375 -1
1546561263555486 9 -1
1546561263555490 9 -1
1546561263566897 16375 -1
1546561263566915 9 -1
1546561263566921 9 -1
1546561263579951 16376 -1
1546561263579974 8 -1
1546561263579979 9 -1
1546561263594127 16375 -1
1546561263594145 9 -1
1546561263594150 9 -1
1546561263605351 16375 -1
1546561263605364 9 -1
1546561263605415 9 -1
1546561263616749 16374 -1
1546561263617074 10 -1
1546561263617079 9 -1
1546561263632998 16374 -1
1546561263633013 10 -1
1546561263633017 9 -1
1546561263643564 15864 -1
1546561263646695 520 -1
1546561263646710 9 -1
1546561263654796 15864 -1
1546561263654806 520 -1
1546561263654812 9 -1
1546561263664098 16374 -1
1546561263664109 10 -1
1546561263666061 9 -1
1546561263674761 16374 -1
1546561263674773 10 -1
1546561263674778 9 -1
1546561263680678 16375 -1
1546561263680694 9 -1
1546561263680699 9 -1
1546561263687624 16374 -1
1546561263687638 10 -1
1546561263687645 9 -1
1546561263698602 16374 -1
1546561263698617 10 -1
1546561263698673 9 -1
1546561263704861 16373 -1
1546561263704873 11 -1
1546561263704877 9 -1
1546561263715148 16373 -1
1546561263715162 11 -1
1546561263715168 9 -1
1546561263721671 15863 -1
1546561263721681 521 -1
1546561263721877 9 -1
1546561263730785 15863 -1
1546561263731818 521 -1
1546561263731831 9 -1
1546561263732327 13 1
1546561263738508 16373 -1
1546561263738525 11 -1
1546561263738531 9 -1
1546561263750958 16373 -1
1546561263750972 11 -1
1546561263750976 9 -1
1546561263756430 16374 -1
1546561263756440 10 -1
1546561263756447 9 -1
1546561263771780 16373 -1
1546561263771802 11 -1
1546561263771808 9 -1
1546561263789461 16373 -1
1546561263789475 11 -1
1546561263789479 9 -1
1546561263797365 16372 -1
1546561263797379 12 -1
1546561263797383 9 -1
1546561263813151 16372 -1
1546561263813431 12 -1
1546561263813666 9 -1
1546561263828143 15862 -1
1546561263828155 395 -1
1546561263828682 9 -1
1546561263840069 13686 -1
1546561263840088 9 -1
1546561263855524 16372 -1
1546561263855539 12 -1
1546561263855774 9 -1
1546561263857832 2193 -1
1546561263857843 9 -1
1546561263866552 16373 -1
1546561263866569 11 -1
1546561263866578 9 -1
1546561263881466 16372 -1
1546561263881480 12 -1
1546561263881484 9 -1
1546561263896582 16372 -1
1546561263896598 12 -1
1546561263896603 9 -1
1546561263905374 16371 -1
1546561263905388 13 -1
1546561263905393 9 -1
1546561263913701 16371 -1
1546561263913716 13 -1
1546561263913721 9 -1
1546561263919178 11446 -1
1546561263919187 9 -1
1546561263933122 16372 -1
1546561263933142 12 -1
1546561263933148 9 -1
1546561263933238 1249 -1
1546561263933247 9 -1
1546561263948676 12654 -1
1546561263948692 9 -1
1546561263970614 16370 -1
1546561263970629 14 -1
1546561263970633 9 -1
1546561263976101 9215 -1
1546561263976116 9 -1
1546561263988509 15752 -1
1546561263988527 9 -1
1546561263999722 16369 -1
1546561263999736 15 -1
1546561263999740 9 -1
1546561264011183 16368 -1
1546561264011200 16 -1
1546561264011312 9 -1
1546561264022813 16383 -1
1546561264022830 1 -1
1546561264022836 9 -1
1546561264027060 8437 -1
1546561264027077 9 -1
1546561264044965 16382 -1
1546561264044981 2 -1
1546561264044986 9 -1
1546561264060023 16381 -1
1546561264060037 3 -1
1546561264060042 9 -1
1546561264074368 16380 -1
1546561264074384 4 -1
1546561264074389 9 -1
1546561264090107 16379 -1
1546561264090124 5 -1
1546561264090128 9 -1
1546561264100743 16378 -1
1546561264101813 6 -1
1546561264101819 9 -1
1546561264118096 16377 -1
1546561264118113 7 -1
1546561264118118 9 -1
1546561264139792 16376 -1
1546561264139810 8 -1
1546561264139818 9 -1
1546561264147477 1692 -1
1546561264473396 68 1
1546561264479901 178 -1
1546561264479924 9 -1
1546561264491129 13073 -1
1546561268582001 17 1
