### "'31380 150831 41398 122115 189023 56110 48310 94027 67904 64934 16298 16298 8490 9163 47901 79496 76851 24755 40354 186280 117929 52221 203584 34565 12295'"
0 0 0
1546562982946969 183 1
0 0 0
1546562982702117 183 1
1546562982708411 39 -1
1546562982718728 13 -1
1546562982718735 9 -1
1546562982718739 293 -1
1546562982718764 9 -1
1546562982723249 16383 -1
1546562982723274 1 -1
1546562982723282 9 -1
1546562982723782 9 1
1546562982727324 16383 -1
1546562982727575 1 -1
1546562982728804 9 -1
1546562982730491 16382 -1
1546562982730507 2 -1
1546562982730512 9 -1
1546562982745958 16381 -1
1546562982745997 3 -1
1546562982746053 9 -1
1546562982747422 16383 -1
1546562982747567 1 -1
1546562982747573 9 -1
1546562982748639 16382 -1
1546562982748654 2 -1
1546562982748659 9 -1
1546562982750594 16383 -1
1546562982750608 1 -1
1546562982750613 9 -1
1546562982750739 7427 -1
1546562982788481 17 1
0 0 0
1546562982707265 203 1
0 0 0
1546562982726950 39 -1
1546562982727255 13 -1
1546562982728659 203 1
1546562982735988 9 -1
1546562982736871 311 -1
1546562982737088 9 -1
1546562982737094 2035 -1
1546562982750438 9 1
1546562982754994 17 1
0 0 0
1546562982701320 204 1
1546562982701340 79 1
1546562982701581 59 1
1546562982701594 59 1
1546562982701903 39 -1
1546562982701988 13 -1
1546562982707354 9 1
1546562982707365 62 1
1546562982709335 9 -1
1546562982709370 313 -1
1546562982709384 9 -1
1546562982712601 16383 -1
1546562982712617 1 -1
1546562982712637 9 -1
1546562982713943 14996 -1
1546562982713956 148 -1
1546562982713964 9 -1
1546562982714058 2261 -1
1546562982714066 132 -1
1546562982714072 9 -1
1546562982722738 16383 -1
1546562982722758 1 -1
1546562982722765 9 -1
1546562982724156 16382 -1
1546562982724192 2 -1
1546562982724238 130 -1
1546562982724244 9 -1
1546562982727455 16383 -1
1546562982728445 1 -1
1546562982728542 9 -1
1546562982733109 16382 -1
1546562982733128 2 -1
1546562982733163 9 -1
1546562982735446 8630 -1
1546562982735766 9 -1
1546562982736536 16383 -1
1546562982736552 1 -1
1546562982736646 9 -1
1546562982740491 16382 -1
1546562982740509 2 -1
1546562982740544 9 -1
1546562982748962 16381 -1
1546562982748976 3 -1
1546562982748980 9 -1
1546562982749457 16380 -1
1546562982749469 4 -1
1546562982749708 9 -1
1546562982754679 16379 -1
1546562982754832 5 -1
1546562982754925 9 -1
1546562982758282 16378 -1
1546562982758296 6 -1
1546562982758302 9 -1
1546562982764538 16377 -1
1546562982764552 7 -1
1546562982764650 9 -1
1546562982765348 3375 -1
1546562982765450 132 -1
1546562982765454 9 -1
1546562982775189 16383 -1
1546562982775209 1 -1
1546562982775215 9 -1
1546562982779444 16382 -1
1546562982779461 2 -1
1546562982779772 9 -1
1546562982788357 16381 -1
1546562982788379 3 -1
1546562982788757 9 -1
1546562982790843 88 1
1546562982797031 88 1
1546562982799950 16380 -1
1546562982800771 4 -1
1546562982800781 9 -1
1546562982800886 88 1
1546562982803613 88 1
1546562982805315 16379 -1
1546562982805377 5 -1
1546562982805785 9 -1
1546562982823770 16378 -1
1546562982823789 6 -1
1546562982823795 9 -1
1546562982828788 16377 -1
1546562982829268 7 -1
1546562982829274 9 -1
1546562982839116 16376 -1
1546562982839130 8 -1
1546562982839178 9 -1
1546562982851017 16375 -1
1546562982851034 9 -1
1546562982851041 9 -1
1546562982863698 16374 -1
1546562982864061 10 -1
1546562982864476 9 -1
1546562982879244 16373 -1
1546562982879265 11 -1
1546562982879271 9 -1
1546562982880297 8799 -1
1546562982880314 159 -1
1546562982880320 160 -1
1546562982880325 146 -1
1546562982881060 159 -1
1546562982881077 9 -1
1546562982889750 16383 -1
1546562982889768 1 -1
1546562982890835 9 -1
1546562982899306 16383 -1
1546562982899326 1 -1
1546562982899333 9 -1
1546562982910408 16383 -1
1546562982910430 1 -1
1546562982910438 9 -1
1546562982920525 16383 -1
1546562982920554 1 -1
1546562982920561 9 -1
1546562982933456 16382 -1
1546562982933480 2 -1
1546562982933487 9 -1
1546562982940035 16382 -1
1546562982940055 2 -1
1546562982940061 9 -1
1546562982956212 16382 -1
1546562982956232 2 -1
1546562982956241 9 -1
1546562982965957 16382 -1
1546562982965976 2 -1
1546562982965982 9 -1
1546562982975694 15542 -1
1546562982975715 9 -1
1546562982986673 16381 -1
1546562982986694 3 -1
1546562982987721 9 -1
1546562982995572 16381 -1
1546562982995592 3 -1
1546562982995685 9 -1
1546562983014271 16381 -1
1546562983014288 3 -1
1546562983014294 9 -1
1546562983024147 16380 -1
1546562983024166 4 -1
1546562983024172 9 -1
1546562983036442 16380 -1
1546562983036460 4 -1
1546562983037034 9 -1
1546562983054371 15782 -1
1546562983054390 9 -1
1546562983059464 16379 -1
1546562983059483 5 -1
1546562983059494 9 -1
1546562983060342 2368 -1
1546562983060417 9 -1
1546562983091576 12107 -1
1546562983944021 73 1
1546562983947262 80 1
1546562983951922 165 -1
1546562983951941 9 -1
1546562983951954 78 1
1546562983951964 77 1
1546562983952120 78 1
1546562983962755 15857 -1
1546562983962778 441 -1
1546562983962834 190 -1
1546562983962843 9 -1
1546562983980861 16298 -1
1546562983980878 176 -1
1546562983980887 9 -1
1546562983981604 2617 -1
1546562983981865 148 -1
1546562983981875 9 -1
1546562983982677 2795 -1
1546562983982693 147 -1
1546562983982699 9 -1
1546562983983740 3151 -1
1546562984059123 63 1
1546562984059986 63 1
1546562984060000 63 1
1546562984060009 63 1
1546562984060090 63 1
1546562984060101 63 1
1546562984067073 152 -1
1546562984067430 9 -1
1546562984072333 5813 -1
1546562984072347 129 -1
1546562984072353 9 -1
1546562984078995 4051 -1
1546562984079016 130 -1
1546562984079022 9 -1
1546562984081077 4870 -1
1546562984081098 130 -1
1546562984081104 9 -1
1546562984087830 8490 -1
1546562984087846 130 -1
1546562984087852 9 -1
1546562984095928 9163 -1
1546562984095945 116 -1
1546562984095951 9 -1
1546562984124551 5958 -1
1546562987440268 78 1
1546562987442077 78 1
1546562987460088 171 -1
1546562987460107 9 -1
1546562987460403 59 1
1546562987460417 77 1
1546562987460426 59 1
1546562987460435 58 1
1546562987461546 79 1
1546562987461635 58 1
1546562987461644 78 1
1546562987461651 79 1
1546562987461659 58 1
1546562987463764 78 1
1546562987463780 59 1
1546562987464835 58 1
1546562987465909 59 1
1546562987467847 59 1
1546562987475511 2973 -1
1546562987475823 219 -1
1546562987475832 9 -1
1546562987475837 2973 -1
1546562987475844 176 -1
1546562987475850 9 -1
1546562987483805 3685 -1
1546562987483825 117 -1
1546562987484005 9 -1
1546562987503847 15874 -1
1546562987503868 510 -1
1546562987503876 9 -1
1546562987543846 15873 -1
1546562987543928 511 -1
1546562987543939 9 -1
1546562987550724 87 1
1546562987577774 15133 -1
1546562987577793 131 -1
1546562987577933 9 -1
1546562987613014 15874 -1
1546562987613350 510 -1
1546562987613360 9 -1
1546562987635371 15873 -1
1546562987635406 511 -1
1546562987635416 9 -1
1546562987657464 15872 -1
1546562987657757 512 -1
1546562987657769 9 -1
1546562987666915 15871 -1
1546562987666937 513 -1
1546562987666946 9 -1
1546562987680079 13960 -1
1546562987680100 148 -1
1546562987680108 129 -1
1546562987680115 130 -1
1546562987680259 147 -1
1546562987680267 130 -1
1546562987680487 135 -1
1546562987680493 171 -1
1546562987680502 202 -1
1546562987680508 163 -1
1546562987680886 131 -1
1546562987680892 132 -1
1546562987681182 159 -1
1546562987681198 9 -1
1546562987689015 15874 -1
1546562987695067 510 -1
1546562987695085 9 -1
1546562987695091 2261 -1
1546562987695099 9 -1
1546562987703437 15874 -1
1546562987703464 510 -1
1546562987703473 9 -1
1546562987706716 3151 -1
1546562987706806 9 -1
1546562987707453 3329 -1
1546562987707807 9 -1
1546562987721059 15874 -1
1546562987730771 510 -1
1546562987730790 9 -1
1546562987730796 1794 -1
1546562987730807 9 -1
1546562987735913 16383 -1
1546562987735942 1 -1
1546562987735949 9 -1
1546562987766615 16383 -1
1546562987766632 1 -1
1546562987766864 9 -1
1546562987805403 16383 -1
1546562987805418 1 -1
1546562987805424 9 -1
1546562987836290 16383 -1
1546562987836536 1 -1
1546562987836543 9 -1
1546562987856604 16383 -1
1546562987856624 1 -1
1546562987856630 9 -1
1546562987866016 15873 -1
1546562987866033 511 -1
1546562987866042 9 -1
1546562987876213 8371 -1
1546562987876231 9 -1
1546562987891418 15873 -1
1546562987891438 511 -1
1546562987892585 9 -1
1546562987911759 16382 -1
1546562987911783 2 -1
1546562987911897 9 -1
1546562987928744 16382 -1
1546562987928760 2 -1
1546562987928766 9 -1
1546562987937602 16382 -1
1546562987941967 2 -1
1546562987941974 9 -1
1546562987973927 16382 -1
1546562987973950 2 -1
1546562987973957 9 -1
1546562987976013 16382 -1
1546562987976031 2 -1
1546562987976037 9 -1
1546562987994899 15872 -1
1546562987994921 512 -1
1546562987994929 9 -1
1546562987999295 7586 -1
1546562987999466 9 -1
1546562988016559 16381 -1
1546562988016581 3 -1
1546562988016588 9 -1
1546562988040709 16381 -1
1546562988040730 3 -1
1546562988040737 9 -1
1546562988054743 16381 -1
1546562988054763 3 -1
1546562988054770 9 -1
1546562988065587 16381 -1
1546562988065609 3 -1
1546562988065615 9 -1
1546562988069752 1797 -1
1546562988069844 9 -1
1546562988082157 15871 -1
1546562988082181 513 -1
1546562988082276 9 -1
1546562988090450 16380 -1
1546562988090467 4 -1
1546562988090472 9 -1
1546562988099992 16380 -1
1546562988100026 4 -1
1546562988100033 9 -1
1546562988100903 3069 -1
1546562988100919 9 -1
1546562988107379 16380 -1
1546562988107395 4 -1
1546562988107673 9 -1
1546562988112778 11315 -1
1546562988112796 9 -1
1546562988118807 16379 -1
1546562988118823 5 -1
1546562988118829 9 -1
1546562988133693 16379 -1
1546562988133722 5 -1
1546562988133729 9 -1
1546562988135858 16379 -1
1546562988136364 5 -1
1546562988136371 9 -1
1546562988146774 16378 -1
1546562988146791 6 -1
1546562988146798 9 -1
1546562988156356 16378 -1
1546562988156380 6 -1
1546562988156386 9 -1
1546562988175107 16378 -1
1546562988175130 6 -1
1546562988175135 9 -1
1546562988182465 396 1
1546562988184714 16377 -1
1546562988184728 7 -1
1546562988184733 9 -1
1546562988195235 16377 -1
1546562988195265 7 -1
1546562988195506 9 -1
1546562988209250 16377 -1
1546562988209265 7 -1
1546562988209270 9 -1
1546562988219157 16376 -1
1546562988219176 8 -1
1546562988219183 9 -1
1546562988220809 3241 -1
1546562988220826 9 -1
1546562988229876 16376 -1
1546562988229897 8 -1
1546562988229904 9 -1
1546562988234790 16375 -1
1546562988234808 9 -1
1546562988234814 9 -1
1546562988244934 16375 -1
1546562988244954 9 -1
1546562988244959 9 -1
1546562988252031 16374 -1
1546562988252051 10 -1
1546562988252057 9 -1
1546562988262546 16374 -1
1546562988262561 10 -1
1546562988262566 9 -1
1546562988266414 16373 -1
1546562988266431 11 -1
1546562988266437 9 -1
1546562988271871 16373 -1
1546562988272015 11 -1
1546562988272022 9 -1
1546562988273576 6056 -1
1546562988273589 9 -1
1546562988281064 16372 -1
1546562988281080 12 -1
1546562988281085 9 -1
1546562988283193 6976 -1
1546562988283267 159 -1
1546562988283274 9 -1
1546562988287004 12295 -1
1546562993895108 17 1
0 0 0
1546562982756561 39 -1
1546562982756569 13 -1
1546562982757164 196 1
1546562982759039 9 1
1546562982763693 9 -1
1546562982764783 308 -1
1546562982764872 9 -1
1546562982767028 16383 -1
1546562982767039 1 -1
1546562982767045 9 -1
1546562982767815 16383 -1
1546562982767826 1 -1
1546562982767894 9 -1
1546562982771035 16382 -1
1546562982771050 2 -1
1546562982771056 9 -1
1546562983006960 6958 -1
1546562983008820 17 1
