### "'31380 150831 41398 189023 48310 94027 67904 64934 56110 16298 16298 8490 9163 79496 47901 76851 24755 40354 186280 117929 52221 203584 34565 12295'"
0 0 0
1546562674464178 203 1
0 0 0
1546562674523128 183 1
0 0 0
1546562674723682 203 1
0 0 0
1546562674685601 196 1
1546562674690722 39 -1
1546562674691678 9 1
1546562674696057 13 -1
1546562674696067 9 -1
1546562674702372 308 -1
1546562674702392 9 -1
1546562674705452 16383 -1
1546562674705473 1 -1
1546562674705479 9 -1
1546562674716223 16382 -1
1546562674716259 2 -1
1546562674716265 9 -1
1546562674725434 16383 -1
1546562674725451 1 -1
1546562674725459 9 -1
1546562674726012 6958 -1
1546562674741870 17 1
0 0 0
1546562674450825 204 1
1546562674451090 79 1
1546562674451485 59 1
1546562674451496 59 1
1546562674451939 59 1
1546562674454740 39 -1
1546562674454750 13 -1
1546562674460762 9 -1
1546562674460769 311 -1
1546562674460782 9 -1
1546562674460786 2261 -1
1546562674461654 150 -1
1546562674461797 9 -1
1546562674464676 9 1
1546562674466712 15848 -1
1546562674467088 536 -1
1546562674467097 9 -1
1546562674470674 14996 -1
1546562674470687 132 -1
1546562674470692 9 -1
1546562674472776 15873 -1
1546562674472792 511 -1
1546562674472799 9 -1
1546562674477860 15872 -1
1546562674477890 512 -1
1546562674477900 9 -1
1546562674480896 15871 -1
1546562674480910 513 -1
1546562674480917 9 -1
1546562674484579 15870 -1
1546562674484697 514 -1
1546562674484705 9 -1
1546562674490707 16383 -1
1546562674490723 1 -1
1546562674491305 9 -1
1546562674493050 16382 -1
1546562674493072 2 -1
1546562674493077 130 -1
1546562674493082 132 -1
1546562674493320 9 -1
1546562674499994 15874 -1
1546562674501963 510 -1
1546562674501978 9 -1
1546562674503146 16383 -1
1546562674503250 1 -1
1546562674503256 9 -1
1546562674509850 15873 -1
1546562674509868 511 -1
1546562674509877 9 -1
1546562674515382 15873 -1
1546562674515411 511 -1
1546562674515418 9 -1
1546562674520673 16382 -1
1546562674520689 2 -1
1546562674520694 9 -1
1546562674534982 15872 -1
1546562674535220 512 -1
1546562674535229 9 -1
1546562674540384 8630 -1
1546562674540475 9 -1
1546562674540487 91 1
1546562674554934 88 1
1546562674554947 88 1
1546562674555509 16381 -1
1546562674555522 3 -1
1546562674555528 9 -1
1546562674558110 88 1
1546562674574861 15871 -1
1546562674574878 513 -1
1546562674574885 9 -1
1546562674583569 3375 -1
1546562674583585 9 -1
1546562674609150 15870 -1
1546562674609171 514 -1
1546562674609180 9 -1
1546562674622653 15869 -1
1546562674622672 515 -1
1546562674622681 9 -1
1546562674632336 15868 -1
1546562674632356 516 -1
1546562674632364 9 -1
1546562674649885 15867 -1
1546562674649905 517 -1
1546562674649912 9 -1
1546562674655805 15866 -1
1546562674655822 518 -1
1546562674655832 9 -1
1546562674662248 15865 -1
1546562674662268 519 -1
1546562674662277 9 -1
1546562674669197 15864 -1
1546562674669225 520 -1
1546562674669234 9 -1
1546562674673997 15863 -1
1546562674675116 521 -1
1546562674675144 9 -1
1546562674685877 8799 -1
1546562674685894 159 -1
1546562674685903 160 -1
1546562674685909 146 -1
1546562674685918 159 -1
1546562674686174 9 -1
1546562674691908 16383 -1
1546562674691923 1 -1
1546562674692021 9 -1
1546562674696849 16383 -1
1546562674696870 1 -1
1546562674696878 9 -1
1546562674705564 15835 -1
1546562674707854 549 -1
1546562674707873 9 -1
1546562674714759 16383 -1
1546562674714780 1 -1
1546562674714787 9 -1
1546562674724008 16382 -1
1546562674724353 2 -1
1546562674725852 9 -1
1546562674731348 16382 -1
1546562674731366 2 -1
1546562674731373 9 -1
1546562674745850 15834 -1
1546562674746024 550 -1
1546562674746034 9 -1
1546562674750319 16382 -1
1546562674750337 2 -1
1546562674750491 9 -1
1546562674759558 15542 -1
1546562674759579 9 -1
1546562674773994 16381 -1
1546562674774015 3 -1
1546562674774023 9 -1
1546562674788139 15833 -1
1546562674789211 551 -1
1546562674789227 9 -1
1546562674798091 16381 -1
1546562674798110 3 -1
1546562674798116 9 -1
1546562674818268 16380 -1
1546562674818285 4 -1
1546562674818289 9 -1
1546562674828114 15832 -1
1546562674828131 552 -1
1546562674828137 9 -1
1546562674840393 15782 -1
1546562674840488 9 -1
1546562674845395 16379 -1
1546562674845520 5 -1
1546562674845559 9 -1
1546562674846149 2368 -1
1546562674846202 9 -1
1546562674849527 12107 -1
1546562675604200 73 1
1546562675604216 80 1
1546562675604227 78 1
1546562675604236 77 1
1546562675604248 78 1
1546562675611881 165 -1
1546562675611901 9 -1
1546562675620770 16298 -1
1546562675620790 190 -1
1546562675620798 9 -1
1546562675628589 16298 -1
1546562675628608 176 -1
1546562675628618 9 -1
1546562675633736 2617 -1
1546562675633763 147 -1
1546562675633773 9 -1
1546562675634549 3151 -1
1546562675634564 148 -1
1546562675634570 9 -1
1546562675634626 2795 -1
1546562675756811 63 1
1546562675756832 63 1
1546562675756841 63 1
1546562675756851 63 1
1546562675756931 63 1
1546562675756974 63 1
1546562675762906 129 -1
1546562675762916 9 -1
1546562675764252 5813 -1
1546562675764265 130 -1
1546562675771980 9 -1
1546562675772290 4870 -1
1546562675772305 130 -1
1546562675772310 9 -1
1546562675772944 8490 -1
1546562675773004 130 -1
1546562675773078 9 -1
1546562675779235 9163 -1
1546562675779255 129 -1
1546562675779262 9 -1
1546562675781755 4051 -1
1546562675781772 116 -1
1546562675781776 9 -1
1546562675783823 5958 -1
1546562679314498 78 1
1546562679314634 78 1
1546562679316709 59 1
1546562679316763 77 1
1546562679316774 59 1
1546562679316785 58 1
1546562679326880 79 1
1546562679326896 58 1
1546562679326946 78 1
1546562679328828 171 -1
1546562679328982 9 -1
1546562679328988 2973 -1
1546562679328997 219 -1
1546562679329003 9 -1
1546562679329110 79 1
1546562679331439 2973 -1
1546562679331464 58 1
1546562679331623 164 -1
1546562679331634 9 -1
1546562679331644 78 1
1546562679331661 59 1
1546562679337135 16383 -1
1546562679337158 1 -1
1546562679337164 143 -1
1546562679337173 9 -1
1546562679338343 3685 -1
1546562679338361 9 -1
1546562679342851 16383 -1
1546562679342874 1 -1
1546562679342881 9 -1
1546562679347695 16382 -1
1546562679347746 2 -1
1546562679347782 9 -1
1546562679347957 58 1
1546562679349411 59 1
1546562679349906 59 1
1546562679357291 16381 -1
1546562679357320 3 -1
1546562679357326 9 -1
1546562679358750 13960 -1
1546562679358770 117 -1
1546562679363014 129 -1
1546562679363162 148 -1
1546562679363172 147 -1
1546562679363218 130 -1
1546562679363407 135 -1
1546562679363602 9 -1
1546562679373345 15874 -1
1546562679373368 510 -1
1546562679373377 9 -1
1546562679376486 15874 -1
1546562679376505 510 -1
1546562679376615 9 -1
1546562679378143 2261 -1
1546562679378161 9 -1
1546562679383576 16383 -1
1546562679383592 1 -1
1546562679383597 9 -1
1546562679386045 3151 -1
1546562679386065 9 -1
1546562679392320 3329 -1
1546562679392336 9 -1
1546562679400181 15873 -1
1546562679400197 511 -1
1546562679400204 9 -1
1546562679405073 15873 -1
1546562679405094 511 -1
1546562679405102 9 -1
1546562679406970 87 1
1546562679409812 8371 -1
1546562679409830 9 -1
1546562679415245 15133 -1
1546562679415262 9 -1
1546562679420523 15872 -1
1546562679423854 512 -1
1546562679423868 9 -1
1546562679435173 15871 -1
1546562679437037 513 -1
1546562679437059 9 -1
1546562679440392 11315 -1
1546562679440414 130 -1
1546562679440420 171 -1
1546562679441293 202 -1
1546562679441311 163 -1
1546562679441323 131 -1
1546562679441329 132 -1
1546562679441332 9 -1
1546562679451262 16383 -1
1546562679451459 1 -1
1546562679451585 9 -1
1546562679452201 1794 -1
1546562679452218 9 -1
1546562679462183 16383 -1
1546562679462202 1 -1
1546562679462316 9 -1
1546562679471865 15873 -1
1546562679471881 511 -1
1546562679471887 9 -1
1546562679480262 16383 -1
1546562679480282 1 -1
1546562679480288 9 -1
1546562679485408 16383 -1
1546562679485446 1 -1
1546562679485452 9 -1
1546562679492583 16382 -1
1546562679492608 2 -1
1546562679492612 9 -1
1546562679498840 16382 -1
1546562679498859 2 -1
1546562679498865 9 -1
1546562679508726 15872 -1
1546562679509142 512 -1
1546562679509251 9 -1
1546562679514297 16382 -1
1546562679514317 2 -1
1546562679514430 9 -1
1546562679524298 16382 -1
1546562679524319 2 -1
1546562679524325 9 -1
1546562679525319 7586 -1
1546562679525332 9 -1
1546562679533889 16381 -1
1546562679533905 3 -1
1546562679533909 9 -1
1546562679540114 16383 -1
1546562679540129 1 -1
1546562679540135 9 -1
1546562679547385 16381 -1
1546562679547402 3 -1
1546562679547407 9 -1
1546562679556939 16381 -1
1546562679556959 3 -1
1546562679557245 9 -1
1546562679560413 16380 -1
1546562679560461 4 -1
1546562679560469 9 -1
1546562679566523 16382 -1
1546562679566539 2 -1
1546562679567020 9 -1
1546562679567750 3069 -1
1546562679567770 9 -1
1546562679573209 16380 -1
1546562679573225 4 -1
1546562679573229 9 -1
1546562679578879 16379 -1
1546562679578939 5 -1
1546562679578946 9 -1
1546562679586940 16381 -1
1546562679586957 3 -1
1546562679586962 9 -1
1546562679599346 16379 -1
1546562679599362 5 -1
1546562679599367 9 -1
1546562679601234 16378 -1
1546562679601250 6 -1
1546562679601629 9 -1
1546562679606947 16380 -1
1546562679606979 4 -1
1546562679606984 9 -1
1546562679610794 16378 -1
1546562679610806 6 -1
1546562679610811 9 -1
1546562679617109 16377 -1
1546562679617120 7 -1
1546562679617125 9 -1
1546562679620994 16379 -1
1546562679621009 5 -1
1546562679621013 9 -1
1546562679625170 16377 -1
1546562679625974 7 -1
1546562679625982 9 -1
1546562679635690 16376 -1
1546562679635704 8 -1
1546562679635801 9 -1
1546562679636243 3241 -1
1546562679636253 9 -1
1546562679639256 16376 -1
1546562679639271 8 -1
1546562679639276 9 -1
1546562679645557 16375 -1
1546562679645579 9 -1
1546562679645583 9 -1
1546562679653376 16375 -1
1546562679653390 9 -1
1546562679653395 9 -1
1546562679659552 16374 -1
1546562679659565 10 -1
1546562679659569 9 -1
1546562679667511 16374 -1
1546562679667539 10 -1
1546562679667543 159 -1
1546562679667549 9 -1
1546562679673829 16373 -1
1546562679673845 11 -1
1546562679673849 9 -1
1546562679685056 16373 -1
1546562679685073 11 -1
1546562679685078 9 -1
1546562679686217 6056 -1
1546562679686225 9 -1
1546562679694432 16372 -1
1546562679694447 12 -1
1546562679694452 9 -1
1546562679697522 6976 -1
1546562679697538 9 -1
1546562679704432 16383 -1
1546562679704444 1 -1
1546562679704448 9 -1
1546562679713531 16382 -1
1546562679713547 2 -1
1546562679713629 9 -1
1546562679713636 1797 -1
1546562679990702 396 1
1546562679996976 136 -1
1546562679996984 9 -1
1546562680001752 12295 -1
1546562685362171 17 1
0 0 0
1546562674470273 183 1
