### "'177531 16298 16298 8490 9163 79496 47901 24755 186280 117929 76851 52221 40354 34565 203584 12295'"
0 0 0
1546563024211038 203 1
0 0 0
1546563025171703 198 1
1546563025171719 80 1
1546563025171786 78 1
1546563025175687 77 1
1546563025175808 78 1
1546563025192336 48 -1
1546563025193111 1024 -1
1546563025193124 1024 -1
1546563025193434 9 1
1546563025194832 1024 -1
1546563025194850 1024 -1
1546563025194859 1024 -1
1546563025196036 1024 -1
1546563025208545 1024 -1
1546563025208561 1024 -1
1546563025218554 66 1
1546563025219781 63 1
1546563025221087 63 1
1546563025222118 63 1
1546563025222131 63 1
1546563025222469 63 1
1546563025223637 1024 -1
1546563025223688 1024 -1
1546563025223694 1024 -1
1546563025223767 1024 -1
1546563025225422 1024 -1
1546563025225439 1024 -1
1546563025225541 1024 -1
1546563025225548 1024 -1
1546563025225553 234 -1
1546563025226499 1024 -1
1546563025226510 1024 -1
1546563025226515 1024 -1
1546563025226521 1024 -1
1546563025227155 1024 -1
1546563025227162 1024 -1
1546563025227352 1024 -1
1546563025227356 1024 -1
1546563025228095 1024 -1
1546563025228103 1024 -1
1546563025228153 1024 -1
1546563025228781 1024 -1
1546563025228789 1024 -1
1546563025228906 1024 -1
1546563025228911 1024 -1
1546563025229912 1024 -1
1546563025229919 234 -1
1546563025230001 1024 -1
1546563025230006 1024 -1
1546563025230340 852 -1
1546563025230852 1024 -1
1546563025230862 1024 -1
1546563025230868 1024 -1
1546563025239458 15 -1
1546563025239465 1024 -1
1546563025239809 1024 -1
1546563025240681 1024 -1
1546563025256151 371 -1
1546563025256165 1024 -1
1546563025256172 1024 -1
1546563025256177 1024 -1
1546563025257460 1024 -1
1546563025257469 1024 -1
1546563025257676 985 -1
1546563025257682 1024 -1
1546563025258975 1024 -1
1546563025258983 922 -1
1546563025258988 1024 -1
1546563025259219 1024 -1
1546563025259578 1024 -1
1546563025259588 1024 -1
1546563025259746 1024 -1
1546563025259751 1024 -1
1546563025260435 1024 -1
1546563025260562 904 -1
1546563025260567 1024 -1
1546563025260917 1024 -1
1546563025262383 1024 -1
1546563025262462 1024 -1
1546563025262468 1024 -1
1546563025262473 1024 -1
1546563025263448 1024 -1
1546563025263456 116 -1
1546563025263498 1024 -1
1546563025263504 375 -1
1546563025263510 1024 -1
1546563025264017 1024 -1
1546563025264024 1024 -1
1546563025273202 1024 -1
1546563025273224 1024 -1
1546563025273233 1024 -1
1546563025273240 1024 -1
1546563025274890 907 -1
1546563025274911 1024 -1
1546563025275029 429 -1
1546563025275037 1024 -1
1546563025287695 1024 -1
1546563025287711 1024 -1
1546563025483076 1024 -1
1546563025483247 711 -1
1546563028481800 78 1
1546563028481817 78 1
1546563028481827 59 1
1546563028481991 77 1
1546563028482001 59 1
1546563028482010 58 1
1546563028482019 79 1
1546563028482308 58 1
1546563028482319 78 1
1546563028488479 79 1
1546563028488493 58 1
1546563028488502 78 1
1546563028488632 59 1
1546563028488643 58 1
1546563028489706 59 1
1546563028489867 59 1
1546563028504762 1024 -1
1546563028504782 1024 -1
1546563028504840 1024 -1
1546563028504984 194 -1
1546563028509418 1024 -1
1546563028509437 298 -1
1546563028509444 1024 -1
1546563028509451 1024 -1
1546563028510200 617 -1
1546563028510348 1024 -1
1546563028510355 299 -1
1546563028510479 1024 -1
1546563028510568 1024 -1
1546563028513706 1024 -1
1546563028513722 1024 -1
1546563028513843 757 -1
1546563028523255 1024 -1
1546563028523506 1024 -1
1546563028523518 1024 -1
1546563028523524 194 -1
1546563028532895 1024 -1
1546563028532912 626 -1
1546563028532985 1024 -1
1546563028540979 87 1
1546563028551490 1024 -1
1546563028551503 1024 -1
1546563028551620 1024 -1
1546563028553207 1024 -1
1546563028553218 1024 -1
1546563028553225 1024 -1
1546563028553229 1024 -1
1546563028553866 1024 -1
1546563028553877 1024 -1
1546563028554098 1024 -1
1546563028554108 1024 -1
1546563028556076 1024 -1
1546563028556092 1024 -1
1546563028556099 45 -1
1546563028556105 1024 -1
1546563028556111 557 -1
1546563028556118 59 -1
1546563028558073 1024 -1
1546563028558085 354 -1
1546563028558380 709 -1
1546563028558386 1024 -1
1546563028558439 548 -1
1546563028558556 1024 -1
1546563028559715 1024 -1
1546563028559729 1024 -1
1546563028559794 1024 -1
1546563028559801 1024 -1
1546563028560266 1024 -1
1546563028560277 1024 -1
1546563028560675 1024 -1
1546563028562005 1024 -1
1546563028562018 1024 -1
1546563028562026 1024 -1
1546563028562054 1024 -1
1546563028563056 1024 -1
1546563028566508 1024 -1
1546563028566527 45 -1
1546563028567280 1024 -1
1546563028567290 1024 -1
1546563028567752 1024 -1
1546563028568282 1024 -1
1546563028568293 1024 -1
1546563028568298 1024 -1
1546563028569267 1024 -1
1546563028569279 1024 -1
1546563028569284 1024 -1
1546563028569289 1024 -1
1546563028571045 1024 -1
1546563028571060 1024 -1
1546563028571131 1024 -1
1546563028571198 1024 -1
1546563028572263 1024 -1
1546563028572327 1024 -1
1546563028572338 45 -1
1546563028572342 1024 -1
1546563028572349 450 -1
1546563028572354 1024 -1
1546563028573284 955 -1
1546563028573301 1024 -1
1546563028573308 625 -1
1546563028573316 1024 -1
1546563028574271 1024 -1
1546563028574287 1024 -1
1546563028574294 1024 -1
1546563028574301 1024 -1
1546563028575074 1024 -1
1546563028575084 1024 -1
1546563028575313 1024 -1
1546563028575319 1024 -1
1546563028576249 1024 -1
1546563028586571 1024 -1
1546563028586591 1024 -1
1546563028586598 1024 -1
1546563028586605 1024 -1
1546563028586611 45 -1
1546563028593059 1024 -1
1546563028593079 1024 -1
1546563028593086 1024 -1
1546563028593093 1024 -1
1546563028594662 1024 -1
1546563028594678 1024 -1
1546563028594683 1024 -1
1546563028594689 1024 -1
1546563028596236 1024 -1
1546563028596264 1024 -1
1546563028596273 1024 -1
1546563028596280 1024 -1
1546563028597604 1024 -1
1546563028597623 1024 -1
1546563028597629 1024 -1
1546563028597636 1024 -1
1546563028604874 45 -1
1546563028604885 1024 -1
1546563028604899 1024 -1
1546563028604906 571 -1
1546563028604911 1024 -1
1546563028605389 1024 -1
1546563028605407 1024 -1
1546563028605415 1024 -1
1546563028605554 1024 -1
1546563028607627 1024 -1
1546563028607657 1024 -1
1546563028607664 1024 -1
1546563028607670 967 -1
1546563028608536 1024 -1
1546563028608548 1024 -1
1546563028608610 1024 -1
1546563028609418 1024 -1
1546563028609431 1024 -1
1546563028609919 1024 -1
1546563028609925 1024 -1
1546563028611275 1024 -1
1546563028611294 1024 -1
1546563028611301 1024 -1
1546563028611308 1024 -1
1546563028612132 1024 -1
1546563028612144 1024 -1
1546563028612327 1024 -1
1546563028612333 1024 -1
1546563028613467 1024 -1
1546563028613488 45 -1
1546563028613494 1024 -1
1546563028613810 1024 -1
1546563028613817 1024 -1
1546563028615106 1024 -1
1546563028615122 1024 -1
1546563028615182 1024 -1
1546563028615189 1024 -1
1546563028616085 1024 -1
1546563028616100 1024 -1
1546563028616110 1024 -1
1546563028616116 1024 -1
1546563028617163 1024 -1
1546563028617397 1024 -1
1546563028617403 1024 -1
1546563028617409 1024 -1
1546563028619255 1024 -1
1546563028619272 45 -1
1546563028619331 1024 -1
1546563028619340 556 -1
1546563028619447 1024 -1
1546563028623006 1024 -1
1546563028623022 1024 -1
1546563028623027 1024 -1
1546563028623032 1024 -1
1546563028624062 1024 -1
1546563028624078 1024 -1
1546563028624086 1024 -1
1546563028624095 1024 -1
1546563028624846 1024 -1
1546563028624863 1024 -1
1546563028624870 1024 -1
1546563028625004 1024 -1
1546563028626134 1024 -1
1546563028626153 1024 -1
1546563028626160 1024 -1
1546563028626167 45 -1
1546563028627705 1024 -1
1546563028627725 1024 -1
1546563028627731 1024 -1
1546563028627809 1024 -1
1546563028628099 1024 -1
1546563028628113 1024 -1
1546563028628119 1024 -1
1546563028628565 1024 -1
1546563028630018 1024 -1
1546563028630038 1024 -1
1546563028630045 1024 -1
1546563028630108 997 -1
1546563028631101 1024 -1
1546563028631114 1024 -1
1546563028631121 1024 -1
1546563028631126 1024 -1
1546563028634770 1024 -1
1546563028634787 1024 -1
1546563028634795 1024 -1
1546563028634801 1024 -1
1546563028636458 1024 -1
1546563028636479 1024 -1
1546563028636485 1024 -1
1546563028636493 1024 -1
1546563028638059 1024 -1
1546563028638080 1024 -1
1546563028638088 1024 -1
1546563028638160 1024 -1
1546563028638168 45 -1
1546563028638727 1024 -1
1546563028638742 1024 -1
1546563028638747 1024 -1
1546563028638790 461 -1
1546563028639894 1024 -1
1546563028639912 1024 -1
1546563028639982 1024 -1
1546563028639992 1024 -1
1546563028641578 1024 -1
1546563028641592 1024 -1
1546563028641656 1024 -1
1546563028641662 802 -1
1546563028642318 1024 -1
1546563028642333 1024 -1
1546563028642339 1024 -1
1546563028642346 1024 -1
1546563028645277 1024 -1
1546563028645295 1024 -1
1546563028645301 1024 -1
1546563028645444 1024 -1
1546563028647001 1024 -1
1546563028647017 1024 -1
1546563028647026 1024 -1
1546563028647032 1024 -1
1546563028647733 1024 -1
1546563028647746 1024 -1
1546563028647800 1024 -1
1546563028647848 1024 -1
1546563028648061 1024 -1
1546563028652172 1024 -1
1546563028652189 1024 -1
1546563028652303 1024 -1
1546563028652311 1024 -1
1546563028653837 587 -1
1546563028653860 1024 -1
1546563028654311 1024 -1
1546563028655231 1024 -1
1546563028655248 1024 -1
1546563028657141 1024 -1
1546563028657155 1024 -1
1546563028662042 1024 -1
1546563028662110 1024 -1
1546563028662117 1024 -1
1546563028663045 1024 -1
1546563028664107 1024 -1
1546563028664119 1024 -1
1546563028666111 1024 -1
1546563028666125 1024 -1
1546563028666129 1024 -1
1546563028666412 1024 -1
1546563028667188 1024 -1
1546563028668582 1024 -1
1546563028668602 1024 -1
1546563028669515 1024 -1
1546563028670061 1024 -1
1546563028670682 1024 -1
1546563028670693 1024 -1
1546563028672060 1024 -1
1546563028672708 1024 -1
1546563028672719 1024 -1
1546563028673951 1024 -1
1546563028674785 1024 -1
1546563028677309 1024 -1
1546563028677321 1024 -1
1546563028677549 1024 -1
1546563028679613 1024 -1
1546563028679626 1024 -1
1546563028679632 1024 -1
1546563028681721 1024 -1
1546563028681736 1024 -1
1546563028681742 1024 -1
1546563028682465 1024 -1
1546563028682480 1024 -1
1546563028684122 1024 -1
1546563028684138 1024 -1
1546563028684313 1024 -1
1546563028685266 1024 -1
1546563028686018 1024 -1
1546563028686034 1024 -1
1546563028687109 1024 -1
1546563028687135 1024 -1
1546563028687149 1024 -1
1546563028688689 126 -1
1546563028688698 1024 -1
1546563028688710 1024 -1
1546563028691755 1024 -1
1546563028691771 1024 -1
1546563028692167 1024 -1
1546563028694743 1024 -1
1546563028694763 1024 -1
1546563028694771 1024 -1
1546563028697713 1024 -1
1546563028697727 1024 -1
1546563028698859 1024 -1
1546563028698873 1024 -1
1546563028699055 1024 -1
1546563028699135 1024 -1
1546563028700713 1024 -1
1546563028700728 1024 -1
1546563028700785 1024 -1
1546563028700792 1024 -1
1546563028701569 1024 -1
1546563028701579 1024 -1
1546563028701681 1024 -1
1546563028702683 1024 -1
1546563028702691 1024 -1
1546563028703683 1024 -1
1546563028704133 1024 -1
1546563028704145 1024 -1
1546563028704151 1024 -1
1546563028705269 1024 -1
1546563028706773 1024 -1
1546563028706787 1024 -1
1546563028706792 1024 -1
1546563028707554 1024 -1
1546563028709299 1024 -1
1546563028709313 1024 -1
1546563028710781 1024 -1
1546563028710798 1024 -1
1546563028710804 1024 -1
1546563028714219 1024 -1
1546563028714237 1024 -1
1546563028715574 1024 -1
1546563028715589 1024 -1
1546563028715596 1024 -1
1546563028716793 1024 -1
1546563028716807 1024 -1
1546563028717099 1024 -1
1546563028717810 1024 -1
1546563028717823 1024 -1
1546563028719071 1024 -1
1546563028720274 126 -1
1546563028720486 1024 -1
1546563028720498 1024 -1
1546563028720602 1024 -1
1546563028722879 1024 -1
1546563028722899 1024 -1
1546563028722907 1024 -1
1546563028722913 1024 -1
1546563028724938 1024 -1
1546563028725012 1024 -1
1546563028725020 1024 -1
1546563028725025 1024 -1
1546563028726282 1024 -1
1546563028726297 1024 -1
1546563028726304 1024 -1
1546563028726310 1024 -1
1546563028727250 1024 -1
1546563028729036 1024 -1
1546563028729226 1024 -1
1546563028729233 1024 -1
1546563028730365 1024 -1
1546563028731063 1024 -1
1546563028732338 1024 -1
1546563028732352 1024 -1
1546563028732506 1024 -1
1546563028733905 1024 -1
1546563028733919 1024 -1
1546563028733923 1024 -1
1546563028734695 1024 -1
1546563028735074 1024 -1
1546563028735084 1024 -1
1546563028736766 1024 -1
1546563028736775 1024 -1
1546563028737851 1024 -1
1546563028737867 1024 -1
1546563028738523 1024 -1
1546563028738532 1024 -1
1546563028738537 1024 -1
1546563028739023 1024 -1
1546563028739804 1024 -1
1546563028739818 1024 -1
1546563028739825 1024 -1
1546563028740627 1024 -1
1546563028742338 1024 -1
1546563028742348 1024 -1
1546563028742500 1024 -1
1546563028743670 1024 -1
1546563028744206 1024 -1
1546563028744215 1024 -1
1546563028746122 1024 -1
1546563028746131 1024 -1
1546563028747237 1024 -1
1546563028747244 1024 -1
1546563028747676 1024 -1
1546563028749303 1024 -1
1546563028749312 1024 -1
1546563028749408 1024 -1
1546563028750435 1024 -1
1546563028752029 1024 -1
1546563028752037 1024 -1
1546563028752238 1024 -1
1546563028752243 1024 -1
1546563028753446 1024 -1
1546563028753453 1024 -1
1546563028753458 1024 -1
1546563028753615 1024 -1
1546563028754003 1024 -1
1546563028754016 1024 -1
1546563028755143 1024 -1
1546563028755152 1024 -1
1546563028755203 1024 -1
1546563028756469 1024 -1
1546563028756477 1024 -1
1546563028757973 1024 -1
1546563028757983 1024 -1
1546563028758039 1024 -1
1546563028758230 221 -1
1546563028760100 1024 -1
1546563028760108 1024 -1
1546563028760207 1024 -1
1546563028761038 1024 -1
1546563028761097 1024 -1
1546563028762019 1024 -1
1546563028762032 1024 -1
1546563028762471 1024 -1
1546563028764713 1024 -1
1546563028764727 1024 -1
1546563028764732 1024 -1
1546563028766081 1024 -1
1546563028766089 1024 -1
1546563028766379 1024 -1
1546563028767142 1024 -1
1546563028767150 1024 -1
1546563028767706 1024 -1
1546563028767714 1024 -1
1546563028767999 1024 -1
1546563028769950 1024 -1
1546563028771421 1024 -1
1546563028771439 1024 -1
1546563028771448 1024 -1
1546563028771456 1024 -1
1546563028772240 1024 -1
1546563028772252 1024 -1
1546563028772259 1024 -1
1546563028772263 1024 -1
1546563028773018 1024 -1
1546563028773724 1024 -1
1546563028773734 1024 -1
1546563028781317 1024 -1
1546563028781333 1024 -1
1546563028781338 1024 -1
1546563028781344 1024 -1
1546563028782281 1024 -1
1546563028782300 1024 -1
1546563028782305 1024 -1
1546563028782311 1024 -1
1546563028783725 1024 -1
1546563028783735 1024 -1
1546563028783740 1024 -1
1546563028783747 1024 -1
1546563028785218 1024 -1
1546563028785230 1024 -1
1546563028785519 1024 -1
1546563028785525 1024 -1
1546563028786897 1024 -1
1546563028786904 1024 -1
1546563028787005 1024 -1
1546563028787012 1024 -1
1546563028788685 1024 -1
1546563028788701 1024 -1
1546563028788958 1024 -1
1546563028788966 1024 -1
1546563028791061 1024 -1
1546563028791070 1024 -1
1546563028791542 1024 -1
1546563028791547 1024 -1
1546563028792646 1024 -1
1546563028792658 1024 -1
1546563028792664 1024 -1
1546563028792670 1024 -1
1546563028793344 1024 -1
1546563028793356 1024 -1
1546563028793473 1024 -1
1546563028794571 1024 -1
1546563028794586 1024 -1
1546563028794711 1024 -1
1546563028794717 1024 -1
1546563028795770 1024 -1
1546563028795777 1024 -1
1546563028795782 1024 -1
1546563028795786 1024 -1
1546563028796278 1024 -1
1546563028797041 1024 -1
1546563028797049 1024 -1
1546563028797374 1024 -1
1546563028798461 1024 -1
1546563028798470 1024 -1
1546563028798809 1024 -1
1546563028800152 1024 -1
1546563028800158 1024 -1
1546563028800163 1024 -1
1546563028800655 1024 -1
1546563028800663 1024 -1
1546563028801209 1024 -1
1546563028801219 1024 -1
1546563028801828 1024 -1
1546563028819853 1024 -1
1546563028819867 1024 -1
1546563028819873 1024 -1
1546563028820661 1024 -1
1546563028820671 1024 -1
1546563028821182 1024 -1
1546563028821188 1024 -1
1546563028822868 1024 -1
1546563028822878 1024 -1
1546563028823219 1024 -1
1546563028823225 1024 -1
1546563028824337 1024 -1
1546563028824349 1024 -1
1546563028824357 1024 -1
1546563028824362 1024 -1
1546563028825110 1024 -1
1546563028825123 1024 -1
1546563028825130 1024 -1
1546563028825137 1024 -1
1546563028826022 1024 -1
1546563028826036 1024 -1
1546563028826096 1024 -1
1546563028827486 1024 -1
1546563028827494 1024 -1
1546563028827743 1024 -1
1546563028827748 1024 -1
1546563028828968 1024 -1
1546563028828975 1024 -1
1546563028829115 1024 -1
1546563028829120 1024 -1
1546563028830732 1024 -1
1546563028830743 1024 -1
1546563028831029 1024 -1
1546563028831034 1024 -1
1546563028832419 1024 -1
1546563028832430 1024 -1
1546563028832435 1024 -1
1546563028832442 1024 -1
1546563028833675 1024 -1
1546563028833688 1024 -1
1546563028833695 1024 -1
1546563028833699 1024 -1
1546563028835063 1024 -1
1546563028835073 1024 -1
1546563028835076 1024 -1
1546563028835211 1024 -1
1546563028836666 1024 -1
1546563028836675 1024 -1
1546563028837009 1024 -1
1546563028837014 1024 -1
1546563028837632 1024 -1
1546563028837641 1024 -1
1546563028837700 1024 -1
1546563028837710 1024 -1
1546563028838889 1024 -1
1546563028839181 1024 -1
1546563028839187 1024 -1
1546563028840871 1024 -1
1546563028840879 1024 -1
1546563028840933 1024 -1
1546563028840938 1024 -1
1546563028842468 1024 -1
1546563028842480 63 -1
1546563028842543 1024 -1
1546563028844612 1024 -1
1546563028844636 1024 -1
1546563028844643 1024 -1
1546563028848707 1024 -1
1546563028848726 1024 -1
1546563028848735 1024 -1
1546563028849425 1024 -1
1546563028849478 1024 -1
1546563028849485 1024 -1
1546563028850567 1024 -1
1546563028850585 1024 -1
1546563028852803 1024 -1
1546563028852823 1024 -1
1546563028852830 1024 -1
1546563028858439 1024 -1
1546563028858519 1024 -1
1546563028858528 1024 -1
1546563028858536 1024 -1
1546563028859938 1024 -1
1546563028859965 1024 -1
1546563028859971 1024 -1
1546563028859978 1024 -1
1546563028867108 1024 -1
1546563028867125 1024 -1
1546563028868216 1024 -1
1546563028868281 1024 -1
1546563028868315 1024 -1
1546563028868374 1024 -1
1546563028869538 1024 -1
1546563028869556 1024 -1
1546563028869563 1024 -1
1546563028869571 1024 -1
1546563028870301 1024 -1
1546563028870312 1024 -1
1546563028870316 1024 -1
1546563028872029 1024 -1
1546563028872046 1024 -1
1546563028872054 1024 -1
1546563028872061 1024 -1
1546563028873623 1024 -1
1546563028873644 1024 -1
1546563028874292 1024 -1
1546563028876328 1024 -1
1546563028876346 1024 -1
1546563028877832 1024 -1
1546563028877974 1024 -1
1546563028877983 1024 -1
1546563028879213 1024 -1
1546563028879226 1024 -1
1546563028879435 1024 -1
1546563028883613 1024 -1
1546563028883632 1024 -1
1546563028883639 1024 -1
1546563028885592 1024 -1
1546563028885671 1024 -1
1546563028887776 1024 -1
1546563028887833 1024 -1
1546563028887840 1024 -1
1546563028889130 1024 -1
1546563028889147 1024 -1
1546563028889154 1024 -1
1546563028916652 1024 -1
1546563028916670 1024 -1
1546563028916678 1024 -1
1546563028918165 1024 -1
1546563028918195 1024 -1
1546563028918201 1024 -1
1546563028918522 1024 -1
1546563028922436 1024 -1
1546563028922454 1024 -1
1546563028922463 1024 -1
1546563028924473 1024 -1
1546563028924500 1024 -1
1546563028924508 1024 -1
1546563028924612 1024 -1
1546563028925831 1024 -1
1546563028925847 1024 -1
1546563028925857 1024 -1
1546563028925864 1024 -1
1546563028926773 1024 -1
1546563028926786 1024 -1
1546563028927007 1024 -1
1546563028927014 1024 -1
1546563028928005 1024 -1
1546563028928014 1024 -1
1546563028928208 1024 -1
1546563028928214 1024 -1
1546563028929023 1024 -1
1546563028929035 546 -1
1546563028929445 1024 -1
1546563028929452 1024 -1
1546563028931018 1024 -1
1546563028931030 1024 -1
1546563028931035 1024 -1
1546563028931041 1024 -1
1546563028931871 1024 -1
1546563028931881 1024 -1
1546563028931886 1024 -1
1546563028932143 1024 -1
1546563028933281 1024 -1
1546563028933291 1024 -1
1546563028934254 1024 -1
1546563028934266 1024 -1
1546563028935305 1024 -1
1546563028935324 1024 -1
1546563028939140 1024 -1
1546563028939209 1024 -1
1546563028939218 1024 -1
1546563028941541 1024 -1
1546563028941559 1024 -1
1546563028941714 1024 -1
1546563028948466 1024 -1
1546563028948480 1024 -1
1546563028948485 1024 -1
1546563028949287 949 -1
1546563028951066 1024 -1
1546563028955075 1024 -1
1546563028955090 1024 -1
1546563028955780 1024 -1
1546563028957113 1024 -1
1546563028957122 1024 -1
1546563028957234 1024 -1
1546563028959462 1024 -1
1546563028959474 572 -1
1546563028959549 1024 -1
1546563028962073 630 -1
1546563028964521 1024 -1
1546563028964539 1024 -1
1546563028968651 1024 -1
1546563028968794 1024 -1
1546563028968803 1024 -1
1546563028969005 1024 -1
1546563028975972 1024 -1
1546563028975992 1024 -1
1546563028975999 1024 -1
1546563028976202 1024 -1
1546563028976953 1024 -1
1546563028976964 1024 -1
1546563028977143 1024 -1
1546563028978403 1024 -1
1546563028978421 519 -1
1546563028980458 207 -1
1546563028980478 1024 -1
1546563028980485 1024 -1
1546563028986597 1024 -1
1546563028986622 1024 -1
1546563028986629 1024 -1
1546563028986911 906 -1
1546563028986922 1024 -1
1546563028986929 1024 -1
1546563028992014 1024 -1
1546563028992036 1024 -1
1546563028992047 1024 -1
1546563028992825 1024 -1
1546563028992842 1024 -1
1546563028995839 1024 -1
1546563028995854 1024 -1
1546563028995860 1024 -1
1546563028995866 163 -1
1546563028997360 1024 -1
1546563028997375 1024 -1
1546563028997381 1024 -1
1546563028999757 1024 -1
1546563028999774 1024 -1
1546563029000163 810 -1
1546563029001849 1024 -1
1546563029001861 1024 -1
1546563029003888 1024 -1
1546563029003901 1024 -1
1546563029004815 1024 -1
1546563029006522 1024 -1
1546563029006534 1024 -1
1546563029006850 1024 -1
1546563029008851 1024 -1
1546563029008869 1024 -1
1546563029008876 259 -1
1546563029012169 1024 -1
1546563029012186 1024 -1
1546563029012322 1024 -1
1546563029013631 1024 -1
1546563029013651 1024 -1
1546563029013657 714 -1
1546563029015300 1024 -1
1546563029015323 1024 -1
1546563029015331 1024 -1
1546563029017048 1024 -1
1546563029017065 1024 -1
1546563029017073 1024 -1
1546563029019141 1024 -1
1546563029020601 1024 -1
1546563029021538 1024 -1
1546563029021550 1024 -1
1546563029021959 1024 -1
1546563029023689 1024 -1
1546563029024246 1024 -1
1546563029024254 1024 -1
1546563029026934 1024 -1
1546563029028719 1024 -1
1546563029028742 45 -1
1546563029028745 1024 -1
1546563029028752 1024 -1
1546563029028758 91 -1
1546563029028762 1024 -1
1546563029030211 1024 -1
1546563029030227 1024 -1
1546563029030235 1024 -1
1546563029031792 1024 -1
1546563029031807 816 -1
1546563029031812 1024 -1
1546563029034245 1024 -1
1546563029034260 292 -1
1546563029034265 1024 -1
1546563029035304 1024 -1
1546563029035318 1024 -1
1546563029035322 1024 -1
1546563029036669 1024 -1
1546563029036687 711 -1
1546563029038259 1024 -1
1546563029039689 1024 -1
1546563029039716 1024 -1
1546563029040030 1024 -1
1546563029043053 1024 -1
1546563029043070 1024 -1
1546563029043076 1024 -1
1546563029043796 1024 -1
1546563029043814 1024 -1
1546563029047094 1024 -1
1546563029047119 358 -1
1546563029047129 1024 -1
1546563029047137 1024 -1
1546563029047869 1024 -1
1546563029047886 1024 -1
1546563029049889 1024 -1
1546563029049903 615 -1
1546563029050034 1024 -1
1546563029050043 1024 -1
1546563029051616 1024 -1
1546563029051630 1024 -1
1546563029051634 1024 -1
1546563029052997 1024 -1
1546563029053010 1024 -1
1546563029053014 1024 -1
1546563029053900 1024 -1
1546563029053916 1024 -1
1546563029053923 72 -1
1546563029054647 1024 -1
1546563029054660 1024 -1
1546563029057814 1024 -1
1546563029057828 1024 -1
1546563029057834 1024 -1
1546563029059151 901 -1
1546563029059160 1024 -1
1546563029059164 1024 -1
1546563029061219 1024 -1
1546563029061228 1024 -1
1546563029061576 1024 -1
1546563029062846 1024 -1
1546563029063829 1024 -1
1546563029063838 1024 -1
1546563029063843 1024 -1
1546563029065709 1024 -1
1546563029065716 168 -1
1546563029066024 1024 -1
1546563029066233 1024 -1
1546563029068082 1024 -1
1546563029068090 1024 -1
1546563029069260 1024 -1
1546563029069271 1024 -1
1546563029069331 1024 -1
1546563029069813 1024 -1
1546563029069824 1024 -1
1546563029069829 1024 -1
1546563029071590 1024 -1
1546563029071609 1024 -1
1546563029071616 1024 -1
1546563029072937 1024 -1
1546563029072955 1024 -1
1546563029074545 1024 -1
1546563029074560 1024 -1
1546563029075434 1024 -1
1546563029077616 1024 -1
1546563029079692 1024 -1
1546563029079701 1024 -1
1546563029080525 1024 -1
1546563029080541 1024 -1
1546563029080546 1024 -1
1546563029080552 63 -1
1546563029080556 1024 -1
1546563029081771 1024 -1
1546563029081779 1024 -1
1546563029081836 1024 -1
1546563029083128 1024 -1
1546563029083138 1024 -1
1546563029083143 1024 -1
1546563029083197 1024 -1
1546563029083894 1024 -1
1546563029085592 1024 -1
1546563029085601 1024 -1
1546563029085606 1024 -1
1546563029085611 1024 -1
1546563029086847 1024 -1
1546563029086854 1024 -1
1546563029086859 1024 -1
1546563029089060 1024 -1
1546563029089076 1024 -1
1546563029089082 1024 -1
1546563029090352 1024 -1
1546563029090363 1024 -1
1546563029091948 1024 -1
1546563029091956 1024 -1
1546563029092257 1024 -1
1546563029092261 63 -1
1546563029095769 1024 -1
1546563029098073 1024 -1
1546563029098085 1024 -1
1546563029098089 1024 -1
1546563029098095 1024 -1
1546563029100050 1024 -1
1546563029100059 1024 -1
1546563029100064 1024 -1
1546563029115726 1024 -1
1546563029115739 1024 -1
1546563029115800 1024 -1
1546563029116882 1024 -1
1546563029116892 1024 -1
1546563029117345 1024 -1
1546563029117352 1024 -1
1546563029119255 1024 -1
1546563029119266 1024 -1
1546563029119474 1024 -1
1546563029119480 1024 -1
1546563029121722 1024 -1
1546563029121982 1024 -1
1546563029121988 1024 -1
1546563029122305 1024 -1
1546563029122728 451 -1
1546563029130069 396 1
1546563029175635 1024 -1
1546563029175652 513 -1
1546563029175659 1024 -1
1546563029175664 1024 -1
1546563029176504 1024 -1
1546563029177052 1024 -1
1546563029177079 1024 -1
1546563029180565 1024 -1
1546563029180579 1024 -1
1546563029180583 1024 -1
1546563029182410 1024 -1
1546563029182421 1024 -1
1546563029182526 839 -1
1546563034880372 17 1
0 0 0
1546563024012547 204 1
1546563024012558 79 1
1546563024012775 59 1
1546563024012840 59 1
1546563024012849 59 1
1546563024012857 88 1
1546563024013448 88 1
1546563024013583 88 1
1546563024013710 88 1
0 0 0
1546563024014957 203 1
1546563024044229 48 -1
1546563024046721 1024 -1
1546563024046977 298 -1
1546563024046984 1006 -1
1546563024076616 9 1
1546563024077795 17 1
0 0 0
1546563024209723 196 1
0 0 0
1546563024226337 183 1
1546563024263999 48 -1
1546563024264009 1024 -1
1546563024264021 301 -1
1546563024264063 1024 -1
1546563024264104 1024 -1
1546563024264600 1024 -1
1546563024264611 1024 -1
1546563024273322 1024 -1
1546563024273343 1024 -1
1546563024273350 1024 -1
1546563024273725 1024 -1
1546563024273739 1024 -1
1546563024273745 1024 -1
1546563024273752 1024 -1
1546563024274053 1024 -1
1546563024274062 1024 -1
1546563024274121 1024 -1
1546563024274137 1024 -1
1546563024274564 1024 -1
1546563024274576 1024 -1
1546563024274632 1024 -1
1546563024274695 1024 -1
1546563024275877 1024 -1
1546563024275893 1024 -1
1546563024275905 1024 -1
1546563024275912 1024 -1
1546563024277209 1024 -1
1546563024277224 63 -1
1546563024277230 1024 -1
1546563024277236 1024 -1
1546563024277297 1024 -1
1546563024277577 1024 -1
1546563024277585 1024 -1
1546563024277720 1024 -1
1546563024277921 1024 -1
1546563024278295 1024 -1
1546563024278307 1024 -1
1546563024278313 1024 -1
1546563024278320 1024 -1
1546563024285786 9 1
1546563024289564 1024 -1
1546563024289581 1024 -1
1546563024289587 1024 -1
1546563024289594 1024 -1
1546563024290281 1024 -1
1546563024290299 1024 -1
1546563024290307 1024 -1
1546563024291256 1024 -1
1546563024291267 1024 -1
1546563024291929 1024 -1
1546563024291936 1024 -1
1546563024293668 1024 -1
1546563024293675 1024 -1
1546563024293793 63 -1
1546563024293801 1024 -1
1546563024293807 1024 -1
1546563024295061 1024 -1
1546563024295070 1024 -1
1546563024295076 1024 -1
1546563024295110 1024 -1
1546563024295731 1024 -1
1546563024296373 1024 -1
1546563024296379 1024 -1
1546563024296415 1024 -1
1546563024298077 1024 -1
1546563024298087 1024 -1
1546563024298091 1024 -1
1546563024298127 1024 -1
1546563024298719 1024 -1
1546563024298728 1024 -1
1546563024298733 1024 -1
1546563024302850 1024 -1
1546563024302861 1024 -1
1546563024303029 1024 -1
1546563024304534 1024 -1
1546563024304552 1024 -1
1546563024304559 1024 -1
1546563024305510 1024 -1
1546563024305523 63 -1
1546563024305588 1024 -1
1546563024305599 1024 -1
1546563024305605 1024 -1
1546563024306002 1024 -1
1546563024306015 1024 -1
1546563024306020 1024 -1
1546563024306124 1024 -1
1546563024307266 1024 -1
1546563024307303 1024 -1
1546563024307310 1024 -1
1546563024307316 1024 -1
1546563024307674 1024 -1
1546563024307689 1024 -1
1546563024307694 1024 -1
1546563024307736 1024 -1
1546563024308177 1024 -1
1546563024308188 1024 -1
1546563024308193 1024 -1
1546563024308199 1024 -1
1546563024309025 1024 -1
1546563024309043 1024 -1
1546563024309049 1024 -1
1546563024309057 1024 -1
1546563024310275 1024 -1
1546563024310287 63 -1
1546563024310292 1024 -1
1546563024310298 1024 -1
1546563024310304 1024 -1
1546563024310797 1024 -1
1546563024310806 1024 -1
1546563024311194 1024 -1
1546563024312334 1024 -1
1546563024312345 1024 -1
1546563024312386 1024 -1
1546563024312395 1024 -1
1546563024313181 1024 -1
1546563024313190 1024 -1
1546563024313255 1024 -1
1546563024326750 1024 -1
1546563024326768 1024 -1
1546563024326774 1024 -1
1546563024326781 1024 -1
1546563024327779 1024 -1
1546563024327791 1024 -1
1546563024327797 1024 -1
1546563024328952 1024 -1
1546563024329106 1024 -1
1546563024329113 1024 -1
1546563024329119 1024 -1
1546563024329123 63 -1
1546563024330259 1024 -1
1546563024330269 1024 -1
1546563024330309 1024 -1
1546563024330315 1024 -1
1546563024331216 1024 -1
1546563024331225 1024 -1
1546563024331517 1024 -1
1546563024331523 1024 -1
1546563024333063 1024 -1
1546563024333072 1024 -1
1546563024333077 1024 -1
1546563024333117 1024 -1
1546563024335005 1024 -1
1546563024335013 1024 -1
1546563024335018 1024 -1
1546563024335089 1024 -1
1546563024336642 1024 -1
1546563024336938 1024 -1
1546563024336946 1024 -1
1546563024336951 1024 -1
1546563024338169 1024 -1
1546563024338213 1024 -1
1546563024338219 1024 -1
1546563024338225 1024 -1
1546563024339334 63 -1
1546563024339342 1024 -1
1546563024339350 1024 -1
1546563024339357 1024 -1
1546563024340551 1024 -1
1546563024340561 1024 -1
1546563024340566 1024 -1
1546563024340572 1024 -1
1546563024341074 1024 -1
1546563024341082 1024 -1
1546563024341159 1024 -1
1546563024341166 1024 -1
1546563024342002 1024 -1
1546563024342011 1024 -1
1546563024342052 1024 -1
1546563024342057 1024 -1
1546563024343315 1024 -1
1546563024343323 1024 -1
1546563024343428 1024 -1
1546563024343436 1024 -1
1546563024344927 1024 -1
1546563024344937 1024 -1
1546563024344942 1024 -1
1546563024344949 1024 -1
1546563024346290 1024 -1
1546563024346303 63 -1
1546563024346309 1024 -1
1546563025011131 1024 -1
1546563025011151 1024 -1
1546563025011158 1024 -1
1546563025026686 382 -1
1546563025027002 17 1
0 0 0
1546563024022734 183 1
