### "'21156 59924 106762 88990 8103 8248 125635 43611 112743 162312 242026 182079 332471 223614 205768 72563 70256 52943 153885 38291 37250 37944 51162 113944'"
0 0 0
1546563909572918 200 1
1546563909580126 39 -1
1546563909580250 13 -1
1546563909580914 9 1
1546563909582868 9 -1
1546563909583460 309 -1
1546563909583513 9 -1
1546563909583682 2111 -1
1546563909626512 17 1
0 0 0
1546563909533048 201 1
1546563909535692 77 1
1546563909537146 78 1
1546563909539474 39 -1
1546563909539482 13 -1
1546563909540724 9 1
1546563909544135 9 -1
1546563909545768 310 -1
1546563909545792 9 -1
1546563909545801 2973 -1
1546563909545807 179 -1
1546563909545814 9 -1
1546563909547095 15809 -1
1546563909547119 575 -1
1546563909547424 9 -1
1546563909548837 4772 -1
1546563909548856 149 -1
1546563909548866 9 -1
1546563909548871 3151 -1
1546563909565213 90 1
1546563909589671 88 1
1546563909600066 161 -1
1546563909600081 9 -1
1546563909606210 16383 -1
1546563909606229 1 -1
1546563909606278 9 -1
1546563909615941 16382 -1
1546563909615960 2 -1
1546563909615966 9 -1
1546563909618331 16381 -1
1546563909618356 3 -1
1546563909618443 9 -1
1546563909620298 10772 -1
1546563909620314 160 -1
1546563909620321 9 -1
1546563909622622 16383 -1
1546563909622640 1 -1
1546563909622647 9 -1
1546563909626465 16382 -1
1546563909626483 2 -1
1546563909626919 9 -1
1546563909628425 16381 -1
1546563909628442 3 -1
1546563909628761 9 -1
1546563909633371 16380 -1
1546563909633392 4 -1
1546563909633609 9 -1
1546563909634984 16379 -1
1546563909635004 5 -1
1546563909635010 9 -1
1546563909637559 16378 -1
1546563909637579 6 -1
1546563909637671 9 -1
1546563909638493 8458 -1
1546563909655807 77 1
1546563909662667 71 -1
1546563909662677 9 -1
1546563909662684 2035 -1
1546563909674231 89 1
1546563909681378 159 -1
1546563909681419 9 -1
1546563909689713 16383 -1
1546563909689734 1 -1
1546563909689740 9 -1
1546563909690907 16383 -1
1546563909690924 1 -1
1546563909691214 9 -1
1546563909693951 16382 -1
1546563909693973 2 -1
1546563909693978 9 -1
1546563909699002 16381 -1
1546563909699852 3 -1
1546563909699860 9 -1
1546563909710002 16383 -1
1546563909710021 1 -1
1546563909710027 9 -1
1546563909711152 7070 -1
1546563910960036 63 1
1546563910960206 62 1
1546563910960218 63 1
1546563910960227 64 1
1546563910960376 64 1
1546563910960383 63 1
1546563910967079 152 -1
1546563910967096 9 -1
1546563910974762 8103 -1
1546563910975816 129 -1
1546563910975829 9 -1
1546563910979560 8248 -1
1546563910979577 130 -1
1546563910979582 9 -1
1546563910979988 5550 -1
1546563910980042 201 -1
1546563910980110 9 -1
1546563910984044 6602 -1
1546563910984107 161 -1
1546563910984114 9 -1
1546563910990577 5283 -1
1546563910990595 158 -1
1546563910990604 9 -1
1546563910990939 7861 -1
1546563911223312 77 1
1546563911226780 78 1
1546563911230366 170 -1
1546563911230388 9 -1
1546563911231935 2973 -1
1546563911231962 59 1
1546563911233998 78 1
1546563911237561 147 -1
1546563911237582 9 -1
1546563911237596 78 1
1546563911239692 2973 -1
1546563911242248 119 -1
1546563911242257 9 -1
1546563911249102 16383 -1
1546563911249320 1 -1
1546563911249329 9 -1
1546563911261486 16383 -1
1546563911261508 1 -1
1546563911261516 9 -1
1546563911270133 16382 -1
1546563911270152 2 -1
1546563911270297 9 -1
1546563911285775 16381 -1
1546563911285795 3 -1
1546563911285803 9 -1
1546563911286977 16383 -1
1546563911286997 1 -1
1546563911287003 9 -1
1546563911296944 16382 -1
1546563911296963 2 -1
1546563911296970 9 -1
1546563911302686 16381 -1
1546563911302706 3 -1
1546563911302712 147 -1
1546563911302721 135 -1
1546563911302895 9 -1
1546563911308595 10947 -1
1546563911308621 9 -1
1546563911314172 3685 -1
1546563911314191 9 -1
1546563911316836 3507 -1
1546563911324002 88 1
1546563911328624 88 1
1546563911328640 88 1
1546563911333942 159 -1
1546563911333960 9 -1
1546563911353941 16383 -1
1546563911353965 1 -1
1546563911353973 9 -1
1546563911376015 16383 -1
1546563911376036 1 -1
1546563911376189 9 -1
1546563911377472 10843 -1
1546563911377492 160 -1
1546563911377560 9 -1
1546563911402075 16383 -1
1546563911402148 1 -1
1546563911402156 9 -1
1546563911410274 16382 -1
1546563911410498 2 -1
1546563911410506 229 -1
1546563911410519 9 -1
1546563911430852 16383 -1
1546563911430875 1 -1
1546563911430882 9 -1
1546563911441517 16382 -1
1546563911441538 2 -1
1546563911441545 9 -1
1546563911451260 16381 -1
1546563911451599 3 -1
1546563911451607 9 -1
1546563911469765 16380 -1
1546563911469784 4 -1
1546563911469791 9 -1
1546563911481941 16383 -1
1546563911481983 1 -1
1546563911481989 9 -1
1546563911487054 16383 -1
1546563911487070 1 -1
1546563911487075 9 -1
1546563911494067 16382 -1
1546563911494080 2 -1
1546563911494084 9 -1
1546563911503510 16382 -1
1546563911503526 2 -1
1546563911503532 9 -1
1546563911511235 16381 -1
1546563911511256 3 -1
1546563911511264 9 -1
1546563911517386 16381 -1
1546563911517403 3 -1
1546563911517407 9 -1
1546563911524296 16380 -1
1546563911524309 4 -1
1546563911524314 9 -1
1546563911529188 16380 -1
1546563911529198 4 -1
1546563911529204 9 -1
1546563911535697 14439 -1
1546563911535717 9 -1
1546563911543786 16379 -1
1546563911544035 5 -1
1546563911544044 9 -1
1546563911550440 14856 -1
1546563913602376 78 1
1546563913603405 59 1
1546563913605486 59 1
1546563913606449 58 1
1546563913607600 59 1
1546563913609325 227 -1
1546563913609340 9 -1
1546563913609461 3151 -1
1546563913621469 118 -1
1546563913621480 9 -1
1546563913627783 16383 -1
1546563913627803 1 -1
1546563913627811 9 -1
1546563913635065 16383 -1
1546563913635084 1 -1
1546563913635245 9 -1
1546563913644307 16382 -1
1546563913644326 2 -1
1546563913644332 9 -1
1546563913651869 16381 -1
1546563913651888 3 -1
1546563913651953 109 -1
1546563913651960 9 -1
1546563913664238 15873 -1
1546563913664259 511 -1
1546563913664268 9 -1
1546563913685034 15872 -1
1546563913685054 512 -1
1546563913685065 9 -1
1546563913700762 15871 -1
1546563913700780 513 -1
1546563913700791 9 -1
1546563913708179 15870 -1
1546563913708450 514 -1
1546563913708991 9 -1
1546563913726237 15869 -1
1546563913726261 515 -1
1546563913726269 9 -1
1546563913743873 15868 -1
1546563913743891 516 -1
1546563913743900 9 -1
1546563913760638 15867 -1
1546563913766076 517 -1
1546563913766094 9 -1
1546563913777034 15866 -1
1546563913777054 518 -1
1546563913777062 9 -1
1546563913795702 16383 -1
1546563913795723 1 -1
1546563913795728 9 -1
1546563913807377 16382 -1
1546563913807395 2 -1
1546563913807403 95 -1
1546563913807501 126 -1
1546563913807508 9 -1
1546563913825748 16383 -1
1546563913825765 1 -1
1546563913825771 9 -1
1546563913837043 16383 -1
1546563913837064 1 -1
1546563913837070 9 -1
1546563913874041 15873 -1
1546563913874061 511 -1
1546563913874070 9 -1
1546563913890602 15873 -1
1546563913894104 511 -1
1546563913894123 9 -1
1546563913901456 16382 -1
1546563913901500 2 -1
1546563913901507 9 -1
1546563913904846 1855 -1
1546563913904867 9 -1
1546563913953276 15872 -1
1546563913953296 512 -1
1546563913953304 9 -1
1546563913978139 15872 -1
1546563913978163 512 -1
1546563913978172 9 -1
1546563913988386 16381 -1
1546563913988404 3 -1
1546563913988915 9 -1
1546563914004542 15871 -1
1546563914004562 513 -1
1546563914004570 9 -1
1546563914022639 15871 -1
1546563914022657 513 -1
1546563914022665 9 -1
1546563914041267 16380 -1
1546563914041287 4 -1
1546563914041294 9 -1
1546563914052748 15870 -1
1546563914052768 514 -1
1546563914052862 9 -1
1546563914059655 15870 -1
1546563914059874 514 -1
1546563914060244 9 -1
1546563914070675 16379 -1
1546563914070929 5 -1
1546563914071058 9 -1
1546563914082546 15869 -1
1546563914082565 515 -1
1546563914082768 9 -1
1546563914091481 15869 -1
1546563914091501 515 -1
1546563914091510 9 -1
1546563914098923 16378 -1
1546563914099109 6 -1
1546563914099206 9 -1
1546563914108574 15868 -1
1546563914108593 516 -1
1546563914108601 9 -1
1546563914114588 15868 -1
1546563914114896 516 -1
1546563914114994 9 -1
1546563914128888 16377 -1
1546563914128907 7 -1
1546563914128913 9 -1
1546563914131696 15867 -1
1546563914131713 517 -1
1546563914131722 9 -1
1546563914138605 15867 -1
1546563914138622 517 -1
1546563914138632 9 -1
1546563914144865 16376 -1
1546563914144887 8 -1
1546563914144894 9 -1
1546563914151290 15866 -1
1546563914151387 518 -1
1546563914151398 9 -1
1546563914160108 15866 -1
1546563914160125 518 -1
1546563914160134 9 -1
1546563914178533 16375 -1
1546563914178549 9 -1
1546563914178635 9 -1
1546563914190959 15865 -1
1546563914190978 519 -1
1546563914190985 9 -1
1546563914204923 15865 -1
1546563914204943 519 -1
1546563914205027 9 -1
1546563914219224 16374 -1
1546563914219243 10 -1
1546563914219249 9 -1
1546563914247824 15864 -1
1546563914247916 520 -1
1546563914248018 9 -1
1546563914263204 15864 -1
1546563914263228 520 -1
1546563914263243 9 -1
1546563914288448 12650 -1
1546563914288464 9 -1
1546563914299433 15863 -1
1546563914299456 521 -1
1546563914299466 9 -1
1546563914307900 15863 -1
1546563914307920 521 -1
1546563914307928 9 -1
1546563914319525 15862 -1
1546563914319543 522 -1
1546563914319552 9 -1
1546563914336446 15862 -1
1546563914340681 522 -1
1546563914340969 9 -1
1546563914350227 15861 -1
1546563914350298 523 -1
1546563914350309 9 -1
1546563914365423 15861 -1
1546563914365444 523 -1
1546563914365452 9 -1
1546563914377313 15860 -1
1546563914377331 524 -1
1546563914377340 9 -1
1546563914391208 10622 -1
1546563914391230 9 -1
1546563914416157 15859 -1
1546563914416177 525 -1
1546563914416183 9 -1
1546563914445641 16383 -1
1546563914445657 1 -1
1546563914445661 9 -1
1546563914478192 16382 -1
1546563914478211 2 -1
1546563914478217 9 -1
1546563914495135 16381 -1
1546563914495153 3 -1
1546563914495158 9 -1
1546563914522307 16380 -1
1546563914522325 4 -1
1546563914522331 9 -1
1546563914536411 16379 -1
1546563914536430 5 -1
1546563914536436 9 -1
1546563914542979 4791 -1
1546563916724227 59 1
1546563916724243 59 1
1546563916724388 78 1
1546563916724773 59 1
1546563916724782 58 1
1546563916724789 59 1
1546563916724797 58 1
1546563916724869 59 1
1546563916724986 58 1
1546563916725125 58 1
1546563916725134 77 1
1546563916733772 155 -1
1546563916733790 9 -1
1546563916740307 15873 -1
1546563916740326 511 -1
1546563916740334 9 -1
1546563916749828 15872 -1
1546563916749847 512 -1
1546563916750229 9 -1
1546563916769930 15871 -1
1546563916769950 513 -1
1546563916769961 9 -1
1546563916771507 88 1
1546563916778536 15870 -1
1546563916778552 514 -1
1546563916778559 9 -1
1546563916800466 15869 -1
1546563916800484 515 -1
1546563916800884 9 -1
1546563916817263 15868 -1
1546563916817282 516 -1
1546563916817292 9 -1
1546563916833922 15867 -1
1546563916833940 517 -1
1546563916833946 9 -1
1546563916856965 15866 -1
1546563916857970 518 -1
1546563916857986 9 -1
1546563916873674 15865 -1
1546563916873692 519 -1
1546563916873699 9 -1
1546563916888797 15864 -1
1546563916888818 520 -1
1546563916888826 9 -1
1546563916912158 15863 -1
1546563916912246 521 -1
1546563916912255 9 -1
1546563916920332 15862 -1
1546563916921809 522 -1
1546563916921816 9 -1
1546563916930430 9160 -1
1546563916930444 116 -1
1546563916930448 149 -1
1546563916930455 129 -1
1546563916930458 131 -1
1546563916930462 184 -1
1546563916931132 125 -1
1546563916931137 163 -1
1546563916931202 130 -1
1546563916931207 126 -1
1546563916932256 147 -1
1546563916932267 169 -1
1546563916932274 9 -1
1546563916953216 15874 -1
1546563916954440 510 -1
1546563916954448 9 -1
1546563916955945 3151 -1
1546563916955959 9 -1
1546563916974221 15874 -1
1546563916974240 510 -1
1546563916974247 9 -1
1546563917002918 15873 -1
1546563917002933 511 -1
1546563917003073 9 -1
1546563917018390 15874 -1
1546563917018405 510 -1
1546563917018412 9 -1
1546563917029094 15874 -1
1546563917031044 510 -1
1546563917031057 9 -1
1546563917046506 15874 -1
1546563917046520 510 -1
1546563917046527 9 -1
1546563917058162 15874 -1
1546563917058182 510 -1
1546563917058189 9 -1
1546563917072698 15874 -1
1546563917072714 510 -1
1546563917072720 9 -1
1546563917073437 2035 -1
1546563917073448 9 -1
1546563917090159 16383 -1
1546563917090178 1 -1
1546563917090184 9 -1
1546563917100587 15873 -1
1546563917100613 511 -1
1546563917100623 9 -1
1546563917115175 15873 -1
1546563917115190 511 -1
1546563917115195 9 -1
1546563917126893 15872 -1
1546563917126911 512 -1
1546563917126918 9 -1
1546563917148867 15873 -1
1546563917148884 511 -1
1546563917148896 9 -1
1546563917165095 15873 -1
1546563917165113 511 -1
1546563917165288 9 -1
1546563917174020 15873 -1
1546563917174033 511 -1
1546563917174040 9 -1
1546563917183207 15873 -1
1546563917183220 511 -1
1546563917183225 9 -1
1546563917191564 15873 -1
1546563917191587 511 -1
1546563917191595 9 -1
1546563917199413 16382 -1
1546563917199426 2 -1
1546563917199430 9 -1
1546563917207011 15872 -1
1546563917209109 512 -1
1546563917209122 9 -1
1546563917215765 15872 -1
1546563917215785 512 -1
1546563917215792 9 -1
1546563917223146 15871 -1
1546563917223164 513 -1
1546563917223171 9 -1
1546563917242077 15872 -1
1546563917242091 512 -1
1546563917242098 9 -1
1546563917244723 5523 -1
1546563917244732 9 -1
1546563917246460 4482 -1
1546563917246471 9 -1
1546563917247447 5176 -1
1546563917247459 9 -1
1546563917249228 15872 -1
1546563917249238 512 -1
1546563917249243 9 -1
1546563917261528 16381 -1
1546563917261542 3 -1
1546563917262476 9 -1
1546563917273918 15871 -1
1546563917273935 513 -1
1546563917273943 9 -1
1546563917285401 15871 -1
1546563917285420 513 -1
1546563917285426 9 -1
1546563917298276 16383 -1
1546563917298291 1 -1
1546563917298296 9 -1
1546563917325236 3791 -1
1546563917325376 9 -1
1546563917325383 2010 -1
1546563917325391 9 -1
1546563917338016 16380 -1
1546563917338034 4 -1
1546563917338042 9 -1
1546563917342703 7027 -1
1546563917342883 9 -1
1546563917348979 4720 -1
1546563917348996 9 -1
1546563917366273 16382 -1
1546563917366294 2 -1
1546563917366301 9 -1
1546563917380999 16379 -1
1546563917381084 5 -1
1546563917381089 9 -1
1546563917392474 16381 -1
1546563917392637 3 -1
1546563917392644 9 -1
1546563917401416 16378 -1
1546563917401442 6 -1
1546563917401448 9 -1
1546563917410752 16380 -1
1546563917410771 4 -1
1546563917410777 9 -1
1546563917420940 15640 -1
1546563917420958 9 -1
1546563917436571 16379 -1
1546563917436595 5 -1
1546563917436603 9 -1
1546563917440927 16378 -1
1546563917440943 6 -1
1546563917440949 9 -1
1546563917443918 6429 -1
1546563923108275 17 1
0 0 0
1546563909778582 200 1
