### "'68437 104522 109124 97266 317368 430353 294156 421127 305370 431520 343316 349601 344963 126661 160375 318410 320956 109763 93810 97357 110709 9318 8200 8630 9694 11996 12138'"
0 0 0
1546564992466470 39 -1
1546564992466480 13 -1
1546564992466507 181 1
1546564992466517 78 1
1546564992466526 78 1
1546564992466534 58 1
1546564992467460 59 1
1546564992467852 77 1
1546564992468782 58 1
1546564992469161 58 1
1546564992469171 58 1
1546564992469180 59 1
1546564992469926 58 1
1546564992469940 58 1
1546564992469951 59 1
1546564992470021 59 1
1546564992470032 59 1
1546564992470041 58 1
1546564992470050 78 1
1546564992470059 59 1
1546564992470068 78 1
1546564992470808 59 1
1546564992470822 59 1
1546564992476456 9 1
1546564992484137 9 -1
1546564992484145 293 -1
1546564992484157 9 -1
1546564992487268 15873 -1
1546564992487862 511 -1
1546564992488175 9 -1
1546564992494457 15872 -1
1546564992494477 512 -1
1546564992494485 9 -1
1546564992500450 62 1
1546564992500466 59 1
1546564992500600 58 1
1546564992504707 86 1
1546564992505787 15871 -1
1546564992506919 513 -1
1546564992506936 9 -1
1546564992507669 15870 -1
1546564992507735 514 -1
1546564992507743 9 -1
1546564992507807 15869 -1
1546564992507854 515 -1
1546564992507861 9 -1
1546564992508479 15868 -1
1546564992508489 516 -1
1546564992508495 9 -1
1546564992508615 6218 -1
1546564992508622 147 -1
1546564992508627 148 -1
1546564992508632 130 -1
1546564992508635 130 -1
1546564992508639 146 -1
1546564992508644 132 -1
1546564992508647 132 -1
1546564992508651 119 -1
1546564992508654 130 -1
1546564992508658 132 -1
1546564992508661 259 -1
1546564992508666 128 -1
1546564992508776 132 -1
1546564992508780 118 -1
1546564992508783 132 -1
1546564992508786 148 -1
1546564992508791 147 -1
1546564992508796 126 -1
1546564992508799 132 -1
1546564992508802 9 -1
1546564992508805 2439 -1
1546564992508810 9 -1
1546564992508852 2973 -1
1546564992508858 9 -1
1546564992508948 15873 -1
1546564992508956 511 -1
1546564992508962 9 -1
1546564992509066 15874 -1
1546564992509074 510 -1
1546564992509080 9 -1
1546564992509128 2795 -1
1546564992509135 9 -1
1546564992526454 15873 -1
1546564992526474 511 -1
1546564992526484 9 -1
1546564992527571 15873 -1
1546564992527592 511 -1
1546564992527600 9 -1
1546564992529499 15873 -1
1546564992529516 511 -1
1546564992529523 9 -1
1546564992534411 15873 -1
1546564992534429 511 -1
1546564992534439 9 -1
1546564992536129 15873 -1
1546564992536151 511 -1
1546564992536161 9 -1
1546564992538400 15873 -1
1546564992538421 511 -1
1546564992538431 9 -1
1546564992547376 15873 -1
1546564992547394 511 -1
1546564992549212 9 -1
1546564992556678 15873 -1
1546564992556698 511 -1
1546564992556709 9 -1
1546564992566523 15873 -1
1546564992566542 511 -1
1546564992566550 9 -1
1546564992567254 2617 -1
1546564992567267 9 -1
1546564992576319 15873 -1
1546564992587098 511 -1
1546564992587114 9 -1
1546564992587119 3507 -1
1546564992587126 9 -1
1546564992604622 15873 -1
1546564992604646 511 -1
1546564992604657 9 -1
1546564992617311 15873 -1
1546564992617328 511 -1
1546564992617338 9 -1
1546564992634308 15872 -1
1546564992634324 512 -1
1546564992634333 9 -1
1546564992657046 15873 -1
1546564992661871 511 -1
1546564992661892 9 -1
1546564992673415 15872 -1
1546564992673438 512 -1
1546564992673450 9 -1
1546564992696227 15872 -1
1546564992696448 512 -1
1546564992696491 9 -1
1546564992710952 15872 -1
1546564992710972 512 -1
1546564992711032 9 -1
1546564992734879 15872 -1
1546564992734899 512 -1
1546564992734907 9 -1
1546564992755401 15872 -1
1546564992760284 512 -1
1546564992760302 9 -1
1546564992771054 15872 -1
1546564992771075 512 -1
1546564992771084 9 -1
1546564992784214 15872 -1
1546564992784242 512 -1
1546564992784293 9 -1
1546564992808897 15872 -1
1546564992808921 512 -1
1546564992808929 9 -1
1546564992835910 15872 -1
1546564992835929 512 -1
1546564992835939 9 -1
1546564992845997 15872 -1
1546564992850562 512 -1
1546564992850693 9 -1
1546564992865396 15872 -1
1546564992865415 512 -1
1546564992865423 9 -1
1546564992875211 15872 -1
1546564992875230 512 -1
1546564992875238 9 -1
1546564992885557 15871 -1
1546564992886058 513 -1
1546564992886071 9 -1
1546564992909465 15872 -1
1546564992909483 512 -1
1546564992909631 9 -1
1546564992924407 15871 -1
1546564992926171 513 -1
1546564992926180 9 -1
1546564992940224 15871 -1
1546564992940242 513 -1
1546564992940251 132 -1
1546564992940256 131 -1
1546564992940263 258 -1
1546564992940334 131 -1
1546564992940341 9 -1
1546564992952275 15871 -1
1546564992955668 513 -1
1546564992955686 9 -1
1546564992969575 15871 -1
1546564992969590 513 -1
1546564992969746 9 -1
1546564992980427 15871 -1
1546564992980444 513 -1
1546564992980870 9 -1
1546564992997365 15871 -1
1546564992997383 513 -1
1546564992997390 9 -1
1546564993011451 15871 -1
1546564993011467 513 -1
1546564993011813 9 -1
1546564993046169 15871 -1
1546564993046185 513 -1
1546564993046192 9 -1
1546564993073615 15871 -1
1546564993073634 513 -1
1546564993073643 161 -1
1546564993073651 9 -1
1546564993093367 15871 -1
1546564993093403 513 -1
1546564993093411 9 -1
1546564993107656 15871 -1
1546564993107676 513 -1
1546564993107685 9 -1
1546564993125435 15871 -1
1546564993125455 513 -1
1546564993125463 9 -1
1546564993137283 15870 -1
1546564993144468 514 -1
1546564993144488 9 -1
1546564993166597 15871 -1
1546564993166618 513 -1
1546564993166626 9 -1
1546564993176273 15870 -1
1546564993177403 514 -1
1546564993177419 9 -1
1546564993185585 15870 -1
1546564993185605 514 -1
1546564993185615 9 -1
1546564993192826 15870 -1
1546564993192846 514 -1
1546564993192853 9 -1
1546564993209460 15870 -1
1546564993209480 514 -1
1546564993209488 9 -1
1546564993218531 15870 -1
1546564993218553 514 -1
1546564993218562 9 -1
1546564993233475 15870 -1
1546564993233494 514 -1
1546564993233505 9 -1
1546564993247860 15870 -1
1546564993252980 514 -1
1546564993252995 9 -1
1546564993267300 15870 -1
1546564993267318 514 -1
1546564993267324 9 -1
1546564993280635 15870 -1
1546564993282322 514 -1
1546564993282337 9 -1
1546564993299027 15870 -1
1546564993299049 514 -1
1546564993299057 9 -1
1546564993309240 15870 -1
1546564993309264 514 -1
1546564993309275 9 -1
1546564993318687 15870 -1
1546564993318709 514 -1
1546564993318717 9 -1
1546564993327636 15869 -1
1546564993327663 515 -1
1546564993327671 9 -1
1546564993336168 15870 -1
1546564993336188 514 -1
1546564993336198 9 -1
1546564993352226 15869 -1
1546564993352244 515 -1
1546564993352250 9 -1
1546564993371644 15869 -1
1546564993371670 515 -1
1546564993371678 9 -1
1546564993372293 15869 -1
1546564993372431 515 -1
1546564993372442 9 -1
1546564993381521 15869 -1
1546564993381543 515 -1
1546564993381552 9 -1
1546564993393696 15869 -1
1546564993393721 515 -1
1546564993393730 9 -1
1546564993404627 15869 -1
1546564993404647 515 -1
1546564993404656 9 -1
1546564993418679 15869 -1
1546564993418699 515 -1
1546564993418707 9 -1
1546564993440992 15869 -1
1546564993442848 515 -1
1546564993442873 9 -1
1546564993445833 15869 -1
1546564993445858 515 -1
1546564993445867 9 -1
1546564993456570 15869 -1
1546564993456589 515 -1
1546564993456644 9 -1
1546564993465483 15869 -1
1546564993465501 515 -1
1546564993465512 9 -1
1546564993474486 15869 -1
1546564993474514 515 -1
1546564993474522 9 -1
1546564993481623 15868 -1
1546564993481643 516 -1
1546564993481650 9 -1
1546564993491658 15346 -1
1546564993491768 9 -1
1546564993501580 15868 -1
1546564993501600 516 -1
1546564993501610 9 -1
1546564993507333 15868 -1
1546564993508408 516 -1
1546564993508427 9 -1
1546564993517309 15868 -1
1546564993517331 516 -1
1546564993517339 9 -1
1546564993529420 15868 -1
1546564993531631 516 -1
1546564993531660 9 -1
1546564993540175 15868 -1
1546564993540197 516 -1
1546564993541115 9 -1
1546564993545320 15868 -1
1546564993545337 516 -1
1546564993545345 9 -1
1546564993561689 15868 -1
1546564993561711 516 -1
1546564993561721 9 -1
1546564993566660 15868 -1
1546564993566683 516 -1
1546564993566692 9 -1
1546564993576122 15868 -1
1546564993576239 516 -1
1546564993578118 9 -1
1546564993582906 15868 -1
1546564993582924 516 -1
1546564993582932 9 -1
1546564993596198 15868 -1
1546564993596216 516 -1
1546564993596223 9 -1
1546564993603575 15868 -1
1546564993603596 516 -1
1546564993603611 9 -1
1546564993607940 10820 -1
1546564993608150 9 -1
1546564993620714 15867 -1
1546564993627670 517 -1
1546564993627691 9 -1
1546564993628810 15867 -1
1546564993629172 517 -1
1546564993629188 9 -1
1546564993642411 15867 -1
1546564993642442 517 -1
1546564993642453 9 -1
1546564993649437 78 1
1546564993649985 78 1
1546564993652399 78 1
1546564993654142 78 1
1546564993654583 78 1
1546564993656663 15867 -1
1546564993656682 517 -1
1546564993656690 9 -1
1546564993658177 15867 -1
1546564993658195 517 -1
1546564993658203 9 -1
1546564993667339 15867 -1
1546564993667378 517 -1
1546564993667386 9 -1
1546564993683103 15867 -1
1546564993683124 517 -1
1546564993683131 9 -1
1546564993696770 15867 -1
1546564993696789 517 -1
1546564993696795 9 -1
1546564993706361 15867 -1
1546564993706381 517 -1
1546564993706388 9 -1
1546564993717963 15867 -1
1546564993717988 517 -1
1546564993717995 9 -1
1546564993722056 64 1
1546564993722136 63 1
1546564993722191 63 1
1546564993722328 63 1
1546564993722387 63 1
1546564993723192 63 1
1546564993731574 15867 -1
1546564993731590 517 -1
1546564993731661 9 -1
1546564993739563 15867 -1
1546564993741345 517 -1
1546564993741358 9 -1
1546564993749380 15866 -1
1546564993749445 518 -1
1546564993749455 9 -1
1546564993763130 15866 -1
1546564993763150 518 -1
1546564993763158 9 -1
1546564993767832 15866 -1
1546564993776986 518 -1
1546564993777042 9 -1
1546564993783034 15866 -1
1546564993783050 518 -1
1546564993783058 9 -1
1546564993793660 15866 -1
1546564993809286 518 -1
1546564993809301 9 -1
1546564993819003 15866 -1
1546564993819021 518 -1
1546564993819029 9 -1
1546564993833529 15866 -1
1546564993833545 518 -1
1546564993833552 9 -1
1546564993848888 15866 -1
1546564993848906 518 -1
1546564993848915 9 -1
1546564993869289 15866 -1
1546564993869310 518 -1
1546564993869318 9 -1
1546564993870180 11973 -1
1546564993870192 9 -1
1546564993894203 15866 -1
1546564993894285 518 -1
1546564993894297 9 -1
1546564993905364 15866 -1
1546564993905380 518 -1
1546564993905385 9 -1
1546564993919458 15865 -1
1546564993920160 519 -1
1546564993920172 9 -1
1546564993931604 15865 -1
1546564993931619 519 -1
1546564993931627 9 -1
1546564993940145 15865 -1
1546564993941217 519 -1
1546564993941236 9 -1
1546564993946879 15865 -1
1546564993950479 519 -1
1546564993950493 9 -1
1546564993957400 15865 -1
1546564993957418 519 -1
1546564993957426 9 -1
1546564993965384 15865 -1
1546564993974138 519 -1
1546564993974158 9 -1
1546564993977174 15865 -1
1546564993977189 519 -1
1546564993977195 9 -1
1546564993985433 15865 -1
1546564993985450 519 -1
1546564993985670 9 -1
1546564993991544 15865 -1
1546564993993382 519 -1
1546564993993394 9 -1
1546564994005940 15865 -1
1546564994005957 519 -1
1546564994005967 9 -1
1546564994010366 15865 -1
1546564994010392 519 -1
1546564994010400 9 -1
1546564994024461 15864 -1
1546564994024479 520 -1
1546564994024516 9 -1
1546564994040418 15864 -1
1546564994040432 520 -1
1546564994040542 9 -1
1546564994049917 15864 -1
1546564994054604 520 -1
1546564994054617 9 -1
1546564994065551 15864 -1
1546564994065570 520 -1
1546564994065744 9 -1
1546564994080644 15864 -1
1546564994080659 520 -1
1546564994080664 9 -1
1546564994086078 15864 -1
1546564994087763 520 -1
1546564994087776 172 -1
1546564994088328 9 -1
1546564994097062 15864 -1
1546564994097079 520 -1
1546564994097089 147 -1
1546564994097212 148 -1
1546564994099454 147 -1
1546564994099462 148 -1
1546564994099470 9 -1
1546564994107566 15864 -1
1546564994107701 520 -1
1546564994107712 9 -1
1546564994118407 15864 -1
1546564994120014 520 -1
1546564994120033 9 -1
1546564994125316 12919 -1
1546564994125331 9 -1
1546564994134318 15864 -1
1546564994134334 520 -1
1546564994134340 9 -1
1546564994139211 15863 -1
1546564994139228 521 -1
1546564994139297 129 -1
1546564994139302 9 -1
1546564994146684 15863 -1
1546564994150581 521 -1
1546564994150598 112 -1
1546564994150603 200 -1
1546564994150610 164 -1
1546564994150616 117 -1
1546564994150621 126 -1
1546564994150676 9 -1
1546564994155482 15863 -1
1546564994157975 521 -1
1546564994158047 9 -1
1546564994167534 15863 -1
1546564994167547 521 -1
1546564994167553 9 -1
1546564994170803 15863 -1
1546564994170818 521 -1
1546564994170825 9 -1
1546564994174954 15863 -1
1546564994174968 521 -1
1546564994174974 9 -1
1546564994181759 15863 -1
1546564994181777 521 -1
1546564994181785 9 -1
1546564994187199 15863 -1
1546564994187219 521 -1
1546564994187227 9 -1
1546564994198426 15863 -1
1546564994198442 521 -1
1546564994198449 9 -1
1546564994203020 15863 -1
1546564994203034 521 -1
1546564994203042 9 -1
1546564994214428 15862 -1
1546564994214447 522 -1
1546564994214454 9 -1
1546564994225987 15862 -1
1546564994226004 522 -1
1546564994226011 9 -1
1546564994232819 15862 -1
1546564994237387 522 -1
1546564994237404 9 -1
1546564994243785 15862 -1
1546564994243798 522 -1
1546564994243867 9 -1
1546564994254260 15862 -1
1546564994254281 522 -1
1546564994254289 9 -1
1546564994261667 15862 -1
1546564994261685 522 -1
1546564994261692 9 -1
1546564994266385 15862 -1
1546564994266400 522 -1
1546564994266406 9 -1
1546564994274907 15862 -1
1546564994274930 522 -1
1546564994274938 9 -1
1546564994280557 15862 -1
1546564994280569 522 -1
1546564994280574 9 -1
1546564994284761 15862 -1
1546564994284771 522 -1
1546564994284839 9 -1
1546564994292312 15861 -1
1546564994293941 523 -1
1546564994293958 9 -1
1546564994303250 15861 -1
1546564994303265 523 -1
1546564994303334 9 -1
1546564994306126 15861 -1
1546564994306145 523 -1
1546564994306154 9 -1
1546564994309854 15861 -1
1546564994313085 523 -1
1546564994313096 9 -1
1546564994324169 15861 -1
1546564994324188 523 -1
1546564994324195 9 -1
1546564994330815 15861 -1
1546564994330840 523 -1
1546564994330849 9 -1
1546564994338057 15861 -1
1546564994339734 523 -1
1546564994339749 9 -1
1546564994346827 15861 -1
1546564994346842 523 -1
1546564994346848 9 -1
1546564994357292 16383 -1
1546564994357314 1 -1
1546564994357538 9 -1
1546564994364282 15861 -1
1546564994364298 523 -1
1546564994364305 9 -1
1546564994375264 15860 -1
1546564994375276 524 -1
1546564994375520 9 -1
1546564994379379 15860 -1
1546564994380834 524 -1
1546564994380846 9 -1
1546564994388784 15860 -1
1546564994388803 524 -1
1546564994388810 9 -1
1546564994401094 15860 -1
1546564994401561 524 -1
1546564994402142 9 -1
1546564994414103 15860 -1
1546564994414127 524 -1
1546564994414133 9 -1
1546564994426923 15860 -1
1546564994426942 524 -1
1546564994426950 9 -1
1546564994439411 15860 -1
1546564994441416 524 -1
1546564994441653 9 -1
1546564994453119 15860 -1
1546564994453137 524 -1
1546564994453146 9 -1
1546564994465547 16382 -1
1546564994465561 2 -1
1546564994465855 9 -1
1546564994479283 15860 -1
1546564994479355 524 -1
1546564994479363 9 -1
1546564994485985 15859 -1
1546564994486002 525 -1
1546564994486008 9 -1
1546564994499395 15859 -1
1546564994500088 525 -1
1546564994500102 9 -1
1546564994517909 15859 -1
1546564994517929 525 -1
1546564994518226 9 -1
1546564994532595 15859 -1
1546564994532610 525 -1
1546564994532617 9 -1
1546564994546761 15859 -1
1546564994548903 525 -1
1546564994548919 9 -1
1546564994562831 15859 -1
1546564994562847 525 -1
1546564994562856 9 -1
1546564994578593 15859 -1
1546564994578620 525 -1
1546564994578630 9 -1
1546564994583972 15859 -1
1546564994584624 525 -1
1546564994584637 9 -1
1546564994598059 16381 -1
1546564994598072 3 -1
1546564994598077 9 -1
1546564994608707 15859 -1
1546564994612275 525 -1
1546564994612290 9 -1
1546564994624216 15858 -1
1546564994624236 526 -1
1546564994624244 9 -1
1546564994630417 15858 -1
1546564994630435 526 -1
1546564994630532 9 -1
1546564994638930 15858 -1
1546564994638946 526 -1
1546564994638952 9 -1
1546564994644550 15858 -1
1546564994644568 526 -1
1546564994644576 9 -1
1546564994650165 15858 -1
1546564994657270 526 -1
1546564994657288 9 -1
1546564994668973 15858 -1
1546564994668993 526 -1
1546564994669127 9 -1
1546564994670771 15858 -1
1546564994670813 526 -1
1546564994670888 9 -1
1546564994674493 15858 -1
1546564994674514 526 -1
1546564994674522 9 -1
1546564994686846 16380 -1
1546564994686863 4 -1
1546564994686871 9 -1
1546564994690837 15858 -1
1546564994690852 526 -1
1546564994690980 9 -1
1546564994712088 15857 -1
1546564994712438 527 -1
1546564994712448 9 -1
1546564994724652 15857 -1
1546564994724672 527 -1
1546564994724823 9 -1
1546564994744174 15857 -1
1546564994745413 527 -1
1546564994745695 9 -1
1546564994765743 15857 -1
1546564994765762 527 -1
1546564994765771 9 -1
1546564994788406 15857 -1
1546564994788424 527 -1
1546564994788432 9 -1
1546564994797814 15857 -1
1546564994801756 527 -1
1546564994801773 9 -1
1546564994815905 15857 -1
1546564994815924 527 -1
1546564994815932 9 -1
1546564994837764 15857 -1
1546564994837782 527 -1
1546564994837791 9 -1
1546564994851594 16379 -1
1546564994851607 5 -1
1546564994851612 9 -1
1546564994861679 15857 -1
1546564994861695 527 -1
1546564994861917 9 -1
1546564994877290 15856 -1
1546564994877306 9 -1
1546564994888601 15856 -1
1546564994888620 9 -1
1546564994897049 15628 -1
1546564994897070 9 -1
1546564994904424 15856 -1
1546564994904438 9 -1
1546564994912731 15856 -1
1546564994912745 9 -1
1546564994922622 15856 -1
1546564994922641 9 -1
1546564994927622 15856 -1
1546564994927641 9 -1
1546564994933589 15856 -1
1546564994933608 9 -1
1546564994938393 16378 -1
1546564994938408 6 -1
1546564994938413 9 -1
1546564994950794 15856 -1
1546564994950809 9 -1
1546564994952983 16377 -1
1546564994953003 7 -1
1546564994953064 9 -1
1546564994959613 16376 -1
1546564994959630 8 -1
1546564994959636 9 -1
1546564994966980 16375 -1
1546564994966991 9 -1
1546564994967157 9 -1
1546564994967162 899 -1
1546564994967691 9 -1
1546564994974417 16383 -1
1546564994974437 1 -1
1546564994974652 9 -1
1546564994981429 16383 -1
1546564994981678 1 -1
1546564994981684 9 -1
1546564994991683 16383 -1
1546564994991702 1 -1
1546564994991708 9 -1
1546564995002736 10986 -1
1546564995002751 9 -1
1546564995007541 16383 -1
1546564995007558 1 -1
1546564995007563 9 -1
1546564995021614 16383 -1
1546564995021635 1 -1
1546564995021641 9 -1
1546564995026613 16383 -1
1546564995026630 1 -1
1546564995026635 9 -1
1546564995036901 16383 -1
1546564995036916 1 -1
1546564995036920 9 -1
1546564995046094 16383 -1
1546564995046111 1 -1
1546564995046117 9 -1
1546564995056386 16383 -1
1546564995056404 1 -1
1546564995056411 9 -1
1546564995065868 16383 -1
1546564995065886 1 -1
1546564995065892 9 -1
1546564995077429 15874 -1
1546564995077458 510 -1
1546564995077469 9 -1
1546564995086980 16383 -1
1546564995086999 1 -1
1546564995087006 9 -1
1546564995087011 2083 -1
1546564995087243 9 -1
1546564995088215 2795 -1
1546564995088225 9 -1
1546564995088230 2083 -1
1546564995088237 9 -1
1546564995092188 3863 -1
1546564995092258 9 -1
1546564995092324 2617 -1
1546564995092330 9 -1
1546564995097311 9318 -1
1546564995097320 9 -1
1546564995101348 8200 -1
1546564995101361 9 -1
1546564995102812 8630 -1
1546564995102823 9 -1
1546564995105686 9694 -1
1546564995105698 9 -1
1546564995119973 11996 -1
1546564995119991 9 -1
1546564995122622 12138 -1
1546564995122641 9 -1
1546564995123266 16382 -1
1546564995123285 2 -1
1546564995123330 9 -1
1546564995125295 6600 -1
1546564995125403 9 -1
1546564995132113 16382 -1
1546564995132208 2 -1
1546564995132218 9 -1
1546564995137290 16382 -1
1546564995137307 2 -1
1546564995137313 9 -1
1546564995150933 16382 -1
1546564995150953 2 -1
1546564995150961 9 -1
1546564995159836 16382 -1
1546564995159859 2 -1
1546564995159865 9 -1
1546564995167243 16382 -1
1546564995167263 2 -1
1546564995167269 9 -1
1546564995171529 7642 -1
1546564995171546 9 -1
1546564995178363 16382 -1
1546564995178606 2 -1
1546564995178613 9 -1
1546564995187084 16382 -1
1546564995187104 2 -1
1546564995187109 9 -1
1546564995195701 15873 -1
1546564995195721 511 -1
1546564995195729 9 -1
1546564995209139 16382 -1
1546564995209155 2 -1
1546564995209160 9 -1
1546564995216748 16381 -1
1546564995216762 3 -1
1546564995216943 9 -1
1546564995234316 16381 -1
1546564995234333 3 -1
1546564995234338 9 -1
1546564995254137 16381 -1
1546564995254432 3 -1
1546564995254438 9 -1
1546564995273945 16381 -1
1546564995274242 3 -1
1546564995274252 9 -1
1546564995293736 16164 -1
1546564995293755 9 -1
1546564995305285 16381 -1
1546564995309073 3 -1
1546564995309080 9 -1
1546564995315903 16381 -1
1546564995315919 3 -1
1546564995315981 9 -1
1546564995316839 13 1
1546564995325988 16381 -1
1546564995326007 3 -1
1546564995326013 9 -1
1546564995335825 15872 -1
1546564995339354 512 -1
1546564995339369 9 -1
1546564995349705 16381 -1
1546564995349722 3 -1
1546564995349727 9 -1
1546564995351101 16380 -1
1546564995351116 4 -1
1546564995351122 9 -1
1546564995360448 16380 -1
1546564995360465 4 -1
1546564995360888 9 -1
1546564995370122 16380 -1
1546564995370197 4 -1
1546564995370204 9 -1
1546564995376335 16380 -1
1546564995376357 4 -1
1546564995376363 9 -1
1546564995379877 6065 -1
1546564995380009 9 -1
1546564995393933 16380 -1
1546564995393948 4 -1
1546564995393952 9 -1
1546564995398237 16380 -1
1546564995398344 4 -1
1546564995398548 9 -1
1546564995409515 15871 -1
1546564995409534 513 -1
1546564995409542 9 -1
1546564995414455 16380 -1
1546564995414467 4 -1
1546564995415213 9 -1
1546564995421813 16379 -1
1546564995421829 5 -1
1546564995421834 9 -1
1546564995429821 16379 -1
1546564995429952 5 -1
1546564995429959 9 -1
1546564995440942 16379 -1
1546564995440958 5 -1
1546564995440962 9 -1
1546564995456466 16379 -1
1546564995456481 5 -1
1546564995456486 9 -1
1546564995475914 16379 -1
1546564995476200 5 -1
1546564995476206 9 -1
1546564995489122 16379 -1
1546564995489139 5 -1
1546564995489197 9 -1
1546564995503800 15870 -1
1546564995503829 514 -1
1546564995503835 9 -1
1546564995515021 16379 -1
1546564995515037 5 -1
1546564995515042 9 -1
1546564995529851 16378 -1
1546564995529865 6 -1
1546564995529871 9 -1
1546564995541567 16378 -1
1546564995541591 6 -1
1546564995541597 9 -1
1546564995558996 16378 -1
1546564995559372 6 -1
1546564995559378 9 -1
1546564995576249 16378 -1
1546564995576268 6 -1
1546564995576274 9 -1
1546564995592197 16378 -1
1546564995592212 6 -1
1546564995592436 9 -1
1546564995601237 11890 -1
1546564995601252 9 -1
1546564995608384 15437 -1
1546564995608402 9 -1
1546564995621119 16378 -1
1546564995621137 6 -1
1546564995621143 9 -1
1546564995634896 16377 -1
1546564995634915 7 -1
1546564995634922 9 -1
1546564995646025 16377 -1
1546564995646046 7 -1
1546564995646053 9 -1
1546564995666245 16377 -1
1546564995666275 7 -1
1546564995666281 9 -1
1546564995670770 16377 -1
1546564995670789 7 -1
1546564995671379 9 -1
1546564995695828 11459 -1
1546564995695848 9 -1
1546564995701715 12405 -1
1546564995701738 9 -1
1546564995714280 16376 -1
1546564995714298 8 -1
1546564995714305 9 -1
1546564995716738 12055 -1
1546564995716755 9 -1
1546564995727209 16376 -1
1546564995727404 8 -1
1546564995727411 9 -1
1546564995743450 16376 -1
1546564995743469 8 -1
1546564995743474 9 -1
1546564995744367 4897 -1
1546564995744383 9 -1
1546564995748796 16375 -1
1546564995748812 9 -1
1546564995748819 9 -1
1546564995751599 6064 -1
1546564995754248 9 -1
1546564995760320 16374 -1
1546564995760340 10 -1
1546564995760730 9 -1
1546564995765686 16373 -1
1546564995765710 11 -1
1546564995765714 9 -1
1546564995774129 16372 -1
1546564995774148 12 -1
1546564995774154 9 -1
1546564995780009 16371 -1
1546564995780025 13 -1
1546564995780031 9 -1
1546564995786723 16370 -1
1546564995788855 14 -1
1546564995788863 9 -1
1546564995794146 16369 -1
1546564995794160 15 -1
1546564995794165 9 -1
1546564995799142 16368 -1
1546564995799156 16 -1
1546564995799161 9 -1
1546564995803563 16383 -1
1546564995803580 1 -1
1546564995803586 9 -1
1546564995814123 16382 -1
1546564995814143 2 -1
1546564995814150 9 -1
1546564995818421 16381 -1
1546564995818436 3 -1
1546564995818442 9 -1
1546564995823910 9660 -1
1546565000180363 17 1
0 0 0
1546564992489113 202 1
0 0 0
1546564992457495 201 1
1546564992464088 39 -1
1546564992464096 13 -1
1546564992467360 9 -1
1546564992467658 9 1
1546564992472939 311 -1
1546564992472959 9 -1
1546564992475425 3329 -1
1546564992515654 17 1
0 0 0
1546564992524123 180 1
0 0 0
1546564992456351 201 1
0 0 0
1546564992455140 39 -1
1546564992455241 13 -1
1546564992455262 192 1
1546564992456516 9 1
1546564992461119 9 -1
1546564992463504 307 -1
1546564992463521 9 -1
1546564992484403 16383 -1
1546564992484416 1 -1
1546564992487108 9 -1
1546564992487977 16383 -1
1546564992488432 1 -1
1546564992488440 9 -1
1546564992490163 16382 -1
1546564992490172 2 -1
1546564992490178 9 -1
1546564992492420 16381 -1
1546564992492437 3 -1
1546564992492447 9 -1
1546564992492702 2901 -1
1546564992536478 17 1
