### "'190366 53794 9065 9049 104137 264937 203225 14792 63976 52745 87657 245431 239137 102612 413398 93532 54700 48139 83010 134569'"
0 0 0
1546570092030633 207 1
1546570092042923 37 -1
1546570092043436 2143 -1
1546570092082071 9 1
1546570092082206 17 1
0 0 0
1546570092004361 188 1
0 0 0
1546570091992832 207 1
1546570091992847 59 1
1546570091992857 59 1
1546570091992864 58 1
1546570091992872 59 1
1546570091992880 58 1
1546570091992887 58 1
1546570091993040 59 1
1546570091993051 59 1
1546570091993059 58 1
1546570091993067 58 1
1546570091993075 58 1
1546570091993083 58 1
1546570091993107 59 1
1546570091993115 59 1
0 0 0
1546570091990291 208 1
0 0 0
1546570091994238 188 1
1546570092006176 37 -1
1546570092008062 2759 -1
1546570092008509 2759 -1
1546570092022898 2759 -1
1546570092023452 2759 -1
1546570092024225 2759 -1
1546570092024240 2589 -1
1546570092024499 2759 -1
1546570092024834 2759 -1
1546570092024942 2759 -1
1546570092025156 2759 -1
1546570092025827 2759 -1
1546570092025859 2589 -1
1546570092027258 16384 -1
1546570092034528 16384 -1
1546570092037036 9 1
1546570092041953 16384 -1
1546570092047343 16384 -1
1546570092053228 16384 -1
1546570092058940 16384 -1
1546570092064421 16384 -1
1546570092069520 16384 -1
1546570092074080 16384 -1
1546570092077582 10503 -1
1546570092109243 17 1
0 0 0
1546570091988735 199 1
1546570091999362 37 -1
1546570092000180 2759 -1
1546570092000320 2759 -1
1546570092011911 2759 -1
1546570092011948 2759 -1
1546570092012416 2759 -1
1546570092023068 2589 -1
1546570092023211 2759 -1
1546570092026365 2759 -1
1546570092027447 2759 -1
1546570092028614 2759 -1
1546570092028634 2759 -1
1546570092029013 2589 -1
1546570092030118 16384 -1
1546570092030503 4954 -1
1546570092037896 9 1
1546570092037908 17 1
0 0 0
1546570093310663 192 1
1546570093310800 63 1
1546570093310810 63 1
1546570093310816 63 1
1546570093310822 63 1
1546570093310829 63 1
1546570093368868 37 -1
1546570093369366 2759 -1
1546570093370849 2759 -1
1546570093370867 446 -1
1546570093370879 9 1
1546570093371530 2759 -1
1546570093375078 2759 -1
1546570093376766 2759 -1
1546570093376782 884 -1
1546570093376790 2759 -1
1546570093377089 2759 -1
1546570093381860 2057 -1
1546570093382869 2759 -1
1546570093382973 2759 -1
1546570093383667 2759 -1
1546570093384246 2759 -1
1546570093384260 2759 -1
1546570093384723 2589 -1
1546570093385609 2759 -1
1546570093385618 2759 -1
1546570093386642 2253 -1
1546570093622262 78 1
1546570093622277 78 1
1546570093622285 58 1
1546570093622293 59 1
1546570093622301 58 1
1546570093623337 59 1
1546570093627245 58 1
1546570093627258 88 1
1546570093634182 59 1
1546570093636325 2564 -1
1546570093638072 2555 -1
1546570093638276 2759 -1
1546570093638758 2759 -1
1546570093639418 2759 -1
1546570093639435 2759 -1
1546570093640512 2759 -1
1546570093645324 2589 -1
1546570093645345 2759 -1
1546570093647425 2759 -1
1546570093647481 58 1
1546570093649987 58 1
1546570093652674 2759 -1
1546570093655414 58 1
1546570093656224 58 1
1546570093656237 78 1
1546570093657487 2759 -1
1546570093657506 2759 -1
1546570093658665 2589 -1
1546570093661160 16384 -1
1546570093663244 59 1
1546570093663262 59 1
1546570093663691 16384 -1
1546570093666205 16384 -1
1546570093668316 16384 -1
1546570093673240 16384 -1
1546570093677129 16384 -1
1546570093684374 16384 -1
1546570093685854 16384 -1
1546570093696489 16384 -1
1546570093703477 16384 -1
1546570093704953 16384 -1
1546570093720513 16384 -1
1546570093725022 16384 -1
1546570093729970 16384 -1
1546570093732572 16384 -1
1546570093744804 16384 -1
1546570093747453 16384 -1
1546570093752555 88 1
1546570093761624 87 1
1546570093764076 88 1
1546570093771654 16384 -1
1546570093773908 16384 -1
1546570093799307 16384 -1
1546570093800382 16384 -1
1546570093801919 16384 -1
1546570093804213 16384 -1
1546570093805495 16384 -1
1546570093817254 16384 -1
1546570093826096 16384 -1
1546570093829190 16384 -1
1546570093835343 16384 -1
1546570093840234 16384 -1
1546570093847269 16384 -1
1546570093850960 16384 -1
1546570093856176 16384 -1
1546570093864206 16384 -1
1546570093874281 16384 -1
1546570093881680 16384 -1
1546570093883374 16384 -1
1546570093891027 16384 -1
1546570093913615 16384 -1
1546570093915015 16384 -1
1546570093922578 16384 -1
1546570093935586 16384 -1
1546570093942558 16384 -1
1546570093988345 16384 -1
1546570094000035 16384 -1
1546570094019344 16384 -1
1546570094028713 16384 -1
1546570094039219 16384 -1
1546570094051478 16384 -1
1546570094060781 16384 -1
1546570094071049 16384 -1
1546570094080181 16384 -1
1546570094087622 16384 -1
1546570094094650 16384 -1
1546570094102016 16384 -1
1546570094109149 16384 -1
1546570094127235 16384 -1
1546570094134633 16384 -1
1546570094142301 16384 -1
1546570094146996 16384 -1
1546570094156412 16384 -1
1546570094160619 16384 -1
1546570094174499 16384 -1
1546570094179824 16384 -1
1546570094194144 16384 -1
1546570094196827 16384 -1
1546570094216624 16384 -1
1546570094217595 16384 -1
1546570094218854 16384 -1
1546570094228253 16384 -1
1546570094228720 16384 -1
1546570094235405 16384 -1
1546570094244449 16384 -1
1546570094251277 16384 -1
1546570094254307 16384 -1
1546570094264015 16384 -1
1546570094265832 16384 -1
1546570094273895 16384 -1
1546570094278748 16384 -1
1546570094289924 16384 -1
1546570094290688 16384 -1
1546570094300266 16384 -1
1546570094307960 16384 -1
1546570094314316 16384 -1
1546570094323390 16384 -1
1546570094328943 16384 -1
1546570094336064 16384 -1
1546570094343371 16384 -1
1546570094349581 16384 -1
1546570094356196 16384 -1
1546570094361829 16384 -1
1546570094369519 16384 -1
1546570094375124 16384 -1
1546570094379512 16384 -1
1546570094384807 16384 -1
1546570094390079 16384 -1
1546570094395276 16384 -1
1546570094401326 16384 -1
1546570094405703 16384 -1
1546570094409389 16384 -1
1546570094414332 16384 -1
1546570094422562 16384 -1
1546570094428782 16384 -1
1546570094430409 16384 -1
1546570094438959 16384 -1
1546570094444046 16384 -1
1546570094454492 16384 -1
1546570094460781 16384 -1
1546570094471605 16384 -1
1546570094479554 16384 -1
1546570094486057 16384 -1
1546570094493908 16384 -1
1546570094499275 16384 -1
1546570094505256 16384 -1
1546570094511382 16384 -1
1546570094518756 16384 -1
1546570094523807 16384 -1
1546570094528418 16384 -1
1546570094533668 16384 -1
1546570094541442 16384 -1
1546570094547125 16384 -1
1546570094551833 16384 -1
1546570094557688 16384 -1
1546570094561773 16384 -1
1546570094570650 16384 -1
1546570094576677 16384 -1
1546570094585341 16384 -1
1546570094593318 16384 -1
1546570094601865 16384 -1
1546570094611162 16384 -1
1546570094620340 16384 -1
1546570094629781 16384 -1
1546570094636905 16384 -1
1546570094644562 16256 -1
1546570099358756 17 1
0 0 0
1546570093142457 207 1
1546570093142470 73 1
1546570093142478 78 1
1546570093142486 80 1
1546570093142610 78 1
