### "'77857 89553 52295 44113 107646 248841 198291 181028 139728 16671 25011 228430 75995 156919 16298 16298 35119'"
0 0 0
1546570637398849 196 1
1546570637404389 39 -1
1546570637404544 13 -1
1546570637406130 9 1
1546570637409980 9 -1
1546570637423495 307 -1
1546570637423671 9 -1
1546570637435989 16383 -1
1546570637436303 1 -1
1546570637436311 9 -1
1546570637437306 8627 -1
1546570637452950 17 1
0 0 0
1546570637387768 203 1
1546570637397830 39 -1
1546570637398007 13 -1
1546570637400560 9 -1
1546570637400570 311 -1
1546570637400582 9 -1
1546570637400747 9 1
1546570637408563 16383 -1
1546570637408579 1 -1
1546570637408639 9 -1
1546570637408645 287 -1
1546570637444104 17 1
0 0 0
1546570637569540 202 1
0 0 0
1546570637337898 184 1
1546570637353555 39 -1
1546570637353562 13 -1
1546570637353567 9 -1
1546570637353572 293 -1
1546570637353580 9 -1
1546570637356396 9 1
1546570637359660 16383 -1
1546570637360139 1 -1
1546570637360147 9 -1
1546570637369229 16383 -1
1546570637369246 1 -1
1546570637369252 9 -1
1546570637374173 16382 -1
1546570637374195 2 -1
1546570637374252 9 -1
1546570637386450 16381 -1
1546570637386464 3 -1
1546570637386468 9 -1
1546570637387444 16380 -1
1546570637387452 4 -1
1546570637387546 9 -1
1546570637387791 7633 -1
1546570637433503 17 1
0 0 0
1546570637322966 202 1
1546570637323013 78 1
1546570637323158 78 1
1546570637323250 59 1
1546570637323312 78 1
1546570637323321 58 1
1546570637323330 78 1
1546570637323338 78 1
1546570637323391 59 1
1546570637323479 58 1
1546570637323516 58 1
1546570637323552 59 1
1546570637323618 59 1
1546570637323683 59 1
1546570637323714 77 1
1546570637326328 39 -1
1546570637326366 13 -1
1546570637334073 9 -1
1546570637334147 311 -1
1546570637334159 9 -1
1546570637334166 2795 -1
1546570637334173 148 -1
1546570637334180 9 -1
1546570637334938 2795 -1
1546570637334956 128 -1
1546570637334961 9 -1
1546570637337403 15874 -1
1546570637337421 510 -1
1546570637337429 9 -1
1546570637350557 15873 -1
1546570637350758 511 -1
1546570637350768 9 -1
1546570637351624 15872 -1
1546570637351637 512 -1
1546570637351645 9 -1
1546570637353221 15871 -1
1546570637353237 513 -1
1546570637353245 9 -1
1546570637354035 9 1
1546570637354814 12321 -1
1546570637355853 148 -1
1546570637355882 9 -1
1546570637356816 2439 -1
1546570637356850 130 -1
1546570637356856 9 -1
1546570637357955 15874 -1
1546570637357970 510 -1
1546570637357978 9 -1
1546570637358935 15873 -1
1546570637359311 511 -1
1546570637359375 9 -1
1546570637365863 15872 -1
1546570637365885 512 -1
1546570637365895 9 -1
1546570637369730 3143 -1
1546570637369740 156 -1
1546570637369747 103 -1
1546570637369751 129 -1
1546570637369755 131 -1
1546570637369907 132 -1
1546570637369912 144 -1
1546570637369976 221 -1
1546570637370069 147 -1
1546570637370080 108 -1
1546570637370388 9 -1
1546570637370394 1959 -1
1546570637370405 9 -1
1546570637372716 3151 -1
1546570637372736 9 -1
1546570637373171 1883 -1
1546570637373266 9 -1
1546570637374233 15875 -1
1546570637375033 509 -1
1546570637375045 9 -1
1546570637386346 92 1
1546570637387028 15873 -1
1546570637387042 511 -1
1546570637387050 9 -1
1546570637387278 59 1
1546570637387373 16383 -1
1546570637387381 1 -1
1546570637387385 9 -1
1546570637388380 15873 -1
1546570637388391 511 -1
1546570637388397 9 -1
1546570637389400 15873 -1
1546570637389631 511 -1
1546570637389640 9 -1
1546570637389818 3151 -1
1546570637389829 9 -1
1546570637401129 15874 -1
1546570637402173 510 -1
1546570637402190 9 -1
1546570637404149 15872 -1
1546570637404239 512 -1
1546570637404297 9 -1
1546570637413624 16382 -1
1546570637413650 2 -1
1546570637413659 9 -1
1546570637414380 15872 -1
1546570637414394 512 -1
1546570637414401 9 -1
1546570637427413 15872 -1
1546570637427434 512 -1
1546570637427441 9 -1
1546570637431713 11345 -1
1546570637431737 9 -1
1546570637437172 15871 -1
1546570637437187 513 -1
1546570637437196 9 -1
1546570637446490 16381 -1
1546570637446522 3 -1
1546570637446528 9 -1
1546570637453275 15871 -1
1546570637453293 513 -1
1546570637453301 9 -1
1546570637462657 15871 -1
1546570637462677 513 -1
1546570637462686 9 -1
1546570637467989 15870 -1
1546570637468019 514 -1
1546570637468028 9 -1
1546570637476814 16380 -1
1546570637476835 4 -1
1546570637476841 9 -1
1546570637487403 15870 -1
1546570637487441 514 -1
1546570637487581 9 -1
1546570637496955 15870 -1
1546570637496973 514 -1
1546570637497793 9 -1
1546570637509580 15869 -1
1546570637511858 515 -1
1546570637511875 9 -1
1546570637524376 16379 -1
1546570637524659 5 -1
1546570637524969 9 -1
1546570637537771 16383 -1
1546570637537801 1 -1
1546570637537808 9 -1
1546570637549363 15869 -1
1546570637549496 515 -1
1546570637549507 9 -1
1546570637560870 15868 -1
1546570637560944 516 -1
1546570637561237 9 -1
1546570637575219 16378 -1
1546570637575471 6 -1
1546570637575520 9 -1
1546570637591233 16382 -1
1546570637591255 2 -1
1546570637591443 9 -1
1546570637599861 15868 -1
1546570637600257 516 -1
1546570637600293 9 -1
1546570637605700 9342 -1
1546570637605730 9 -1
1546570637615134 16377 -1
1546570637615155 7 -1
1546570637615162 9 -1
1546570637625335 16381 -1
1546570637625355 3 -1
1546570637625364 9 -1
1546570637633354 15867 -1
1546570637633375 517 -1
1546570637633383 9 -1
1546570637646039 16376 -1
1546570637646060 8 -1
1546570637646067 9 -1
1546570637648857 16380 -1
1546570637648877 4 -1
1546570637648883 108 -1
1546570637648889 9 -1
1546570637659834 15866 -1
1546570637659856 518 -1
1546570637659865 9 -1
1546570637666025 16375 -1
1546570637666045 9 -1
1546570637666166 9 -1
1546570637674841 16379 -1
1546570637674944 5 -1
1546570637674969 9 -1
1546570637685851 16383 -1
1546570637685875 1 -1
1546570637685931 9 -1
1546570637691853 16374 -1
1546570637691873 10 -1
1546570637691879 9 -1
1546570637698251 16378 -1
1546570637698272 6 -1
1546570637698278 9 -1
1546570637704602 16382 -1
1546570637704650 2 -1
1546570637704656 9 -1
1546570637710836 16377 -1
1546570637710866 7 -1
1546570637710924 9 -1
1546570637718127 16381 -1
1546570637718149 3 -1
1546570637718156 9 -1
1546570637728788 16376 -1
1546570637728803 8 -1
1546570637728810 159 -1
1546570637728817 9 -1
1546570637729825 804 -1
1546570637729838 9 -1
1546570637733265 16375 -1
1546570637733282 9 -1
1546570637733287 132 -1
1546570637733480 9 -1
1546570637736578 16374 -1
1546570637736596 10 -1
1546570637736601 9 -1
1546570637742749 16373 -1
1546570637742768 11 -1
1546570637742834 9 -1
1546570637743130 3081 -1
1546570637743142 9 -1
1546570637747812 15873 -1
1546570637747830 511 -1
1546570637747838 9 -1
1546570637756296 16383 -1
1546570637756314 1 -1
1546570637756321 9 -1
1546570637760214 16383 -1
1546570637760239 1 -1
1546570637760246 9 -1
1546570637767146 16383 -1
1546570637767179 1 -1
1546570637767186 9 -1
1546570637774645 15872 -1
1546570637774664 512 -1
1546570637774672 9 -1
1546570637780884 16382 -1
1546570637780905 2 -1
1546570637780911 9 -1
1546570637791503 16382 -1
1546570637791522 2 -1
1546570637791527 9 -1
1546570637797016 16382 -1
1546570637797033 2 -1
1546570637797066 9 -1
1546570637804159 15871 -1
1546570637804180 513 -1
1546570637804189 9 -1
1546570637805106 1683 -1
1546570637805121 9 -1
1546570637817483 16381 -1
1546570637817502 3 -1
1546570637817511 9 -1
1546570637819507 16381 -1
1546570637819526 3 -1
1546570637819533 9 -1
1546570637826527 15870 -1
1546570637827938 514 -1
1546570637827957 9 -1
1546570637834881 16380 -1
1546570637834901 4 -1
1546570637834906 9 -1
1546570637849136 16380 -1
1546570637849154 4 -1
1546570637849161 9 -1
1546570637868832 15869 -1
1546570637869008 515 -1
1546570637869018 9 -1
1546570637874471 10459 -1
1546570637874489 9 -1
1546570637884941 16379 -1
1546570637884960 5 -1
1546570637884967 9 -1
1546570637898388 15868 -1
1546570637898405 516 -1
1546570637898411 9 -1
1546570637913127 16378 -1
1546570637913147 6 -1
1546570637913156 9 -1
1546570637922593 15867 -1
1546570637922639 517 -1
1546570637922649 9 -1
1546570637937134 16377 -1
1546570637937151 7 -1
1546570637937157 9 -1
1546570637942498 16383 -1
1546570637942517 1 -1
1546570637946674 9 -1
1546570637957559 16376 -1
1546570637957573 8 -1
1546570637957762 9 -1
1546570637962449 16382 -1
1546570637962461 2 -1
1546570637962466 9 -1
1546570637972840 16375 -1
1546570637972860 9 -1
1546570637972866 9 -1
1546570637981892 16381 -1
1546570637982014 3 -1
1546570637982021 9 -1
1546570637987930 9463 -1
1546570637987950 9 -1
1546570637999308 16380 -1
1546570637999325 4 -1
1546570637999329 9 -1
1546570638007107 16379 -1
1546570638007125 5 -1
1546570638007131 9 -1
1546570638014378 16378 -1
1546570638014391 6 -1
1546570638014396 9 -1
1546570638020912 15438 -1
1546570638688364 78 1
1546570638693090 78 1
1546570638693771 76 1
1546570638695154 80 1
1546570638695805 170 -1
1546570638695992 9 -1
1546570638696782 2439 -1
1546570638702052 147 -1
1546570638702070 9 -1
1546570638702076 2973 -1
1546570638705830 141 -1
1546570638705848 9 -1
1546570638712218 16298 -1
1546570638712238 119 -1
1546570638712244 9 -1
1546570638718152 16298 -1
1546570638779461 63 1
1546570638779829 63 1
1546570638779990 63 1
1546570638780750 63 1
1546570638780764 63 1
1546570638780773 63 1
1546570638786970 128 -1
1546570638787513 9 -1
1546570638788314 4981 -1
1546570638788479 229 -1
1546570638788485 9 -1
1546570638791628 5224 -1
1546570638791646 129 -1
1546570638791658 9 -1
1546570638792578 7513 -1
1546570638792596 129 -1
1546570638792602 9 -1
1546570638794318 5217 -1
1546570638794334 102 -1
1546570638794339 9 -1
1546570638797899 4969 -1
1546570638797923 129 -1
1546570638797928 9 -1
1546570638798713 6758 -1
1546570638977617 406 1
1546570638985257 136 -1
1546570638985265 9 -1
1546570638990884 16383 -1
1546570638990900 1 -1
1546570638990905 9 -1
1546570639001856 16383 -1
1546570639001876 1 -1
1546570639001882 9 -1
1546570639002681 2351 -1
1546570645539849 17 1
0 0 0
1546570637358294 183 1
1546570637359547 39 -1
1546570637359801 13 -1
1546570637367086 9 -1
1546570637367094 295 -1
1546570637367235 9 -1
1546570637369431 9 1
1546570637386026 16383 -1
1546570637386053 1 -1
1546570637386059 9 -1
1546570637387966 16383 -1
1546570637388478 1 -1
1546570637388909 9 -1
1546570637392675 16382 -1
1546570637392695 2 -1
1546570637392700 9 -1
1546570637398920 16381 -1
1546570637398933 3 -1
1546570637398938 9 -1
1546570637401897 16383 -1
1546570637401914 1 -1
1546570637401920 9 -1
1546570637404857 16382 -1
1546570637404891 2 -1
1546570637404896 9 -1
1546570637408188 16381 -1
1546570637408208 3 -1
1546570637408215 9 -1
1546570637411414 16383 -1
1546570637411432 1 -1
1546570637411437 9 -1
1546570637428408 8656 -1
1546570637452481 17 1
