### "'139728 16671 77857 52295 44113 107646 228430 198291 89553 25011 248841 181028 75995 156919 16298 16298 35119 35119'"
0 0 0
1546570744078374 196 1
1546570744085211 39 -1
1546570744085220 13 -1
1546570744090337 9 -1
1546570744090346 307 -1
1546570744090630 9 -1
1546570744090642 9 1
1546570744092450 16383 -1
1546570744092461 1 -1
1546570744092552 9 -1
1546570744093521 8627 -1
1546570744131826 17 1
0 0 0
1546570744087786 184 1
1546570744093640 39 -1
1546570744093747 13 -1
1546570744095587 9 1
1546570744097704 9 -1
1546570744098887 293 -1
1546570744098906 9 -1
1546570744112471 16383 -1
1546570744112485 1 -1
1546570744112549 9 -1
1546570744126423 16383 -1
1546570744126443 1 -1
1546570744126448 9 -1
1546570744127230 16382 -1
1546570744127246 2 -1
1546570744127252 9 -1
1546570744127609 16381 -1
1546570744127701 3 -1
1546570744127708 9 -1
1546570744137770 16383 -1
1546570744137788 1 -1
1546570744137879 9 -1
1546570744139026 7633 -1
1546570744173848 17 1
0 0 0
1546570744029760 203 1
1546570744029776 78 1
1546570744029839 78 1
1546570744030130 59 1
1546570744030639 78 1
1546570744030877 58 1
1546570744030975 78 1
1546570744030983 78 1
1546570744030991 59 1
1546570744030999 58 1
1546570744037155 58 1
1546570744037302 59 1
1546570744037437 59 1
1546570744037445 59 1
1546570744037665 77 1
1546570744042176 39 -1
1546570744042183 13 -1
1546570744042831 9 -1
1546570744042838 311 -1
1546570744042848 9 -1
1546570744044047 9 1
1546570744044597 15848 -1
1546570744046070 536 -1
1546570744046081 9 -1
1546570744046362 287 -1
1546570744046368 148 -1
1546570744046375 9 -1
1546570744046379 2795 -1
1546570744046589 71 -1
1546570744046684 9 -1
1546570744048115 1959 -1
1546570744048183 128 -1
1546570744048192 9 -1
1546570744060268 92 1
1546570744068401 15874 -1
1546570744068419 510 -1
1546570744068427 9 -1
1546570744068549 15873 -1
1546570744068559 511 -1
1546570744068565 9 -1
1546570744068680 15872 -1
1546570744068689 512 -1
1546570744068694 9 -1
1546570744068807 15871 -1
1546570744068816 513 -1
1546570744068822 9 -1
1546570744068994 12321 -1
1546570744069004 148 -1
1546570744069010 130 -1
1546570744069013 156 -1
1546570744069019 103 -1
1546570744069023 129 -1
1546570744069027 131 -1
1546570744069031 9 -1
1546570744069423 2439 -1
1546570744069491 9 -1
1546570744073754 15874 -1
1546570744073943 510 -1
1546570744073952 9 -1
1546570744077084 3151 -1
1546570744077367 9 -1
1546570744077375 1883 -1
1546570744077853 9 -1
1546570744084781 15875 -1
1546570744084804 509 -1
1546570744084812 9 -1
1546570744084823 59 1
1546570744086017 15873 -1
1546570744086128 511 -1
1546570744086394 9 -1
1546570744087113 15873 -1
1546570744087124 511 -1
1546570744087384 9 -1
1546570744090945 15874 -1
1546570744090956 510 -1
1546570744091343 9 -1
1546570744092338 15872 -1
1546570744092359 512 -1
1546570744092367 9 -1
1546570744093336 15872 -1
1546570744093352 512 -1
1546570744093388 9 -1
1546570744094113 11345 -1
1546570744094126 9 -1
1546570744096256 15871 -1
1546570744096274 513 -1
1546570744096340 9 -1
1546570744107540 3143 -1
1546570744107557 9 -1
1546570744108728 15870 -1
1546570744108746 514 -1
1546570744108757 9 -1
1546570744109790 15869 -1
1546570744109860 515 -1
1546570744109871 9 -1
1546570744111279 15868 -1
1546570744111297 516 -1
1546570744111306 9 -1
1546570744112321 9342 -1
1546570744112340 108 -1
1546570744112720 259 -1
1546570744112729 94 -1
1546570744113125 144 -1
1546570744113136 108 -1
1546570744113321 159 -1
1546570744113460 9 -1
1546570744115614 15873 -1
1546570744117381 511 -1
1546570744117392 9 -1
1546570744118692 16383 -1
1546570744118709 1 -1
1546570744118715 9 -1
1546570744121027 15873 -1
1546570744121046 511 -1
1546570744121054 9 -1
1546570744127415 15873 -1
1546570744127576 511 -1
1546570744127634 9 -1
1546570744128040 3151 -1
1546570744128055 9 -1
1546570744128978 16383 -1
1546570744129003 1 -1
1546570744129010 9 -1
1546570744133440 15872 -1
1546570744133459 512 -1
1546570744133466 9 -1
1546570744139504 16382 -1
1546570744139521 2 -1
1546570744139527 9 -1
1546570744147445 15872 -1
1546570744147466 512 -1
1546570744147474 9 -1
1546570744162229 15872 -1
1546570744162279 512 -1
1546570744162325 9 -1
1546570744163841 16382 -1
1546570744163861 2 -1
1546570744163869 9 -1
1546570744175974 15871 -1
1546570744176021 513 -1
1546570744176032 9 -1
1546570744182738 16381 -1
1546570744182805 3 -1
1546570744183013 9 -1
1546570744190007 15871 -1
1546570744190141 513 -1
1546570744190187 9 -1
1546570744203564 15871 -1
1546570744203610 513 -1
1546570744204238 9 -1
1546570744213259 16381 -1
1546570744213339 3 -1
1546570744213348 9 -1
1546570744222978 15870 -1
1546570744222999 514 -1
1546570744223007 9 -1
1546570744233185 16380 -1
1546570744233223 4 -1
1546570744233230 9 -1
1546570744244218 15870 -1
1546570744247971 514 -1
1546570744247989 9 -1
1546570744257622 15870 -1
1546570744257638 514 -1
1546570744257644 9 -1
1546570744269787 16380 -1
1546570744269810 4 -1
1546570744269816 9 -1
1546570744277447 15869 -1
1546570744279993 515 -1
1546570744280039 9 -1
1546570744288114 16379 -1
1546570744288133 5 -1
1546570744288240 9 -1
1546570744297863 15869 -1
1546570744297930 515 -1
1546570744297977 9 -1
1546570744304426 15869 -1
1546570744304447 515 -1
1546570744304455 9 -1
1546570744317877 10459 -1
1546570744317892 9 -1
1546570744319190 15868 -1
1546570744319208 516 -1
1546570744319215 9 -1
1546570744336845 16378 -1
1546570744336864 6 -1
1546570744336870 9 -1
1546570744346357 15868 -1
1546570744346374 516 -1
1546570744346382 9 -1
1546570744356446 15868 -1
1546570744356821 516 -1
1546570744356833 9 -1
1546570744367345 15867 -1
1546570744367365 517 -1
1546570744367372 9 -1
1546570744398957 16377 -1
1546570744398974 7 -1
1546570744399174 9 -1
1546570744401989 15867 -1
1546570744402016 517 -1
1546570744402026 9 -1
1546570744410290 15867 -1
1546570744410311 517 -1
1546570744410318 9 -1
1546570744418499 15866 -1
1546570744420117 518 -1
1546570744420134 132 -1
1546570744420210 9 -1
1546570744429276 16376 -1
1546570744429296 8 -1
1546570744429304 9 -1
1546570744439024 15866 -1
1546570744439154 518 -1
1546570744439164 9 -1
1546570744445697 15866 -1
1546570744445717 518 -1
1546570744445725 9 -1
1546570744459732 15865 -1
1546570744459753 519 -1
1546570744459764 9 -1
1546570744462288 16375 -1
1546570744462308 9 -1
1546570744462314 9 -1
1546570744470654 15865 -1
1546570744470672 519 -1
1546570744470681 9 -1
1546570744478656 15865 -1
1546570744478678 519 -1
1546570744478686 9 -1
1546570744485534 15864 -1
1546570744488454 520 -1
1546570744488478 9 -1
1546570744496629 16374 -1
1546570744496650 10 -1
1546570744496657 9 -1
1546570744508071 15864 -1
1546570744508104 520 -1
1546570744508111 9 -1
1546570744510733 15864 -1
1546570744511149 520 -1
1546570744511162 9 -1
1546570744518745 15863 -1
1546570744518756 521 -1
1546570744518762 9 -1
1546570744527466 16373 -1
1546570744527485 11 -1
1546570744527491 9 -1
1546570744540811 15863 -1
1546570744540827 521 -1
1546570744540834 9 -1
1546570744545727 15863 -1
1546570744545746 521 -1
1546570744545820 9 -1
1546570744562979 15862 -1
1546570744563710 522 -1
1546570744563723 9 -1
1546570744571233 16372 -1
1546570744571253 12 -1
1546570744571473 9 -1
1546570744588741 15862 -1
1546570744588769 522 -1
1546570744588777 9 -1
1546570744588911 804 -1
1546570744588919 9 -1
1546570744620306 15861 -1
1546570744621059 523 -1
1546570744621073 9 -1
1546570744621077 1683 -1
1546570744621082 9 -1
1546570744657768 15861 -1
1546570744657785 523 -1
1546570744657792 9 -1
1546570744687458 15438 -1
1546570744687477 9 -1
1546570744697462 15860 -1
1546570744697482 524 -1
1546570744697489 9 -1
1546570744707694 15859 -1
1546570744711757 525 -1
1546570744711771 9 -1
1546570744712198 3081 -1
1546570744712210 9 -1
1546570744721682 16383 -1
1546570744721708 1 -1
1546570744721715 9 -1
1546570744728057 16382 -1
1546570744728076 2 -1
1546570744728082 9 -1
1546570744736608 16381 -1
1546570744736632 3 -1
1546570744736695 9 -1
1546570744741756 16380 -1
1546570744741770 4 -1
1546570744741888 9 -1
1546570744747632 16379 -1
1546570744747663 5 -1
1546570744747698 9 -1
1546570744758503 16378 -1
1546570744758522 6 -1
1546570744758528 9 -1
1546570744761956 16377 -1
1546570744761975 7 -1
1546570744761982 9 -1
1546570744776719 16376 -1
1546570744776736 8 -1
1546570744776742 9 -1
1546570744782604 16375 -1
1546570744782623 9 -1
1546570744782657 9 -1
1546570744789982 9463 -1
1546570745323468 78 1
1546570745323494 78 1
1546570745323503 76 1
1546570745323511 80 1
1546570745330063 170 -1
1546570745330080 9 -1
1546570745330122 2439 -1
1546570745330391 147 -1
1546570745330402 9 -1
1546570745345353 2973 -1
1546570745345375 142 -1
1546570745345382 9 -1
1546570745354169 15857 -1
1546570745354190 441 -1
1546570745354197 118 -1
1546570745354205 9 -1
1546570745368687 15858 -1
1546570745369421 440 -1
1546570745391469 63 1
1546570745394414 63 1
1546570745399050 129 -1
1546570745399059 9 -1
1546570745399074 63 1
1546570745399083 63 1
1546570745399091 63 1
1546570745399099 63 1
1546570745413564 7513 -1
1546570745413588 232 -1
1546570745413594 9 -1
1546570745418245 4981 -1
1546570745418259 125 -1
1546570745423162 9 -1
1546570745428851 5224 -1
1546570745428868 129 -1
1546570745429288 9 -1
1546570745446109 5217 -1
1546570745446131 129 -1
1546570745446137 9 -1
1546570745457291 6758 -1
1546570745457393 102 -1
1546570745457400 9 -1
1546570745462740 4969 -1
1546570745632492 406 1
1546570745638962 136 -1
1546570745638974 9 -1
1546570745644251 84 1
1546570745655301 16383 -1
1546570745655318 1 -1
1546570745655322 9 -1
1546570745670288 16383 -1
1546570745670304 1 -1
1546570745670309 9 -1
1546570745679977 2351 -1
1546570745679994 53 -1
1546570745679999 9 -1
1546570745686658 16383 -1
1546570745686713 1 -1
1546570745687288 9 -1
1546570745715724 16382 -1
1546570745715740 2 -1
1546570745716250 9 -1
1546570745721493 2351 -1
1546570752034298 17 1
0 0 0
1546570744069189 202 1
1546570744085051 39 -1
1546570744085061 13 -1
1546570744085065 9 -1
1546570744085071 311 -1
1546570744085082 9 -1
1546570744085088 1959 -1
1546570744117572 9 1
1546570744117586 17 1
0 0 0
1546570744027748 39 -1
1546570744027783 13 -1
1546570744027803 202 1
1546570744030486 9 1
1546570744036443 9 -1
1546570744036558 311 -1
1546570744036610 9 -1
1546570744036615 2795 -1
1546570744041580 17 1
0 0 0
1546570744028458 183 1
1546570744036219 39 -1
1546570744036226 13 -1
1546570744037567 9 1
1546570744038192 9 -1
1546570744038995 295 -1
1546570744041204 9 -1
1546570744045183 16383 -1
1546570744045197 1 -1
1546570744045204 9 -1
1546570744046014 16383 -1
1546570744046028 1 -1
1546570744046033 9 -1
1546570744046795 16382 -1
1546570744046805 2 -1
1546570744046810 9 -1
1546570744056668 16381 -1
1546570744056686 3 -1
1546570744056691 9 -1
1546570744071552 16383 -1
1546570744071570 1 -1
1546570744071576 9 -1
1546570744074216 16382 -1
1546570744074358 2 -1
1546570744074364 9 -1
1546570744076976 16381 -1
1546570744077066 3 -1
1546570744077074 9 -1
1546570744077811 16380 -1
1546570744077823 4 -1
1546570744077847 9 -1
1546570744079235 8656 -1
1546570744120298 17 1
