### "'173328 218682 87246 11765 8780 87246 87246 32837 65801 30371 385621 44930 60995 62859 68677 46366 27693'"
0 0 0
1546571961596134 205 1
0 0 0
1546571961596959 197 1
1546571961601342 39 -1
1546571961601353 13 -1
1546571961604214 9 1
1546571961605177 9 -1
1546571961606739 308 -1
1546571961606756 9 -1
1546571961609322 16383 -1
1546571961609339 1 -1
1546571961609345 9 -1
1546571961612386 16383 -1
1546571961612397 1 -1
1546571961612402 9 -1
1546571961613287 16382 -1
1546571961613399 2 -1
1546571961613404 9 -1
1546571961623825 16381 -1
1546571961623848 3 -1
1546571961623854 9 -1
1546571961634521 16380 -1
1546571961634542 4 -1
1546571961634585 9 -1
1546571961639530 16379 -1
1546571961639545 5 -1
1546571961639555 9 -1
1546571961641040 16378 -1
1546571961641055 6 -1
1546571961641060 9 -1
1546571961643769 16383 -1
1546571961643786 1 -1
1546571961643792 9 -1
1546571961649200 16382 -1
1546571961649226 2 -1
1546571961649396 9 -1
1546571961659339 16381 -1
1546571961659359 3 -1
1546571961659367 9 -1
1546571961660210 9488 -1
1546571961693693 17 1
0 0 0
1546571961775320 185 1
0 0 0
1546571961601742 205 1
1546571961608295 39 -1
1546571961608304 13 -1
1546571961609558 9 1
1546571961610683 9 -1
1546571961612079 310 -1
1546571961612095 9 -1
1546571961612100 2439 -1
1546571961654895 17 1
0 0 0
1546571961539298 205 1
1546571961539438 59 1
1546571961542730 58 1
0 0 0
1546571961800901 213 1
1546571961800918 86 1
1546571961813506 39 -1
1546571961813513 13 -1
1546571961813611 9 -1
1546571961814471 324 -1
1546571961814483 9 -1
1546571961815471 16383 -1
1546571961815487 1 -1
1546571961815494 9 -1
1546571961815818 9 1
1546571961816269 16382 -1
1546571961816282 2 -1
1546571961816498 9 -1
1546571961818226 16383 -1
1546571961818244 1 -1
1546571961818249 9 -1
1546571961819002 16382 -1
1546571961819016 2 -1
1546571961819137 9 -1
1546571961823988 16381 -1
1546571961824020 3 -1
1546571961824283 9 -1
1546571961827083 16380 -1
1546571961827102 4 -1
1546571961827110 9 -1
1546571961829339 16379 -1
1546571961829354 5 -1
1546571961829360 9 -1
1546571961835317 16378 -1
1546571961835335 6 -1
1546571961835340 162 -1
1546571961835348 9 -1
1546571961849613 16383 -1
1546571961849639 1 -1
1546571961849645 9 -1
1546571961852242 16383 -1
1546571961852262 1 -1
1546571961852268 9 -1
1546571961853370 16382 -1
1546571961853483 2 -1
1546571961853492 9 -1
1546571961854527 16382 -1
1546571961854553 2 -1
1546571961854560 9 -1
1546571961858139 16381 -1
1546571961858163 3 -1
1546571961858170 9 -1
1546571961860000 16381 -1
1546571961860025 3 -1
1546571961860030 9 -1
1546571961861674 16380 -1
1546571961861691 4 -1
1546571961861697 9 -1
1546571961864167 16380 -1
1546571961864185 4 -1
1546571961864190 9 -1
1546571961866333 16379 -1
1546571961866351 5 -1
1546571961866358 9 -1
1546571961873277 16379 -1
1546571961873295 5 -1
1546571961873302 9 -1
1546571961874621 5326 -1
1546571961874637 9 -1
1546571961875601 5690 -1
1546571962589974 81 1
1546571962592074 78 1
1546571962592090 78 1
1546571962592866 78 1
1546571962594584 78 1
1546571962598476 170 -1
1546571962598506 9 -1
1546571962598565 2439 -1
1546571962603948 180 -1
1546571962603967 9 -1
1546571962604729 2261 -1
1546571962604752 179 -1
1546571962604761 9 -1
1546571962605000 2617 -1
1546571962605013 134 -1
1546571962605019 9 -1
1546571962605098 3329 -1
1546571962605105 147 -1
1546571962605111 9 -1
1546571962605114 2083 -1
1546571962804221 63 1
1546571962807328 63 1
1546571962807344 63 1
1546571962808287 63 1
1546571962811049 63 1
1546571962811061 63 1
1546571962815032 116 -1
1546571962815041 9 -1
1546571962815962 6813 -1
1546571962818379 129 -1
1546571962818389 9 -1
1546571962830637 6512 -1
1546571962830671 130 -1
1546571962830677 9 -1
1546571962835136 11765 -1
1546571962835154 229 -1
1546571962835161 9 -1
1546571962839986 8780 -1
1546571962840071 112 -1
1546571962840299 9 -1
1546571962844556 7057 -1
1546571962844577 116 -1
1546571962844582 9 -1
1546571962847252 3282 -1
1546571965258771 86 1
1546571965265337 185 -1
1546571965265356 9 -1
1546571965272096 16383 -1
1546571965272117 1 -1
1546571965272123 9 -1
1546571965275492 16382 -1
1546571965275506 2 -1
1546571965275512 9 -1
1546571965277605 16383 -1
1546571965277626 1 -1
1546571965277632 9 -1
1546571965282541 16382 -1
1546571965282558 2 -1
1546571965282563 9 -1
1546571965290007 16381 -1
1546571965290024 3 -1
1546571965290030 9 -1
1546571965291995 5326 -1
1546571966100820 78 1
1546571966101378 78 1
1546571966109631 170 -1
1546571966109648 9 -1
1546571966109703 2439 -1
1546571966114916 149 -1
1546571966114931 9 -1
1546571966114938 2261 -1
1546571966190206 87 1
1546571966197565 161 -1
1546571966197584 9 -1
1546571966200676 16383 -1
1546571966200804 1 -1
1546571966200894 9 -1
1546571966205326 16382 -1
1546571966205342 2 -1
1546571966205348 9 -1
1546571966211925 16383 -1
1546571966211947 1 -1
1546571966212108 9 -1
1546571966216538 16382 -1
1546571966216557 2 -1
1546571966216565 9 -1
1546571966242914 16381 -1
1546571966242933 3 -1
1546571966242940 9 -1
1546571966244773 5326 -1
1546571966263944 407 1
1546571966270984 137 -1
1546571966271009 9 -1
1546571966284814 16383 -1
1546571966284835 1 -1
1546571966284842 9 -1
1546571966291082 16382 -1
1546571966291102 2 -1
1546571966291107 9 -1
1546571966291371 69 -1
1546571966409560 406 1
1546571966417170 137 -1
1546571966417245 9 -1
1546571966434041 16383 -1
1546571966434056 1 -1
1546571966434181 9 -1
1546571966454243 16383 -1
1546571966454264 1 -1
1546571966454271 9 -1
1546571966487169 16382 -1
1546571966487264 2 -1
1546571966487274 9 -1
1546571966509360 16381 -1
1546571966509384 3 -1
1546571966509389 9 -1
1546571966509393 265 -1
1546571966607906 406 1
1546571966615363 135 -1
1546571966615370 9 -1
1546571966628491 16383 -1
1546571966628506 1 -1
1546571966628510 9 -1
1546571966642966 13987 -1
1546571969191851 78 1
1546571969193398 59 1
1546571969193414 78 1
1546571969199496 170 -1
1546571969199512 9 -1
1546571969204417 3329 -1
1546571969206079 236 -1
1546571969206097 9 -1
1546571969219643 16383 -1
1546571969219680 1 -1
1546571969219769 9 -1
1546571969244908 16382 -1
1546571969245561 2 -1
1546571969245659 143 -1
1546571969245667 9 -1
1546571969245672 2617 -1
1546571969245679 9 -1
1546571969272110 16383 -1
1546571969272129 1 -1
1546571969272136 9 -1
1546571969299949 16382 -1
1546571969299967 2 -1
1546571969300591 9 -1
1546571969323273 16381 -1
1546571969323306 3 -1
1546571969323314 9 -1
1546571969326278 406 1
1546571969335248 16380 -1
1546571969335266 4 -1
1546571969335272 9 -1
1546571969347148 16383 -1
1546571969347169 1 -1
1546571969347175 9 -1
1546571969347187 406 1
1546571969357101 16382 -1
1546571969357204 2 -1
1546571969357211 9 -1
1546571969366513 16381 -1
1546571969366534 3 -1
1546571969366540 9 -1
1546571969377054 16380 -1
1546571969377074 4 -1
1546571969377079 9 -1
1546571969385604 16379 -1
1546571969385628 5 -1
1546571969385635 9 -1
1546571969389127 16378 -1
1546571969389148 6 -1
1546571969389153 9 -1
1546571969399630 16377 -1
1546571969399667 7 -1
1546571969399673 9 -1
1546571969411970 16376 -1
1546571969411987 8 -1
1546571969411992 9 -1
1546571969415655 16375 -1
1546571969415671 9 -1
1546571969415677 9 -1
1546571969433042 16374 -1
1546571969433058 10 -1
1546571969433063 9 -1
1546571969437720 16373 -1
1546571969437738 11 -1
1546571969437744 9 -1
1546571969448339 16372 -1
1546571969448363 12 -1
1546571969448368 9 -1
1546571969478805 16371 -1
1546571969478827 13 -1
1546571969478833 9 -1
1546571969484484 16370 -1
1546571969484499 14 -1
1546571969484504 9 -1
1546571969512817 16369 -1
1546571969512832 15 -1
1546571969512836 9 -1
1546571969535961 16368 -1
1546571969535981 16 -1
1546571969535986 137 -1
1546571969535994 138 -1
1546571969535998 9 -1
1546571969549520 16383 -1
1546571969549534 1 -1
1546571969549538 9 -1
1546571969569263 16383 -1
1546571969569279 1 -1
1546571969569284 9 -1
1546571969591297 16383 -1
1546571969591333 1 -1
1546571969591422 9 -1
1546571969603300 8789 -1
1546571969603315 9 -1
1546571969640261 16382 -1
1546571969640276 2 -1
1546571969640282 9 -1
1546571969666776 16382 -1
1546571969666790 2 -1
1546571969666795 9 -1
1546571969688839 12162 -1
1546571969688853 9 -1
1546571969710703 16381 -1
1546571969710720 3 -1
1546571969710727 9 -1
1546571969740154 11843 -1
1546571972182932 78 1
1546571972189909 170 -1
1546571972189924 9 -1
1546571972194562 2439 -1
1546571972258546 87 1
1546571972265711 161 -1
1546571972265729 9 -1
1546571972288240 16383 -1
1546571972288465 1 -1
1546571972288473 9 -1
1546571972306025 16383 -1
1546571972306045 1 -1
1546571972306051 9 -1
1546571972317838 16382 -1
1546571972318885 2 -1
1546571972318893 9 -1
1546571972323818 13707 -1
1546571972349316 407 1
1546571972351445 407 1
1546571972356628 138 -1
1546571972356647 9 -1
1546571972362998 16383 -1
1546571972363016 1 -1
1546571972363024 9 -1
1546571972373198 16383 -1
1546571972373218 1 -1
1546571972373224 9 -1
1546571972380956 16382 -1
1546571972380975 2 -1
1546571972380981 9 -1
1546571972390591 16381 -1
1546571972390607 3 -1
1546571972390613 9 -1
1546571972392521 3141 -1
1546571972392535 136 -1
1546571972392541 9 -1
1546571972397536 16383 -1
1546571972397552 1 -1
1546571972397700 9 -1
1546571972402623 16383 -1
1546571972402642 1 -1
1546571972402648 9 -1
1546571972407006 13598 -1
1546571972711982 406 1
1546571972720292 136 -1
1546571972720313 9 -1
1546571972725317 16383 -1
1546571972725333 1 -1
1546571972725338 9 -1
1546571972726448 11309 -1
1546571978775834 17 1
0 0 0
1546571961542619 205 1
1546571961548455 39 -1
1546571961548463 13 -1
1546571961550871 9 1
1546571961553325 9 -1
1546571961555566 311 -1
1546571961555584 9 -1
1546571961555661 1807 -1
1546571961600656 17 1
