### "'127408 87946 29018 152199 24599 39176 70476 21300 20832 68407 91803 8884 222146 256606 103210 53754 61501 93797 80508 86976 31323 15489 12840 15141 42963 70071 35533 22655 9719 181915 91803'"
0 0 0
1546573221024596 201 1
1546573221024612 58 1
1546573221024621 58 1
1546573221024631 58 1
1546573221024637 58 1
1546573221025505 58 1
1546573221026355 58 1
1546573221026552 58 1
1546573221026933 59 1
1546573221028957 58 1
1546573221028971 58 1
1546573221033149 59 1
1546573221033164 58 1
0 0 0
1546573221104622 201 1
1546573221108270 39 -1
1546573221108639 13 -1
1546573221116519 9 -1
1546573221116542 9 1
1546573221120196 311 -1
1546573221121362 9 -1
1546573221121375 2617 -1
1546573221160826 17 1
0 0 0
1546573221104112 202 1
1546573221110049 39 -1
1546573221110058 13 -1
1546573221111539 9 1
1546573221117612 9 -1
1546573221117623 311 -1
1546573221117635 9 -1
1546573221122643 16383 -1
1546573221122662 1 -1
1546573221122668 9 -1
1546573221128089 12634 -1
1546573221160204 17 1
0 0 0
1546573221052388 194 1
1546573221060241 39 -1
1546573221061337 13 -1
1546573221062006 9 -1
1546573221062165 308 -1
1546573221063362 9 -1
1546573221066074 9 1
1546573221075825 16383 -1
1546573221075843 1 -1
1546573221075851 9 -1
1546573221078351 16383 -1
1546573221078369 1 -1
1546573221078375 9 -1
1546573221080529 16382 -1
1546573221080544 2 -1
1546573221080602 9 -1
1546573221086996 16381 -1
1546573221087019 3 -1
1546573221087026 9 -1
1546573221092028 16383 -1
1546573221092044 1 -1
1546573221092050 9 -1
1546573221106060 16383 -1
1546573221106079 1 -1
1546573221106085 9 -1
1546573221107603 16382 -1
1546573221107624 2 -1
1546573221107631 9 -1
1546573221145025 12720 -1
1546573221147581 17 1
0 0 0
1546573221042016 182 1
0 0 0
1546573221104770 39 -1
1546573221105119 13 -1
1546573221105140 182 1
1546573221106990 9 1
1546573221111311 9 -1
1546573221112330 294 -1
1546573221112345 9 -1
1546573221123987 16383 -1
1546573221124000 1 -1
1546573221124006 9 -1
1546573221127986 16382 -1
1546573221128003 2 -1
1546573221128009 9 -1
1546573221130168 16383 -1
1546573221130185 1 -1
1546573221130191 9 -1
1546573221141062 16382 -1
1546573221141081 2 -1
1546573221141087 9 -1
1546573221147452 16381 -1
1546573221147472 3 -1
1546573221147478 9 -1
1546573221148028 6026 -1
1546573221189060 17 1
0 0 0
1546573221384014 212 1
1546573221384031 87 1
1546573221384087 88 1
1546573221384137 88 1
1546573221384198 88 1
1546573221384209 88 1
1546573221384321 88 1
1546573221384333 89 1
1546573221384342 87 1
1546573221386503 39 -1
1546573221387469 9 1
1546573221390879 13 -1
1546573221391645 9 -1
1546573221397473 320 -1
1546573221398288 9 -1
1546573221399919 5267 -1
1546573221415145 159 -1
1546573221415165 9 -1
1546573221419417 15834 -1
1546573221420042 550 -1
1546573221420057 9 -1
1546573221420867 15833 -1
1546573221422648 551 -1
1546573221422664 9 -1
1546573221424071 15832 -1
1546573221424889 552 -1
1546573221424898 9 -1
1546573221426947 15831 -1
1546573221429524 553 -1
1546573221429543 9 -1
1546573221431034 15830 -1
1546573221432126 554 -1
1546573221432152 9 -1
1546573221432920 15829 -1
1546573221432937 555 -1
1546573221432988 9 -1
1546573221435381 15828 -1
1546573221435402 556 -1
1546573221435506 9 -1
1546573221438944 15827 -1
1546573221438971 557 -1
1546573221438978 9 -1
1546573221440847 15826 -1
1546573221440932 558 -1
1546573221440941 9 -1
1546573221444911 4743 -1
1546573221444924 159 -1
1546573221447351 146 -1
1546573221447365 159 -1
1546573221447372 154 -1
1546573221447381 157 -1
1546573221447515 159 -1
1546573221447523 161 -1
1546573221447528 9 -1
1546573221449514 15835 -1
1546573221449527 549 -1
1546573221449535 9 -1
1546573221460992 15835 -1
1546573221461011 549 -1
1546573221461020 9 -1
1546573221461120 15835 -1
1546573221461128 549 -1
1546573221461135 9 -1
1546573221467923 15835 -1
1546573221467941 549 -1
1546573221467953 9 -1
1546573221473171 15835 -1
1546573221473851 549 -1
1546573221473889 9 -1
1546573221481378 15835 -1
1546573221481398 549 -1
1546573221483211 9 -1
1546573221486771 15832 -1
1546573221488658 552 -1
1546573221488674 9 -1
1546573221500452 8215 -1
1546573221500477 9 -1
1546573221505157 15834 -1
1546573221505177 550 -1
1546573221505185 9 -1
1546573221506670 15834 -1
1546573221506783 550 -1
1546573221506880 9 -1
1546573221510924 4916 -1
1546573221510940 9 -1
1546573221511921 4448 -1
1546573221511987 9 -1
1546573221524496 15834 -1
1546573221524516 550 -1
1546573221524524 9 -1
1546573221527639 15831 -1
1546573221527677 553 -1
1546573221527758 9 -1
1546573221528368 6408 -1
1546573221528393 9 -1
1546573221533502 15833 -1
1546573221535685 551 -1
1546573221535706 9 -1
1546573221548639 15833 -1
1546573221548656 551 -1
1546573221548667 9 -1
1546573221553623 15830 -1
1546573221553642 554 -1
1546573221553649 9 -1
1546573221559447 15832 -1
1546573221559470 552 -1
1546573221559477 9 -1
1546573221570012 15832 -1
1546573221570028 552 -1
1546573221570034 9 -1
1546573221581565 15829 -1
1546573221581584 555 -1
1546573221581692 9 -1
1546573221592103 4940 -1
1546573221592119 9 -1
1546573221592123 2871 -1
1546573221592131 9 -1
1546573221599440 15828 -1
1546573221599459 556 -1
1546573221599470 9 -1
1546573221602693 9883 -1
1546573224440708 81 1
1546573224441926 77 1
1546573224441942 78 1
1546573224446355 78 1
1546573224446431 78 1
1546573224448435 171 -1
1546573224448454 9 -1
1546573224448460 2261 -1
1546573224456596 251 -1
1546573224456614 9 -1
1546573224456696 2617 -1
1546573224456702 147 -1
1546573224456707 9 -1
1546573224461903 4041 -1
1546573224461921 148 -1
1546573224461928 9 -1
1546573224463178 3329 -1
1546573224463197 147 -1
1546573224463203 9 -1
1546573224467752 2617 -1
1546573224500718 63 1
1546573224503413 63 1
1546573224503427 63 1
1546573224505651 63 1
1546573224505666 62 1
1546573224505727 62 1
1546573224507346 129 -1
1546573224507355 9 -1
1546573224513357 8884 -1
1546573224515793 129 -1
1546573224515799 9 -1
1546573224527535 7167 -1
1546573224527549 129 -1
1546573224527598 9 -1
1546573224535082 5305 -1
1546573224535094 130 -1
1546573224535098 9 -1
1546573224537106 4697 -1
1546573224537239 128 -1
1546573224537246 9 -1
1546573224539027 5222 -1
1546573224541150 129 -1
1546573224541157 9 -1
1546573224543602 5999 -1
1546573227490026 77 1
1546573227490040 58 1
1546573227490049 58 1
1546573227490056 58 1
1546573227490063 58 1
1546573227490138 59 1
1546573227490146 59 1
1546573227490185 59 1
1546573227498864 171 -1
1546573227498923 9 -1
1546573227498929 2617 -1
1546573227498936 223 -1
1546573227502072 9 -1
1546573227513782 15873 -1
1546573227513802 511 -1
1546573227513812 9 -1
1546573227525208 15872 -1
1546573227525223 512 -1
1546573227525230 9 -1
1546573227537181 15871 -1
1546573227537199 513 -1
1546573227537480 9 -1
1546573227547308 15870 -1
1546573227547329 514 -1
1546573227547336 130 -1
1546573227547343 9 -1
1546573227554748 15873 -1
1546573227557659 511 -1
1546573227557679 9 -1
1546573227567217 15872 -1
1546573227567235 512 -1
1546573227567244 9 -1
1546573227580254 86 1
1546573227580270 88 1
1546573227595592 89 1
1546573227595606 88 1
1546573227595615 88 1
1546573227595624 88 1
1546573227595689 88 1
1546573227595699 88 1
1546573227595708 87 1
1546573227595716 88 1
1546573227596521 88 1
1546573227596660 87 1
1546573227597783 15871 -1
1546573227597799 513 -1
1546573227597808 9 -1
1546573227599533 15870 -1
1546573227599552 514 -1
1546573227599561 9 -1
1546573227602398 15869 -1
1546573227602415 515 -1
1546573227602425 9 -1
1546573227608743 15868 -1
1546573227608764 516 -1
1546573227608773 9 -1
1546573227618972 15867 -1
1546573227620046 517 -1
1546573227621844 9 -1
1546573227632906 16383 -1
1546573227632927 1 -1
1546573227633475 130 -1
1546573227633483 126 -1
1546573227633490 130 -1
1546573227633499 131 -1
1546573227633586 130 -1
1546573227633593 9 -1
1546573227641358 16383 -1
1546573227641378 1 -1
1546573227641385 9 -1
1546573227657302 16383 -1
1546573227657406 1 -1
1546573227657413 9 -1
1546573227659136 15873 -1
1546573227659157 511 -1
1546573227659165 9 -1
1546573227672174 15874 -1
1546573227672191 510 -1
1546573227672198 9 -1
1546573227677388 15874 -1
1546573227678740 510 -1
1546573227678757 9 -1
1546573227684967 15874 -1
1546573227684986 510 -1
1546573227686202 9 -1
1546573227708736 15874 -1
1546573227709557 510 -1
1546573227709573 9 -1
1546573227716685 16382 -1
1546573227716708 2 -1
1546573227716714 9 -1
1546573227741767 16382 -1
1546573227741789 2 -1
1546573227741796 9 -1
1546573227741941 15872 -1
1546573227755144 512 -1
1546573227755159 9 -1
1546573227764614 15873 -1
1546573227764635 511 -1
1546573227764643 9 -1
1546573227783360 15873 -1
1546573227784963 511 -1
1546573227785050 9 -1
1546573227810718 15873 -1
1546573227826911 511 -1
1546573227829451 9 -1
1546573227860130 15873 -1
1546573227860152 511 -1
1546573227860161 9 -1
1546573227861642 406 1
1546573227893702 16381 -1
1546573227893720 3 -1
1546573227893726 9 -1
1546573227910218 16381 -1
1546573227910236 3 -1
1546573227910243 9 -1
1546573227921230 15871 -1
1546573227921251 513 -1
1546573227921330 9 -1
1546573227930149 15872 -1
1546573227933541 512 -1
1546573227933553 9 -1
1546573227940819 15872 -1
1546573227940838 512 -1
1546573227940846 9 -1
1546573227952234 15872 -1
1546573227952324 512 -1
1546573227952332 9 -1
1546573227966920 15872 -1
1546573227968458 512 -1
1546573227968471 9 -1
1546573227975325 16380 -1
1546573227975343 4 -1
1546573227975427 9 -1
1546573227997374 16380 -1
1546573227997391 4 -1
1546573227997396 9 -1
1546573228006006 15870 -1
1546573228006025 514 -1
1546573228006196 9 -1
1546573228008014 4602 -1
1546573228008030 9 -1
1546573228029154 12349 -1
1546573228029172 9 -1
1546573228044563 15871 -1
1546573228044583 513 -1
1546573228044591 9 -1
1546573228060034 15871 -1
1546573228060053 513 -1
1546573228060062 9 -1
1546573228079797 16379 -1
1546573228079823 5 -1
1546573228080064 9 -1
1546573228090840 16379 -1
1546573228090859 5 -1
1546573228090865 9 -1
1546573228108248 15869 -1
1546573228108267 515 -1
1546573228109955 9 -1
1546573228119834 15870 -1
1546573228119853 514 -1
1546573228120037 9 -1
1546573228132447 14972 -1
1546573228132480 9 -1
1546573228156702 16378 -1
1546573228156721 6 -1
1546573228156731 160 -1
1546573228156886 155 -1
1546573228156895 9 -1
1546573228165577 16378 -1
1546573228165597 6 -1
1546573228165604 158 -1
1546573228165615 167 -1
1546573228165621 263 -1
1546573228165691 153 -1
1546573228165966 158 -1
1546573228165977 154 -1
1546573228165984 157 -1
1546573228166071 154 -1
1546573228166081 155 -1
1546573228166351 161 -1
1546573228166360 9 -1
1546573228195797 15868 -1
1546573228195820 516 -1
1546573228195829 9 -1
1546573228211085 11877 -1
1546573228211107 9 -1
1546573228228439 16377 -1
1546573228228463 7 -1
1546573228228469 9 -1
1546573228246399 16377 -1
1546573228246415 7 -1
1546573228246421 9 -1
1546573228252683 4906 -1
1546573228252708 9 -1
1546573228261711 16376 -1
1546573228261729 8 -1
1546573228261734 9 -1
1546573228269088 10846 -1
1546573228269195 9 -1
1546573228277627 16375 -1
1546573228277646 9 -1
1546573228277809 9 -1
1546573228282683 9154 -1
1546573228282702 135 -1
1546573228282708 9 -1
1546573228290632 16383 -1
1546573228290652 1 -1
1546573228290659 9 -1
1546573228304546 16383 -1
1546573228304570 1 -1
1546573228304681 9 -1
1546573228308557 15489 -1
1546573228308576 9 -1
1546573228311829 7327 -1
1546573228311845 9 -1
1546573228318441 12840 -1
1546573228318459 9 -1
1546573228321691 7248 -1
1546573228321898 9 -1
1546573228329219 15141 -1
1546573228329302 9 -1
1546573228336005 16383 -1
1546573228336088 1 -1
1546573228336098 9 -1
1546573228347014 16383 -1
1546573228347156 1 -1
1546573228347331 9 -1
1546573228352463 15835 -1
1546573228353865 549 -1
1546573228353965 9 -1
1546573228367796 16383 -1
1546573228367819 1 -1
1546573228367826 9 -1
1546573228370439 15831 -1
1546573228370469 553 -1
1546573228370478 9 -1
1546573228383123 9719 -1
1546573228383142 9 -1
1546573228390123 16382 -1
1546573228390145 2 -1
1546573228390154 9 -1
1546573228406543 14939 -1
1546573228406913 9 -1
1546573228417493 16382 -1
1546573228417516 2 -1
1546573228417522 9 -1
1546573228427215 16382 -1
1546573228427230 2 -1
1546573228427407 9 -1
1546573228445422 15834 -1
1546573228445441 550 -1
1546573228445449 9 -1
1546573228446655 6271 -1
1546573228446673 9 -1
1546573228456669 15830 -1
1546573228456688 554 -1
1546573228456781 9 -1
1546573228468198 16381 -1
1546573228468214 3 -1
1546573228468218 9 -1
1546573228480377 10195 -1
1546573228480394 9 -1
1546573228501741 16381 -1
1546573228501757 3 -1
1546573228501763 9 -1
1546573228502270 2765 -1
1546573228502285 9 -1
1546573228528756 15829 -1
1546573228528785 555 -1
1546573228528812 9 -1
1546573228555778 16380 -1
1546573228555795 4 -1
1546573228555802 9 -1
1546573228589166 16380 -1
1546573228589186 4 -1
1546573228589192 9 -1
1546573228596205 15828 -1
1546573228596374 556 -1
1546573228596383 9 -1
1546573228629939 16379 -1
1546573228629954 5 -1
1546573228629960 9 -1
1546573228635477 4535 -1
1546573228635493 9 -1
1546573228685175 16383 -1
1546573228685193 1 -1
1546573228685200 9 -1
1546573228697035 5056 -1
1546573228697052 9 -1
1546573228724124 16382 -1
1546573228724142 2 -1
1546573228724147 9 -1
1546573228754645 16381 -1
1546573228754665 3 -1
1546573228754671 9 -1
1546573228778038 16380 -1
1546573228778063 4 -1
1546573228778069 9 -1
1546573228790008 16379 -1
1546573228790025 5 -1
1546573228790032 9 -1
1546573228807333 16378 -1
1546573228807353 6 -1
1546573228807358 9 -1
1546573228818761 16377 -1
1546573228818777 7 -1
1546573228818781 9 -1
1546573228819451 1691 -1
1546573230742694 87 1
1546573230749813 184 -1
1546573230749837 9 -1
1546573230772854 16383 -1
1546573230772871 1 -1
1546573230772876 9 -1
1546573230782105 16383 -1
1546573230782122 1 -1
1546573230782129 9 -1
1546573230799549 16382 -1
1546573230799568 2 -1
1546573230799574 9 -1
1546573230841290 16381 -1
1546573230841304 3 -1
1546573230841308 9 -1
1546573230867838 16383 -1
1546573230867853 1 -1
1546573230867857 9 -1
1546573230885062 9883 -1
1546573234140064 17 1
