### "'127408 234253 10111 10459 256606 222146 103210 53754 61501 93797 80508 31323 86976 15489 12840 15141 42963 70071 35533 22655 9719 181915 91803'"
0 0 0
1546573312148170 187 1
1546573312148182 63 1
1546573312148188 63 1
1546573312148195 63 1
1546573312148263 63 1
1546573312148553 63 1
1546573312150739 39 -1
1546573312150745 13 -1
1546573312152225 9 1
1546573312155870 9 -1
1546573312155878 292 -1
1546573312155886 9 -1
1546573312157120 5570 -1
1546573312157130 129 -1
1546573312157134 9 -1
1546573312163380 7703 -1
1546573312163735 129 -1
1546573312163750 9 -1
1546573312169470 6092 -1
1546573312169500 131 -1
1546573312169741 9 -1
1546573312170512 81 1
1546573312170525 77 1
1546573312172117 10111 -1
1546573312172139 130 -1
1546573312174402 9 -1
1546573312180473 7310 -1
1546573312180714 118 -1
1546573312180721 9 -1
1546573312180838 78 1
1546573312182830 78 1
1546573312182845 78 1
1546573312184374 10459 -1
1546573312184388 148 -1
1546573312184393 9 -1
1546573312185513 2261 -1
1546573312185529 147 -1
1546573312185537 9 -1
1546573312185541 2617 -1
1546573312187774 147 -1
1546573312187793 9 -1
1546573312188381 4041 -1
1546573312202683 148 -1
1546573312202698 9 -1
1546573312202737 3329 -1
1546573312202745 147 -1
1546573312202750 9 -1
1546573312203670 2617 -1
1546573312422632 77 1
1546573312423423 58 1
1546573312424961 58 1
1546573312428180 58 1
1546573312428921 58 1
1546573312429075 59 1
1546573312429083 59 1
1546573312429091 59 1
1546573312430444 275 -1
1546573312430457 9 -1
1546573312430654 2617 -1
1546573312434958 130 -1
1546573312434970 9 -1
1546573312452406 15873 -1
1546573312452431 511 -1
1546573312452440 9 -1
1546573312455700 15872 -1
1546573312455719 512 -1
1546573312455728 9 -1
1546573312457947 15871 -1
1546573312457967 513 -1
1546573312457976 9 -1
1546573312460039 15870 -1
1546573312460055 514 -1
1546573312460062 9 -1
1546573312463955 16383 -1
1546573312463976 1 -1
1546573312463984 9 -1
1546573312469410 16382 -1
1546573312469430 2 -1
1546573312469435 9 -1
1546573312470715 16381 -1
1546573312470734 3 -1
1546573312470740 9 -1
1546573312472668 16380 -1
1546573312472684 4 -1
1546573312472893 119 -1
1546573312472899 130 -1
1546573312472903 130 -1
1546573312472967 130 -1
1546573312472972 131 -1
1546573312473037 130 -1
1546573312474253 9 -1
1546573312475661 16383 -1
1546573312475677 1 -1
1546573312475682 9 -1
1546573312478097 16383 -1
1546573312478112 1 -1
1546573312478117 9 -1
1546573312480709 16383 -1
1546573312480736 1 -1
1546573312480742 9 -1
1546573312491763 16383 -1
1546573312491784 1 -1
1546573312491792 9 -1
1546573312495056 16383 -1
1546573312495076 1 -1
1546573312495082 9 -1
1546573312499241 15874 -1
1546573312499260 510 -1
1546573312499267 9 -1
1546573312504548 15874 -1
1546573312504568 510 -1
1546573312504709 9 -1
1546573312504721 86 1
1546573312508589 88 1
1546573312508603 89 1
1546573312508612 88 1
1546573312510355 88 1
1546573312512935 88 1
1546573312513044 88 1
1546573312513053 88 1
1546573312513106 87 1
1546573312517686 88 1
1546573312517698 88 1
1546573312518016 87 1
1546573312519128 16382 -1
1546573312519258 2 -1
1546573312519266 9 -1
1546573312520825 16382 -1
1546573312521135 2 -1
1546573312521487 9 -1
1546573312526841 16382 -1
1546573312526861 2 -1
1546573312526868 9 -1
1546573312533050 16382 -1
1546573312533065 2 -1
1546573312533071 9 -1
1546573312542690 16382 -1
1546573312542708 2 -1
1546573312542714 9 -1
1546573312547573 15873 -1
1546573312549438 511 -1
1546573312549456 9 -1
1546573312556917 15873 -1
1546573312556935 511 -1
1546573312556941 9 -1
1546573312563243 16381 -1
1546573312563262 3 -1
1546573312563270 9 -1
1546573312569405 16381 -1
1546573312569428 3 -1
1546573312569434 9 -1
1546573312575318 16381 -1
1546573312575338 3 -1
1546573312575344 9 -1
1546573312580589 16381 -1
1546573312580606 3 -1
1546573312580611 9 -1
1546573312586102 16381 -1
1546573312586129 3 -1
1546573312586134 9 -1
1546573312601196 16383 -1
1546573312601217 1 -1
1546573312601224 9 -1
1546573312604754 15872 -1
1546573312604773 512 -1
1546573312604781 9 -1
1546573312609896 16380 -1
1546573312609915 4 -1
1546573312609923 9 -1
1546573312622345 16380 -1
1546573312622366 4 -1
1546573312622372 9 -1
1546573312624756 16380 -1
1546573312624776 4 -1
1546573312624783 9 -1
1546573312627054 4602 -1
1546573312627075 9 -1
1546573312627089 406 1
1546573312632340 12349 -1
1546573312632465 9 -1
1546573312640751 16382 -1
1546573312640766 2 -1
1546573312640771 9 -1
1546573312647027 15871 -1
1546573312648552 513 -1
1546573312648571 9 -1
1546573312654849 16379 -1
1546573312654865 5 -1
1546573312654871 9 -1
1546573312663783 16379 -1
1546573312663800 5 -1
1546573312663807 9 -1
1546573312668391 16379 -1
1546573312668409 5 -1
1546573312668416 9 -1
1546573312677101 16381 -1
1546573312677121 3 -1
1546573312677127 9 -1
1546573312687908 14972 -1
1546573312688208 9 -1
1546573312691633 16378 -1
1546573312691651 6 -1
1546573312693721 9 -1
1546573312700241 16378 -1
1546573312700738 6 -1
1546573312700742 9 -1
1546573312715426 16378 -1
1546573312715443 6 -1
1546573312715448 9 -1
1546573312717972 11877 -1
1546573312717989 9 -1
1546573312736457 16377 -1
1546573312736474 7 -1
1546573312736479 9 -1
1546573312759178 16377 -1
1546573312759198 7 -1
1546573312759204 9 -1
1546573312764534 4906 -1
1546573312764550 9 -1
1546573312776267 16376 -1
1546573312776415 8 -1
1546573312776423 9 -1
1546573312787567 10846 -1
1546573312787590 9 -1
1546573312800384 16375 -1
1546573312800401 9 -1
1546573312801393 9 -1
1546573312809998 16374 -1
1546573312810015 10 -1
1546573312810083 9 -1
1546573312817637 16373 -1
1546573312817653 11 -1
1546573312817657 9 -1
1546573312826699 16372 -1
1546573312826715 12 -1
1546573312826719 9 -1
1546573312837239 16371 -1
1546573312837253 13 -1
1546573312837632 160 -1
1546573312837642 155 -1
1546573312837804 158 -1
1546573312837812 286 -1
1546573312837878 153 -1
1546573312837885 9 -1
1546573312839637 9154 -1
1546573312839645 144 -1
1546573312841226 158 -1
1546573312841234 154 -1
1546573312841241 157 -1
1546573312841355 154 -1
1546573312841467 155 -1
1546573312841473 161 -1
1546573312841561 135 -1
1546573312841651 9 -1
1546573312846799 16383 -1
1546573312846810 1 -1
1546573312846814 9 -1
1546573312857728 16383 -1
1546573312857737 1 -1
1546573312857743 9 -1
1546573312868390 15489 -1
1546573312868407 9 -1
1546573312872772 7327 -1
1546573312872795 9 -1
1546573312882519 12840 -1
1546573312882534 9 -1
1546573312883265 7248 -1
1546573312883275 9 -1
1546573312893807 15141 -1
1546573312893826 9 -1
1546573312907588 16383 -1
1546573312907604 1 -1
1546573312907785 9 -1
1546573312918574 15832 -1
1546573312921738 552 -1
1546573312921761 9 -1
1546573312933594 16383 -1
1546573312933609 1 -1
1546573312933613 9 -1
1546573312943376 16383 -1
1546573312943392 1 -1
1546573312943398 9 -1
1546573312957022 16383 -1
1546573312957037 1 -1
1546573312957042 9 -1
1546573312966101 9719 -1
1546573312966117 9 -1
1546573312977561 16382 -1
1546573312977576 2 -1
1546573312977580 9 -1
1546573312999791 14939 -1
1546573312999807 9 -1
1546573313011091 16382 -1
1546573313011111 2 -1
1546573313011117 9 -1
1546573313027113 15831 -1
1546573313027129 553 -1
1546573313027136 9 -1
1546573313042208 16382 -1
1546573313042237 2 -1
1546573313042243 9 -1
1546573313056377 6271 -1
1546573313056396 9 -1
1546573313058472 16382 -1
1546573313058489 2 -1
1546573313058494 9 -1
1546573313077096 16381 -1
1546573313077203 3 -1
1546573313077419 9 -1
1546573313092485 10195 -1
1546573313092503 9 -1
1546573313103735 15830 -1
1546573313103755 554 -1
1546573313103763 9 -1
1546573313105670 2765 -1
1546573313105743 9 -1
1546573313121839 16381 -1
1546573313121861 3 -1
1546573313121868 9 -1
1546573313151689 16380 -1
1546573313151708 4 -1
1546573313151714 9 -1
1546573313164557 16383 -1
1546573313164777 1 -1
1546573313164966 9 -1
1546573313186240 16380 -1
1546573313186259 4 -1
1546573313186265 9 -1
1546573313212038 16379 -1
1546573313212062 5 -1
1546573313212067 9 -1
1546573313213102 4535 -1
1546573313213128 9 -1
1546573313229431 16379 -1
1546573313229446 5 -1
1546573313229450 9 -1
1546573313238365 5056 -1
1546573313238379 9 -1
1546573313244180 16378 -1
1546573313244205 6 -1
1546573313245597 9 -1
1546573313257436 16377 -1
1546573313257455 7 -1
1546573313257460 9 -1
1546573313275517 16376 -1
1546573313275536 8 -1
1546573313275544 9 -1
1546573313284681 16375 -1
1546573313284696 9 -1
1546573313284701 9 -1
1546573313299375 16374 -1
1546573313299390 10 -1
1546573313299394 9 -1
1546573313311453 16373 -1
1546573313311469 11 -1
1546573313311475 9 -1
1546573313313132 1691 -1
1546573315729983 87 1
1546573315736944 184 -1
1546573315737782 9 -1
1546573315751206 16383 -1
1546573315751229 1 -1
1546573315751236 9 -1
1546573315757856 16382 -1
1546573315757877 2 -1
1546573315757886 9 -1
1546573315770917 16381 -1
1546573315770937 3 -1
1546573315770944 9 -1
1546573315780580 16380 -1
1546573315780599 4 -1
1546573315780796 9 -1
1546573315792326 16379 -1
1546573315792508 5 -1
1546573315793024 9 -1
1546573315797498 9883 -1
1546573317213774 17 1
0 0 0
1546573308407159 201 1
1546573308418091 39 -1
1546573308418101 13 -1
1546573308418179 9 -1
1546573308430937 311 -1
1546573308430956 9 -1
1546573308430961 2617 -1
1546573308431291 9 1
1546573308471942 17 1
0 0 0
1546573312056614 187 1
1546573312058918 63 1
1546573312058932 63 1
1546573312058940 63 1
1546573312058947 62 1
1546573312058954 62 1
0 0 0
1546573308708920 211 1
1546573308709065 88 1
1546573308709413 88 1
1546573308709427 88 1
1546573308709436 88 1
1546573308709446 88 1
1546573308709456 88 1
1546573308709464 89 1
1546573308709472 87 1
0 0 0
1546573308359533 194 1
1546573308365131 39 -1
1546573308365139 13 -1
1546573308370091 9 -1
1546573308371167 308 -1
1546573308371213 9 -1
1546573308377539 9 1
1546573308389060 16383 -1
1546573308389077 1 -1
1546573308389084 9 -1
1546573308393642 16382 -1
1546573308393705 2 -1
1546573308393713 9 -1
1546573308395734 16381 -1
1546573308395750 3 -1
1546573308395755 9 -1
1546573308395853 16383 -1
1546573308395860 1 -1
1546573308395865 9 -1
1546573308401577 16382 -1
1546573308401774 2 -1
1546573308401812 9 -1
1546573308431851 16381 -1
1546573308431863 3 -1
1546573308431869 9 -1
1546573308433480 16380 -1
1546573308433498 4 -1
1546573308433505 9 -1
1546573308436238 12720 -1
1546573308440284 17 1
0 0 0
1546573308354309 202 1
1546573308359626 58 1
1546573308359637 58 1
1546573308359645 58 1
1546573308359949 58 1
1546573308360188 58 1
1546573308360291 58 1
1546573308360548 58 1
1546573308360559 59 1
0 0 0
1546573308374080 182 1
1546573308375978 39 -1
1546573308375984 13 -1
1546573308378640 9 1
1546573308382052 9 -1
1546573308382061 295 -1
1546573308382074 9 -1
1546573308385811 16383 -1
1546573308385826 1 -1
1546573308385832 9 -1
1546573308386009 16383 -1
1546573308386018 1 -1
1546573308386023 9 -1
1546573308386121 16382 -1
1546573308386129 2 -1
1546573308386133 9 -1
1546573308404123 16381 -1
1546573308404627 3 -1
1546573308404635 9 -1
1546573308407784 16383 -1
1546573308407869 1 -1
1546573308408005 9 -1
1546573308433609 16382 -1
1546573308433621 2 -1
1546573308433626 9 -1
1546573308436202 16381 -1
1546573308436221 3 -1
1546573308436752 9 -1
1546573308437506 16380 -1
1546573308437525 4 -1
1546573308437659 9 -1
1546573308440689 16383 -1
1546573308440705 1 -1
1546573308440712 9 -1
1546573308443295 16382 -1
1546573308443316 2 -1
1546573308443323 9 -1
1546573308445086 16381 -1
1546573308445453 3 -1
1546573308445461 9 -1
1546573308447130 16380 -1
1546573308447149 4 -1
1546573308447155 9 -1
1546573308457246 16379 -1
1546573308457263 5 -1
1546573308457268 9 -1
1546573308462281 16378 -1
1546573308462313 6 -1
1546573308462328 9 -1
1546573308463374 4877 -1
1546573308492741 17 1
0 0 0
1546573308374968 39 -1
1546573308375390 13 -1
1546573308377880 201 1
1546573308379111 9 1
1546573308390796 9 -1
1546573308391207 309 -1
1546573308391217 9 -1
1546573308391222 1883 -1
1546573308399312 17 1
0 0 0
1546573308375779 182 1
