### "'222402 118249 130692 15695 592809 88718 131029 9522 9861 109531 128726 158359 105271 160347 1185862 43752 239276 126087 74210 54542 53215 81321 86938 103482 94461 88718'"
0 0 0
1546575095303687 39 -1
1546575095304124 13 -1
1546575095311415 208 1
1546575095314072 9 1
1546575095318376 9 -1
1546575095340001 312 -1
1546575095345081 9 -1
1546575095345091 2617 -1
1546575095364940 17 1
0 0 0
1546575095283695 39 -1
1546575095283704 13 -1
1546575095300564 209 1
1546575095304762 9 -1
1546575095310854 312 -1
1546575095310946 9 -1
1546575095311625 9 1
1546575095315795 15695 -1
1546575095356671 17 1
0 0 0
1546575095294634 39 -1
1546575095295539 13 -1
1546575095302106 189 1
1546575095307493 9 -1
1546575095308366 292 -1
1546575095308566 9 -1
1546575095313382 9 1
1546575095315206 16383 -1
1546575095315222 1 -1
1546575095315231 9 -1
1546575095316580 16382 -1
1546575095316598 2 -1
1546575095316603 9 -1
1546575095324017 16383 -1
1546575095324035 1 -1
1546575095324041 9 -1
1546575095325974 16382 -1
1546575095325993 2 -1
1546575095325999 9 -1
1546575095332692 16381 -1
1546575095333074 3 -1
1546575095333082 9 -1
1546575095345208 16380 -1
1546575095345217 4 -1
1546575095345224 9 -1
1546575095347215 16379 -1
1546575095347237 5 -1
1546575095347243 9 -1
1546575095435577 3561 -1
1546575095437462 17 1
0 0 0
1546575095239380 201 1
1546575095248835 39 -1
1546575095248844 13 -1
1546575095250537 9 1
1546575095252470 9 -1
1546575095252480 306 -1
1546575095252492 9 -1
1546575095252629 16383 -1
1546575095252639 1 -1
1546575095252644 9 -1
1546575095255466 16383 -1
1546575095255481 1 -1
1546575095255487 9 -1
1546575095266063 16382 -1
1546575095266088 2 -1
1546575095266095 9 -1
1546575095271224 16381 -1
1546575095271335 3 -1
1546575095271484 9 -1
1546575095276101 16383 -1
1546575095276354 1 -1
1546575095276518 9 -1
1546575095278280 16382 -1
1546575095278297 2 -1
1546575095278303 9 -1
1546575095278404 16381 -1
1546575095278414 3 -1
1546575095278419 9 -1
1546575095278524 16380 -1
1546575095278532 4 -1
1546575095278537 9 -1
1546575095278665 16383 -1
1546575095278674 1 -1
1546575095278679 9 -1
1546575095278779 16382 -1
1546575095278788 2 -1
1546575095278793 9 -1
1546575095285565 16381 -1
1546575095285592 3 -1
1546575095285680 9 -1
1546575095289760 16380 -1
1546575095289898 4 -1
1546575095290332 9 -1
1546575095293563 16379 -1
1546575095293769 5 -1
1546575095293936 9 -1
1546575095296817 9410 -1
1546575095347514 17 1
0 0 0
1546575095313978 188 1
1546575095318805 39 -1
1546575095319784 13 -1
1546575095320655 9 1
1546575095323376 9 -1
1546575095324399 295 -1
1546575095324440 9 -1
1546575095327212 16383 -1
1546575095327227 1 -1
1546575095327668 9 -1
1546575095337657 16383 -1
1546575095337671 1 -1
1546575095337677 9 -1
1546575095345360 16382 -1
1546575095345502 2 -1
1546575095346689 9 -1
1546575095356869 16381 -1
1546575095356886 3 -1
1546575095356892 9 -1
1546575095361206 16380 -1
1546575095361229 4 -1
1546575095361235 9 -1
1546575095362057 16379 -1
1546575095362077 5 -1
1546575095362082 9 -1
1546575095364577 16378 -1
1546575095364599 6 -1
1546575095364698 9 -1
1546575095374805 16377 -1
1546575095374824 7 -1
1546575095374831 9 -1
1546575095379870 16383 -1
1546575095380224 1 -1
1546575095380233 9 -1
1546575095387080 16382 -1
1546575095387093 2 -1
1546575095387100 9 -1
1546575095398411 16381 -1
1546575095398430 3 -1
1546575095398438 9 -1
1546575095410101 16380 -1
1546575095411354 4 -1
1546575095411365 9 -1
1546575095425337 16379 -1
1546575095425359 5 -1
1546575095425366 9 -1
1546575095450232 16378 -1
1546575095450261 6 -1
1546575095450276 9 -1
1546575095458513 16377 -1
1546575095458533 7 -1
1546575095458540 9 -1
1546575095472418 16376 -1
1546575095472435 8 -1
1546575095472440 9 -1
1546575095485845 16375 -1
1546575095485863 9 -1
1546575095485869 9 -1
1546575095496848 16374 -1
1546575095496876 10 -1
1546575095496883 9 -1
1546575095508655 16373 -1
1546575095508675 11 -1
1546575095508683 9 -1
1546575095523988 16372 -1
1546575095524012 12 -1
1546575095524018 9 -1
1546575095538855 16371 -1
1546575095538876 13 -1
1546575095538882 9 -1
1546575095550144 16370 -1
1546575095550203 14 -1
1546575095552749 9 -1
1546575095563624 16369 -1
1546575095563644 15 -1
1546575095563656 9 -1
1546575095571415 16368 -1
1546575095571434 16 -1
1546575095571440 9 -1
1546575095582295 16383 -1
1546575095582314 1 -1
1546575095582320 9 -1
1546575095592111 16382 -1
1546575095592132 2 -1
1546575095592140 9 -1
1546575095607205 16381 -1
1546575095607224 3 -1
1546575095607231 9 -1
1546575095613207 16380 -1
1546575095613227 4 -1
1546575095613233 9 -1
1546575095628289 16379 -1
1546575095628309 5 -1
1546575095628314 9 -1
1546575095655560 16378 -1
1546575095655577 6 -1
1546575095655678 9 -1
1546575095689692 16377 -1
1546575095689712 7 -1
1546575095689718 9 -1
1546575095728247 16376 -1
1546575095728265 8 -1
1546575095728308 9 -1
1546575095756286 16375 -1
1546575095756302 9 -1
1546575095756306 9 -1
1546575095779314 16374 -1
1546575095779443 10 -1
1546575095779451 9 -1
1546575095796028 16373 -1
1546575095796043 11 -1
1546575095796269 9 -1
1546575095813545 16372 -1
1546575095813561 12 -1
1546575095813567 9 -1
1546575095818276 2985 -1
1546575095848990 17 1
0 0 0
1546575095333401 216 1
1546575095334845 86 1
1546575095334856 87 1
1546575095335729 39 -1
1546575095335738 13 -1
1546575095336871 9 1
1546575095345325 9 -1
1546575095345366 325 -1
1546575095345588 9 -1
1546575095345901 16383 -1
1546575095345914 1 -1
1546575095345920 9 -1
1546575095347357 16382 -1
1546575095347372 2 -1
1546575095347427 9 -1
1546575095354161 16383 -1
1546575095354180 1 -1
1546575095354187 9 -1
1546575095354314 16382 -1
1546575095354323 2 -1
1546575095354328 9 -1
1546575095356368 16381 -1
1546575095356387 3 -1
1546575095356392 9 -1
1546575095357625 16380 -1
1546575095357645 4 -1
1546575095357653 9 -1
1546575095366640 16379 -1
1546575095366658 5 -1
1546575095366736 161 -1
1546575095367375 162 -1
1546575095367391 9 -1
1546575095368317 16004 -1
1546575095368336 9 -1
1546575095373573 15831 -1
1546575095373817 553 -1
1546575095373829 9 -1
1546575095376808 15832 -1
1546575095376828 552 -1
1546575095377103 9 -1
1546575095377905 15830 -1
1546575095378431 554 -1
1546575095378488 9 -1
1546575095379679 15831 -1
1546575095380805 553 -1
1546575095380821 9 -1
1546575095384336 15829 -1
1546575095385240 555 -1
1546575095385258 9 -1
1546575095385744 15830 -1
1546575095386688 554 -1
1546575095386703 9 -1
1546575095388417 15828 -1
1546575095389255 556 -1
1546575095389268 9 -1
1546575095389920 15829 -1
1546575095390395 555 -1
1546575095390411 9 -1
1546575095391251 15827 -1
1546575095391263 557 -1
1546575095391270 9 -1
1546575095395711 15828 -1
1546575095395735 556 -1
1546575095395744 9 -1
1546575095398931 15826 -1
1546575095398968 558 -1
1546575095398987 9 -1
1546575095399912 6798 -1
1546575095399964 9 -1
1546575095401534 15825 -1
1546575095401556 559 -1
1546575095401586 9 -1
1546575095616294 15824 -1
1546575095616638 517 -1
1546575096413858 82 1
1546575096413875 78 1
1546575096413885 78 1
1546575096413895 78 1
1546575096414057 78 1
1546575096420750 171 -1
1546575096420777 9 -1
1546575096427654 2261 -1
1546575096427679 147 -1
1546575096429032 9 -1
1546575096432265 2795 -1
1546575096432285 149 -1
1546575096432610 9 -1
1546575096433764 3507 -1
1546575096433891 148 -1
1546575096434064 9 -1
1546575096437139 3329 -1
1546575096437438 148 -1
1546575096437477 9 -1
1546575096437613 3329 -1
1546575096625413 64 1
1546575096625581 64 1
1546575096625764 63 1
1546575096627884 63 1
1546575096627918 63 1
1546575096627929 63 1
1546575096633641 116 -1
1546575096633653 9 -1
1546575096634482 7742 -1
1546575096634500 129 -1
1546575096637995 9 -1
1546575096639865 5891 -1
1546575096639885 232 -1
1546575096639893 9 -1
1546575096641882 4978 -1
1546575096641901 129 -1
1546575096641907 9 -1
1546575096658561 6129 -1
1546575096658578 128 -1
1546575096658583 9 -1
1546575096658692 9522 -1
1546575096658701 111 -1
1546575096658705 9 -1
1546575096658769 9861 -1
1546575099934317 78 1
1546575099936492 78 1
1546575099942464 172 -1
1546575099942490 9 -1
1546575099942496 2617 -1
1546575099947464 71 -1
1546575099947475 9 -1
1546575099947484 1883 -1
1546575099948635 58 1
1546575099948744 58 1
1546575099949319 58 1
1546575099955669 132 -1
1546575099955679 9 -1
1546575099964526 59 1
1546575099965037 16383 -1
1546575099965054 1 -1
1546575099965059 9 -1
1546575099969258 59 1
1546575099975994 16383 -1
1546575099976014 1 -1
1546575099976021 9 -1
1546575099978456 58 1
1546575099981831 78 1
1546575099983759 58 1
1546575099983777 78 1
1546575099989202 58 1
1546575099990090 16382 -1
1546575099990108 2 -1
1546575099990116 9 -1
1546575099999524 16381 -1
1546575099999546 3 -1
1546575099999556 9 -1
1546575100007395 16383 -1
1546575100007413 1 -1
1546575100007669 9 -1
1546575100016072 16382 -1
1546575100016101 2 -1
1546575100016223 9 -1
1546575100026411 11227 -1
1546575100026434 129 -1
1546575100026442 126 -1
1546575100026449 130 -1
1546575100026624 131 -1
1546575100026634 9 -1
1546575100029642 16383 -1
1546575100029907 1 -1
1546575100030229 9 -1
1546575100043042 16383 -1
1546575100043064 1 -1
1546575100043071 9 -1
1546575100048350 16383 -1
1546575100048606 1 -1
1546575100048615 9 -1
1546575100059260 16383 -1
1546575100059376 1 -1
1546575100059384 9 -1
1546575100067161 16382 -1
1546575100067183 2 -1
1546575100067263 9 -1
1546575100073937 16382 -1
1546575100073958 2 -1
1546575100073966 9 -1
1546575100081409 16382 -1
1546575100081434 2 -1
1546575100081441 9 -1
1546575100086288 16382 -1
1546575100086339 2 -1
1546575100086482 9 -1
1546575100093765 16381 -1
1546575100093785 3 -1
1546575100093791 9 -1
1546575100100475 16381 -1
1546575100100496 3 -1
1546575100100504 9 -1
1546575100105578 16381 -1
1546575100105599 3 -1
1546575100105605 9 -1
1546575100111808 16381 -1
1546575100111831 3 -1
1546575100111839 9 -1
1546575100115730 16380 -1
1546575100115751 4 -1
1546575100115759 9 -1
1546575100124576 16380 -1
1546575100124597 4 -1
1546575100124604 9 -1
1546575100126646 16380 -1
1546575100126668 4 -1
1546575100126675 9 -1
1546575100133159 16380 -1
1546575100133189 4 -1
1546575100133536 9 -1
1546575100136583 58 1
1546575100141954 87 1
1546575100143665 87 1
1546575100144567 16379 -1
1546575100144587 5 -1
1546575100144594 9 -1
1546575100147112 87 1
1546575100150843 16379 -1
1546575100150864 5 -1
1546575100150870 9 -1
1546575100151508 87 1
1546575100151931 87 1
1546575100154433 87 1
1546575100156705 87 1
1546575100163908 16379 -1
1546575100163928 5 -1
1546575100163936 9 -1
1546575100168200 16379 -1
1546575100168220 5 -1
1546575100168227 9 -1
1546575100179521 16378 -1
1546575100179913 6 -1
1546575100179920 9 -1
1546575100188720 16378 -1
1546575100188862 6 -1
1546575100188870 9 -1
1546575100199169 16378 -1
1546575100199192 6 -1
1546575100199199 9 -1
1546575100208772 16378 -1
1546575100208815 6 -1
1546575100208822 9 -1
1546575100219631 16377 -1
1546575100219658 7 -1
1546575100219719 9 -1
1546575100228211 16377 -1
1546575100228230 7 -1
1546575100228239 9 -1
1546575100230068 6967 -1
1546575100230096 9 -1
1546575100238761 16377 -1
1546575100238780 7 -1
1546575100238786 9 -1
1546575100248343 14038 -1
1546575100248364 9 -1
1546575100261663 16376 -1
1546575100261767 8 -1
1546575100261773 9 -1
1546575100269730 16376 -1
1546575100269751 8 -1
1546575100269757 9 -1
1546575100283540 16375 -1
1546575100283563 9 -1
1546575100283641 9 -1
1546575100306246 16375 -1
1546575100306266 9 -1
1546575100306334 140 -1
1546575100306373 247 -1
1546575100306381 130 -1
1546575100306389 148 -1
1546575100306468 9 -1
1546575100317153 10903 -1
1546575100317175 150 -1
1546575100317183 9 -1
1546575100326983 12891 -1
1546575100327003 154 -1
1546575100327013 157 -1
1546575100327019 160 -1
1546575100327027 157 -1
1546575100327034 162 -1
1546575100327042 161 -1
1546575100330138 162 -1
1546575100330158 242 -1
1546575100330168 9 -1
1546575100344000 16383 -1
1546575100344022 1 -1
1546575100344029 9 -1
1546575100344876 2973 -1
1546575100344886 9 -1
1546575100368094 16383 -1
1546575100368112 1 -1
1546575100368119 9 -1
1546575100370318 3329 -1
1546575100370365 9 -1
1546575100387997 16383 -1
1546575100388034 1 -1
1546575100388042 9 -1
1546575100417324 16383 -1
1546575100417396 1 -1
1546575100417445 9 -1
1546575100451878 16383 -1
1546575100451901 1 -1
1546575100451908 9 -1
1546575100474846 16383 -1
1546575100474873 1 -1
1546575100474881 9 -1
1546575100486462 16383 -1
1546575100486480 1 -1
1546575100486490 9 -1
1546575100499599 16383 -1
1546575100499620 1 -1
1546575100499627 9 -1
1546575100515241 16383 -1
1546575100515256 1 -1
1546575100515323 9 -1
1546575100530334 16383 -1
1546575100530350 1 -1
1546575100530354 9 -1
1546575100541093 16383 -1
1546575100541108 1 -1
1546575100541112 9 -1
1546575100561280 16382 -1
1546575100561300 2 -1
1546575100561306 9 -1
1546575100573369 16382 -1
1546575100573386 2 -1
1546575100573394 9 -1
1546575100587644 16382 -1
1546575100587673 2 -1
1546575100588793 9 -1
1546575100602329 16382 -1
1546575100602354 2 -1
1546575100602360 9 -1
1546575100612373 16382 -1
1546575100612390 2 -1
1546575100612396 9 -1
1546575100621353 16382 -1
1546575100621369 2 -1
1546575100621374 9 -1
1546575100628446 16382 -1
1546575100628464 2 -1
1546575100629406 9 -1
1546575100636534 16382 -1
1546575100636564 2 -1
1546575100636571 9 -1
1546575100645305 16382 -1
1546575100645367 2 -1
1546575100645375 9 -1
1546575100650959 16382 -1
1546575100650975 2 -1
1546575100650981 9 -1
1546575100660860 16382 -1
1546575100660876 2 -1
1546575100660880 9 -1
1546575100665170 16381 -1
1546575100665186 3 -1
1546575100665190 9 -1
1546575100670820 10984 -1
1546575100670839 9 -1
1546575100679750 16381 -1
1546575100679765 3 -1
1546575100679771 9 -1
1546575100684216 16381 -1
1546575100684235 3 -1
1546575100684240 9 -1
1546575100693388 16381 -1
1546575100693407 3 -1
1546575100693413 9 -1
1546575100699401 16381 -1
1546575100699430 3 -1
1546575100699436 9 -1
1546575100704713 16381 -1
1546575100704732 3 -1
1546575100704736 9 -1
1546575100719688 16381 -1
1546575100719708 3 -1
1546575100719715 9 -1
1546575100724884 16381 -1
1546575100724904 3 -1
1546575100724910 9 -1
1546575100732791 16381 -1
1546575100732807 3 -1
1546575100732811 9 -1
1546575100740235 16381 -1
1546575100740250 3 -1
1546575100740256 9 -1
1546575100747304 16380 -1
1546575100747318 4 -1
1546575100747323 9 -1
1546575100756055 16380 -1
1546575100756072 4 -1
1546575100756078 9 -1
1546575100760782 16380 -1
1546575100760800 4 -1
1546575100760805 9 -1
1546575100778929 16380 -1
1546575100778947 4 -1
1546575100778952 9 -1
1546575100780755 5390 -1
1546575100780782 9 -1
1546575100785688 16380 -1
1546575100785715 4 -1
1546575100785721 9 -1
1546575100788585 4063 -1
1546575100788600 9 -1
1546575100800757 16380 -1
1546575100800900 4 -1
1546575100800971 9 -1
1546575100813427 16380 -1
1546575100813440 4 -1
1546575100813447 9 -1
1546575100826099 16380 -1
1546575100826113 4 -1
1546575100826119 9 -1
1546575100834846 16379 -1
1546575100834865 5 -1
1546575100834987 9 -1
1546575100841995 16379 -1
1546575100842005 5 -1
1546575100842009 9 -1
1546575100851636 16379 -1
1546575100851660 5 -1
1546575100851781 9 -1
1546575100857077 8674 -1
1546575100857093 9 -1
1546575100863628 15785 -1
1546575100863645 9 -1
1546575100873433 16379 -1
1546575100873449 5 -1
1546575100873453 9 -1
1546575100879768 16379 -1
1546575100879793 5 -1
1546575100879798 9 -1
1546575100891535 16379 -1
1546575100891550 5 -1
1546575100891555 9 -1
1546575100892797 16378 -1
1546575100892809 6 -1
1546575100892814 9 -1
1546575100900532 16378 -1
1546575100900543 6 -1
1546575100900549 9 -1
1546575100906985 16378 -1
1546575100906999 6 -1
1546575100907005 9 -1
1546575100910215 5018 -1
1546575100910228 9 -1
1546575100916703 16378 -1
1546575100916720 6 -1
1546575100916725 9 -1
1546575100921955 12541 -1
1546575100921969 9 -1
1546575100930630 16377 -1
1546575100930650 7 -1
1546575100930655 9 -1
1546575100940962 16377 -1
1546575100940979 7 -1
1546575100941188 9 -1
1546575100945704 16377 -1
1546575100945721 7 -1
1546575100945727 9 -1
1546575100946920 5178 -1
1546575100946935 9 -1
1546575100955900 16376 -1
1546575100955917 8 -1
1546575100956127 9 -1
1546575100962859 16376 -1
1546575100962871 8 -1
1546575100962876 9 -1
1546575100968298 11399 -1
1546575100968310 9 -1
1546575100974908 16375 -1
1546575100974922 9 -1
1546575100977965 9 -1
1546575100984862 16375 -1
1546575100984881 9 -1
1546575100984887 9 -1
1546575100990634 16374 -1
1546575100990652 10 -1
1546575100990657 9 -1
1546575100997797 16374 -1
1546575100997811 10 -1
1546575100997817 9 -1
1546575101002848 16373 -1
1546575101003266 11 -1
1546575101003271 9 -1
1546575101007554 16373 -1
1546575101007567 11 -1
1546575101007572 9 -1
1546575101014784 16372 -1
1546575101014798 12 -1
1546575101014809 9 -1
1546575101019256 16372 -1
1546575101019277 12 -1
1546575101019284 9 -1
1546575101023211 16371 -1
1546575101023227 13 -1
1546575101023231 9 -1
1546575101028128 16371 -1
1546575101028141 13 -1
1546575101028146 9 -1
1546575101030803 16370 -1
1546575101030812 14 -1
1546575101030970 9 -1
1546575101041813 16370 -1
1546575101041983 14 -1
1546575101041989 9 -1
1546575101044485 16369 -1
1546575101044506 15 -1
1546575101044511 9 -1
1546575101044792 9900 -1
1546575101044804 9 -1
1546575101055713 16368 -1
1546575101055728 16 -1
1546575101055732 9 -1
1546575101060847 16383 -1
1546575101060860 1 -1
1546575101060866 9 -1
1546575101068042 16382 -1
1546575101068055 2 -1
1546575101068059 9 -1
1546575101074929 16381 -1
1546575101075294 3 -1
1546575101075300 9 -1
1546575101083118 16380 -1
1546575101083135 4 -1
1546575101083142 9 -1
1546575101089824 16379 -1
1546575101089838 5 -1
1546575101089843 9 -1
1546575101102117 16378 -1
1546575101102135 6 -1
1546575101102282 9 -1
1546575101107212 16377 -1
1546575101107227 7 -1
1546575101107231 9 -1
1546575101114152 16376 -1
1546575101114166 8 -1
1546575101114170 9 -1
1546575101121709 16375 -1
1546575101121722 9 -1
1546575101121726 9 -1
1546575101128111 16374 -1
1546575101128125 10 -1
1546575101128240 9 -1
1546575101134631 16373 -1
1546575101136284 11 -1
1546575101136292 9 -1
1546575101144748 16372 -1
1546575101144762 12 -1
1546575101144766 9 -1
1546575101149947 16371 -1
1546575101149959 13 -1
1546575101150021 9 -1
1546575101155260 16370 -1
1546575101155273 14 -1
1546575101155277 9 -1
1546575101160477 16369 -1
1546575101160486 15 -1
1546575101160492 9 -1
1546575101170372 16368 -1
1546575101170386 16 -1
1546575101170391 9 -1
1546575101172521 16367 -1
1546575101172777 17 -1
1546575101172962 9 -1
1546575101182234 16366 -1
1546575101182248 9 -1
1546575101189814 16383 -1
1546575101189828 1 -1
1546575101189833 9 -1
1546575101196811 16382 -1
1546575101196827 2 -1
1546575101196833 9 -1
1546575101203886 16381 -1
1546575101203901 3 -1
1546575101203906 9 -1
1546575101212115 16380 -1
1546575101212130 4 -1
1546575101212134 9 -1
1546575101223316 16379 -1
1546575101223326 5 -1
1546575101223428 9 -1
1546575101227082 16378 -1
1546575101227285 6 -1
1546575101227290 9 -1
1546575101234555 16377 -1
1546575101234573 7 -1
1546575101234579 9 -1
1546575101242008 16376 -1
1546575101242022 8 -1
1546575101242026 9 -1
1546575101249556 16375 -1
1546575101249570 9 -1
1546575101249575 9 -1
1546575101255804 16374 -1
1546575101255814 10 -1
1546575101256054 9 -1
1546575101264806 16373 -1
1546575101264825 11 -1
1546575101264830 9 -1
1546575101270570 16372 -1
1546575101270580 12 -1
1546575101270585 9 -1
1546575101276337 16371 -1
1546575101276354 13 -1
1546575101276473 9 -1
1546575101282753 16370 -1
1546575101282768 14 -1
1546575101283939 9 -1
1546575101288906 16369 -1
1546575101288922 15 -1
1546575101288927 9 -1
1546575101300541 16368 -1
1546575101300559 16 -1
1546575101300565 9 -1
1546575101303295 16367 -1
1546575101303311 17 -1
1546575101303316 9 -1
1546575101309976 16366 -1
1546575101309990 9 -1
1546575101316770 16383 -1
1546575101316783 1 -1
1546575101316895 9 -1
1546575101330939 16382 -1
1546575101330955 2 -1
1546575101330960 9 -1
1546575101336195 16381 -1
1546575101336214 3 -1
1546575101336220 9 -1
1546575101345008 16380 -1
1546575101348267 4 -1
1546575101348451 9 -1
1546575101358774 16379 -1
1546575101358790 5 -1
1546575101358795 9 -1
1546575101365804 16378 -1
1546575101365818 6 -1
1546575101365824 9 -1
1546575101381107 16377 -1
1546575101381120 7 -1
1546575101381125 9 -1
1546575101395645 16376 -1
1546575101395967 8 -1
1546575101395973 9 -1
1546575101413422 16375 -1
1546575101413498 9 -1
1546575101413505 9 -1
1546575101424558 16374 -1
1546575101424574 10 -1
1546575101424580 9 -1
1546575101439673 16373 -1
1546575101439700 11 -1
1546575101439706 9 -1
1546575101454430 16372 -1
1546575101454450 12 -1
1546575101454457 9 -1
1546575101470736 16371 -1
1546575101470754 13 -1
1546575101470759 9 -1
1546575101480780 16370 -1
1546575101480801 14 -1
1546575101480807 9 -1
1546575101494690 16369 -1
1546575101494708 15 -1
1546575101494714 9 -1
1546575101505354 16368 -1
1546575101505369 16 -1
1546575101505373 9 -1
1546575101527065 16367 -1
1546575101527080 17 -1
1546575101527269 9 -1
1546575101533011 16366 -1
1546575101533023 9 -1
1546575101543213 16383 -1
1546575101543237 1 -1
1546575101543244 9 -1
1546575101553665 16382 -1
1546575101553683 2 -1
1546575101553689 9 -1
1546575101558176 6268 -1
1546575102182813 87 1
1546575102189557 157 -1
1546575102189577 9 -1
1546575102195033 16383 -1
1546575102195054 1 -1
1546575102195061 9 -1
1546575102203987 16383 -1
1546575102204003 1 -1
1546575102204009 9 -1
1546575102210383 16382 -1
1546575102210408 2 -1
1546575102210416 9 -1
1546575102227831 16381 -1
1546575102227849 3 -1
1546575102227856 9 -1
1546575102244001 16383 -1
1546575102244252 1 -1
1546575102244259 9 -1
1546575102253342 6798 -1
1546575106414741 17 1
0 0 0
1546575095216055 208 1
1546575095216071 59 1
1546575095216079 59 1
1546575095216914 58 1
1546575095216928 59 1
1546575095216939 58 1
1546575095216949 58 1
1546575095217417 59 1
1546575095217431 78 1
1546575095217442 78 1
1546575095217623 79 1
1546575095217636 78 1
1546575095217646 59 1
1546575095217655 58 1
1546575095217664 59 1
1546575095217672 59 1
1546575095217681 59 1
1546575095217691 59 1
1546575095217773 58 1
1546575095218417 58 1
1546575095218429 58 1
1546575095218440 59 1
1546575095218449 58 1
1546575095218510 58 1
1546575095218586 58 1
1546575095218905 59 1
1546575095218916 58 1
1546575095218927 59 1
