### "'88564 146543 87522 151910 79672 107356 102237 199921 184223 108899 148592 183482 16298 127573 132278 168645 148417 119551 134637 126456 184220 122887 103885 143803 117044 135785 160451 150437 31736'"
0 0 0
1546576988506980 184 1
1546576988506994 58 1
1546576988507004 59 1
1546576988507049 78 1
1546576988507143 58 1
1546576988507154 58 1
1546576988507352 78 1
1546576988507367 58 1
1546576988507377 58 1
1546576988508202 78 1
1546576988508365 58 1
1546576988508422 59 1
1546576988508432 59 1
1546576988508605 58 1
1546576988512228 39 -1
1546576988512238 13 -1
1546576988514379 9 1
1546576988517699 9 -1
1546576988517951 293 -1
1546576988517967 9 -1
1546576988523911 91 1
1546576988535919 15873 -1
1546576988535938 511 -1
1546576988535945 9 -1
1546576988541947 15872 -1
1546576988541974 512 -1
1546576988541984 9 -1
1546576988543960 15871 -1
1546576988543975 513 -1
1546576988543982 9 -1
1546576988546674 15870 -1
1546576988546688 514 -1
1546576988546697 9 -1
1546576988550730 15869 -1
1546576988550750 515 -1
1546576988550760 9 -1
1546576988553474 15868 -1
1546576988553492 516 -1
1546576988553499 9 -1
1546576988566153 15867 -1
1546576988566171 517 -1
1546576988566210 9 -1
1546576988568113 15866 -1
1546576988568130 518 -1
1546576988568138 9 -1
1546576988569835 15471 -1
1546576988569950 129 -1
1546576988569957 130 -1
1546576988570198 131 -1
1546576988570205 135 -1
1546576988570462 132 -1
1546576988570542 147 -1
1546576988570625 130 -1
1546576988570740 132 -1
1546576988570746 148 -1
1546576988570754 117 -1
1546576988570759 258 -1
1546576988570767 129 -1
1546576988570771 127 -1
1546576988570777 157 -1
1546576988570784 9 -1
1546576988571935 15874 -1
1546576988573772 510 -1
1546576988573785 9 -1
1546576988584524 15873 -1
1546576988584542 511 -1
1546576988584552 9 -1
1546576988585513 2617 -1
1546576988585531 9 -1
1546576988589570 15874 -1
1546576988589582 510 -1
1546576988589591 9 -1
1546576988600374 15873 -1
1546576988600393 511 -1
1546576988600400 9 -1
1546576988600404 2973 -1
1546576988600411 9 -1
1546576988614249 15873 -1
1546576988625450 511 -1
1546576988625471 9 -1
1546576988633693 15873 -1
1546576988633711 511 -1
1546576988633718 9 -1
1546576988633779 2795 -1
1546576988633815 9 -1
1546576988645378 15873 -1
1546576988649155 511 -1
1546576988649175 9 -1
1546576988659272 15873 -1
1546576988659291 511 -1
1546576988659372 9 -1
1546576988667871 15873 -1
1546576988667936 511 -1
1546576988667946 9 -1
1546576988675993 15873 -1
1546576988678499 511 -1
1546576988678517 9 -1
1546576988681450 6332 -1
1546576988681467 9 -1
1546576988696523 15873 -1
1546576988696698 511 -1
1546576988696710 9 -1
1546576988721600 15872 -1
1546576988721618 512 -1
1546576988721624 9 -1
1546576988745670 15873 -1
1546576988745690 511 -1
1546576988745699 9 -1
1546576988788084 15872 -1
1546576988788344 512 -1
1546576988788400 9 -1
1546576988795341 15872 -1
1546576988795557 512 -1
1546576988795632 9 -1
1546576988816212 15872 -1
1546576988816233 512 -1
1546576988816240 9 -1
1546576988830068 15872 -1
1546576988830085 512 -1
1546576988830191 9 -1
1546576988836504 15872 -1
1546576988836520 512 -1
1546576988836528 9 -1
1546576988855858 15872 -1
1546576988855875 512 -1
1546576988855886 9 -1
1546576988875445 15872 -1
1546576988875468 512 -1
1546576988875476 9 -1
1546576988894996 15872 -1
1546576988895018 512 -1
1546576988895026 9 -1
1546576988906749 15871 -1
1546576988912471 513 -1
1546576988912490 9 -1
1546576988928595 15872 -1
1546576988928698 512 -1
1546576988928708 9 -1
1546576988939413 15871 -1
1546576988939443 513 -1
1546576988939451 9 -1
1546576988956029 15871 -1
1546576988956050 513 -1
1546576988956058 9 -1
1546576988971577 15871 -1
1546576988971596 513 -1
1546576988971603 9 -1
1546576988982409 15871 -1
1546576988983236 513 -1
1546576988983250 9 -1
1546576988998487 15871 -1
1546576988998520 513 -1
1546576988998526 9 -1
1546576989015942 15871 -1
1546576989015962 513 -1
1546576989015970 9 -1
1546576989022467 15871 -1
1546576989027059 513 -1
1546576989027075 9 -1
1546576989038376 15871 -1
1546576989038391 513 -1
1546576989038398 9 -1
1546576989054359 15870 -1
1546576989054375 514 -1
1546576989054506 9 -1
1546576989071680 15871 -1
1546576989071700 513 -1
1546576989071707 9 -1
1546576989076673 15870 -1
1546576989076689 514 -1
1546576989076695 9 -1
1546576989088250 15870 -1
1546576989088268 514 -1
1546576989088276 9 -1
1546576989104932 15870 -1
1546576989104949 514 -1
1546576989104957 9 -1
1546576989116487 15870 -1
1546576989116504 514 -1
1546576989116510 9 -1
1546576989122684 15870 -1
1546576989122699 514 -1
1546576989122704 9 -1
1546576989132933 15870 -1
1546576989132948 514 -1
1546576989132956 9 -1
1546576989140104 15870 -1
1546576989140603 514 -1
1546576989140617 9 -1
1546576989149847 15870 -1
1546576989149862 514 -1
1546576989149916 9 -1
1546576989155795 15869 -1
1546576989155810 515 -1
1546576989155816 9 -1
1546576989162381 14136 -1
1546576989162399 9 -1
1546576989169967 15869 -1
1546576989169982 515 -1
1546576989169989 9 -1
1546576989176111 15869 -1
1546576989176129 515 -1
1546576989176138 9 -1
1546576989192179 15869 -1
1546576989192199 515 -1
1546576989192213 9 -1
1546576989193957 15869 -1
1546576989193977 515 -1
1546576989193985 9 -1
1546576989209185 15869 -1
1546576989209200 515 -1
1546576989209206 9 -1
1546576989226747 15869 -1
1546576989226767 515 -1
1546576989226775 9 -1
1546576989235996 15869 -1
1546576989236323 515 -1
1546576989236335 9 -1
1546576989241850 5602 -1
1546576989241869 9 -1
1546576989253714 15868 -1
1546576989253733 516 -1
1546576989253742 9 -1
1546576989276772 15868 -1
1546576989276788 516 -1
1546576989276796 9 -1
1546576989292088 15868 -1
1546576989292589 516 -1
1546576989292601 9 -1
1546576989314805 15868 -1
1546576989314822 516 -1
1546576989314830 9 -1
1546576989325129 15868 -1
1546576989326084 516 -1
1546576989326104 9 -1
1546576989336587 15868 -1
1546576989336609 516 -1
1546576989336619 9 -1
1546576989352886 15868 -1
1546576989352907 516 -1
1546576989352916 9 -1
1546576989364589 15868 -1
1546576989364608 516 -1
1546576989364616 9 -1
1546576989386038 15867 -1
1546576989386066 517 -1
1546576989386075 9 -1
1546576989388139 9052 -1
1546576989388158 9 -1
1546576989409878 3933 -1
1546576989409903 9 -1
1546576989435367 15867 -1
1546576989441588 517 -1
1546576989441609 9 -1
1546576989474940 15867 -1
1546576989474961 517 -1
1546576989474970 9 -1
1546576989501825 10595 -1
1546576989501841 9 -1
1546576989540331 15867 -1
1546576989546220 517 -1
1546576989546237 9 -1
1546576989574073 15867 -1
1546576989574340 517 -1
1546576989574349 9 -1
1546576989598147 15866 -1
1546576989600654 518 -1
1546576989600672 9 -1
1546576989623155 15866 -1
1546576989623176 518 -1
1546576989623193 9 -1
1546576989639593 15866 -1
1546576989639702 518 -1
1546576989639714 9 -1
1546576989666657 15866 -1
1546576989672559 518 -1
1546576989672575 9 -1
1546576989699148 15866 -1
1546576989699209 518 -1
1546576989699216 9 -1
1546576989720950 15865 -1
1546576989720968 519 -1
1546576989720975 9 -1
1546576989744258 15865 -1
1546576989744280 519 -1
1546576989744288 9 -1
1546576989755794 15865 -1
1546576989755812 519 -1
1546576989755821 9 -1
1546576989772847 15865 -1
1546576989772867 519 -1
1546576989772877 9 -1
1546576989780566 15865 -1
1546576989787491 519 -1
1546576989787508 9 -1
1546576989787519 77 1
1546576989787529 73 1
1546576989790848 4454 -1
1546576989790862 9 -1
1546576989790871 78 1
1546576989790878 78 1
1546576989790885 78 1
1546576989798459 15864 -1
1546576989799361 520 -1
1546576989799377 9 -1
1546576989809501 15864 -1
1546576989812109 520 -1
1546576989812129 9 -1
1546576989812135 1136 -1
1546576989812484 9 -1
1546576989827149 15864 -1
1546576989827171 520 -1
1546576989827178 9 -1
1546576989847533 15863 -1
1546576989847560 521 -1
1546576989847568 9 -1
1546576989853166 15863 -1
1546576989854454 521 -1
1546576989854467 9 -1
1546576989866215 15863 -1
1546576989866232 521 -1
1546576989866238 9 -1
1546576989881841 15862 -1
1546576989881861 522 -1
1546576989882693 9 -1
1546576989886329 3999 -1
1546576989886347 9 -1
1546576989892179 3258 -1
1546576989892358 9 -1
1546576989895118 3313 -1
1546576989895142 171 -1
1546576989895152 142 -1
1546576989895160 148 -1
1546576989895170 149 -1
1546576989895176 147 -1
1546576989895182 9 -1
1546576989897185 2795 -1
1546576989897213 9 -1
1546576989904520 16298 -1
1546576989904537 9 -1
1546576989905006 3151 -1
1546576989905024 9 -1
1546576989906103 2617 -1
1546576989906124 9 -1
1546576989907058 3151 -1
1546576989971150 62 1
1546576989971218 63 1
1546576989975199 63 1
1546576989975601 63 1
1546576989976485 63 1
1546576989978463 130 -1
1546576989978474 9 -1
1546576989979040 7743 -1
1546576989982840 62 1
1546576989984550 201 -1
1546576989984571 9 -1
1546576989985167 7809 -1
1546576989985183 161 -1
1546576989985193 9 -1
1546576989991440 7632 -1
1546576989992189 117 -1
1546576989994307 9 -1
1546576989994753 4151 -1
1546576989994769 129 -1
1546576989994776 9 -1
1546576989997332 7974 -1
1546576989997550 124 -1
1546576989997557 9 -1
1546576990002008 7722 -1
1546576993493546 78 1
1546576993493564 58 1
1546576993493596 59 1
1546576993493607 58 1
1546576993493616 78 1
1546576993493625 58 1
1546576993493631 59 1
1546576993493638 58 1
1546576993493677 58 1
1546576993494154 59 1
1546576993494165 58 1
1546576993494175 58 1
1546576993496412 59 1
1546576993507150 170 -1
1546576993507222 9 -1
1546576993507415 2617 -1
1546576993507580 114 -1
1546576993507682 9 -1
1546576993507775 59 1
1546576993508303 58 1
1546576993508317 59 1
1546576993508328 58 1
1546576993517343 15873 -1
1546576993517387 511 -1
1546576993517398 9 -1
1546576993519463 15872 -1
1546576993519482 512 -1
1546576993519490 9 -1
1546576993536905 15871 -1
1546576993536923 513 -1
1546576993536930 9 -1
1546576993540339 15870 -1
1546576993540356 514 -1
1546576993540410 9 -1
1546576993548207 15869 -1
1546576993548385 515 -1
1546576993548460 9 -1
1546576993553003 15868 -1
1546576993553020 516 -1
1546576993553026 9 -1
1546576993575983 15867 -1
1546576993576002 517 -1
1546576993576010 9 -1
1546576993576264 88 1
1546576993578572 12885 -1
1546576993578723 132 -1
1546576993578764 131 -1
1546576993578806 117 -1
1546576993578928 127 -1
1546576993578979 132 -1
1546576993579073 202 -1
1546576993579081 151 -1
1546576993580171 132 -1
1546576993580179 132 -1
1546576993580183 149 -1
1546576993580193 155 -1
1546576993580198 132 -1
1546576993580245 131 -1
1546576993580315 130 -1
1546576993580319 131 -1
1546576993580416 9 -1
1546576993589086 15873 -1
1546576993589102 511 -1
1546576993589110 9 -1
1546576993598713 15873 -1
1546576993600774 511 -1
1546576993600831 9 -1
1546576993601644 1905 -1
1546576993601700 9 -1
1546576993612633 15873 -1
1546576993612662 511 -1
1546576993612671 9 -1
1546576993622667 15873 -1
1546576993622712 511 -1
1546576993622724 9 -1
1546576993628353 15873 -1
1546576993628370 511 -1
1546576993628377 9 -1
1546576993644449 15873 -1
1546576993644470 511 -1
1546576993644478 9 -1
1546576993650765 15873 -1
1546576993650782 511 -1
1546576993651733 9 -1
1546576993657907 15873 -1
1546576993657925 511 -1
1546576993657934 9 -1
1546576993668296 15873 -1
1546576993668310 511 -1
1546576993668689 9 -1
1546576993686212 16383 -1
1546576993686253 1 -1
1546576993686360 9 -1
1546576993697918 15873 -1
1546576993697936 511 -1
1546576993697942 9 -1
1546576993708933 15873 -1
1546576993713567 511 -1
1546576993713583 9 -1
1546576993728248 16383 -1
1546576993728273 1 -1
1546576993728281 9 -1
1546576993752015 15873 -1
1546576993752243 511 -1
1546576993752278 9 -1
1546576993764586 15872 -1
1546576993764605 512 -1
1546576993764615 9 -1
1546576993780892 15872 -1
1546576993780911 512 -1
1546576993780982 9 -1
1546576993801750 15872 -1
1546576993802565 512 -1
1546576993802584 9 -1
1546576993818422 15872 -1
1546576993818440 512 -1
1546576993818448 9 -1
1546576993832533 15872 -1
1546576993833261 512 -1
1546576993833277 9 -1
1546576993851968 15872 -1
1546576993851989 512 -1
1546576993851999 9 -1
1546576993863057 15872 -1
1546576993863077 512 -1
1546576993863085 9 -1
1546576993873943 15872 -1
1546576993873958 512 -1
1546576993874024 9 -1
1546576993889618 15872 -1
1546576993889636 512 -1
1546576993889644 9 -1
1546576993903050 16382 -1
1546576993903067 2 -1
1546576993903073 9 -1
1546576993910195 15872 -1
1546576993910213 512 -1
1546576993910221 9 -1
1546576993919091 16383 -1
1546576993919106 1 -1
1546576993919111 9 -1
1546576993926672 16382 -1
1546576993926685 2 -1
1546576993928237 9 -1
1546576993934316 15872 -1
1546576993934338 512 -1
1546576993934343 9 -1
1546576993940728 15871 -1
1546576993940743 513 -1
1546576993940752 9 -1
1546576993950051 15871 -1
1546576993950068 513 -1
1546576993950132 9 -1
1546576993959986 15871 -1
1546576993960010 513 -1
1546576993960020 9 -1
1546576993967163 15871 -1
1546576993967178 513 -1
1546576993967185 9 -1
1546576993973940 15871 -1
1546576993973953 513 -1
1546576993973958 9 -1
1546576993991474 15871 -1
1546576993991498 513 -1
1546576993991506 9 -1
1546576994005231 15871 -1
1546576994005624 513 -1
1546576994005851 9 -1
1546576994008983 15871 -1
1546576994008995 513 -1
1546576994009003 158 -1
1546576994009011 9 -1
1546576994014990 15871 -1
1546576994015002 513 -1
1546576994015007 9 -1
1546576994025294 16381 -1
1546576994025309 3 -1
1546576994025315 9 -1
1546576994035727 15871 -1
1546576994035739 513 -1
1546576994035747 9 -1
1546576994054337 16382 -1
1546576994054352 2 -1
1546576994054364 9 -1
1546576994065206 16381 -1
1546576994065223 3 -1
1546576994065229 9 -1
1546576994078755 15871 -1
1546576994078767 513 -1
1546576994078912 9 -1
1546576994086181 15870 -1
1546576994086793 514 -1
1546576994086807 9 -1
1546576994108770 15870 -1
1546576994108786 514 -1
1546576994108791 9 -1
1546576994112535 15870 -1
1546576994112548 514 -1
1546576994112554 9 -1
1546576994122686 15870 -1
1546576994122709 514 -1
1546576994122716 9 -1
1546576994132665 15870 -1
1546576994132681 514 -1
1546576994132687 9 -1
1546576994140921 15870 -1
1546576994140937 514 -1
1546576994140945 9 -1
1546576994153501 15870 -1
1546576994153536 514 -1
1546576994153545 9 -1
1546576994163219 15870 -1
1546576994163233 514 -1
1546576994163333 9 -1
1546576994168785 15870 -1
1546576994168843 514 -1
1546576994168850 9 -1
1546576994175295 16380 -1
1546576994175305 4 -1
1546576994175309 9 -1
1546576994183696 15870 -1
1546576994184508 514 -1
1546576994184523 9 -1
1546576994191794 16381 -1
1546576994191809 3 -1
1546576994191812 9 -1
1546576994197245 16380 -1
1546576994197259 4 -1
1546576994197264 9 -1
1546576994203167 15870 -1
1546576994203178 514 -1
1546576994203185 9 -1
1546576994208950 15869 -1
1546576994208973 515 -1
1546576994208980 9 -1
1546576994215133 15869 -1
1546576994215150 515 -1
1546576994215156 9 -1
1546576994220277 15869 -1
1546576994220290 515 -1
1546576994220296 9 -1
1546576994234214 15869 -1
1546576994234228 515 -1
1546576994234233 9 -1
1546576994247658 15869 -1
1546576994247678 515 -1
1546576994247685 9 -1
1546576994251026 15869 -1
1546576994251041 515 -1
1546576994251047 9 -1
1546576994269578 15869 -1
1546576994269594 515 -1
1546576994269600 9 -1
1546576994281733 15869 -1
1546576994281747 515 -1
1546576994281754 9 -1
1546576994301897 15869 -1
1546576994301912 515 -1
1546576994301917 9 -1
1546576994314000 16379 -1
1546576994314015 5 -1
1546576994314019 9 -1
1546576994332363 16383 -1
1546576994332376 1 -1
1546576994332380 9 -1
1546576994347109 16380 -1
1546576994347123 4 -1
1546576994347315 9 -1
1546576994361181 16379 -1
1546576994361192 5 -1
1546576994361198 9 -1
1546576994370580 16383 -1
1546576994370594 1 -1
1546576994370601 9 -1
1546576994382159 15868 -1
1546576994382175 516 -1
1546576994382181 9 -1
1546576994392671 15868 -1
1546576994393734 516 -1
1546576994393749 9 -1
1546576994399636 15868 -1
1546576994399763 516 -1
1546576994399772 9 -1
1546576994404312 15868 -1
1546576994405737 516 -1
1546576994405755 9 -1
1546576994414470 15868 -1
1546576994414484 516 -1
1546576994414489 9 -1
1546576994421854 15868 -1
1546576994421869 516 -1
1546576994421877 9 -1
1546576994425615 15868 -1
1546576994430377 516 -1
1546576994430439 9 -1
1546576994436967 15868 -1
1546576994436985 516 -1
1546576994436990 9 -1
1546576994441990 15868 -1
1546576994442149 516 -1
1546576994442154 9 -1
1546576994445996 16378 -1
1546576994446009 6 -1
1546576994446014 9 -1
1546576994460465 16382 -1
1546576994460479 2 -1
1546576994460485 9 -1
1546576994464692 16379 -1
1546576994464704 5 -1
1546576994465019 9 -1
1546576994469497 16378 -1
1546576994469516 6 -1
1546576994469523 9 -1
1546576994474873 16382 -1
1546576994474886 2 -1
1546576994474890 9 -1
1546576994486940 15867 -1
1546576994486953 517 -1
1546576994486958 9 -1
1546576994492586 15867 -1
1546576994492597 517 -1
1546576994492602 9 -1
1546576994505431 15867 -1
1546576994505448 517 -1
1546576994505561 9 -1
1546576994516680 15867 -1
1546576994516695 517 -1
1546576994516702 9 -1
1546576994522670 15867 -1
1546576994522681 517 -1
1546576994522687 9 -1
1546576994531730 15867 -1
1546576994532812 517 -1
1546576994532826 9 -1
1546576994538721 15867 -1
1546576994538735 517 -1
1546576994538740 9 -1
1546576994545539 15867 -1
1546576994545552 517 -1
1546576994545557 9 -1
1546576994558276 5581 -1
1546576994558298 9 -1
1546576994560203 16377 -1
1546576994560224 7 -1
1546576994560231 9 -1
1546576994574536 16381 -1
1546576994574652 3 -1
1546576994574659 9 -1
1546576994577814 16378 -1
1546576994577828 6 -1
1546576994577832 9 -1
1546576994592951 16377 -1
1546576994592962 7 -1
1546576994593021 9 -1
1546576994603680 16381 -1
1546576994603694 3 -1
1546576994603698 9 -1
1546576994615997 15866 -1
1546576994617946 518 -1
1546576994617956 9 -1
1546576994624963 15866 -1
1546576994624975 518 -1
1546576994624980 9 -1
1546576994637267 15866 -1
1546576994637572 518 -1
1546576994637582 9 -1
1546576994638591 4863 -1
1546576994638599 9 -1
1546576994656764 15866 -1
1546576994656779 518 -1
1546576994656786 9 -1
1546576994666803 11768 -1
1546576994666818 9 -1
1546576994678036 15866 -1
1546576994678052 518 -1
1546576994678060 9 -1
1546576994684951 8199 -1
1546576994684964 9 -1
1546576994711953 16376 -1
1546576994711973 8 -1
1546576994711979 9 -1
1546576994712126 2356 -1
1546576994712137 9 -1
1546576994732870 16377 -1
1546576994732884 7 -1
1546576994732889 9 -1
1546576994772001 16376 -1
1546576994772016 8 -1
1546576994772104 9 -1
1546576994804594 16380 -1
1546576994804608 4 -1
1546576994804614 9 -1
1546576994804619 1206 -1
1546576994804625 9 -1
1546576994826730 15865 -1
1546576994826743 519 -1
1546576994826793 9 -1
1546576994844777 15865 -1
1546576994844793 519 -1
1546576994844799 9 -1
1546576994851070 3565 -1
1546576994851084 9 -1
1546576994865546 15865 -1
1546576994865565 519 -1
1546576994865572 9 -1
1546576994879443 12731 -1
1546576994879460 9 -1
1546576994890798 16376 -1
1546576994891944 8 -1
1546576994891950 9 -1
1546576994897998 4713 -1
1546576994898008 9 -1
1546576994919456 16379 -1
1546576994919472 5 -1
1546576994919477 9 -1
1546576994937949 15864 -1
1546576994937963 520 -1
1546576994937969 9 -1
1546576994939005 961 -1
1546576994939019 9 -1
1546576994954859 15864 -1
1546576994954874 520 -1
1546576994955318 9 -1
1546576994966849 12995 -1
1546576994966863 9 -1
1546576994967267 2981 -1
1546576994967277 9 -1
1546576994970602 4805 -1
1546576994970624 9 -1
1546576994983653 15863 -1
1546576994983667 521 -1
1546576994983674 9 -1
1546576994984961 3996 -1
1546576994984974 9 -1
1546576994997118 16383 -1
1546576994997133 1 -1
1546576994997139 9 -1
1546576995002721 15352 -1
1546576999706368 17 1
0 0 0
1546576988490451 183 1
1546576988496110 39 -1
1546576988496117 13 -1
1546576988498899 9 1
1546576988505573 9 -1
1546576988505584 294 -1
1546576988505594 9 -1
1546576988530984 16383 -1
1546576988531001 1 -1
1546576988531007 9 -1
1546576988534682 16383 -1
1546576988534792 1 -1
1546576988534798 9 -1
1546576988540361 16382 -1
1546576988541005 2 -1
1546576988541013 9 -1
1546576988543557 16381 -1
1546576988543583 3 -1
1546576988543589 9 -1
1546576988546004 16380 -1
1546576988546024 4 -1
1546576988546030 9 -1
1546576988546757 6644 -1
1546576988589480 17 1
0 0 0
1546576988491869 39 -1
1546576988491877 13 -1
1546576988491894 203 1
1546576988501718 9 1
1546576988501831 9 -1
1546576988501838 310 -1
1546576988501845 9 -1
1546576988502027 2617 -1
1546576988504688 17 1
0 0 0
1546576988696087 195 1
0 0 0
1546576988508689 203 1
1546576988514912 39 -1
1546576988514920 13 -1
1546576988516666 9 1
1546576988520380 9 -1
1546576988524504 311 -1
1546576988524522 9 -1
1546576988524579 1731 -1
1546576988566474 17 1
0 0 0
1546576988504873 204 1
