### "'87522 88564 16298 127573 132278 168645 148417 119551 134637 126456 184220 122887 103885 143803 117044 160451 135785 150437 31736'"
0 0 0
1546577106037502 184 1
1546577106043252 39 -1
1546577106043259 13 -1
1546577106048828 9 -1
1546577106048840 294 -1
1546577106048852 9 -1
1546577106048865 9 1
1546577106051149 16383 -1
1546577106051177 1 -1
1546577106051184 9 -1
1546577106055250 16382 -1
1546577106055445 2 -1
1546577106055451 9 -1
1546577106056430 16383 -1
1546577106056498 1 -1
1546577106056503 9 -1
1546577106064882 16382 -1
1546577106064894 2 -1
1546577106064899 9 -1
1546577106066528 16381 -1
1546577106066539 3 -1
1546577106066776 9 -1
1546577106067420 5602 -1
1546577106114769 17 1
0 0 0
1546577106038052 183 1
1546577106042957 39 -1
1546577106042972 13 -1
1546577106043684 9 1
1546577106047845 9 -1
1546577106047855 294 -1
1546577106047934 9 -1
1546577106053221 16383 -1
1546577106053237 1 -1
1546577106053243 9 -1
1546577106054674 16382 -1
1546577106054688 2 -1
1546577106054693 9 -1
1546577106064625 16381 -1
1546577106064641 3 -1
1546577106064647 9 -1
1546577106066313 16380 -1
1546577106066331 4 -1
1546577106066337 9 -1
1546577106071944 16379 -1
1546577106071962 5 -1
1546577106072054 9 -1
1546577106072909 6644 -1
1546577106114845 17 1
0 0 0
1546577106024082 195 1
1546577106024101 78 1
1546577106024111 58 1
1546577106024120 59 1
1546577106024129 58 1
1546577106024137 58 1
1546577106024146 78 1
1546577106024155 58 1
1546577106024410 58 1
1546577106024417 78 1
1546577106024424 58 1
1546577106024431 59 1
1546577106024524 59 1
1546577106024532 58 1
0 0 0
1546577111048292 203 1
1546577111054535 39 -1
1546577111054543 13 -1
1546577111055666 9 1
1546577111058686 9 -1
1546577111059755 311 -1
1546577111059764 9 -1
1546577111059864 1731 -1
1546577111100285 17 1
0 0 0
1546577106052103 203 1
0 0 0
1546577111068517 202 1
1546577111068528 73 1
1546577111068639 78 1
1546577111068647 78 1
1546577111068652 78 1
1546577111068659 88 1
1546577111068664 62 1
1546577111068669 63 1
1546577111068675 63 1
1546577111069353 63 1
1546577111069359 63 1
1546577111069456 62 1
1546577111072454 39 -1
1546577111072460 13 -1
1546577111073605 9 1
1546577111076040 9 -1
1546577111076707 311 -1
1546577111076722 9 -1
1546577111076726 2795 -1
1546577111076731 142 -1
1546577111076736 9 -1
1546577111081990 15857 -1
1546577111083152 441 -1
1546577111083161 148 -1
1546577111083165 9 -1
1546577111083169 2617 -1
1546577111083352 147 -1
1546577111083357 9 -1
1546577111084226 3151 -1
1546577111084233 157 -1
1546577111084588 9 -1
1546577111133885 6332 -1
1546577111133899 130 -1
1546577111133903 9 -1
1546577111137634 7743 -1
1546577111137653 129 -1
1546577111137659 9 -1
1546577111138902 7974 -1
1546577111138918 117 -1
1546577111138925 9 -1
1546577111140092 4151 -1
1546577111140110 128 -1
1546577111140115 9 -1
1546577111142340 7722 -1
1546577111142361 149 -1
1546577111142369 9 -1
1546577111143432 3151 -1
1546577111143451 130 -1
1546577111143490 9 -1
1546577111144892 7809 -1
1546577111144912 251 -1
1546577111145250 9 -1
1546577111145997 7632 -1
1546577111707991 81 1
1546577111708402 58 1
1546577111708413 59 1
1546577111708422 58 1
1546577111708431 78 1
1546577111708481 58 1
1546577111708553 59 1
1546577111712351 58 1
1546577111712373 58 1
1546577111712696 59 1
1546577111714533 58 1
1546577111714550 58 1
1546577111715192 59 1
1546577111715732 59 1
1546577111715747 58 1
1546577111717775 59 1
1546577111717791 58 1
1546577111721449 147 -1
1546577111721543 9 -1
1546577111721551 2617 -1
1546577111721636 114 -1
1546577111721642 9 -1
1546577111735292 15873 -1
1546577111735795 511 -1
1546577111735861 9 -1
1546577111736188 15872 -1
1546577111737296 512 -1
1546577111737315 9 -1
1546577111737677 15871 -1
1546577111738581 513 -1
1546577111738597 9 -1
1546577111739031 15870 -1
1546577111739211 514 -1
1546577111739220 9 -1
1546577111751671 15869 -1
1546577111751710 515 -1
1546577111751723 132 -1
1546577111751729 9 -1
1546577111754277 15873 -1
1546577111754335 511 -1
1546577111754639 9 -1
1546577111756628 15872 -1
1546577111756668 512 -1
1546577111756674 9 -1
1546577111761912 15871 -1
1546577111761931 513 -1
1546577111762000 9 -1
1546577111764917 15870 -1
1546577111764957 514 -1
1546577111765100 9 -1
1546577111776724 15869 -1
1546577111776742 515 -1
1546577111776749 9 -1
1546577111781483 15868 -1
1546577111781504 516 -1
1546577111781512 9 -1
1546577111790398 15867 -1
1546577111790417 517 -1
1546577111790425 9 -1
1546577111804754 15866 -1
1546577111825179 518 -1
1546577111825198 9 -1
1546577111825705 1206 -1
1546577111825717 131 -1
1546577111825788 114 -1
1546577111825793 117 -1
1546577111827323 131 -1
1546577111827339 132 -1
1546577111827347 118 -1
1546577111827351 149 -1
1546577111827365 132 -1
1546577111827369 259 -1
1546577111834189 132 -1
1546577111834200 130 -1
1546577111834411 132 -1
1546577111834418 131 -1
1546577111834427 131 -1
1546577111834431 9 -1
1546577111834449 88 1
1546577111837433 16383 -1
1546577111837452 1 -1
1546577111837460 9 -1
1546577111848447 15873 -1
1546577111848472 511 -1
1546577111848482 9 -1
1546577111848488 1905 -1
1546577111848496 9 -1
1546577111864565 15873 -1
1546577111864586 511 -1
1546577111864595 9 -1
1546577111883854 15873 -1
1546577111883873 511 -1
1546577111883951 9 -1
1546577111915152 15873 -1
1546577111915172 511 -1
1546577111915183 9 -1
1546577111933248 15873 -1
1546577111933807 511 -1
1546577111933821 9 -1
1546577111962335 15873 -1
1546577111962356 511 -1
1546577111962364 9 -1
1546577111979299 15873 -1
1546577111979315 511 -1
1546577111979323 9 -1
1546577111993060 15873 -1
1546577111995971 511 -1
1546577111995987 9 -1
1546577112009651 15873 -1
1546577112009669 511 -1
1546577112009677 9 -1
1546577112030656 15873 -1
1546577112030679 511 -1
1546577112030749 9 -1
1546577112038671 15873 -1
1546577112038691 511 -1
1546577112038699 9 -1
1546577112046259 15873 -1
1546577112048438 511 -1
1546577112048613 9 -1
1546577112057728 16383 -1
1546577112057755 1 -1
1546577112057759 9 -1
1546577112064891 16382 -1
1546577112065021 2 -1
1546577112065030 9 -1
1546577112070076 15872 -1
1546577112076564 512 -1
1546577112076585 9 -1
1546577112078904 15872 -1
1546577112080623 512 -1
1546577112080636 9 -1
1546577112082392 15872 -1
1546577112082409 512 -1
1546577112082416 9 -1
1546577112092377 15872 -1
1546577112092397 512 -1
1546577112092406 9 -1
1546577112101038 15872 -1
1546577112101058 512 -1
1546577112101066 9 -1
1546577112109926 15872 -1
1546577112110014 512 -1
1546577112110242 9 -1
1546577112121573 15872 -1
1546577112121594 512 -1
1546577112121602 9 -1
1546577112126395 15872 -1
1546577112126416 512 -1
1546577112126425 9 -1
1546577112133257 15872 -1
1546577112133275 512 -1
1546577112133283 9 -1
1546577112142497 15872 -1
1546577112142514 512 -1
1546577112142521 9 -1
1546577112150944 15872 -1
1546577112150963 512 -1
1546577112150970 9 -1
1546577112165367 15872 -1
1546577112167026 512 -1
1546577112167039 9 -1
1546577112169986 16382 -1
1546577112170000 2 -1
1546577112170007 9 -1
1546577112177342 12885 -1
1546577112177358 9 -1
1546577112190089 15871 -1
1546577112190212 513 -1
1546577112190224 9 -1
1546577112200836 15871 -1
1546577112200853 513 -1
1546577112200859 9 -1
1546577112210921 15871 -1
1546577112210936 513 -1
1546577112211220 9 -1
1546577112216949 15871 -1
1546577112218035 513 -1
1546577112218044 9 -1
1546577112225644 15871 -1
1546577112225661 513 -1
1546577112225671 9 -1
1546577112236395 15871 -1
1546577112236413 513 -1
1546577112236420 9 -1
1546577112246409 15871 -1
1546577112250579 513 -1
1546577112250647 9 -1
1546577112259943 15871 -1
1546577112259956 513 -1
1546577112259962 9 -1
1546577112268032 15871 -1
1546577112268044 513 -1
1546577112277865 158 -1
1546577112277879 9 -1
1546577112286399 15871 -1
1546577112286413 513 -1
1546577112286420 9 -1
1546577112297313 15871 -1
1546577112297330 513 -1
1546577112297337 9 -1
1546577112312683 15871 -1
1546577112314073 513 -1
1546577112314138 9 -1
1546577112333190 16381 -1
1546577112333204 3 -1
1546577112333423 9 -1
1546577112358966 15870 -1
1546577112359900 514 -1
1546577112359908 9 -1
1546577112375603 15870 -1
1546577112378372 514 -1
1546577112378386 9 -1
1546577112400904 15870 -1
1546577112400923 514 -1
1546577112400931 9 -1
1546577112416044 15870 -1
1546577112416061 514 -1
1546577112416071 9 -1
1546577112428447 15870 -1
1546577112428469 514 -1
1546577112428532 9 -1
1546577112438332 15870 -1
1546577112438351 514 -1
1546577112438420 9 -1
1546577112445244 15870 -1
1546577112451547 514 -1
1546577112451565 9 -1
1546577112457123 15870 -1
1546577112457137 514 -1
1546577112457144 9 -1
1546577112461837 15870 -1
1546577112461864 514 -1
1546577112461872 9 -1
1546577112473042 15870 -1
1546577112473060 514 -1
1546577112473273 9 -1
1546577112477566 15870 -1
1546577112477579 514 -1
1546577112477585 9 -1
1546577112484557 15870 -1
1546577112484572 514 -1
1546577112484578 9 -1
1546577112502029 16380 -1
1546577112502047 4 -1
1546577112502055 9 -1
1546577112509544 15869 -1
1546577112509559 515 -1
1546577112509564 9 -1
1546577112519785 15869 -1
1546577112520555 515 -1
1546577112520563 9 -1
1546577112529739 15869 -1
1546577112529753 515 -1
1546577112529817 9 -1
1546577112539887 15869 -1
1546577112539903 515 -1
1546577112539913 9 -1
1546577112547303 15869 -1
1546577112547361 515 -1
1546577112547373 9 -1
1546577112553801 15869 -1
1546577112553915 515 -1
1546577112554129 9 -1
1546577112558933 15869 -1
1546577112562131 515 -1
1546577112562146 9 -1
1546577112572454 16383 -1
1546577112572466 1 -1
1546577112572471 9 -1
1546577112578311 16383 -1
1546577112578323 1 -1
1546577112578328 9 -1
1546577112587866 16383 -1
1546577112587882 1 -1
1546577112587887 9 -1
1546577112596924 15869 -1
1546577112596942 515 -1
1546577112596950 9 -1
1546577112607382 16383 -1
1546577112607396 1 -1
1546577112607401 9 -1
1546577112614746 16379 -1
1546577112615091 5 -1
1546577112615096 9 -1
1546577112620095 15868 -1
1546577112620110 516 -1
1546577112620176 9 -1
1546577112625872 15868 -1
1546577112627034 516 -1
1546577112627043 9 -1
1546577112638936 15868 -1
1546577112638952 516 -1
1546577112639369 9 -1
1546577112639893 15868 -1
1546577112652638 516 -1
1546577112652658 9 -1
1546577112659690 15868 -1
1546577112659704 516 -1
1546577112659711 9 -1
1546577112662895 15868 -1
1546577112662909 516 -1
1546577112662916 9 -1
1546577112673269 15868 -1
1546577112675326 516 -1
1546577112675346 9 -1
1546577112684155 16382 -1
1546577112684171 2 -1
1546577112684176 9 -1
1546577112698696 16382 -1
1546577112698714 2 -1
1546577112698720 9 -1
1546577112710448 16382 -1
1546577112710468 2 -1
1546577112710475 9 -1
1546577112722687 15868 -1
1546577112722703 516 -1
1546577112722710 9 -1
1546577112737493 16382 -1
1546577112737507 2 -1
1546577112737513 9 -1
1546577112749129 16378 -1
1546577112749152 6 -1
1546577112749159 9 -1
1546577112755334 15867 -1
1546577112755353 517 -1
1546577112755361 9 -1
1546577112762370 15867 -1
1546577112764505 517 -1
1546577112764522 9 -1
1546577112774094 15867 -1
1546577112774116 517 -1
1546577112774700 9 -1
1546577112789271 15867 -1
1546577112789288 517 -1
1546577112789297 9 -1
1546577112799435 15867 -1
1546577112799455 517 -1
1546577112799464 9 -1
1546577112806399 15867 -1
1546577112806427 517 -1
1546577112806703 9 -1
1546577112814030 15867 -1
1546577112818454 517 -1
1546577112818642 9 -1
1546577112820655 5581 -1
1546577112820811 9 -1
1546577112831352 16381 -1
1546577112831423 3 -1
1546577112831431 9 -1
1546577112841338 16381 -1
1546577112841460 3 -1
1546577112841467 9 -1
1546577112853590 16383 -1
1546577112853609 1 -1
1546577112853616 9 -1
1546577112860398 16381 -1
1546577112860415 3 -1
1546577112860423 9 -1
1546577112874577 16377 -1
1546577112874597 7 -1
1546577112874603 9 -1
1546577112886586 15866 -1
1546577112886604 518 -1
1546577112886613 9 -1
1546577112896844 15866 -1
1546577112896871 518 -1
1546577112896880 9 -1
1546577112901523 4863 -1
1546577112901544 9 -1
1546577112926431 15866 -1
1546577112926450 518 -1
1546577112926458 9 -1
1546577112940871 11768 -1
1546577112941334 9 -1
1546577112955414 15866 -1
1546577112956987 518 -1
1546577112957013 9 -1
1546577112958544 8199 -1
1546577112958562 9 -1
1546577112972705 16380 -1
1546577112972791 4 -1
1546577112972797 9 -1
1546577112972870 2356 -1
1546577112972882 9 -1
1546577112991160 16382 -1
1546577112991185 2 -1
1546577112991192 9 -1
1546577113007021 16380 -1
1546577113007040 4 -1
1546577113007131 9 -1
1546577113020475 16376 -1
1546577113020491 8 -1
1546577113020495 9 -1
1546577113033998 15865 -1
1546577113034021 519 -1
1546577113034453 9 -1
1546577113048612 15865 -1
1546577113048969 519 -1
1546577113048982 9 -1
1546577113050570 3565 -1
1546577113050744 9 -1
1546577113065534 15865 -1
1546577113065552 519 -1
1546577113065560 9 -1
1546577113074159 12731 -1
1546577113074177 9 -1
1546577113085670 16381 -1
1546577113085696 3 -1
1546577113085701 9 -1
1546577113096394 4713 -1
1546577113096412 9 -1
1546577113107343 16375 -1
1546577113107362 9 -1
1546577113107368 9 -1
1546577113122962 15864 -1
1546577113122982 520 -1
1546577113122991 9 -1
1546577113122998 961 -1
1546577113123006 9 -1
1546577113132867 15864 -1
1546577113133535 520 -1
1546577113133838 9 -1
1546577113138124 12995 -1
1546577113138140 9 -1
1546577113142895 2981 -1
1546577113142964 9 -1
1546577113157392 4805 -1
1546577113157409 9 -1
1546577113163843 15863 -1
1546577113163862 521 -1
1546577113163870 9 -1
1546577113166287 3996 -1
1546577113166301 9 -1
1546577113179228 16383 -1
1546577113179248 1 -1
1546577113179254 9 -1
1546577113188181 15352 -1
1546577118223624 17 1
0 0 0
1546577106025565 204 1
