### "'87522 88564 8642 8874 132278 127573 168645 148417 119551 134637 126456 184220 103885 122887 143803 117044 160451 135785 150437 31736'"
0 0 0
1546577338452814 195 1
0 0 0
1546577339757567 187 1
1546577339757577 63 1
1546577339757586 63 1
1546577339757593 63 1
1546577339757601 63 1
1546577339758281 62 1
0 0 0
1546577339851713 189 1
1546577339852149 63 1
1546577339852159 63 1
1546577339852264 63 1
1546577339853092 63 1
1546577339853223 62 1
1546577339856955 39 -1
1546577339856964 13 -1
1546577339857685 9 1
1546577339861451 9 -1
1546577339862855 291 -1
1546577339862872 9 -1
1546577339870774 8642 -1
1546577339870795 130 -1
1546577339870800 9 -1
1546577339872084 7625 -1
1546577339872096 129 -1
1546577339872179 9 -1
1546577339873043 8874 -1
1546577339873053 129 -1
1546577339873270 9 -1
1546577339874409 7792 -1
1546577339874423 130 -1
1546577339874443 9 -1
1546577339875551 7528 -1
1546577339875676 130 -1
1546577339875682 9 -1
1546577339878163 7297 -1
1546577342887853 81 1
1546577342888921 58 1
1546577342890922 59 1
1546577342894728 170 -1
1546577342894745 9 -1
1546577342894751 2617 -1
1546577342894764 58 1
1546577342894828 78 1
1546577342896652 58 1
1546577342897153 59 1
1546577342897296 58 1
1546577342898116 58 1
1546577342898127 59 1
1546577342910983 74 -1
1546577342910993 9 -1
1546577342911111 58 1
1546577342911253 58 1
1546577342911373 59 1
1546577342911543 59 1
1546577342911557 58 1
1546577342911566 59 1
1546577342911574 58 1
1546577342912907 16383 -1
1546577342912926 1 -1
1546577342912933 9 -1
1546577342919079 16382 -1
1546577342919097 2 -1
1546577342919101 9 -1
1546577342920698 16381 -1
1546577342920714 3 -1
1546577342920720 9 -1
1546577342937999 16380 -1
1546577342938018 4 -1
1546577342938025 9 -1
1546577342941922 16383 -1
1546577342941940 1 -1
1546577342941945 9 -1
1546577342944111 16382 -1
1546577342944127 2 -1
1546577342944132 9 -1
1546577342945822 16381 -1
1546577342945835 3 -1
1546577342945840 9 -1
1546577342948615 16380 -1
1546577342948638 4 -1
1546577342948645 9 -1
1546577342948650 1206 -1
1546577342948727 69 -1
1546577342948733 73 -1
1546577342948739 149 -1
1546577342948746 130 -1
1546577342948807 230 -1
1546577342948815 127 -1
1546577342948884 9 -1
1546577342951277 16383 -1
1546577342951293 1 -1
1546577342951300 9 -1
1546577342958267 16383 -1
1546577342958284 1 -1
1546577342958345 9 -1
1546577342959472 1905 -1
1546577342959490 9 -1
1546577342962295 16383 -1
1546577342962316 1 -1
1546577342962322 9 -1
1546577342963598 15873 -1
1546577342963612 511 -1
1546577342963619 9 -1
1546577342980741 15873 -1
1546577342980762 511 -1
1546577342980772 9 -1
1546577342982494 16382 -1
1546577342982977 2 -1
1546577342982981 9 -1
1546577342984786 16382 -1
1546577342984805 2 -1
1546577342984810 9 -1
1546577342986762 88 1
1546577342996111 16382 -1
1546577342996132 2 -1
1546577342996139 9 -1
1546577343003460 15872 -1
1546577343006839 512 -1
1546577343006855 9 -1
1546577343014344 15872 -1
1546577343014363 512 -1
1546577343014372 9 -1
1546577343024798 16381 -1
1546577343024815 3 -1
1546577343024868 9 -1
1546577343036969 16381 -1
1546577343036988 3 -1
1546577343036994 9 -1
1546577343047356 16381 -1
1546577343047373 3 -1
1546577343047378 9 -1
1546577343055080 15871 -1
1546577343055100 513 -1
1546577343055109 9 -1
1546577343066277 15871 -1
1546577343066291 513 -1
1546577343066299 9 -1
1546577343075722 16380 -1
1546577343075739 4 -1
1546577343075744 9 -1
1546577343085365 16380 -1
1546577343085386 4 -1
1546577343085395 9 -1
1546577343089873 16380 -1
1546577343089892 4 -1
1546577343089899 9 -1
1546577343109823 15870 -1
1546577343109844 514 -1
1546577343109851 9 -1
1546577343115960 15870 -1
1546577343115983 514 -1
1546577343115991 9 -1
1546577343127109 16379 -1
1546577343127129 5 -1
1546577343127135 9 -1
1546577343129526 16379 -1
1546577343129635 5 -1
1546577343129642 9 -1
1546577343133199 16379 -1
1546577343133371 5 -1
1546577343133377 9 -1
1546577343147855 15869 -1
1546577343147872 515 -1
1546577343148170 9 -1
1546577343151822 15869 -1
1546577343151848 515 -1
1546577343151855 9 -1
1546577343159736 16378 -1
1546577343159751 6 -1
1546577343159756 9 -1
1546577343177685 16378 -1
1546577343177702 6 -1
1546577343177706 9 -1
1546577343180161 16378 -1
1546577343180173 6 -1
1546577343180177 9 -1
1546577343191297 15868 -1
1546577343191313 516 -1
1546577343191321 9 -1
1546577343200902 16383 -1
1546577343200913 1 -1
1546577343200919 9 -1
1546577343210409 16377 -1
1546577343210425 7 -1
1546577343210431 9 -1
1546577343225457 16377 -1
1546577343225472 7 -1
1546577343225477 119 -1
1546577343225481 118 -1
1546577343225486 132 -1
1546577343225490 132 -1
1546577343225563 130 -1
1546577343225571 154 -1
1546577343227932 132 -1
1546577343227936 132 -1
1546577343227940 131 -1
1546577343228996 9 -1
1546577343231511 16377 -1
1546577343231522 7 -1
1546577343231526 9 -1
1546577343246623 16383 -1
1546577343246641 1 -1
1546577343246649 9 -1
1546577343250802 16382 -1
1546577343250819 2 -1
1546577343250824 9 -1
1546577343258694 12885 -1
1546577343258710 9 -1
1546577343274383 16376 -1
1546577343274397 8 -1
1546577343274452 9 -1
1546577343277586 16376 -1
1546577343277597 8 -1
1546577343279336 9 -1
1546577343284899 4863 -1
1546577343284908 9 -1
1546577343299126 16381 -1
1546577343299145 3 -1
1546577343299151 9 -1
1546577343314624 16375 -1
1546577343314638 9 -1
1546577343314818 9 -1
1546577343323720 16375 -1
1546577343323735 9 -1
1546577343323785 9 -1
1546577343334267 3565 -1
1546577343334281 9 -1
1546577343346046 16374 -1
1546577343346071 10 -1
1546577343346077 9 -1
1546577343346144 961 -1
1546577343346152 9 -1
1546577343351933 4805 -1
1546577343351949 262 -1
1546577343351954 9 -1
1546577343366480 16383 -1
1546577343366496 1 -1
1546577343366500 9 -1
1546577343377188 16383 -1
1546577343377206 1 -1
1546577343377211 9 -1
1546577343388046 15873 -1
1546577343388066 511 -1
1546577343389287 9 -1
1546577343395226 15873 -1
1546577343397496 511 -1
1546577343397510 9 -1
1546577343411870 15873 -1
1546577343411883 511 -1
1546577343412118 9 -1
1546577343428720 15873 -1
1546577343430151 511 -1
1546577343430170 9 -1
1546577343442935 15873 -1
1546577343443548 511 -1
1546577343443561 9 -1
1546577343458637 16383 -1
1546577343458652 1 -1
1546577343458797 9 -1
1546577343472907 16383 -1
1546577343472925 1 -1
1546577343472932 9 -1
1546577343482593 16383 -1
1546577343482607 1 -1
1546577343482613 9 -1
1546577343489455 16382 -1
1546577343489476 2 -1
1546577343489483 9 -1
1546577343499179 16382 -1
1546577343499194 2 -1
1546577343499198 9 -1
1546577343508007 15872 -1
1546577343508020 512 -1
1546577343508025 9 -1
1546577343516251 15872 -1
1546577343516269 512 -1
1546577343516379 9 -1
1546577343522232 15872 -1
1546577343522250 512 -1
1546577343522259 9 -1
1546577343527770 15872 -1
1546577343527783 512 -1
1546577343527788 9 -1
1546577343539182 15872 -1
1546577343539195 512 -1
1546577343539200 9 -1
1546577343543907 16382 -1
1546577343543918 2 -1
1546577343543922 9 -1
1546577343553554 16382 -1
1546577343553568 2 -1
1546577343553573 9 -1
1546577343563453 15352 -1
1546577343563465 9 -1
1546577343573166 16381 -1
1546577343573182 3 -1
1546577343573186 9 -1
1546577343585123 16381 -1
1546577343585138 3 -1
1546577343585142 9 -1
1546577343591702 15871 -1
1546577343591721 513 -1
1546577343592081 9 -1
1546577343607538 15871 -1
1546577343607551 513 -1
1546577343607558 9 -1
1546577343613707 15871 -1
1546577343614625 513 -1
1546577343614631 9 -1
1546577343630201 15871 -1
1546577343630214 513 -1
1546577343630221 9 -1
1546577343642143 15871 -1
1546577343642160 513 -1
1546577343642166 9 -1
1546577343660310 16381 -1
1546577343660325 3 -1
1546577343660330 9 -1
1546577343674138 16381 -1
1546577343677254 3 -1
1546577343677263 9 -1
1546577343690712 16380 -1
1546577343690727 4 -1
1546577343690731 9 -1
1546577343715891 16380 -1
1546577343715909 4 -1
1546577343715915 9 -1
1546577343736265 15870 -1
1546577343741006 514 -1
1546577343741021 9 -1
1546577343761939 15870 -1
1546577343761998 514 -1
1546577343762004 9 -1
1546577343774088 15870 -1
1546577343774103 514 -1
1546577343774107 9 -1
1546577343784657 15870 -1
1546577343786965 514 -1
1546577343786974 9 -1
1546577343797359 15870 -1
1546577343797371 514 -1
1546577343797376 9 -1
1546577343806244 16380 -1
1546577343806267 4 -1
1546577343806272 9 -1
1546577343813967 16380 -1
1546577343813980 4 -1
1546577343813984 9 -1
1546577343828711 16379 -1
1546577343828736 5 -1
1546577343828743 9 -1
1546577343832024 16379 -1
1546577343832043 5 -1
1546577343832049 9 -1
1546577343841104 16383 -1
1546577343841117 1 -1
1546577343841411 9 -1
1546577343853415 15869 -1
1546577343853427 515 -1
1546577343853432 9 -1
1546577343858929 15869 -1
1546577343860707 515 -1
1546577343860717 9 -1
1546577343874793 15869 -1
1546577343874808 515 -1
1546577343874814 9 -1
1546577343878495 15869 -1
1546577343880627 515 -1
1546577343880639 9 -1
1546577343894101 16379 -1
1546577343894116 5 -1
1546577343894170 9 -1
1546577343907112 16379 -1
1546577343907127 5 -1
1546577343907131 9 -1
1546577343921761 16378 -1
1546577343921825 6 -1
1546577343921829 9 -1
1546577343931530 16378 -1
1546577343931544 6 -1
1546577343931550 9 -1
1546577343940308 16382 -1
1546577343940320 2 -1
1546577343940324 9 -1
1546577343953251 15868 -1
1546577343953264 516 -1
1546577343953271 9 -1
1546577343970457 15868 -1
1546577343970473 516 -1
1546577343970480 9 -1
1546577343982915 15868 -1
1546577343984531 516 -1
1546577343984541 9 -1
1546577343995634 15868 -1
1546577343995652 516 -1
1546577343995657 9 -1
1546577344003846 16378 -1
1546577344003856 6 -1
1546577344003999 9 -1
1546577344014895 16378 -1
1546577344014906 6 -1
1546577344014910 9 -1
1546577344025689 16377 -1
1546577344025703 7 -1
1546577344025707 9 -1
1546577344036035 16377 -1
1546577344036048 7 -1
1546577344036052 9 -1
1546577344054011 16381 -1
1546577344054026 3 -1
1546577344054031 9 -1
1546577344057624 5581 -1
1546577344057636 9 -1
1546577344070311 15867 -1
1546577344070323 517 -1
1546577344070329 9 -1
1546577344078462 15867 -1
1546577344083142 517 -1
1546577344083166 9 -1
1546577344095863 15867 -1
1546577344096033 517 -1
1546577344096043 9 -1
1546577344112946 16377 -1
1546577344112961 7 -1
1546577344113164 9 -1
1546577344124201 16377 -1
1546577344124216 7 -1
1546577344124219 9 -1
1546577344130017 11768 -1
1546577344130027 9 -1
1546577344152166 16376 -1
1546577344152186 8 -1
1546577344152192 9 -1
1546577344159282 8199 -1
1546577344159295 9 -1
1546577344173722 15866 -1
1546577344173736 518 -1
1546577344173742 9 -1
1546577344176417 2356 -1
1546577344176432 9 -1
1546577344189768 15866 -1
1546577344189791 518 -1
1546577344189797 9 -1
1546577344198751 16376 -1
1546577344198763 8 -1
1546577344198769 9 -1
1546577344203580 16376 -1
1546577344203594 8 -1
1546577344203599 9 -1
1546577344214021 16375 -1
1546577344214036 9 -1
1546577344214040 9 -1
1546577344222992 12731 -1
1546577344223010 9 -1
1546577344228847 15865 -1
1546577344229226 519 -1
1546577344229236 9 -1
1546577344232183 4713 -1
1546577344232192 9 -1
1546577344234283 16375 -1
1546577344234300 9 -1
1546577344236520 9 -1
1546577344241890 16374 -1
1546577344241906 10 -1
1546577344241911 9 -1
1546577344244976 12995 -1
1546577344244990 9 -1
1546577344246737 2981 -1
1546577344246755 9 -1
1546577344257877 16373 -1
1546577344257892 11 -1
1546577344257943 9 -1
1546577344259588 3996 -1
1546577349417149 17 1
0 0 0
1546577338487413 203 1
1546577338493840 39 -1
1546577338494191 13 -1
1546577338495021 9 1
1546577338498436 9 -1
1546577338499638 311 -1
1546577338499657 9 -1
1546577338713745 1731 -1
1546577338715071 17 1
0 0 0
1546577338658386 204 1
0 0 0
1546577338437238 203 1
1546577338437251 58 1
1546577338437258 59 1
1546577338437422 78 1
1546577338437914 58 1
1546577338437923 58 1
1546577338437930 78 1
1546577338438092 58 1
1546577338438436 58 1
1546577338438587 78 1
1546577338438600 58 1
1546577338438710 59 1
1546577338438724 59 1
1546577338438734 58 1
0 0 0
1546577338482541 184 1
1546577338487149 39 -1
1546577338487157 13 -1
1546577338491634 9 -1
1546577338491642 294 -1
1546577338491661 9 -1
1546577338498387 16383 -1
1546577338498403 1 -1
1546577338498473 9 -1
1546577338502373 16383 -1
1546577338502395 1 -1
1546577338502401 9 -1
1546577338507926 16382 -1
1546577338507948 2 -1
1546577338507954 9 -1
1546577338512482 16381 -1
1546577338512500 3 -1
1546577338512507 9 -1
1546577338515358 9 1
1546577338524261 16380 -1
1546577338524281 4 -1
1546577338524337 9 -1
1546577338526101 5602 -1
1546577338569301 17 1
0 0 0
1546577339654371 202 1
1546577339654461 73 1
1546577339654700 78 1
1546577339654826 78 1
1546577339654875 78 1
0 0 0
1546577338712378 213 1
0 0 0
1546577338482709 183 1
1546577338519714 39 -1
1546577338519781 13 -1
1546577338519786 9 -1
1546577338519844 294 -1
1546577338519860 9 -1
1546577338525018 9 1
1546577338526279 16383 -1
1546577338526295 1 -1
1546577338526301 9 -1
1546577338528773 16383 -1
1546577338528791 1 -1
1546577338528899 9 -1
1546577338530706 16382 -1
1546577338530724 2 -1
1546577338530729 9 -1
1546577338536113 16383 -1
1546577338536136 1 -1
1546577338536142 9 -1
1546577338543251 16383 -1
1546577338543269 1 -1
1546577338543274 9 -1
1546577338545888 6644 -1
1546577338587886 17 1
