### "'16298 13289 8055 9045 15172 213612 101350 123859 825029 161168 166936 207743 211358 173487 108363 162769 106927 182940 72558 64933 239723 129934'"
0 0 0
1546577857703058 206 1
0 0 0
1546577857546084 205 1
0 0 0
1546577857523236 207 1
1546577857523250 78 1
1546577857523259 78 1
1546577857523266 78 1
1546577857523274 58 1
1546577857523430 59 1
1546577857523569 58 1
1546577857523605 58 1
1546577857523742 58 1
1546577857523753 59 1
1546577857523762 58 1
1546577857523771 59 1
1546577857523780 88 1
1546577857523789 88 1
1546577857523797 88 1
1546577857523806 86 1
1546577857524538 58 1
1546577857524550 88 1
0 0 0
1546577857543324 207 1
0 0 0
1546577857695835 198 1
0 0 0
1546577862535655 206 1
1546577862535668 78 1
1546577862535675 89 1
1546577862535681 77 1
1546577862535687 79 1
1546577862535904 88 1
1546577862535982 63 1
1546577862535991 63 1
1546577862536306 63 1
1546577862536315 63 1
1546577862536388 63 1
1546577862536399 63 1
1546577862539070 39 -1
1546577862539199 13 -1
1546577862541044 9 1
1546577862543582 9 -1
1546577862545228 310 -1
1546577862545450 9 -1
1546577862550273 2973 -1
1546577862550396 143 -1
1546577862550403 9 -1
1546577862553518 15856 -1
1546577862553528 442 -1
1546577862553535 147 -1
1546577862553541 9 -1
1546577862554621 2261 -1
1546577862555234 148 -1
1546577862555239 9 -1
1546577862555821 2973 -1
1546577862555831 129 -1
1546577862556366 9 -1
1546577862558105 13289 -1
1546577862558402 125 -1
1546577862558407 9 -1
1546577862559570 8055 -1
1546577862559578 129 -1
1546577862559581 9 -1
1546577862561418 9045 -1
1546577862561428 129 -1
1546577862561433 9 -1
1546577862563880 4618 -1
1546577862563894 130 -1
1546577862564115 9 -1
1546577862565419 7832 -1
1546577862565434 178 -1
1546577862565500 9 -1
1546577862575176 2617 -1
1546577862575197 286 -1
1546577862575269 9 -1
1546577862578022 15172 -1
1546577862578039 130 -1
1546577862578043 9 -1
1546577862579538 6801 -1
1546577863552854 82 1
1546577863552871 59 1
1546577863554174 59 1
1546577863555930 58 1
1546577863565157 172 -1
1546577863565176 9 -1
1546577863565184 3685 -1
1546577863573210 131 -1
1546577863573742 9 -1
1546577863573763 78 1
1546577863573770 59 1
1546577863573776 59 1
1546577863573848 59 1
1546577863573854 59 1
1546577863573986 78 1
1546577863574200 77 1
1546577863574206 58 1
1546577863574214 89 1
1546577863574294 59 1
1546577863574304 78 1
1546577863575013 59 1
1546577863575025 78 1
1546577863575032 58 1
1546577863575039 78 1
1546577863575046 59 1
1546577863575053 78 1
1546577863575060 58 1
1546577863582461 16383 -1
1546577863582478 1 -1
1546577863582535 9 -1
1546577863591831 16382 -1
1546577863591848 2 -1
1546577863591927 9 -1
1546577863594432 16383 -1
1546577863594447 1 -1
1546577863594450 9 -1
1546577863595327 16382 -1
1546577863595347 2 -1
1546577863595353 9 -1
1546577863598036 16381 -1
1546577863598050 3 -1
1546577863598057 9 -1
1546577863616104 16380 -1
1546577863616546 4 -1
1546577863616743 9 -1
1546577863621884 16379 -1
1546577863621904 5 -1
1546577863621912 9 -1
1546577863628441 16378 -1
1546577863628463 6 -1
1546577863628470 126 -1
1546577863628475 131 -1
1546577863628975 148 -1
1546577863628987 131 -1
1546577863629417 132 -1
1546577863629427 132 -1
1546577863629432 148 -1
1546577863638209 252 -1
1546577863638229 132 -1
1546577863638234 156 -1
1546577863638241 148 -1
1546577863638249 141 -1
1546577863638429 132 -1
1546577863638438 9 -1
1546577863640278 67 1
1546577863641913 68 1
1546577863647842 58 1
1546577863649710 88 1
1546577863656727 16383 -1
1546577863656792 1 -1
1546577863656799 9 -1
1546577863671939 16383 -1
1546577863672074 1 -1
1546577863672083 9 -1
1546577863711141 16383 -1
1546577863711162 1 -1
1546577863711168 9 -1
1546577863715236 2795 -1
1546577863715253 9 -1
1546577863753458 15873 -1
1546577863753473 511 -1
1546577863753481 9 -1
1546577863777066 15873 -1
1546577863777083 511 -1
1546577863777089 9 -1
1546577863816223 15873 -1
1546577863816241 511 -1
1546577863816250 9 -1
1546577863865907 15873 -1
1546577863870915 511 -1
1546577863870930 9 -1
1546577863876460 2187 -1
1546577863876473 9 -1
1546577863881713 3329 -1
1546577863881727 9 -1
1546577863916904 15873 -1
1546577863916930 511 -1
1546577863916937 9 -1
1546577863921506 1474 -1
1546577863921520 9 -1
1546577863968206 16383 -1
1546577863968430 1 -1
1546577863975510 9 -1
1546577863975522 3507 -1
1546577863975950 9 -1
1546577863997361 16382 -1
1546577863997517 2 -1
1546577863997591 9 -1
1546577864014198 16382 -1
1546577864014214 2 -1
1546577864014218 9 -1
1546577864030160 16382 -1
1546577864030251 2 -1
1546577864030259 9 -1
1546577864038756 15872 -1
1546577864038774 512 -1
1546577864038780 9 -1
1546577864047670 15872 -1
1546577864054180 512 -1
1546577864054373 9 -1
1546577864062287 15872 -1
1546577864062306 512 -1
1546577864062315 9 -1
1546577864070052 15872 -1
1546577864070076 512 -1
1546577864070082 9 -1
1546577864087114 15872 -1
1546577864087129 512 -1
1546577864087136 9 -1
1546577864098431 16382 -1
1546577864098452 2 -1
1546577864098457 9 -1
1546577864121193 16381 -1
1546577864121212 3 -1
1546577864121216 9 -1
1546577864137692 16381 -1
1546577864137708 3 -1
1546577864137887 9 -1
1546577864156009 16381 -1
1546577864156024 3 -1
1546577864156029 9 -1
1546577864180004 15871 -1
1546577864180022 513 -1
1546577864180030 9 -1
1546577864197544 15871 -1
1546577864197557 513 -1
1546577864197628 9 -1
1546577864209158 15871 -1
1546577864209171 513 -1
1546577864209178 9 -1
1546577864226267 15871 -1
1546577864226292 513 -1
1546577864226299 9 -1
1546577864248644 15871 -1
1546577864249186 513 -1
1546577864249195 9 -1
1546577864265716 16381 -1
1546577864265727 3 -1
1546577864265790 9 -1
1546577864281918 16380 -1
1546577864281932 4 -1
1546577864281939 9 -1
1546577864299319 16380 -1
1546577864299332 4 -1
1546577864299453 9 -1
1546577864314258 16380 -1
1546577864314273 4 -1
1546577864314336 9 -1
1546577864326151 15870 -1
1546577864326162 514 -1
1546577864326168 9 -1
1546577864336140 15870 -1
1546577864338387 514 -1
1546577864338398 130 -1
1546577864338452 146 -1
1546577864338459 148 -1
1546577864338465 130 -1
1546577864338468 148 -1
1546577864338474 236 -1
1546577864340865 131 -1
1546577864340879 9 -1
1546577864348867 15870 -1
1546577864348884 514 -1
1546577864348890 9 -1
1546577864361416 15870 -1
1546577864361430 514 -1
1546577864361435 9 -1
1546577864366313 15870 -1
1546577864366325 514 -1
1546577864366332 9 -1
1546577864378281 16380 -1
1546577864378298 4 -1
1546577864378304 166 -1
1546577864378312 9 -1
1546577864385752 16379 -1
1546577864385765 5 -1
1546577864385770 155 -1
1546577864385775 147 -1
1546577864385836 132 -1
1546577864385839 9 -1
1546577864395618 16379 -1
1546577864395632 5 -1
1546577864395636 9 -1
1546577864404095 16379 -1
1546577864404115 5 -1
1546577864404120 9 -1
1546577864411073 15869 -1
1546577864411087 515 -1
1546577864411094 9 -1
1546577864417593 15869 -1
1546577864417606 515 -1
1546577864417612 9 -1
1546577864432560 15869 -1
1546577864432573 515 -1
1546577864432579 9 -1
1546577864434884 15869 -1
1546577864434900 515 -1
1546577864434910 9 -1
1546577864445784 15869 -1
1546577864447016 515 -1
1546577864447026 9 -1
1546577864453485 16379 -1
1546577864453498 5 -1
1546577864453502 9 -1
1546577864453506 620 -1
1546577864453513 9 -1
1546577864465213 16378 -1
1546577864465242 6 -1
1546577864465249 9 -1
1546577864471854 16378 -1
1546577864471872 6 -1
1546577864471878 9 -1
1546577864477069 15868 -1
1546577864477556 516 -1
1546577864477565 9 -1
1546577864484199 15868 -1
1546577864484210 516 -1
1546577864484216 9 -1
1546577864489420 15868 -1
1546577864490891 516 -1
1546577864490899 9 -1
1546577864497915 15868 -1
1546577864497934 516 -1
1546577864497939 9 -1
1546577864505440 15868 -1
1546577864505455 516 -1
1546577864505460 9 -1
1546577864513563 16378 -1
1546577864514417 6 -1
1546577864514425 9 -1
1546577864516436 3046 -1
1546577864516452 9 -1
1546577864518735 16377 -1
1546577864518747 7 -1
1546577864518752 9 -1
1546577864532671 15867 -1
1546577864532798 517 -1
1546577864533904 9 -1
1546577864538868 15867 -1
1546577864542466 517 -1
1546577864542476 9 -1
1546577864549196 15867 -1
1546577864549206 517 -1
1546577864549212 9 -1
1546577864557746 15867 -1
1546577864562573 517 -1
1546577864562590 9 -1
1546577864569459 15867 -1
1546577864569472 517 -1
1546577864569695 9 -1
1546577864585128 16377 -1
1546577864585143 7 -1
1546577864585148 9 -1
1546577864585985 9171 -1
1546577864585998 9 -1
1546577864597142 15866 -1
1546577864597157 518 -1
1546577864597164 9 -1
1546577864609480 15866 -1
1546577864613812 518 -1
1546577864613822 9 -1
1546577864626706 15866 -1
1546577864626720 518 -1
1546577864626725 9 -1
1546577864638461 15866 -1
1546577864638475 518 -1
1546577864638483 9 -1
1546577864660185 15866 -1
1546577864660200 518 -1
1546577864660204 9 -1
1546577864671874 16376 -1
1546577864671889 8 -1
1546577864671896 9 -1
1546577864695406 15865 -1
1546577864695422 519 -1
1546577864695674 9 -1
1546577864711978 15865 -1
1546577864713173 519 -1
1546577864713184 9 -1
1546577864730011 15865 -1
1546577864730027 519 -1
1546577864730033 9 -1
1546577864741449 15865 -1
1546577864741461 519 -1
1546577864741467 9 -1
1546577864752056 15865 -1
1546577864752070 519 -1
1546577864753058 9 -1
1546577864760122 16375 -1
1546577864760132 9 -1
1546577864760137 9 -1
1546577864769045 15864 -1
1546577864770618 520 -1
1546577864771011 9 -1
1546577864779372 13712 -1
1546577864779388 9 -1
1546577864784732 15864 -1
1546577864784751 520 -1
1546577864784760 9 -1
1546577864789922 15864 -1
1546577864789936 520 -1
1546577864789942 9 -1
1546577864804426 15864 -1
1546577864804440 520 -1
1546577864804445 9 -1
1546577864810467 16374 -1
1546577864810484 10 -1
1546577864810492 9 -1
1546577864819613 15863 -1
1546577864819634 521 -1
1546577864819639 9 -1
1546577864821841 3096 -1
1546577864821850 9 -1
1546577864827597 15863 -1
1546577864829370 521 -1
1546577864829387 9 -1
1546577864838557 15863 -1
1546577864838570 521 -1
1546577864838578 9 -1
1546577864842024 9647 -1
1546577864842040 9 -1
1546577864850942 15862 -1
1546577864850958 522 -1
1546577864851023 9 -1
1546577864855614 15862 -1
1546577864858667 522 -1
1546577864858687 9 -1
1546577864869716 15862 -1
1546577864869736 522 -1
1546577864869743 9 -1
1546577864871987 15861 -1
1546577864872001 523 -1
1546577864872008 9 -1
1546577864878154 11135 -1
1546577864878680 9 -1
1546577864886840 14750 -1
1546577864886852 9 -1
1546577864893707 15860 -1
1546577864896081 524 -1
1546577864896091 9 -1
1546577864908783 15859 -1
1546577864908799 525 -1
1546577864908804 9 -1
1546577864918748 15858 -1
1546577864918766 526 -1
1546577864918772 9 -1
1546577864929958 15857 -1
1546577864929973 527 -1
1546577864929980 9 -1
1546577864941376 15856 -1
1546577864941391 9 -1
1546577864959681 16383 -1
1546577864959694 1 -1
1546577864959699 9 -1
1546577864965145 15873 -1
1546577864969845 511 -1
1546577864969860 9 -1
1546577864971237 3151 -1
1546577864971249 9 -1
1546577864982982 16383 -1
1546577864983002 1 -1
1546577864983008 9 -1
1546577864993493 3863 -1
1546577864993508 9 -1
1546577865005647 15873 -1
1546577865005663 511 -1
1546577865005670 9 -1
1546577865007900 3329 -1
1546577865007917 9 -1
1546577865027789 15873 -1
1546577865027804 511 -1
1546577865027810 9 -1
1546577865043847 16383 -1
1546577865043862 1 -1
1546577865043868 9 -1
1546577865067262 16383 -1
1546577865067282 1 -1
1546577865067288 9 -1
1546577865072733 16383 -1
1546577865072750 1 -1
1546577865072755 9 -1
1546577865085641 16383 -1
1546577865085732 1 -1
1546577865085739 9 -1
1546577865097882 16382 -1
1546577865097907 2 -1
1546577865097913 9 -1
1546577865113588 15872 -1
1546577865113712 512 -1
1546577865113722 9 -1
1546577865121026 16382 -1
1546577865121045 2 -1
1546577865121051 9 -1
1546577865135085 15872 -1
1546577865135103 512 -1
1546577865135177 9 -1
1546577865140799 15872 -1
1546577865141492 512 -1
1546577865141505 9 -1
1546577865167476 16382 -1
1546577865167491 2 -1
1546577865167498 9 -1
1546577865184982 16382 -1
1546577865184997 2 -1
1546577865185002 9 -1
1546577865214860 16382 -1
1546577865214874 2 -1
1546577865214987 9 -1
1546577865229141 16382 -1
1546577865229157 2 -1
1546577865229163 9 -1
1546577865242789 16381 -1
1546577865242804 3 -1
1546577865242809 9 -1
1546577865254418 15871 -1
1546577865254433 513 -1
1546577865254824 9 -1
1546577865264877 16381 -1
1546577865264890 3 -1
1546577865264896 9 -1
1546577865270921 15871 -1
1546577865270933 513 -1
1546577865275194 9 -1
1546577865282938 15871 -1
1546577865282950 513 -1
1546577865282955 9 -1
1546577865294512 16381 -1
1546577865294526 3 -1
1546577865294531 9 -1
1546577865305101 16381 -1
1546577865305116 3 -1
1546577865305121 9 -1
1546577865321937 16381 -1
1546577865322292 3 -1
1546577865322297 9 -1
1546577865339006 16381 -1
1546577865339017 3 -1
1546577865339082 9 -1
1546577865360694 16380 -1
1546577865360709 4 -1
1546577865360714 9 -1
1546577865379260 15870 -1
1546577865379275 514 -1
1546577865379282 9 -1
1546577865390685 16380 -1
1546577865390699 4 -1
1546577865390703 9 -1
1546577865402366 15870 -1
1546577865402378 514 -1
1546577865402500 9 -1
1546577865412500 15870 -1
1546577865412529 514 -1
1546577865412535 9 -1
1546577865420349 16380 -1
1546577865420362 4 -1
1546577865420367 9 -1
1546577865433124 15781 -1
1546577865433189 9 -1
1546577865441944 16380 -1
1546577865441972 4 -1
1546577865441978 9 -1
1546577865452348 16380 -1
1546577865452363 4 -1
1546577865452367 9 -1
1546577865458155 16379 -1
1546577865458172 5 -1
1546577865458179 9 -1
1546577865469278 15869 -1
1546577865469359 515 -1
1546577865469367 9 -1
1546577865483231 16379 -1
1546577865483248 5 -1
1546577865483254 9 -1
1546577865492109 15869 -1
1546577865492124 515 -1
1546577865492131 9 -1
1546577865499698 15869 -1
1546577865499716 515 -1
1546577865499726 9 -1
1546577865506025 7022 -1
1546577865506042 9 -1
1546577865516877 16379 -1
1546577865517157 5 -1
1546577865517164 9 -1
1546577865536868 16379 -1
1546577865536887 5 -1
1546577865536892 9 -1
1546577865547443 16378 -1
1546577865547604 6 -1
1546577865547611 9 -1
1546577865562508 15868 -1
1546577865562527 516 -1
1546577865562534 9 -1
1546577865574610 16378 -1
1546577865574627 6 -1
1546577865574632 9 -1
1546577865595303 15868 -1
1546577865595318 516 -1
1546577865595324 9 -1
1546577865612381 15868 -1
1546577865612397 516 -1
1546577865612403 9 -1
1546577865628170 16378 -1
1546577865628187 6 -1
1546577865628193 9 -1
1546577865640247 16378 -1
1546577865640265 6 -1
1546577865640270 9 -1
1546577865652828 16377 -1
1546577865652842 7 -1
1546577865652846 9 -1
1546577865657212 10059 -1
1546577865657225 9 -1
1546577865667830 16377 -1
1546577865667845 7 -1
1546577865667849 9 -1
1546577865672605 8623 -1
1546577865672617 9 -1
1546577865678742 15867 -1
1546577865680541 517 -1
1546577865680548 9 -1
1546577865693729 16377 -1
1546577865693742 7 -1
1546577865693748 9 -1
1546577865696553 16377 -1
1546577865696570 7 -1
1546577865696578 9 -1
1546577865708735 16376 -1
1546577865708752 8 -1
1546577865708757 9 -1
1546577865713936 16376 -1
1546577865713960 8 -1
1546577865713966 9 -1
1546577865723365 15866 -1
1546577865723377 518 -1
1546577865723384 9 -1
1546577865732108 16376 -1
1546577865732124 8 -1
1546577865732128 9 -1
1546577865737329 15246 -1
1546577865737340 9 -1
1546577865743909 16375 -1
1546577865743981 9 -1
1546577865743986 9 -1
1546577865749262 16375 -1
1546577865749276 9 -1
1546577865749394 9 -1
1546577865755808 15865 -1
1546577865757148 519 -1
1546577865757160 9 -1
1546577865767188 16375 -1
1546577865767203 9 -1
1546577865767208 9 -1
1546577865772515 16374 -1
1546577865774017 10 -1
1546577865774023 9 -1
1546577865783640 15313 -1
1546577865783657 9 -1
1546577865786157 15864 -1
1546577865786174 520 -1
1546577865786180 9 -1
1546577865790267 16374 -1
1546577865790285 10 -1
1546577865790290 9 -1
1546577865797073 16373 -1
1546577865797090 11 -1
1546577865797095 9 -1
1546577865803617 16383 -1
1546577865803629 1 -1
1546577865804743 9 -1
1546577865811592 16373 -1
1546577865811604 11 -1
1546577865811609 9 -1
1546577865815566 16372 -1
1546577865815576 12 -1
1546577865815580 9 -1
1546577865818888 2716 -1
1546577865818901 9 -1
1546577865825145 16372 -1
1546577865825159 12 -1
1546577865825165 9 -1
1546577865840404 16371 -1
1546577865840418 13 -1
1546577865840423 9 -1
1546577865845153 16371 -1
1546577865845179 13 -1
1546577865845185 9 -1
1546577865854830 16370 -1
1546577865854846 14 -1
1546577865854850 9 -1
1546577865869684 16370 -1
1546577865869696 14 -1
1546577865869700 9 -1
1546577865877247 16369 -1
1546577865877372 15 -1
1546577865877377 9 -1
1546577865888164 10347 -1
1546577865888179 9 -1
1546577865899423 16368 -1
1546577865900454 16 -1
1546577865900460 9 -1
1546577865915603 16367 -1
1546577865915626 17 -1
1546577865915633 9 -1
1546577865922397 16366 -1
1546577865922414 9 -1
1546577865933671 16383 -1
1546577865933684 1 -1
1546577865933689 9 -1
1546577865943224 16382 -1
1546577865943236 2 -1
1546577865943240 9 -1
1546577865951750 16381 -1
1546577865951764 3 -1
1546577865951768 9 -1
1546577865958929 16380 -1
1546577865958943 4 -1
1546577865958950 9 -1
1546577865970954 16379 -1
1546577865970969 5 -1
1546577865971044 9 -1
1546577865983585 16378 -1
1546577865983600 6 -1
1546577865983604 9 -1
1546577865992685 16377 -1
1546577865992701 7 -1
1546577865992821 9 -1
1546577866003196 16376 -1
1546577866003209 8 -1
1546577866003376 9 -1
1546577866014028 16375 -1
1546577866014046 9 -1
1546577866014051 9 -1
1546577866025236 16374 -1
1546577866025252 10 -1
1546577866025257 9 -1
1546577866041378 16373 -1
1546577866041394 11 -1
1546577866041401 9 -1
1546577866046237 16372 -1
1546577866046253 12 -1
1546577866046258 9 -1
1546577866060768 16371 -1
1546577866060784 13 -1
1546577866060789 9 -1
1546577866068238 16370 -1
1546577866068253 14 -1
1546577866068257 9 -1
1546577866074775 6375 -1
1546577870019493 17 1
0 0 0
1546577862469216 207 1
1546577862475319 39 -1
1546577862475325 13 -1
1546577862475700 9 1
1546577862480226 9 -1
1546577862480816 311 -1
1546577862480830 9 -1
1546577862480835 2339 -1
1546577862525291 17 1
