### "'148980 44999 21518 43441 21366 12145 21263 114185 46772 23003 81792 61430 19196 57298 27359 19069 91453 45006 58112 63695 34638 8096 44999'"
0 0 0
1546578372183592 203 1
1546578372190749 39 -1
1546578372190860 13 -1
1546578372194928 9 1
1546578372215024 9 -1
1546578372215120 311 -1
1546578372215157 9 -1
1546578372215164 2263 -1
1546578372216470 17 1
0 0 0
1546578372174907 39 -1
1546578372175003 13 -1
1546578372182253 203 1
1546578372183290 9 1
1546578372189013 9 -1
1546578372190104 313 -1
1546578372190121 9 -1
1546578372220405 12145 -1
1546578372232740 17 1
0 0 0
1546578372109164 39 -1
1546578372109416 13 -1
1546578372111347 202 1
1546578372111552 9 1
1546578372117169 9 -1
1546578372118526 310 -1
1546578372118579 9 -1
1546578372119219 2617 -1
1546578372169482 17 1
0 0 0
1546578372101929 39 -1
1546578372102360 13 -1
1546578372102428 203 1
1546578372107755 9 -1
1546578372108627 311 -1
1546578372108696 9 -1
1546578372109917 9 1
1546578372133431 3151 -1
1546578372144104 70 1
1546578372150188 58 1
1546578372151397 156 -1
1546578372151509 9 -1
1546578372160894 16383 -1
1546578372160954 1 -1
1546578372160994 9 -1
1546578372163734 16382 -1
1546578372163755 2 -1
1546578372163762 9 -1
1546578372165276 12231 -1
1546578372165291 130 -1
1546578372165297 9 -1
1546578372165848 16383 -1
1546578372165863 1 -1
1546578372165868 9 -1
1546578372166231 5134 -1
1546578372168035 67 1
1546578372168208 58 1
1546578372168220 67 1
1546578372169859 87 1
1546578372174108 130 -1
1546578372174163 9 -1
1546578372175462 16383 -1
1546578372175476 1 -1
1546578372175485 9 -1
1546578372182450 59 1
1546578372183059 67 1
1546578372186519 16383 -1
1546578372186547 1 -1
1546578372186552 9 -1
1546578372187577 59 1
1546578372189622 67 1
1546578372190929 10673 -1
1546578372191032 155 -1
1546578372191041 9 -1
1546578372192261 67 1
1546578372193057 68 1
1546578372194658 58 1
1546578372195153 67 1
1546578372195891 67 1
1546578372197259 58 1
1546578372197293 67 1
1546578372197594 58 1
1546578372197602 67 1
1546578372199106 15838 -1
1546578372199659 546 -1
1546578372199676 9 -1
1546578372204336 4982 -1
1546578372205198 154 -1
1546578372205213 9 -1
1546578372210089 16383 -1
1546578372210115 1 -1
1546578372210120 9 -1
1546578372215422 4879 -1
1546578372215435 162 -1
1546578372215442 9 -1
1546578372234710 16383 -1
1546578372234732 1 -1
1546578372234739 9 -1
1546578372249979 16382 -1
1546578372249998 2 -1
1546578372250004 9 -1
1546578372268082 16381 -1
1546578372268107 3 -1
1546578372268114 9 -1
1546578372277528 16380 -1
1546578372277548 4 -1
1546578372277553 9 -1
1546578372285616 16379 -1
1546578372285646 5 -1
1546578372285652 9 -1
1546578372297738 16378 -1
1546578372297759 6 -1
1546578372297764 131 -1
1546578372297769 156 -1
1546578372297775 130 -1
1546578372297780 284 -1
1546578372297785 152 -1
1546578372302675 152 -1
1546578372302694 156 -1
1546578372303003 155 -1
1546578372303009 132 -1
1546578372303032 130 -1
1546578372303036 131 -1
1546578372303041 143 -1
1546578372303046 156 -1
1546578372303051 9 -1
1546578372323719 15881 -1
1546578372323739 9 -1
1546578372334051 16383 -1
1546578372334069 1 -1
1546578372334075 9 -1
1546578372357628 16383 -1
1546578372357914 1 -1
1546578372357921 9 -1
1546578372381658 16383 -1
1546578372381675 1 -1
1546578372381681 9 -1
1546578372396740 16383 -1
1546578372396761 1 -1
1546578372396768 9 -1
1546578372416096 16383 -1
1546578372416120 1 -1
1546578372416129 9 -1
1546578372432256 16383 -1
1546578372432277 1 -1
1546578372432284 9 -1
1546578372446911 16383 -1
1546578372446938 1 -1
1546578372446946 9 -1
1546578372462892 15838 -1
1546578372462912 546 -1
1546578372462922 9 -1
1546578372477634 16383 -1
1546578372477659 1 -1
1546578372477667 9 -1
1546578372491683 15874 -1
1546578372491704 510 -1
1546578372492038 9 -1
1546578372508316 15838 -1
1546578372508335 546 -1
1546578372508393 9 -1
1546578372525407 15874 -1
1546578372525423 510 -1
1546578372525430 9 -1
1546578372552078 15838 -1
1546578372552100 546 -1
1546578372552108 9 -1
1546578372570712 16382 -1
1546578372570734 2 -1
1546578372570741 9 -1
1546578372574405 6619 -1
1546578372574425 9 -1
1546578372611010 16382 -1
1546578372611027 2 -1
1546578372611103 9 -1
1546578372636039 16382 -1
1546578372636057 2 -1
1546578372636062 9 -1
1546578372641646 2812 -1
1546578372641674 9 -1
1546578372675620 16382 -1
1546578372675635 2 -1
1546578372675642 9 -1
1546578372685575 16382 -1
1546578372685599 2 -1
1546578372685605 9 -1
1546578372695641 10975 -1
1546578372695673 9 -1
1546578372695719 2685 -1
1546578372695729 9 -1
1546578372705867 15873 -1
1546578372709733 511 -1
1546578372709758 9 -1
1546578372721191 15837 -1
1546578372721207 547 -1
1546578372721214 9 -1
1546578372730081 15873 -1
1546578372730100 511 -1
1546578372730144 9 -1
1546578372754893 15837 -1
1546578372754912 547 -1
1546578372754920 9 -1
1546578372759844 14004 -1
1546578372759861 9 -1
1546578372770018 16381 -1
1546578372770038 3 -1
1546578372770044 9 -1
1546578372779727 16381 -1
1546578372779748 3 -1
1546578372779754 9 -1
1546578372789429 16381 -1
1546578372789446 3 -1
1546578372789451 9 -1
1546578372799328 16381 -1
1546578372799344 3 -1
1546578372799350 9 -1
1546578372811361 15872 -1
1546578372811416 512 -1
1546578372811424 9 -1
1546578372814386 12238 -1
1546578372814398 9 -1
1546578372820657 15872 -1
1546578372820676 512 -1
1546578372820684 9 -1
1546578372823489 1870 -1
1546578372823507 9 -1
1546578372830718 16380 -1
1546578372830739 4 -1
1546578372830745 9 -1
1546578372836339 12278 -1
1546578372836357 9 -1
1546578372845224 8146 -1
1546578372845243 9 -1
1546578372852951 16380 -1
1546578372852971 4 -1
1546578372853008 9 -1
1546578372860011 8960 -1
1546578372860032 9 -1
1546578372870139 14543 -1
1546578372870157 9 -1
1546578372889261 16256 -1
1546578372889279 9 -1
1546578372910981 16379 -1
1546578372911000 5 -1
1546578372911005 9 -1
1546578372944945 9533 -1
1546578373681614 78 1
1546578373684707 78 1
1546578373685965 78 1
1546578373687024 78 1
1546578373687944 171 -1
1546578373688044 9 -1
1546578373691089 79 1
1546578373692947 2083 -1
1546578373708311 253 -1
1546578373708330 9 -1
1546578373708336 2261 -1
1546578373708343 148 -1
1546578373708350 9 -1
1546578373713679 2261 -1
1546578373713729 147 -1
1546578373713739 9 -1
1546578373718287 2261 -1
1546578373718324 148 -1
1546578373718334 9 -1
1546578373718339 2973 -1
1546578374001757 63 1
1546578374008476 148 -1
1546578374008497 9 -1
1546578374017337 7602 -1
1546578374225877 63 1
1546578374226634 63 1
1546578374227602 63 1
1546578374227703 64 1
1546578374232499 117 -1
1546578374232509 9 -1
1546578374238153 4903 -1
1546578374238170 129 -1
1546578374238178 9 -1
1546578374254641 5977 -1
1546578374254661 130 -1
1546578374254668 9 -1
1546578374258211 8096 -1
1546578374258983 124 -1
1546578374258991 9 -1
1546578374265433 7197 -1
1546578374458636 63 1
1546578374467315 125 -1
1546578374467327 9 -1
1546578374472821 7521 -1
1546578376617680 67 1
1546578376623849 179 -1
1546578376624877 9 -1
1546578376637237 16383 -1
1546578376637254 1 -1
1546578376637260 9 -1
1546578376644803 16382 -1
1546578376644821 2 -1
1546578376644827 9 -1
1546578376654170 12231 -1
1546578381040418 17 1
0 0 0
1546578372110794 182 1
1546578372117619 39 -1
1546578372117913 13 -1
1546578372119470 9 1
1546578372122300 9 -1
1546578372123143 295 -1
1546578372123156 9 -1
1546578372135773 16383 -1
1546578372135787 1 -1
1546578372135793 9 -1
1546578372139175 16383 -1
1546578372139309 1 -1
1546578372139316 9 -1
1546578372140462 16383 -1
1546578372140474 1 -1
1546578372140983 9 -1
1546578372143052 16383 -1
1546578372143069 1 -1
1546578372143076 9 -1
1546578372145137 16383 -1
1546578372145154 1 -1
1546578372145161 9 -1
1546578372148120 16383 -1
1546578372148145 1 -1
1546578372148151 9 -1
1546578372149284 16383 -1
1546578372149307 1 -1
1546578372149312 9 -1
1546578372150960 16383 -1
1546578372150974 1 -1
1546578372150980 9 -1
1546578372153231 16382 -1
1546578372153633 2 -1
1546578372153643 9 -1
1546578372153649 1524 -1
1546578372193328 17 1
0 0 0
1546578372140169 194 1
