### "'31505 144495 110594 10749 9723 8304 45718 105591 61168 149429 54952 36997 137288 34045 43374 9360 73201 191162 202906 178030 176377 186304 104549 243265 115926 129550 142271 152510 162064 88615 94173 85651 83604 97501 185779 85343 111446'"
0 0 0
1546511437984290 190 1
1546511437984314 63 1
1546511437984803 64 1
1546511437984813 64 1
1546511437984822 63 1
1546511437984830 63 1
1546511437991488 39 -1
1546511437991496 13 -1
1546511437992557 9 1
1546511437996544 9 -1
1546511437997232 291 -1
1546511437997251 9 -1
1546511438003587 7323 -1
1546511438003607 129 -1
1546511438003613 9 -1
1546511438007320 6789 -1
1546511438007507 130 -1
1546511438007515 9 -1
1546511438009257 10749 -1
1546511438009273 114 -1
1546511438009311 9 -1
1546511438009651 9723 -1
1546511438009663 152 -1
1546511438009668 9 -1
1546511438014583 6522 -1
1546511438014602 128 -1
1546511438014608 9 -1
1546511438015450 8304 -1
1546511438128573 81 1
1546511438136929 88 1
1546511438136947 78 1
1546511438136957 59 1
1546511438136967 58 1
1546511438136976 78 1
1546511438137108 58 1
1546511438137169 59 1
1546511438142329 134 -1
1546511438142341 9 -1
1546511438142526 2973 -1
1546511438146866 148 -1
1546511438146884 9 -1
1546511438147096 2795 -1
1546511438147107 71 -1
1546511438147149 9 -1
1546511438147354 2035 -1
1546511438147363 159 -1
1546511438147369 9 -1
1546511438155134 16383 -1
1546511438155157 1 -1
1546511438155163 9 -1
1546511438164320 16382 -1
1546511438164340 2 -1
1546511438164348 9 -1
1546511438168103 12950 -1
1546511438168122 133 -1
1546511438168128 9 -1
1546511438178783 15873 -1
1546511438178803 511 -1
1546511438178810 9 -1
1546511438181751 15872 -1
1546511438181769 512 -1
1546511438181775 9 -1
1546511438183349 15871 -1
1546511438183365 513 -1
1546511438183514 9 -1
1546511438183772 15870 -1
1546511438183783 514 -1
1546511438183790 9 -1
1546511438193150 15869 -1
1546511438193167 515 -1
1546511438193174 9 -1
1546511438194384 15868 -1
1546511438194470 516 -1
1546511438195244 9 -1
1546511438196108 7287 -1
1546511438196122 234 -1
1546511438196127 125 -1
1546511438196614 129 -1
1546511438196621 9 -1
1546511438199483 15873 -1
1546511438199501 511 -1
1546511438199507 9 -1
1546511438209662 15874 -1
1546511438209682 510 -1
1546511438209690 9 -1
1546511438216258 15874 -1
1546511438216278 510 -1
1546511438216286 9 -1
1546511438226198 15872 -1
1546511438226268 512 -1
1546511438226427 9 -1
1546511438239330 15873 -1
1546511438239482 511 -1
1546511438239493 9 -1
1546511438250459 15873 -1
1546511438250486 511 -1
1546511438250497 9 -1
1546511438259811 59 1
1546511438265638 15871 -1
1546511438265707 513 -1
1546511438265717 9 -1
1546511438267391 87 1
1546511438270509 59 1
1546511438288900 15872 -1
1546511438288950 512 -1
1546511438289064 9 -1
1546511438305815 15872 -1
1546511438305870 512 -1
1546511438305930 9 -1
1546511438322542 15870 -1
1546511438322563 514 -1
1546511438322571 9 -1
1546511438332964 12016 -1
1546511438333080 9 -1
1546511438339263 5800 -1
1546511438339865 9 -1
1546511438347552 15869 -1
1546511438347705 515 -1
1546511438347843 9 -1
1546511438357162 15868 -1
1546511438357655 516 -1
1546511438359078 9 -1
1546511438390662 15867 -1
1546511438390685 517 -1
1546511438390699 9 -1
1546511438394771 15866 -1
1546511438394792 518 -1
1546511438394802 9 -1
1546511438407238 15865 -1
1546511438407262 519 -1
1546511438407274 9 -1
1546511438407379 1973 -1
1546511438407388 131 -1
1546511438407392 185 -1
1546511438407398 117 -1
1546511438407402 9 -1
1546511438422920 16383 -1
1546511438422940 1 -1
1546511438422947 9 -1
1546511438444854 16383 -1
1546511438444878 1 -1
1546511438445116 9 -1
1546511438452542 16383 -1
1546511438452574 1 -1
1546511438452581 9 -1
1546511438476368 16382 -1
1546511438476388 2 -1
1546511438476396 9 -1
1546511438494117 16382 -1
1546511438494137 2 -1
1546511438494144 9 -1
1546511438517136 16382 -1
1546511438517154 2 -1
1546511438517160 9 -1
1546511438517518 4229 -1
1546511438517527 9 -1
1546511438538191 16381 -1
1546511438538214 3 -1
1546511438538221 9 -1
1546511438539625 1277 -1
1546511438539642 9 -1
1546511438552257 16380 -1
1546511438552277 4 -1
1546511438552283 9 -1
1546511438579137 16379 -1
1546511438579158 5 -1
1546511438579165 9 -1
1546511438592101 16378 -1
1546511438592119 6 -1
1546511438592125 9 -1
1546511438616388 16377 -1
1546511438616409 7 -1
1546511438616416 9 -1
1546511438632545 16376 -1
1546511438632566 8 -1
1546511438632573 9 -1
1546511438673431 6216 -1
1546511440211513 59 1
1546511440211544 87 1
1546511440211790 59 1
1546511440211802 58 1
1546511440211929 58 1
1546511440212803 58 1
1546511440212818 58 1
1546511440215156 58 1
1546511440216816 58 1
1546511440216833 78 1
1546511440216843 58 1
1546511440216854 58 1
1546511440217204 59 1
1546511440219689 59 1
1546511440224633 154 -1
1546511440224654 9 -1
1546511440224667 58 1
1546511440226395 59 1
1546511440230782 58 1
1546511440234933 58 1
1546511440236843 59 1
1546511440239292 58 1
1546511440242268 58 1
1546511440249840 59 1
1546511440250127 15874 -1
1546511440250290 510 -1
1546511440250299 9 -1
1546511440283037 15873 -1
1546511440283056 511 -1
1546511440283310 9 -1
1546511440295273 10606 -1
1546511440295420 130 -1
1546511440295426 9 -1
1546511440320738 9360 -1
1546511440320767 161 -1
1546511440321095 9 -1
1546511440339429 59 1
1546511440341629 15832 -1
1546511440341651 552 -1
1546511440341659 9 -1
1546511440344997 59 1
1546511440360694 15831 -1
1546511440360787 553 -1
1546511440360803 9 -1
1546511440377101 15830 -1
1546511440384987 554 -1
1546511440385013 9 -1
1546511440415430 15829 -1
1546511440415451 555 -1
1546511440415461 9 -1
1546511440421654 7665 -1
1546511440421688 130 -1
1546511440421695 108 -1
1546511440421802 213 -1
1546511440421820 109 -1
1546511440421938 132 -1
1546511440421953 132 -1
1546511440421962 135 -1
1546511440421968 131 -1
1546511440422301 154 -1
1546511440422333 131 -1
1546511440422340 117 -1
1546511440422347 130 -1
1546511440422486 130 -1
1546511440422495 118 -1
1546511440422504 234 -1
1546511440422521 130 -1
1546511440427515 107 -1
1546511440427568 106 -1
1546511440427574 131 -1
1546511440427578 9 -1
1546511440447622 15873 -1
1546511440447642 511 -1
1546511440448754 9 -1
1546511440476035 15873 -1
1546511440476050 511 -1
1546511440476058 9 -1
1546511440492542 15873 -1
1546511440492648 511 -1
1546511440492659 9 -1
1546511440508262 15873 -1
1546511440508316 511 -1
1546511440508789 9 -1
1546511440520471 15873 -1
1546511440520748 511 -1
1546511440521108 9 -1
1546511440543772 15873 -1
1546511440543881 511 -1
1546511440543891 9 -1
1546511440543896 2795 -1
1546511440543901 9 -1
1546511440595543 15873 -1
1546511440595567 511 -1
1546511440595581 9 -1
1546511440625422 15873 -1
1546511440625470 511 -1
1546511440625478 9 -1
1546511440653999 15873 -1
1546511440654020 511 -1
1546511440654028 9 -1
1546511440666651 15873 -1
1546511440666753 511 -1
1546511440666763 9 -1
1546511440678573 16383 -1
1546511440678761 1 -1
1546511440679406 9 -1
1546511440689012 16383 -1
1546511440689374 1 -1
1546511440689383 9 -1
1546511440700639 16383 -1
1546511440700947 1 -1
1546511440700954 9 -1
1546511440723311 16383 -1
1546511440723331 1 -1
1546511440723338 9 -1
1546511440739864 16383 -1
1546511440739880 1 -1
1546511440739885 9 -1
1546511440749756 16383 -1
1546511440749774 1 -1
1546511440749781 9 -1
1546511440762373 16383 -1
1546511440763234 1 -1
1546511440763243 9 -1
1546511440773242 16383 -1
1546511440773260 1 -1
1546511440773266 9 -1
1546511440782316 15872 -1
1546511440784991 512 -1
1546511440785006 9 -1
1546511440799636 15872 -1
1546511440799667 512 -1
1546511440799675 9 -1
1546511440819707 15872 -1
1546511440819726 512 -1
1546511440819737 9 -1
1546511440850303 15872 -1
1546511440857064 512 -1
1546511440857082 9 -1
1546511440881217 15872 -1
1546511440881236 512 -1
1546511440881243 9 -1
1546511440909481 15872 -1
1546511440915191 512 -1
1546511440915210 9 -1
1546511440930337 16383 -1
1546511440930361 1 -1
1546511440931323 9 -1
1546511440947846 15872 -1
1546511440947871 512 -1
1546511440947880 9 -1
1546511440960330 15872 -1
1546511440960349 512 -1
1546511440960356 9 -1
1546511440974739 15872 -1
1546511440974757 512 -1
1546511440974828 9 -1
1546511440989269 16382 -1
1546511440989285 2 -1
1546511440989290 9 -1
1546511441005150 16382 -1
1546511441005166 2 -1
1546511441005172 9 -1
1546511441027666 16382 -1
1546511441027681 2 -1
1546511441028000 9 -1
1546511441038906 16382 -1
1546511441038927 2 -1
1546511441038934 131 -1
1546511441038941 154 -1
1546511441038949 9 -1
1546511441072661 16382 -1
1546511441072679 2 -1
1546511441072810 9 -1
1546511441094120 16382 -1
1546511441094137 2 -1
1546511441094170 9 -1
1546511441121476 16382 -1
1546511441121978 2 -1
1546511441121985 9 -1
1546511441135507 16382 -1
1546511441135527 2 -1
1546511441135533 9 -1
1546511441149662 15871 -1
1546511441149685 513 -1
1546511441149693 9 -1
1546511441168873 15871 -1
1546511441168892 513 -1
1546511441168900 9 -1
1546511441175537 15871 -1
1546511441175551 513 -1
1546511441175557 9 -1
1546511441196992 15871 -1
1546511441197407 513 -1
1546511441197463 9 -1
1546511441219070 15871 -1
1546511441219086 513 -1
1546511441219092 9 -1
1546511441225812 15871 -1
1546511441237661 513 -1
1546511441237678 9 -1
1546511441249492 16382 -1
1546511441249512 2 -1
1546511441249518 9 -1
1546511441281928 15871 -1
1546511441281946 513 -1
1546511441281952 9 -1
1546511441303776 15871 -1
1546511441304970 513 -1
1546511441304981 9 -1
1546511441327632 15871 -1
1546511441327656 513 -1
1546511441327785 9 -1
1546511441355205 16381 -1
1546511441355233 3 -1
1546511441355239 9 -1
1546511441373179 16381 -1
1546511441373194 3 -1
1546511441373199 9 -1
1546511441389993 16381 -1
1546511441390009 3 -1
1546511441390014 9 -1
1546511441408636 16381 -1
1546511441408650 3 -1
1546511441408654 9 -1
1546511441429528 16381 -1
1546511441429546 3 -1
1546511441429829 9 -1
1546511441457107 16381 -1
1546511441457125 3 -1
1546511441457132 9 -1
1546511441500372 16381 -1
1546511441500395 3 -1
1546511441500401 9 -1
1546511441539746 16381 -1
1546511441539761 3 -1
1546511441539767 9 -1
1546511441568062 15870 -1
1546511441572699 514 -1
1546511441572713 9 -1
1546511441600770 15870 -1
1546511441600786 514 -1
1546511441600792 9 -1
1546511441617473 15870 -1
1546511441617782 514 -1
1546511441617792 9 -1
1546511441630606 15870 -1
1546511441634791 514 -1
1546511441634802 9 -1
1546511441660356 15870 -1
1546511441660376 514 -1
1546511441660468 9 -1
1546511441670111 16383 -1
1546511441670125 1 -1
1546511441670131 9 -1
1546511441681676 16381 -1
1546511441681695 3 -1
1546511441681701 9 -1
1546511441708765 15870 -1
1546511441708783 514 -1
1546511441708791 9 -1
1546511441722049 15870 -1
1546511441726339 514 -1
1546511441726357 9 -1
1546511441739996 15870 -1
1546511441740012 514 -1
1546511441740017 9 -1
1546511441768165 16380 -1
1546511441768182 4 -1
1546511441768187 9 -1
1546511441773246 16380 -1
1546511441773312 4 -1
1546511441773318 9 -1
1546511441785626 16380 -1
1546511441785643 4 -1
1546511441785650 9 -1
1546511441800535 16380 -1
1546511441802801 4 -1
1546511441802808 9 -1
1546511441813557 16380 -1
1546511441813574 4 -1
1546511441813580 9 -1
1546511441828750 16380 -1
1546511441828766 4 -1
1546511441828772 9 -1
1546511441846968 16380 -1
1546511441847003 4 -1
1546511441847011 9 -1
1546511441858580 16380 -1
1546511441858596 4 -1
1546511441858602 9 -1
1546511441872573 15869 -1
1546511441872589 515 -1
1546511441873373 9 -1
1546511441888189 15869 -1
1546511441888790 515 -1
1546511441888801 9 -1
1546511441897631 15869 -1
1546511441897644 515 -1
1546511441897650 9 -1
1546511441914274 15869 -1
1546511441914291 515 -1
1546511441914647 9 -1
1546511441927293 15869 -1
1546511441927309 515 -1
1546511441927316 9 -1
1546511441943041 16382 -1
1546511441943097 2 -1
1546511441943104 9 -1
1546511441961047 16380 -1
1546511441961062 4 -1
1546511441961067 9 -1
1546511441977115 16383 -1
1546511441977134 1 -1
1546511441977141 9 -1
1546511441984593 15869 -1
1546511441984611 515 -1
1546511441988320 9 -1
1546511441995243 15869 -1
1546511441995255 515 -1
1546511441995261 9 -1
1546511442006581 16379 -1
1546511442006596 5 -1
1546511442006602 9 -1
1546511442022317 16379 -1
1546511442022335 5 -1
1546511442022341 9 -1
1546511442027799 16379 -1
1546511442027817 5 -1
1546511442027823 9 -1
1546511442039181 16379 -1
1546511442039205 5 -1
1546511442039212 9 -1
1546511442049465 16379 -1
1546511442049480 5 -1
1546511442049660 9 -1
1546511442066864 16379 -1
1546511442066879 5 -1
1546511442066885 9 -1
1546511442085550 16379 -1
1546511442085565 5 -1
1546511442085571 9 -1
1546511442097000 16379 -1
1546511442097015 5 -1
1546511442097019 9 -1
1546511442118710 15868 -1
1546511442118731 516 -1
1546511442118741 9 -1
1546511442158514 15868 -1
1546511442158535 516 -1
1546511442158543 9 -1
1546511442192318 15868 -1
1546511442192336 516 -1
1546511442192342 9 -1
1546511442243145 15868 -1
1546511442243320 516 -1
1546511442243330 9 -1
1546511442255311 15868 -1
1546511442258924 516 -1
1546511442258941 9 -1
1546511442272701 16381 -1
1546511442272720 3 -1
1546511442272727 9 -1
1546511442301927 16379 -1
1546511442301948 5 -1
1546511442301954 9 -1
1546511442309475 16382 -1
1546511442309496 2 -1
1546511442309502 9 -1
1546511442324573 15868 -1
1546511442324637 516 -1
1546511442324677 9 -1
1546511442335535 15868 -1
1546511442340475 516 -1
1546511442340489 9 -1
1546511442352225 16378 -1
1546511442352244 6 -1
1546511442352249 9 -1
1546511442359473 16378 -1
1546511442359676 6 -1
1546511442359683 9 -1
1546511442372513 6695 -1
1546511442383801 9 -1
1546511442384560 12253 -1
1546511442384580 9 -1
1546511442390559 3731 -1
1546511442390579 9 -1
1546511442390585 1684 -1
1546511442390594 9 -1
1546511442406799 15581 -1
1546511442406826 9 -1
1546511442420442 16378 -1
1546511442420655 6 -1
1546511442420665 9 -1
1546511442441741 15867 -1
1546511442441811 517 -1
1546511442441817 9 -1
1546511442453635 15867 -1
1546511442453650 517 -1
1546511442453656 9 -1
1546511442471424 15867 -1
1546511442471443 517 -1
1546511442471452 9 -1
1546511442497723 15867 -1
1546511442497747 517 -1
1546511442497756 9 -1
1546511442508185 15867 -1
1546511442509270 517 -1
1546511442509285 9 -1
1546511442515281 6245 -1
1546511442515301 9 -1
1546511442527054 16378 -1
1546511442527074 6 -1
1546511442529741 9 -1
1546511442549843 16381 -1
1546511442549887 3 -1
1546511442549895 9 -1
1546511442554892 15867 -1
1546511442554911 517 -1
1546511442556572 9 -1
1546511442572973 15867 -1
1546511442572989 517 -1
1546511442572997 9 -1
1546511442583901 16377 -1
1546511442583922 7 -1
1546511442584487 9 -1
1546511442604882 16377 -1
1546511442604900 7 -1
1546511442605197 9 -1
1546511442635242 16377 -1
1546511442635259 7 -1
1546511442635321 9 -1
1546511442674401 15866 -1
1546511442674429 518 -1
1546511442675281 9 -1
1546511442707420 15866 -1
1546511442707441 518 -1
1546511442707448 9 -1
1546511442724551 15866 -1
1546511442724572 518 -1
1546511442724580 9 -1
1546511442738316 15866 -1
1546511442738336 518 -1
1546511442738472 9 -1
1546511442774623 15866 -1
1546511442780178 518 -1
1546511442780204 9 -1
1546511442792184 16377 -1
1546511442792233 7 -1
1546511442792321 9 -1
1546511442794012 1238 -1
1546511442794131 9 -1
1546511442803573 14862 -1
1546511442803594 9 -1
1546511442822865 15866 -1
1546511442822887 518 -1
1546511442822894 9 -1
1546511442841010 16376 -1
1546511442841040 8 -1
1546511442841050 9 -1
1546511442856994 16376 -1
1546511442857017 8 -1
1546511442857023 9 -1
1546511442877962 16376 -1
1546511442877980 8 -1
1546511442877986 9 -1
1546511442887320 15865 -1
1546511442887341 519 -1
1546511442887350 9 -1
1546511442904293 15865 -1
1546511442904309 519 -1
1546511442904316 9 -1
1546511442921664 15865 -1
1546511442921682 519 -1
1546511442921877 9 -1
1546511442944010 15865 -1
1546511442944034 519 -1
1546511442944058 9 -1
1546511442956844 15865 -1
1546511442959719 519 -1
1546511442959735 9 -1
1546511442973980 16376 -1
1546511442974007 8 -1
1546511442974015 9 -1
1546511442981996 11199 -1
1546511442982022 9 -1
1546511442993217 16375 -1
1546511442993929 9 -1
1546511442993936 9 -1
1546511443002859 16375 -1
1546511443002878 9 -1
1546511443002884 9 -1
1546511443013774 16375 -1
1546511443013790 9 -1
1546511443013796 9 -1
1546511443025162 15864 -1
1546511443025233 520 -1
1546511443025240 9 -1
1546511443031564 15864 -1
1546511443032682 520 -1
1546511443032696 9 -1
1546511443038476 16383 -1
1546511443038490 1 -1
1546511443038496 9 -1
1546511443053533 15864 -1
1546511443053548 520 -1
1546511443053555 9 -1
1546511443055635 15864 -1
1546511443055667 520 -1
1546511443055675 9 -1
1546511443065061 16375 -1
1546511443065082 9 -1
1546511443065088 9 -1
1546511443067144 5054 -1
1546511443067160 9 -1
1546511443073027 14608 -1
1546511443073044 9 -1
1546511443081382 16374 -1
1546511443081402 10 -1
1546511443081407 9 -1
1546511443089507 15863 -1
1546511443090154 521 -1
1546511443090169 9 -1
1546511443097968 15863 -1
1546511443097989 521 -1
1546511443097997 9 -1
1546511443107981 14190 -1
1546511443108004 9 -1
1546511443134421 12537 -1
1546511443134441 9 -1
1546511443135887 15863 -1
1546511443135904 521 -1
1546511443135910 9 -1
1546511443136494 16374 -1
1546511443136506 10 -1
1546511443136510 9 -1
1546511443150996 16373 -1
1546511443151015 11 -1
1546511443151021 9 -1
1546511443158212 10938 -1
1546511443158228 9 -1
1546511443179615 15862 -1
1546511443184573 522 -1
1546511443184592 9 -1
1546511443190749 6080 -1
1546511443190766 9 -1
1546511443207604 16373 -1
1546511443207619 11 -1
1546511443208018 9 -1
1546511443213185 5555 -1
1546511443213200 9 -1
1546511443220593 6298 -1
1546511443220608 9 -1
1546511443241617 16372 -1
1546511443241637 12 -1
1546511443241646 9 -1
1546511443252889 16371 -1
1546511443252977 13 -1
1546511443252984 9 -1
1546511443274994 13889 -1
1546511443275010 9 -1
1546511443291991 16383 -1
1546511443292006 1 -1
1546511443292012 9 -1
1546511443309081 16383 -1
1546511443309100 1 -1
1546511443309106 9 -1
1546511443327658 16382 -1
1546511443329362 2 -1
1546511443329925 9 -1
1546511443335946 16382 -1
1546511443335964 2 -1
1546511443335977 9 -1
1546511443355046 16381 -1
1546511443355065 3 -1
1546511443355070 9 -1
1546511443397512 16381 -1
1546511443397641 3 -1
1546511443397647 9 -1
1546511443414489 16380 -1
1546511443414514 4 -1
1546511443414519 9 -1
1546511443432569 16380 -1
1546511443432584 4 -1
1546511443432589 9 -1
1546511443449884 16379 -1
1546511443449904 5 -1
1546511443449911 9 -1
1546511443471876 16379 -1
1546511443471896 5 -1
1546511443471903 9 -1
1546511443490108 3423 -1
1546511443490126 9 -1
1546511443526335 16378 -1
1546511443526351 6 -1
1546511443526358 9 -1
1546511443556077 13142 -1
1546511446684965 17 1
0 0 0
1546511436124457 205 1
1546511436129762 39 -1
1546511436129772 13 -1
1546511436131774 9 1
1546511436134771 9 -1
1546511436134782 310 -1
1546511436134795 9 -1
1546511436135394 2035 -1
1546511436137964 17 1
0 0 0
1546511436185237 215 1
1546511436185253 89 1
1546511436185262 86 1
1546511436185269 58 1
0 0 0
1546511436165083 196 1
1546511436173948 39 -1
1546511436173956 13 -1
1546511436174462 9 1
1546511436175082 9 -1
1546511436175180 306 -1
1546511436175194 9 -1
1546511436186329 16383 -1
1546511436187807 1 -1
1546511436187814 9 -1
1546511436189219 16383 -1
1546511436189264 1 -1
1546511436189270 9 -1
1546511436193076 16382 -1
1546511436193092 2 -1
1546511436193098 9 -1
1546511436196639 16381 -1
1546511436196668 3 -1
1546511436196674 9 -1
1546511436201352 16383 -1
1546511436201566 1 -1
1546511436201575 9 -1
1546511436212896 16382 -1
1546511436212917 2 -1
1546511436212924 9 -1
1546511436215715 16381 -1
1546511436215735 3 -1
1546511436216930 9 -1
1546511436222872 16380 -1
1546511436222889 4 -1
1546511436222894 9 -1
1546511436234174 13423 -1
1546511436268248 17 1
0 0 0
1546511436114085 39 -1
1546511436114094 13 -1
1546511436121679 186 1
1546511436124363 9 1
1546511436130169 9 -1
1546511436130366 293 -1
1546511436130378 9 -1
1546511436136402 16383 -1
1546511436136423 1 -1
1546511436136430 9 -1
1546511436138412 15121 -1
1546511436176927 17 1
0 0 0
1546511436094890 205 1
1546511436094904 88 1
1546511436094912 59 1
1546511436094920 58 1
1546511436094927 59 1
1546511436094934 78 1
1546511436094941 78 1
1546511436094949 58 1
1546511436094957 58 1
1546511436094965 58 1
0 0 0
1546511436119545 39 -1
1546511436119555 13 -1
1546511436123105 186 1
1546511436126844 9 1
1546511436344290 9 -1
1546511436344305 295 -1
1546511436344414 9 -1
1546511436345808 16383 -1
1546511436345850 1 -1
1546511436345858 9 -1
1546511436349519 16382 -1
1546511436349602 2 -1
1546511436349610 9 -1
1546511436350001 16381 -1
1546511436350019 3 -1
1546511436350026 9 -1
1546511436365934 16380 -1
1546511436365952 4 -1
1546511436365957 9 -1
1546511436366110 16383 -1
1546511436366120 1 -1
1546511436366124 9 -1
1546511436368857 16382 -1
1546511436368907 2 -1
1546511436368914 9 -1
1546511436369023 12290 -1
1546511436413247 17 1
0 0 0
1546511436164115 205 1
1546511436167629 39 -1
1546511436167637 13 -1
1546511436168837 9 1
1546511436173124 9 -1
1546511436176545 310 -1
1546511436176565 9 -1
1546511436176572 2973 -1
1546511436217925 17 1
0 0 0
1546511437856205 205 1
1546511437856221 78 1
1546511437856565 77 1
1546511437856577 78 1
1546511437856976 78 1
1546511437856990 63 1
1546511437858269 63 1
1546511437858283 63 1
1546511437858354 63 1
1546511437858501 63 1
1546511437858509 63 1
0 0 0
1546511437902219 191 1
1546511437902233 63 1
1546511437902651 63 1
1546511437902663 63 1
1546511437902696 63 1
1546511437908783 62 1
