### "'110594 31505 91398 115089 96944 114681 59143 243453 143377 141101 109242 75165 74399 11400 9019 16351 141101'"
0 0 0
1546511609513781 205 1
1546511609513796 59 1
1546511609513806 59 1
1546511609513815 88 1
1546511609513823 59 1
1546511609513832 58 1
1546511609513916 59 1
1546511609513926 78 1
1546511609513934 78 1
1546511609513943 58 1
1546511609514088 58 1
1546511609514128 58 1
1546511609520755 39 -1
1546511609520763 13 -1
1546511609521626 9 1
1546511609523659 9 -1
1546511609524540 310 -1
1546511609524556 9 -1
1546511609524598 2973 -1
1546511609524608 132 -1
1546511609524613 9 -1
1546511609525798 15873 -1
1546511609525812 511 -1
1546511609525820 9 -1
1546511609542873 15872 -1
1546511609542894 512 -1
1546511609542904 9 -1
1546511609544044 15871 -1
1546511609544059 513 -1
1546511609544067 9 -1
1546511609545006 15870 -1
1546511609545020 514 -1
1546511609545026 9 -1
1546511609547774 15869 -1
1546511609547792 515 -1
1546511609547818 9 -1
1546511609550277 91 1
1546511609552368 89 1
1546511609557397 15868 -1
1546511609557417 516 -1
1546511609557426 9 -1
1546511609561938 12290 -1
1546511609561963 130 -1
1546511609562062 159 -1
1546511609562071 131 -1
1546511609562076 131 -1
1546511609562081 130 -1
1546511609562115 148 -1
1546511609562123 134 -1
1546511609562127 132 -1
1546511609562204 130 -1
1546511609562210 258 -1
1546511609562217 9 -1
1546511609569401 15874 -1
1546511609569420 510 -1
1546511609569427 9 -1
1546511609569467 86 1
1546511609569477 58 1
1546511609573146 15835 -1
1546511609573165 549 -1
1546511609573172 9 -1
1546511609573856 15873 -1
1546511609573868 511 -1
1546511609573875 9 -1
1546511609578685 15873 -1
1546511609578702 511 -1
1546511609578709 9 -1
1546511609584172 15874 -1
1546511609584255 510 -1
1546511609584263 9 -1
1546511609584283 2795 -1
1546511609584363 9 -1
1546511609592051 3329 -1
1546511609592073 9 -1
1546511609595314 15874 -1
1546511609595330 510 -1
1546511609595337 9 -1
1546511609600725 15873 -1
1546511609601098 511 -1
1546511609601110 9 -1
1546511609612438 15873 -1
1546511609612455 511 -1
1546511609612462 9 -1
1546511609619006 15121 -1
1546511609619026 9 -1
1546511609630106 15834 -1
1546511609630428 550 -1
1546511609630439 9 -1
1546511609639166 15872 -1
1546511609639184 512 -1
1546511609639192 9 -1
1546511609646549 15872 -1
1546511609646566 512 -1
1546511609646573 9 -1
1546511609653967 15873 -1
1546511609653985 511 -1
1546511609653992 9 -1
1546511609665006 15873 -1
1546511609665023 511 -1
1546511609665030 9 -1
1546511609670250 15872 -1
1546511609670819 512 -1
1546511609670829 9 -1
1546511609678394 15872 -1
1546511609678413 512 -1
1546511609678420 9 -1
1546511609688048 15833 -1
1546511609688071 551 -1
1546511609688078 9 -1
1546511609693165 15871 -1
1546511609693819 513 -1
1546511609693833 9 -1
1546511609703394 15871 -1
1546511609703416 513 -1
1546511609703426 9 -1
1546511609727369 15872 -1
1546511609727388 512 -1
1546511609727396 9 -1
1546511609733580 15872 -1
1546511609733602 512 -1
1546511609733610 9 -1
1546511609742038 15871 -1
1546511609742089 513 -1
1546511609742133 9 -1
1546511609747600 15871 -1
1546511609747618 513 -1
1546511609747626 9 -1
1546511609754880 15832 -1
1546511609754899 552 -1
1546511609754906 9 -1
1546511609771202 15870 -1
1546511609771221 514 -1
1546511609771232 9 -1
1546511609780545 15870 -1
1546511609780565 514 -1
1546511609780572 9 -1
1546511609790072 15871 -1
1546511609790090 513 -1
1546511609790097 9 -1
1546511609795957 9991 -1
1546511609795973 9 -1
1546511609807509 15870 -1
1546511609807529 514 -1
1546511609807538 9 -1
1546511609818888 15870 -1
1546511609818906 514 -1
1546511609818913 9 -1
1546511609824207 15831 -1
1546511609825235 553 -1
1546511609825248 9 -1
1546511609843623 15869 -1
1546511609843637 515 -1
1546511609843645 9 -1
1546511609848979 15869 -1
1546511609849032 515 -1
1546511609849040 9 -1
1546511609862255 15870 -1
1546511609862272 514 -1
1546511609866387 9 -1
1546511609877551 15869 -1
1546511609887174 515 -1
1546511609887193 9 -1
1546511609896686 15869 -1
1546511609896702 515 -1
1546511609896708 9 -1
1546511609916616 9478 -1
1546511609916631 160 -1
1546511609916714 9 -1
1546511609936493 15868 -1
1546511609936513 516 -1
1546511609936520 146 -1
1546511609936631 9 -1
1546511609960526 15868 -1
1546511609960545 516 -1
1546511609960553 161 -1
1546511609960725 118 -1
1546511609960729 9 -1
1546511609970920 15024 -1
1546511609974976 9 -1
1546511609992846 15868 -1
1546511609992867 516 -1
1546511609992874 9 -1
1546511610011810 15868 -1
1546511610011830 516 -1
1546511610011838 9 -1
1546511610013869 15867 -1
1546511610013890 517 -1
1546511610013897 9 -1
1546511610023043 15867 -1
1546511610023064 510 -1
1546511610023073 9 -1
1546511610039560 15867 -1
1546511610039582 517 -1
1546511610039632 9 -1
1546511610042344 15867 -1
1546511610042363 517 -1
1546511610042374 9 -1
1546511610042380 401 -1
1546511610042388 9 -1
1546511610063561 15866 -1
1546511610063580 518 -1
1546511610063590 9 -1
1546511610065375 15866 -1
1546511610065394 518 -1
1546511610065446 9 -1
1546511610087849 15865 -1
1546511610087869 519 -1
1546511610087877 9 -1
1546511610098051 12305 -1
1546511610098069 9 -1
1546511610113572 15864 -1
1546511610113591 520 -1
1546511610113650 9 -1
1546511610128604 15863 -1
1546511610133573 521 -1
1546511610133629 9 -1
1546511610143469 15862 -1
1546511610143485 522 -1
1546511610143491 9 -1
1546511610151171 15861 -1
1546511610151185 523 -1
1546511610151190 9 -1
1546511610160139 15860 -1
1546511610160540 524 -1
1546511610160552 9 -1
1546511610170346 14077 -1
1546511610170364 9 -1
1546511610183220 16383 -1
1546511610183235 1 -1
1546511610183240 9 -1
1546511610189291 16383 -1
1546511610189308 1 -1
1546511610189313 9 -1
1546511610196145 16383 -1
1546511610196167 1 -1
1546511610196177 9 -1
1546511610205343 16383 -1
1546511610205395 1 -1
1546511610205400 9 -1
1546511610215323 16382 -1
1546511610215339 2 -1
1546511610215344 9 -1
1546511610225214 16382 -1
1546511610225337 2 -1
1546511610225344 9 -1
1546511610231484 16382 -1
1546511610231523 2 -1
1546511610231529 9 -1
1546511610237992 16382 -1
1546511610238011 2 -1
1546511610238018 9 -1
1546511610256651 16381 -1
1546511610256669 3 -1
1546511610256675 9 -1
1546511610258807 16381 -1
1546511610258827 3 -1
1546511610258832 9 -1
1546511610261347 16381 -1
1546511610261366 3 -1
1546511610261373 9 -1
1546511610270867 16381 -1
1546511610270883 3 -1
1546511610270889 9 -1
1546511610281420 16380 -1
1546511610281439 4 -1
1546511610281445 9 -1
1546511610295467 16380 -1
1546511610295486 4 -1
1546511610295492 9 -1
1546511610305804 16380 -1
1546511610305823 4 -1
1546511610305828 9 -1
1546511610321254 16380 -1
1546511610321273 4 -1
1546511610321279 9 -1
1546511610330944 16379 -1
1546511610330959 5 -1
1546511610330999 9 -1
1546511610341744 16379 -1
1546511610341761 5 -1
1546511610341971 9 -1
1546511610346148 9629 -1
1546511610346163 9 -1
1546511610351546 8863 -1
1546511610351558 9 -1
1546511610357176 16378 -1
1546511610357194 6 -1
1546511610357203 9 -1
1546511610368970 16378 -1
1546511610368989 6 -1
1546511610368994 9 -1
1546511610384228 16377 -1
1546511610384247 7 -1
1546511610384254 9 -1
1546511610385196 10938 -1
1546511610385212 9 -1
1546511610394937 16376 -1
1546511610394956 8 -1
1546511610394962 9 -1
1546511610395783 10029 -1
1546511610975069 78 1
1546511610975085 78 1
1546511610975094 77 1
1546511610977126 78 1
1546511610979883 78 1
1546511610981040 170 -1
1546511610981056 9 -1
1546511610987860 2795 -1
1546511610987878 148 -1
1546511610987886 9 -1
1546511610991981 2617 -1
1546511610992001 143 -1
1546511610992008 9 -1
1546511610995505 2973 -1
1546511610995532 155 -1
1546511610995606 9 -1
1546511610998344 5465 -1
1546511610998363 143 -1
1546511610998370 9 -1
1546511611001409 2617 -1
1546511611312093 63 1
1546511611312109 63 1
1546511611312118 63 1
1546511611312126 63 1
1546511611312913 63 1
1546511611312928 63 1
1546511611320097 256 -1
1546511611320113 9 -1
1546511611320481 5063 -1
1546511611320652 131 -1
1546511611320657 9 -1
1546511611332266 4598 -1
1546511611332280 126 -1
1546511611332838 9 -1
1546511611334096 11400 -1
1546511611336231 128 -1
1546511611336244 9 -1
1546511611347367 9019 -1
1546511611347389 130 -1
1546511611347394 9 -1
1546511611355028 15874 -1
1546511611355639 477 -1
1546511611357032 116 -1
1546511611357043 9 -1
1546511611362577 7119 -1
1546511613710250 88 1
1546511613721834 183 -1
1546511613721852 9 -1
1546511613731957 16383 -1
1546511613731976 1 -1
1546511613731982 9 -1
1546511613743667 16383 -1
1546511613743757 1 -1
1546511613743812 9 -1
1546511613753103 16382 -1
1546511613753123 2 -1
1546511613753131 9 -1
1546511613764134 16381 -1
1546511613764156 3 -1
1546511613764162 9 -1
1546511613768073 16383 -1
1546511613768089 1 -1
1546511613768130 9 -1
1546511613782987 16383 -1
1546511613783006 1 -1
1546511613783012 9 -1
1546511613793434 16382 -1
1546511613793454 2 -1
1546511613795172 9 -1
1546511613808273 16381 -1
1546511613808293 3 -1
1546511613808299 9 -1
1546511613816373 10029 -1
1546511618156384 17 1
0 0 0
1546511609326090 196 1
0 0 0
1546511609344998 205 1
0 0 0
1546511609354865 205 1
1546511609362215 39 -1
1546511609362224 13 -1
1546511609364970 9 -1
1546511609365402 310 -1
1546511609365414 9 -1
1546511609366514 2035 -1
1546511609408588 9 1
1546511609409891 17 1
