### "'113716 114288 175306 167165 129515 184744 226810 133670 191448 231195 92354 72961 78128 156263 61042'"
0 0 0
15434264666571938 148 1
15434264666571938 202 1
0 0 0
15434264768449290 148 1
15434264768449290 212 1
15434264768857710 48 -1
15434264769238120 1024 -1
15434264769244710 131 -1
15434264769527770 1024 -1
15434264769527920 1024 -1
15434264769528300 1024 -1
15434264769528300 1024 -1
15434264769528830 1024 -1
15434264769528830 1024 -1
15434264769528830 1024 -1
15434264769528830 1024 -1
15434264769529368 1024 -1
15434264769529368 1024 -1
15434264769529368 1024 -1
15434264769529368 1024 -1
15434264769529910 1024 -1
15434264769530420 1024 -1
15434264769530420 1024 -1
15434264769530480 1024 -1
15434264769530480 1024 -1
15434264769530480 1024 -1
15434264769530480 1024 -1
15434264769531000 1024 -1
15434264769531000 1024 -1
15434264769531000 1024 -1
15434264769531000 1024 -1
15434264769531560 1024 -1
15434264769531560 63 -1
15434264769940980 1024 -1
15434264769941130 1024 -1
15434264769941512 1024 -1
15434264769941512 1024 -1
15434264769942050 1024 -1
15434264769942050 1024 -1
15434264769942050 1024 -1
15434264769942050 1024 -1
15434264769942580 1024 -1
15434264769942610 1024 -1
15434264769943140 1024 -1
15434264769943140 1024 -1
15434264769943140 1024 -1
15434264769943140 1024 -1
15434264769943660 1024 -1
15434264769943660 1024 -1
15434264769943660 1024 -1
15434264769943660 1024 -1
15434264769944200 1024 -1
15434264769944200 1024 -1
15434264769944770 1024 -1
15434264769944770 1024 -1
15434264769951570 1024 -1
15434264769951570 1024 -1
15434264769951570 63 -1
15434264770197680 1024 -1
15434264770197830 1024 -1
15434264770199220 661 -1
15434264775200010 78 1
15434264775545590 1024 -1
15434264775545722 1024 -1
15434264775546120 1024 -1
15434264775546120 372 -1
15434264780547350 78 1
15434264781438630 1024 -1
15434264781438730 295 -1
15434264781707950 1024 -1
15434264781708100 214 -1
15434264786709930 78 1
15434264786906100 1024 -1
15434264786906158 1024 -1
15434264786906380 863 -1
15434264791908010 78 1
15434264792107200 1024 -1
15434264792107380 1024 -1
15434264792107748 1024 -1
15434264792107748 905 -1
15434264797109138 78 1
15434264797307060 1024 -1
15434264797307230 1024 -1
15434264797307630 1024 -1
15434264797309000 550 -1
15434264802309690 63 1
15434264802518790 1024 -1
15434264802519060 1024 -1
15434264802519090 1024 -1
15434264802519090 1024 -1
15434264802520780 1024 -1
15434264802521350 1024 -1
15434264802521350 1024 -1
15434264802521350 1024 -1
15434264802521350 1024 -1
15434264802526200 1 -1
15434264807522610 88 1
15434264807783908 1024 -1
15434264807784090 1024 -1
15434264807785060 1024 -1
15434264807785060 1024 -1
15434264807786170 1024 -1
15434264807786750 1024 -1
15434264807786750 1024 -1
15434264807786750 1024 -1
15434264807786750 1024 -1
15434264807792330 1024 -1
15434264807792880 1024 -1
15434264807792880 1024 -1
15434264807792880 1024 -1
15434264807797420 1024 -1
15434264807797420 1024 -1
15434264807798130 1024 -1
15434264807798130 1024 -1
15434264807798130 1024 -1
15434264807798130 1024 -1
15434264807806240 1024 -1
15434264807806240 1024 -1
15434264807806240 1024 -1
15434264807806790 1024 -1
15434264807806790 1024 -1
15434264807806790 1024 -1
15434264807806790 1024 -1
15434264807806790 75 -1
15434264807814240 1024 -1
15434264807814240 1024 -1
15434264807814550 1024 -1
15434264807814550 1024 -1
15434264807814550 1024 -1
15434264807815090 1024 -1
15434264807822508 1024 -1
15434264807822508 1024 -1
15434264807823020 1024 -1
15434264807823020 1024 -1
15434264807823020 1024 -1
15434264807823020 1024 -1
15434264807823020 1024 -1
15434264807830600 1024 -1
15434264807830600 1024 -1
15434264807831170 1024 -1
15434264807831170 1024 -1
15434264807831170 958 -1
15434264812832480 88 1
15434264813029430 1024 -1
15434264813029600 1024 -1
15434264813029922 1024 -1
15434264813029922 1024 -1
15434264813031290 1024 -1
15434264813031868 1024 -1
15434264813031868 1024 -1
15434264813031868 1024 -1
15434264813031868 1024 -1
15434264813037030 1024 -1
15434264813037600 1024 -1
15434264813037600 1024 -1
15434264813037600 1024 -1
15434264813041602 1024 -1
15434264813042160 1024 -1
15434264813042160 1024 -1
15434264813042160 1024 -1
15434264813042160 1024 -1
15434264813042710 1024 -1
15434264813042710 1024 -1
15434264813042710 1024 -1
15434264813050850 1024 -1
15434264813050850 1024 -1
15434264813050850 1024 -1
15434264813051350 330 -1
15434264813051350 1024 -1
15434264813051350 1024 -1
15434264813051350 1024 -1
15434264813051900 1024 -1
15434264813051900 1024 -1
15434264813060060 1024 -1
15434264813060580 1024 -1
15434264813060580 1024 -1
15434264813060580 1024 -1
15434264813060580 1024 -1
15434264813061150 1024 -1
15434264813061150 1024 -1
15434264813061150 1024 -1
15434264813069640 1024 -1
15434264813069640 1024 -1
15434264813069640 1024 -1
15434264813070012 1024 -1
15434264813070012 1024 -1
15434264813070012 1024 -1
15434264813070012 530 -1
15434264818075110 63 1
15434264818930840 1024 -1
15434264818930932 1024 -1
15434264818931388 1024 -1
15434264818931388 1024 -1
15434264818932760 1024 -1
15434264818933310 1024 -1
15434264818933310 1024 -1
15434264818933310 1024 -1
15434264818933310 157 -1
15434264823934410 88 1
15434264824146420 1024 -1
15434264824146522 1024 -1
15434264824147380 1024 -1
15434264824147380 1024 -1
15434264824147890 1024 -1
15434264824148740 1024 -1
15434264824148740 1024 -1
15434264824148740 1024 -1
15434264824148740 1024 -1
15434264824152790 1024 -1
15434264824152790 1024 -1
15434264824152790 71 -1
15434264829154010 63 1
15434264829717628 1024 -1
15434264829717792 429 -1
15434264829742702 1024 -1
15434264829743050 1024 -1
15434264829743050 1024 -1
15434264829744230 1024 -1
15434264829744230 927 -1
15434264834745610 88 1
15434264834948822 1024 -1
15434264834949110 1024 -1
15434264834949182 1024 -1
15434264834949300 1024 -1
15434264834950408 1024 -1
15434264834950990 1024 -1
15434264834950990 1024 -1
15434264834950990 1024 -1
15434264834950990 1024 -1
15434264834955240 1024 -1
15434264834955822 1024 -1
15434264834955822 1024 -1
15434264834955822 1024 -1
15434264834955822 1024 -1
15434264834956360 1024 -1
15434264834956360 1024 -1
15434264834956360 1024 -1
15434264834962990 1024 -1
15434264834963480 1024 -1
15434264834963480 1024 -1
15434264834963480 1024 -1
15434264834963480 1024 -1
15434264834963990 1024 -1
15434264834963990 1024 -1
15434264834963990 1024 -1
15434264834964500 374 -1
15434264834964500 1024 -1
15434264834973012 1024 -1
15434264834973012 1024 -1
15434264834973568 1024 -1
15434264834973568 1024 -1
15434264834973568 1024 -1
15434264834973568 1024 -1
15434264834973568 1024 -1
15434264834974130 1024 -1
15434264834974130 1024 -1
15434264834981440 1024 -1
15434264834981440 1024 -1
15434264834981980 1024 -1
15434264834981980 1024 -1
15434264834981980 1024 -1
15434264834981980 1024 -1
15434264834982560 1024 -1
15434264834982560 1024 -1
15434264834982560 1024 -1
15434264834982560 1024 -1
15434264834990580 1024 -1
15434264834991140 1024 -1
15434264834991140 1024 -1
15434264834991140 1024 -1
15434264834991680 1024 -1
15434264834991680 1024 -1
15434264834991680 1024 -1
15434264834991680 919 -1
15434264834991680 1024 -1
15434264834991680 1024 -1
15434264834999940 1024 -1
15434264835000520 1024 -1
15434264835000520 1024 -1
15434264835000520 1024 -1
15434264835000520 1024 -1
15434264835000520 1024 -1
15434264835000520 1024 -1
15434264835001070 1024 -1
15434264835001070 1024 -1
15434264835009350 1024 -1
15434264835009350 1024 -1
15434264835009880 1024 -1
15434264835009880 1024 -1
15434264835009880 1024 -1
15434264835009880 1024 -1
15434264835010418 1024 -1
15434264835010418 1024 -1
15434264835010418 1024 -1
15434264835010970 1024 -1
15434264835018610 1024 -1
15434264835018610 1024 -1
15434264835018610 1024 -1
15434264835018960 1024 -1
15434264835018960 1024 -1
15434264835018960 1024 -1
15434264835018960 919 -1
15434264835019490 1024 -1
15434264835019490 1024 -1
15434264835019490 1024 -1
15434264835027822 1024 -1
15434264835027822 1024 -1
15434264835028232 1024 -1
15434264835028232 1024 -1
15434264835028232 1024 -1
15434264835028232 1024 -1
15434264835028232 1024 -1
15434264835028902 1024 -1
15434264835028902 1024 -1
15434264835037100 1024 -1
15434264835037100 1024 -1
15434264835037100 1024 -1
15434264835037100 973 -1
15434264840040460 87 1
15434264840251030 1024 -1
15434264840251210 1024 -1
15434264840251250 1024 -1
15434264840251250 1024 -1
15434264840252522 1024 -1
15434264840252522 1024 -1
15434264840252522 1024 -1
15434264840252522 1024 -1
15434264840252522 1024 -1
15434264840255980 1024 -1
15434264840256560 1024 -1
15434264840256560 1024 -1
15434264840256560 1024 -1
15434264840256560 1024 -1
15434264840257102 1024 -1
15434264840257102 1024 -1
15434264840261560 1024 -1
15434264840262092 1024 -1
15434264840262092 1024 -1
15434264840262092 1024 -1
15434264840262092 1024 -1
15434264840262610 1024 -1
15434264840262610 1024 -1
15434264840262610 1024 -1
15434264840262610 330 -1
15434264840262610 1024 -1
15434264840263168 1024 -1
15434264840263168 1024 -1
15434264840263168 1024 -1
15434264840271520 1024 -1
15434264840271520 1024 -1
15434264840272030 1024 -1
15434264840272030 1024 -1
15434264840272030 1024 -1
15434264840272660 1024 -1
15434264840272660 1024 -1
15434264840272660 1024 -1
15434264840272660 1024 -1
15434264840273160 1024 -1
15434264840273160 1024 -1
15434264840273160 1024 -1
15434264840281342 1024 -1
15434264840281342 767 -1
15434264845282270 63 1
15434264845477368 1024 -1
15434264845477582 1024 -1
15434264845477890 1024 -1
15434264845477890 1024 -1
15434264845478448 1024 -1
15434264845478448 1024 -1
15434264845478990 574 -1
15434264850480152 63 1
15434264850719100 1024 -1
15434264850719300 429 -1
15434264850723060 1024 -1
15434264850723218 1024 -1
15434264850724330 1024 -1
15434264850724330 1024 -1
15434264850726400 1024 -1
15434264850726970 1024 -1
15434264850726970 938 -1
15434264855727820 63 1
15434264855929660 1024 -1
15434264855929880 1024 -1
15434264855930172 1024 -1
15434264855930740 1024 -1
15434264855930740 1024 -1
15434264855930740 1024 -1
15434264855931860 1024 -1
15434264855931940 1024 -1
15434264855931940 1024 -1
15434264855932440 1024 -1
15434264855932440 1024 -1
15434264855932440 424 -1
15434264860934890 9 1
0 0 0
15434264666841430 148 1
15434264666841430 202 1
15434264667316280 48 -1
15434264667368830 1024 -1
15434264667369400 1024 -1
15434264667369430 852 -1
0 0 0
15434264666459530 148 1
15434264666459530 202 1
15434264666831670 48 -1
15434264666908230 1024 -1
15434264666908300 1024 -1
15434264666908760 118 -1
15434264671951470 59 1
15434264672188750 1024 -1
15434264672188990 1024 -1
15434264672189332 1024 -1
15434264672189332 1024 -1
15434264672189900 1024 -1
15434264672189900 1024 -1
15434264672189900 1024 -1
15434264672189900 1024 -1
15434264672190412 1024 -1
15434264672190412 1024 -1
15434264672190412 1024 -1
15434264672190412 1024 -1
15434264672190960 1024 -1
15434264672190960 1024 -1
15434264672190960 1024 -1
15434264672190960 1024 -1
15434264672191500 1024 -1
15434264672191500 1024 -1
15434264672191500 1024 -1
15434264672191500 1024 -1
15434264672192040 1024 -1
15434264672192040 1024 -1
15434264672192040 1024 -1
15434264672192040 1024 -1
15434264672192590 1024 -1
15434264672192590 1024 -1
15434264672192590 458 -1
15434264672196250 1024 -1
15434264672196310 1024 -1
15434264672196770 1024 -1
15434264672196860 1024 -1
15434264672196860 1024 -1
15434264672197310 1024 -1
15434264672197310 1024 -1
15434264672197310 1024 -1
15434264672197910 1024 -1
15434264672197910 1024 -1
15434264672197910 1024 -1
15434264672206350 1024 -1
15434264672206350 1024 -1
15434264672206350 1024 -1
15434264672215800 1024 -1
15434264672215800 1024 -1
15434264672224590 1024 -1
15434264672224590 1024 -1
15434264672224590 1024 -1
15434264672372070 1024 -1
15434264672372590 1024 -1
15434264672374780 1024 -1
15434264672374780 1024 -1
15434264672375350 1024 -1
15434264672375350 1024 -1
15434264672378312 1024 -1
15434264672378312 1024 -1
15434264672378920 919 -1
15434264672378920 1024 -1
15434264672378920 1024 -1
15434264672383070 1024 -1
15434264672383570 1024 -1
15434264672383570 1024 -1
15434264672383570 1024 -1
15434264672383570 1024 -1
15434264672388620 1024 -1
15434264672388620 1024 -1
15434264672388620 1024 -1
15434264672389130 1024 -1
15434264672389130 1024 -1
15434264672389130 1024 -1
15434264672394832 1024 -1
15434264672394832 1024 -1
15434264672395590 1024 -1
15434264672395590 1024 -1
15434264672395590 1024 -1
15434264672395590 1024 -1
15434264672395590 1024 -1
15434264672395590 1024 -1
15434264672403420 1024 -1
15434264672403420 1024 -1
15434264672403420 1024 -1
15434264672403960 1024 -1
15434264672403960 1024 -1
15434264672403960 1024 -1
15434264672403960 919 -1
15434264672403960 1024 -1
15434264672411470 1024 -1
15434264672411470 1024 -1
15434264672411470 1024 -1
15434264672411950 1024 -1
15434264672411950 1024 -1
15434264672411950 1024 -1
15434264672416648 1024 -1
15434264672417210 1024 -1
15434264672417210 1024 -1
15434264672417210 1024 -1
15434264672417210 1024 -1
15434264672417760 1024 -1
15434264672417760 1024 -1
15434264672417760 1024 -1
15434264672417760 1024 -1
15434264672425820 1024 -1
15434264672425820 1024 -1
15434264672425820 1024 -1
15434264672426350 1024 -1
15434264672426350 1024 -1
15434264672426350 1024 -1
15434264672426350 1024 -1
15434264672426888 1024 -1
15434264672426888 1024 -1
15434264672426888 1024 -1
15434264672435400 1024 -1
15434264672435400 919 -1
15434264672435400 1024 -1
15434264672437410 1018 -1
15434264677438180 58 1
15434264677641390 1024 -1
15434264677641600 1024 -1
15434264677641940 1024 -1
15434264677643470 1024 -1
15434264677644050 1024 -1
15434264677644050 1024 -1
15434264677645800 1024 -1
15434264677646370 1024 -1
15434264677646370 1024 -1
15434264677646370 1024 -1
15434264677646370 1024 -1
15434264677650280 1024 -1
15434264677650840 1024 -1
15434264677650840 1024 -1
15434264677650840 1024 -1
15434264677650840 1024 -1
15434264677650840 1024 -1
15434264677651330 1024 -1
15434264677651330 1024 -1
15434264677651330 1024 -1
15434264677651890 1024 -1
15434264677651890 1024 -1
15434264677660180 1024 -1
15434264677660720 1024 -1
15434264677660720 1024 -1
15434264677660720 1024 -1
15434264677660720 396 -1
15434264677660720 1024 -1
15434264677660720 1024 -1
15434264677661280 1024 -1
15434264677666640 1024 -1
15434264677667230 1024 -1
15434264677667230 1024 -1
15434264677667230 1024 -1
15434264677667230 1024 -1
15434264677667230 1024 -1
15434264677667770 1024 -1
15434264677667770 1024 -1
15434264677667770 1024 -1
15434264677667770 1024 -1
15434264677667770 1024 -1
15434264677677432 1024 -1
15434264677677432 1024 -1
15434264677678070 1024 -1
15434264677678070 1024 -1
15434264677678070 1024 -1
15434264677678070 1024 -1
15434264677678512 1024 -1
15434264677678512 1024 -1
15434264677678512 1024 -1
15434264677678512 1024 -1
15434264677678512 1024 -1
15434264677686290 1024 -1
15434264677686880 1024 -1
15434264677686880 919 -1
15434264677686880 1024 -1
15434264677686880 1024 -1
15434264677687380 1024 -1
15434264677687380 1024 -1
15434264677687380 1024 -1
15434264677687380 1024 -1
15434264677687380 1024 -1
15434264677687380 1024 -1
15434264677695940 1024 -1
15434264677695940 1024 -1
15434264677696468 1024 -1
15434264677696468 1024 -1
15434264677696468 1024 -1
15434264677696468 1024 -1
15434264677696990 1024 -1
15434264677696990 1024 -1
15434264677696990 1024 -1
15434264677697560 1024 -1
15434264677697560 1024 -1
15434264677705810 1024 -1
15434264677705810 1024 -1
15434264677706310 1024 -1
15434264677706310 1024 -1
15434264677706310 1024 -1
15434264677706310 1024 -1
15434264677706900 1024 -1
15434264677706900 1024 -1
15434264677706900 919 -1
15434264677706900 1024 -1
15434264677706900 1024 -1
15434264677715440 1024 -1
15434264677715440 1024 -1
15434264677715950 1024 -1
15434264677715950 1024 -1
15434264677715950 1024 -1
15434264677715950 1024 -1
15434264677715950 1024 -1
15434264677716560 1024 -1
15434264677716560 1024 -1
15434264677717080 1024 -1
15434264677717080 1024 -1
15434264677725220 1024 -1
15434264677725820 1024 -1
15434264677725820 1024 -1
15434264677725820 1024 -1
15434264677725820 1024 -1
15434264677726360 1024 -1
15434264677726360 1024 -1
15434264677726360 1024 -1
15434264677726360 1024 -1
15434264677726892 1024 -1
15434264677726892 1024 -1
15434264677734758 1024 -1
15434264677735320 1024 -1
15434264677735320 1024 -1
15434264677735320 919 -1
15434264677735320 1024 -1
15434264677822390 1024 -1
15434264677822390 1024 -1
15434264677822390 1024 -1
15434264677824500 1024 -1
15434264677825050 1024 -1
15434264677825050 1024 -1
15434264677825050 1024 -1
15434264677825050 1024 -1
15434264677825050 1024 -1
15434264677825610 1024 -1
15434264677825610 1024 -1
15434264677825610 1024 -1
15434264677825610 1024 -1
15434264677830740 1024 -1
15434264677831300 1024 -1
15434264677831300 1024 -1
15434264677831300 1024 -1
15434264677831300 1024 -1
15434264677831810 1024 -1
15434264677831810 1024 -1
15434264677831810 1024 -1
15434264677831810 1024 -1
15434264677832310 1024 -1
15434264677832310 1024 -1
15434264677832310 1024 -1
15434264677832310 1024 -1
15434264677832310 919 -1
15434264677841220 1024 -1
15434264677841790 1024 -1
15434264677841790 1024 -1
15434264677841790 1024 -1
15434264677841790 1024 -1
15434264677842330 1024 -1
15434264677842330 1024 -1
15434264677842330 1024 -1
15434264677842330 1024 -1
15434264677842900 1024 -1
15434264677842900 1024 -1
15434264677842900 1024 -1
15434264677842900 1024 -1
15434264677850370 1024 -1
15434264677850370 1024 -1
15434264677850930 1024 -1
15434264677850930 1024 -1
15434264677850930 1024 -1
15434264677850930 1024 -1
15434264677851440 1024 -1
15434264677851440 1024 -1
15434264677851440 1024 -1
15434264677851440 1024 -1
15434264677857210 1024 -1
15434264677857810 1024 -1
15434264677857810 1024 -1
15434264677857810 1024 -1
15434264677857810 919 -1
15434264677857810 1024 -1
15434264677858320 1024 -1
15434264677858320 1024 -1
15434264677858320 1024 -1
15434264677858320 1024 -1
15434264677858860 1003 -1
15434264682860140 78 1
15434264683153400 1024 -1
15434264683153688 1024 -1
15434264683153870 1024 -1
15434264683153870 194 -1
15434264688155430 58 1
15434264688347350 1024 -1
15434264688347540 1024 -1
15434264688347600 1024 -1
15434264688347880 1024 -1
15434264688348990 1024 -1
15434264688348990 1024 -1
15434264688348990 1024 -1
15434264688348990 1024 -1
15434264688349530 1024 -1
15434264688351000 1024 -1
15434264688351540 1024 -1
15434264688351540 1024 -1
15434264688351540 1024 -1
15434264688351540 1024 -1
15434264688351540 1024 -1
15434264688354170 1024 -1
15434264688354760 1024 -1
15434264688354760 1024 -1
15434264688354760 1024 -1
15434264688354760 1024 -1
15434264688355290 1024 -1
15434264688355290 1024 -1
15434264688355290 1024 -1
15434264688355290 1024 -1
15434264688355290 1024 -1
15434264688355290 1024 -1
15434264688355830 398 -1
15434264688360200 1024 -1
15434264688360850 1024 -1
15434264688360850 1024 -1
15434264688360850 1024 -1
15434264688360850 1024 -1
15434264688360850 1024 -1
15434264688361290 1024 -1
15434264688361290 1024 -1
15434264688361290 1024 -1
15434264688361880 1024 -1
15434264688361880 1024 -1
15434264688361880 1024 -1
15434264688361880 1024 -1
15434264688362420 1024 -1
15434264688362420 1024 -1
15434264688362420 1024 -1
15434264688362980 1024 -1
15434264688362980 1024 -1
15434264688362980 1024 -1
15434264688370390 1024 -1
15434264688370390 1024 -1
15434264688370920 1024 -1
15434264688370920 1024 -1
15434264688370920 1024 -1
15434264688370920 1024 -1
15434264688371470 1024 -1
15434264688371470 1024 -1
15434264688371470 919 -1
15434264688371470 1024 -1
15434264688371470 1024 -1
15434264688372030 1024 -1
15434264688372030 1024 -1
15434264688372610 1024 -1
15434264688372610 1024 -1
15434264688372610 1024 -1
15434264688372610 1024 -1
15434264688373150 1024 -1
15434264688373150 1024 -1
15434264688380470 1024 -1
15434264688381050 1024 -1
15434264688381050 1024 -1
15434264688381050 1024 -1
15434264688381050 1024 -1
15434264688381050 1024 -1
15434264688381050 1024 -1
15434264688381590 1024 -1
15434264688381590 1024 -1
15434264688382140 1024 -1
15434264688382140 1024 -1
15434264688382140 1024 -1
15434264688382140 1024 -1
15434264688382140 1024 -1
15434264688382680 1024 -1
15434264688382680 1024 -1
15434264688382680 1024 -1
15434264688382680 919 -1
15434264688383240 1024 -1
15434264688390600 1024 -1
15434264688390600 1024 -1
15434264688391170 1024 -1
15434264688391170 1024 -1
15434264688391170 1024 -1
15434264688391170 1024 -1
15434264688391710 1024 -1
15434264688391710 1024 -1
15434264688391710 1024 -1
15434264688391710 1024 -1
15434264688392220 1024 -1
15434264688392220 1024 -1
15434264688392220 1024 -1
15434264688392220 1024 -1
15434264688392770 1024 -1
15434264688392770 1024 -1
15434264688392770 1024 -1
15434264688393340 1024 -1
15434264688393340 1024 -1
15434264688400740 1024 -1
15434264688400740 1024 -1
15434264688401330 1024 -1
15434264688401330 1024 -1
15434264688401330 1024 -1
15434264688401330 1024 -1
15434264688401330 1024 -1
15434264688401880 919 -1
15434264688401880 1024 -1
15434264688401880 1024 -1
15434264688401880 1024 -1
15434264688401880 1024 -1
15434264688402420 1024 -1
15434264688402420 1024 -1
15434264688402980 1024 -1
15434264688402980 1024 -1
15434264688402980 1024 -1
15434264688402980 1024 -1
15434264688403540 1024 -1
15434264688403540 1024 -1
15434264688410910 1024 -1
15434264688411470 1024 -1
15434264688411470 1024 -1
15434264688411470 1024 -1
15434264688411470 1024 -1
15434264688411470 1024 -1
15434264688411470 1024 -1
15434264688412010 1024 -1
15434264688412010 1024 -1
15434264688412622 1024 -1
15434264688412622 1024 -1
15434264688412622 1024 -1
15434264688412622 1024 -1
15434264688412622 1024 -1
15434264688412622 1024 -1
15434264688413120 919 -1
15434264688419140 1024 -1
15434264688419710 1024 -1
15434264688419710 1024 -1
15434264688419710 1024 -1
15434264688419710 1024 -1
15434264688420250 1024 -1
15434264688420250 1024 -1
15434264688420250 1024 -1
15434264688420790 1024 -1
15434264688420790 1024 -1
15434264688420790 1024 -1
15434264688420790 1024 -1
15434264688420790 1024 -1
15434264688421330 1024 -1
15434264688421330 1024 -1
15434264688421330 1024 -1
15434264688427660 1024 -1
15434264688428170 1024 -1
15434264688428170 1024 -1
15434264688428170 1024 -1
15434264688428170 1024 -1
15434264688428680 1024 -1
15434264688428680 1024 -1
15434264688428680 1024 -1
15434264688428680 1024 -1
15434264688428680 928 -1
15434264693430640 58 1
15434264693771750 1024 -1
15434264693771930 1024 -1
15434264693772270 1024 -1
15434264693772270 1024 -1
15434264693772800 1024 -1
15434264693772800 1024 -1
15434264693772800 1024 -1
15434264693772800 1024 -1
15434264693773342 1024 -1
15434264693774450 1024 -1
15434264693774450 1024 -1
15434264693774450 1024 -1
15434264693775750 1024 -1
15434264693776300 1024 -1
15434264693776300 1024 -1
15434264693776300 1024 -1
15434264693776300 1024 -1
15434264693776850 1024 -1
15434264693776850 1024 -1
15434264693776850 1024 -1
15434264693776850 1024 -1
15434264693776850 1024 -1
15434264693780710 1024 -1
15434264693781280 1024 -1
15434264693781280 1024 -1
15434264693781280 421 -1
15434264693825210 1024 -1
15434264693825360 1024 -1
15434264693826340 1024 -1
15434264693826340 1024 -1
15434264693826398 1024 -1
15434264693826870 1024 -1
15434264693826870 1024 -1
15434264693826870 1024 -1
15434264693826870 1024 -1
15434264693828350 1024 -1
15434264693828910 1024 -1
15434264693828910 1024 -1
15434264693828910 1024 -1
15434264693828910 1024 -1
15434264693830640 1024 -1
15434264693831192 1024 -1
15434264693831192 1024 -1
15434264693831192 1024 -1
15434264693831192 1024 -1
15434264693831730 1024 -1
15434264693831730 1024 -1
15434264693831730 1024 -1
15434264693831730 1024 -1
15434264693832230 1024 -1
15434264693832230 1024 -1
15434264693832230 1024 -1
15434264693832790 1024 -1
15434264693837100 919 -1
15434264693837650 1024 -1
15434264693837680 1024 -1
15434264693837680 1024 -1
15434264693838230 1024 -1
15434264693838230 1024 -1
15434264693839368 1024 -1
15434264693839368 1024 -1
15434264693839368 1024 -1
15434264693839368 1024 -1
15434264693839920 1024 -1
15434264693839920 1024 -1
15434264693839920 1024 -1
15434264693839920 1024 -1
15434264693840440 1024 -1
15434264693843320 1024 -1
15434264693843902 1024 -1
15434264693843902 1024 -1
15434264693843902 1024 -1
15434264693843902 1024 -1
15434264693843902 1024 -1
15434264693844420 1024 -1
15434264693844420 1024 -1
15434264693844420 1024 -1
15434264693844420 1024 -1
15434264693844420 1024 -1
15434264693844970 1024 -1
15434264693844970 1024 -1
15434264693844970 919 -1
15434264693844970 1024 -1
15434264693845520 1024 -1
15434264693845520 1024 -1
15434264693845520 1024 -1
15434264693845520 1024 -1
15434264693852602 1024 -1
15434264693852602 1024 -1
15434264693853108 1024 -1
15434264693853108 1024 -1
15434264693853108 1024 -1
15434264693853632 1024 -1
15434264693853632 1024 -1
15434264693853632 1024 -1
15434264693853632 1024 -1
15434264693854200 1024 -1
15434264693854200 1024 -1
15434264693854200 1024 -1
15434264693854762 1024 -1
15434264693854762 1024 -1
15434264693854762 1024 -1
15434264693854762 1024 -1
15434264693855300 1024 -1
15434264693855300 1024 -1
15434264693855300 1024 -1
15434264693855300 1024 -1
15434264693862590 1024 -1
15434264693862590 1024 -1
15434264693863152 919 -1
15434264693863152 1024 -1
15434264693863152 1024 -1
15434264693863152 1024 -1
15434264693863708 1024 -1
15434264693863708 1024 -1
15434264693863708 1024 -1
15434264693863708 1024 -1
15434264693864270 1024 -1
15434264693864270 1024 -1
15434264693864270 1024 -1
15434264693864270 1024 -1
15434264693864770 1024 -1
15434264693864770 1024 -1
15434264693864770 1024 -1
15434264693864770 1024 -1
15434264693865320 1024 -1
15434264693865320 1024 -1
15434264693865320 958 -1
15434264698867012 58 1
15434264699108700 1024 -1
15434264699108880 1024 -1
15434264699108940 1024 -1
15434264699108940 1024 -1
15434264699109650 1024 -1
15434264699109650 1024 -1
15434264699109650 1024 -1
15434264699109650 1024 -1
15434264699109650 1024 -1
15434264699111630 1024 -1
15434264699112210 1024 -1
15434264699112210 1024 -1
15434264699112210 1024 -1
15434264699112210 1024 -1
15434264699112210 1024 -1
15434264699114490 1024 -1
15434264699115068 1024 -1
15434264699115068 1024 -1
15434264699115068 1024 -1
15434264699115068 1024 -1
15434264699115068 1024 -1
15434264699115610 1024 -1
15434264699115610 1024 -1
15434264699115610 1024 -1
15434264699115610 1024 -1
15434264699118800 666 -1
15434264699126200 1024 -1
15434264699126360 1024 -1
15434264699126360 1024 -1
15434264699127318 1024 -1
15434264699127318 1024 -1
15434264699127318 1024 -1
15434264699128448 1024 -1
15434264699129010 1024 -1
15434264699129010 1024 -1
15434264699129010 1024 -1
15434264699129010 1024 -1
15434264699129560 1024 -1
15434264699129560 1024 -1
15434264699131830 1024 -1
15434264699132340 1024 -1
15434264699132340 1024 -1
15434264699133480 1024 -1
15434264699133480 1024 -1
15434264699134100 1024 -1
15434264699134100 1024 -1
15434264699134100 1024 -1
15434264699134100 1024 -1
15434264699134650 1024 -1
15434264699134650 1024 -1
15434264699134650 1024 -1
15434264699137610 1024 -1
15434264699138160 1024 -1
15434264699138160 919 -1
15434264699138690 1024 -1
15434264699139258 1024 -1
15434264699139258 1024 -1
15434264699140370 1024 -1
15434264699140370 1024 -1
15434264699140920 1024 -1
15434264699140920 1024 -1
15434264699140920 1024 -1
15434264699140920 1024 -1
15434264699141470 1024 -1
15434264699141470 1024 -1
15434264699144010 1024 -1
15434264699144600 1024 -1
15434264699144600 1024 -1
15434264699144600 1024 -1
15434264699144600 1024 -1
15434264699144600 1024 -1
15434264699145140 1024 -1
15434264699145140 1024 -1
15434264699145140 1024 -1
15434264699145680 1024 -1
15434264699145680 1024 -1
15434264699145680 1024 -1
15434264699145680 1024 -1
15434264699146180 1024 -1
15434264699146180 1024 -1
15434264699146180 1024 -1
15434264699146180 919 -1
15434264699152100 1024 -1
15434264699152100 1024 -1
15434264699152638 1024 -1
15434264699152638 1024 -1
15434264699152638 1024 -1
15434264699153212 1024 -1
15434264699153212 1024 -1
15434264699153212 1024 -1
15434264699153212 1024 -1
15434264699153212 1024 -1
15434264699153212 1024 -1
15434264699153760 1024 -1
15434264699153760 1024 -1
15434264699153760 1024 -1
15434264699153760 1024 -1
15434264699154320 1024 -1
15434264699154320 1024 -1
15434264699154320 1024 -1
15434264699154320 1024 -1
15434264699154870 1024 -1
15434264699161830 1024 -1
15434264699161830 1024 -1
15434264699161830 1024 -1
15434264699162350 1024 -1
15434264699162350 1024 -1
15434264699162350 1024 -1
15434264699162350 1024 -1
15434264699162860 919 -1
15434264699162860 1024 -1
15434264699162860 1024 -1
15434264699163430 1024 -1
15434264699163430 1024 -1
15434264699163430 1024 -1
15434264699163430 1024 -1
15434264699163970 1024 -1
15434264699163970 1024 -1
15434264699163970 1024 -1
15434264699163970 1024 -1
15434264699164510 1024 -1
15434264699164510 1024 -1
15434264699164510 1024 -1
15434264699171750 1024 -1
15434264699171750 1024 -1
15434264699171750 1024 -1
15434264699172240 1024 -1
15434264699172240 1024 -1
15434264699172240 1024 -1
15434264699172240 1024 -1
15434264699172780 1024 -1
15434264699172780 1024 -1
15434264699172780 1024 -1
15434264699172780 1024 -1
15434264699173300 1024 -1
15434264699173300 1024 -1
15434264699173300 1024 -1
15434264699173840 919 -1
15434264699173840 1024 -1
15434264699173840 1024 -1
15434264699173840 1024 -1
15434264699174408 1024 -1
15434264699174408 1024 -1
15434264699174408 1024 -1
15434264699181312 1024 -1
15434264699181312 1024 -1
15434264699181830 1024 -1
15434264699181830 1024 -1
15434264699181830 1024 -1
15434264699182400 1024 -1
15434264699182400 1024 -1
15434264699182400 1024 -1
15434264699182400 1024 -1
15434264699182400 1024 -1
15434264699182400 1024 -1
15434264699182930 1024 -1
15434264699182930 1024 -1
15434264699182930 1024 -1
15434264699182930 1024 -1
15434264699183430 1024 -1
15434264699183430 1024 -1
15434264699183990 1024 -1
15434264699183990 1024 -1
15434264699183990 1024 -1
15434264699191050 1024 -1
15434264699191050 919 -1
15434264699191590 1024 -1
15434264699191590 1024 -1
15434264699191590 1024 -1
15434264699191590 1024 -1
15434264699192130 1024 -1
15434264699192130 1024 -1
15434264699192130 1024 -1
15434264699192130 1024 -1
15434264699192130 1024 -1
15434264699192628 1024 -1
15434264699192628 1024 -1
15434264699192628 1024 -1
15434264699193190 1024 -1
15434264699193190 1024 -1
15434264699193190 1024 -1
15434264699193190 973 -1
15434264704196090 58 1
15434264704434480 1024 -1
15434264704434680 1024 -1
15434264704435010 1024 -1
15434264704435010 1024 -1
15434264704435552 1024 -1
15434264704435552 1024 -1
15434264704436090 1024 -1
15434264704436090 1024 -1
15434264704436090 1024 -1
15434264704437310 1024 -1
15434264704437890 1024 -1
15434264704437890 1024 -1
15434264704437890 1024 -1
15434264704437890 1024 -1
15434264704437890 1024 -1
15434264704440000 1024 -1
15434264704440570 1024 -1
15434264704440570 1024 -1
15434264704440570 1024 -1
15434264704440570 1024 -1
15434264704441080 1024 -1
15434264704441080 1024 -1
15434264704441080 1024 -1
15434264704441080 1024 -1
15434264704441630 1024 -1
15434264704441630 1024 -1
15434264704444398 987 -1
15434264704522490 1024 -1
15434264704522900 1024 -1
15434264704523038 1024 -1
15434264704523038 1024 -1
15434264704523940 1024 -1
15434264704524220 1024 -1
15434264704524478 1024 -1
15434264704524478 1024 -1
15434264704524478 1024 -1
15434264704524478 1024 -1
15434264704526690 1024 -1
15434264704526690 1024 -1
15434264704526690 1024 -1
15434264704526690 1024 -1
15434264704527180 1024 -1
15434264704527180 1024 -1
15434264704527180 1024 -1
15434264704527180 1024 -1
15434264704527720 1024 -1
15434264704527720 1024 -1
15434264704530510 1024 -1
15434264704531030 1024 -1
15434264704531030 1024 -1
15434264704531030 1024 -1
15434264704531030 1024 -1
15434264704531580 1024 -1
15434264704531580 1024 -1
15434264704531580 919 -1
15434264704594310 1024 -1
15434264704594400 1024 -1
15434264704594500 1024 -1
15434264704594910 1024 -1
15434264704595430 1024 -1
15434264704595430 1024 -1
15434264704595430 1024 -1
15434264704595430 1024 -1
15434264704595980 1024 -1
15434264704597440 1024 -1
15434264704597440 1024 -1
15434264704598560 1024 -1
15434264704598560 1024 -1
15434264704599120 1024 -1
15434264704599120 1024 -1
15434264704600220 1024 -1
15434264704600780 1024 -1
15434264704600780 1024 -1
15434264704600780 1024 -1
15434264704600780 1024 -1
15434264704601310 1024 -1
15434264704601310 1024 -1
15434264704601310 1024 -1
15434264704603650 1024 -1
15434264704604198 1024 -1
15434264704604198 1024 -1
15434264704604198 1024 -1
15434264704604198 919 -1
15434264704636410 1024 -1
15434264704636440 1024 -1
15434264704637540 1024 -1
15434264704637540 1024 -1
15434264704638100 1024 -1
15434264704638100 1024 -1
15434264704638100 1024 -1
15434264704638100 1024 -1
15434264704638100 1024 -1
15434264704639380 1024 -1
15434264704639380 1024 -1
15434264704640530 1024 -1
15434264704641098 1024 -1
15434264704641098 1024 -1
15434264704641098 1024 -1
15434264704641098 1024 -1
15434264704641650 1024 -1
15434264704641650 1024 -1
15434264704641650 1024 -1
15434264704643710 1024 -1
15434264704644280 1024 -1
15434264704644280 1024 -1
15434264704644280 1024 -1
15434264704644280 1024 -1
15434264704644280 1024 -1
15434264704644830 1024 -1
15434264704644830 1024 -1
15434264704644830 919 -1
15434264704650500 1024 -1
15434264704650540 1024 -1
15434264704651630 1024 -1
15434264704651630 1024 -1
15434264704651700 1024 -1
15434264704652190 1024 -1
15434264704652190 1024 -1
15434264704652190 1024 -1
15434264704652190 1024 -1
15434264704653370 1024 -1
15434264704653940 1024 -1
15434264704653940 1024 -1
15434264704653940 1024 -1
15434264704653940 1024 -1
15434264704654490 1024 -1
15434264704654490 1024 -1
15434264704654490 1024 -1
15434264704654490 1024 -1
15434264704657050 1024 -1
15434264704657618 1024 -1
15434264704657618 1024 -1
15434264704657618 1024 -1
15434264704657618 1024 -1
15434264704659150 1024 -1
15434264704659690 1024 -1
15434264704659690 1024 -1
15434264704659690 1024 -1
15434264704659690 919 -1
15434264704661110 1024 -1
15434264704661692 1024 -1
15434264704661692 1024 -1
15434264704661692 1024 -1
15434264704661692 1024 -1
15434264704661692 1024 -1
15434264704662220 1024 -1
15434264704662220 1024 -1
15434264704662220 1024 -1
15434264704662780 1024 -1
15434264704662780 1024 -1
15434264704662780 1024 -1
15434264704662780 1024 -1
15434264704663290 1024 -1
15434264704663290 1024 -1
15434264704663290 1024 -1
15434264704663290 1024 -1
15434264704663810 1024 -1
15434264704663810 1024 -1
15434264704663810 1024 -1
15434264704664372 1024 -1
15434264704664372 1024 -1
15434264704670300 1024 -1
15434264704670848 1024 -1
15434264704670848 1024 -1
15434264704670848 1024 -1
15434264704670848 1024 -1
15434264704671380 919 -1
15434264704671380 1024 -1
15434264704671380 1024 -1
15434264704671380 1024 -1
15434264704671900 1024 -1
15434264704671900 1024 -1
15434264704671900 1024 -1
15434264704671900 1024 -1
15434264704672460 1024 -1
15434264704672460 1024 -1
15434264704672460 1024 -1
15434264704672460 1024 -1
15434264704673040 1024 -1
15434264704673040 1024 -1
15434264704673040 1024 -1
15434264704673040 1024 -1
15434264704673040 1024 -1
15434264704673540 1024 -1
15434264704673540 1024 -1
15434264704680172 1024 -1
15434264704680172 1024 -1
15434264704680710 1024 -1
15434264704680710 1024 -1
15434264704680710 1024 -1
15434264704680710 1024 -1
15434264704681290 1024 -1
15434264704681290 1024 -1
15434264704681290 1024 -1
15434264704681290 919 -1
15434264704681780 1024 -1
15434264704681780 1024 -1
15434264704681780 1024 -1
15434264704681780 1024 -1
15434264704682290 1024 -1
15434264704682290 1024 -1
15434264704682290 1024 -1
15434264704682820 1024 -1
15434264704682820 1024 -1
15434264704682820 1024 -1
15434264704682820 1024 -1
15434264704683340 1024 -1
15434264704683340 1024 -1
15434264704683340 1024 -1
15434264704683340 1024 -1
15434264704690290 1024 -1
15434264704690290 1024 -1
15434264704690860 1024 -1
15434264704690860 1024 -1
15434264704690860 1024 -1
15434264704690860 1024 -1
15434264704691390 1024 -1
15434264704691390 1024 -1
15434264704691390 1024 -1
15434264704691390 1024 -1
15434264704691940 1024 -1
15434264704691940 1024 -1
15434264704691940 928 -1
15434264709693200 59 1
15434264709947420 1024 -1
15434264709947628 1024 -1
15434264709947980 1024 -1
15434264709947980 1024 -1
15434264709948530 1024 -1
15434264709948530 1024 -1
15434264709948530 1024 -1
15434264709948530 1024 -1
15434264709949080 1024 -1
15434264709950170 1024 -1
15434264709950170 1024 -1
15434264709950730 1024 -1
15434264709950730 1024 -1
15434264709950730 1024 -1
15434264709952040 1024 -1
15434264709952620 1024 -1
15434264709952620 1024 -1
15434264709952620 1024 -1
15434264709952620 1024 -1
15434264709952620 1024 -1
15434264709953130 1024 -1
15434264709953130 1024 -1
15434264709953130 1024 -1
15434264709953690 1024 -1
15434264709953690 1024 -1
15434264709955910 504 -1
15434264710024900 1024 -1
15434264710025520 1024 -1
15434264710025520 1024 -1
15434264710025670 1024 -1
15434264710026250 1024 -1
15434264710026250 1024 -1
15434264710026330 1024 -1
15434264710027020 1024 -1
15434264710027020 1024 -1
15434264710027020 1024 -1
15434264710027360 1024 -1
15434264710027360 1024 -1
15434264710027360 1024 -1
15434264710029070 1024 -1
15434264710029070 1024 -1
15434264710029070 1024 -1
15434264710029070 1024 -1
15434264710030220 1024 -1
15434264710030220 1024 -1
15434264710030760 1024 -1
15434264710030760 1024 -1
15434264710030760 1024 -1
15434264710031290 1024 -1
15434264710031290 1024 -1
15434264710031290 1024 -1
15434264710031290 1024 -1
15434264710031840 1024 -1
15434264710031840 919 -1
15434264710053570 1024 -1
15434264710053770 1024 -1
15434264710053770 1024 -1
15434264710054650 1024 -1
15434264710054650 1024 -1
15434264710054650 1024 -1
15434264710055790 1024 -1
15434264710055790 1024 -1
15434264710056300 1024 -1
15434264710056300 1024 -1
15434264710056300 1024 -1
15434264710056300 1024 -1
15434264710056300 1024 -1
15434264710058090 1024 -1
15434264710058090 1024 -1
15434264710059208 1024 -1
15434264710059840 1024 -1
15434264710059840 1024 -1
15434264710059840 1024 -1
15434264710059840 1024 -1
15434264710060310 1024 -1
15434264710060310 1024 -1
15434264710060310 1024 -1
15434264710060880 1024 -1
15434264710060880 1024 -1
15434264710060880 1024 -1
15434264710060880 1024 -1
15434264710060880 919 -1
15434264710074010 1024 -1
15434264710074530 1024 -1
15434264710074570 1024 -1
15434264710075100 1024 -1
15434264710076200 1024 -1
15434264710076200 1024 -1
15434264710076200 1024 -1
15434264710076200 1024 -1
15434264710076200 1024 -1
15434264710077830 1024 -1
15434264710078412 1024 -1
15434264710078412 1024 -1
15434264710078412 1024 -1
15434264710078412 1024 -1
15434264710079020 1024 -1
15434264710079020 1024 -1
15434264710080320 1024 -1
15434264710080900 1024 -1
15434264710080900 1024 -1
15434264710080900 1024 -1
15434264710080900 1024 -1
15434264710081480 1024 -1
15434264710081480 1024 -1
15434264710081480 1024 -1
15434264710081480 1024 -1
15434264710081990 1024 -1
15434264710081990 1024 -1
15434264710081990 919 -1
15434264710085148 1024 -1
15434264710086340 1024 -1
15434264710086340 1024 -1
15434264710087500 1024 -1
15434264710087500 1024 -1
15434264710087500 1024 -1
15434264710087500 1024 -1
15434264710088028 1024 -1
15434264710089272 1024 -1
15434264710089272 1024 -1
15434264710089840 1024 -1
15434264710089840 1024 -1
15434264710089840 1024 -1
15434264710089840 1024 -1
15434264710090410 1024 -1
15434264710090410 1024 -1
15434264710090410 1024 -1
15434264710090410 1024 -1
15434264710090410 1024 -1
15434264710093090 1024 -1
15434264710093670 1024 -1
15434264710093670 943 -1
15434264715094300 59 1
15434264715597860 1024 -1
15434264715598140 1024 -1
15434264715598900 1024 -1
15434264715598900 1024 -1
15434264715598900 1024 -1
15434264715598900 1024 -1
15434264715598978 1024 -1
15434264715599460 1024 -1
15434264715599460 1024 -1
15434264715600030 1024 -1
15434264715600610 1024 -1
15434264715600610 1024 -1
15434264715600610 1024 -1
15434264715601750 1024 -1
15434264715601750 1024 -1
15434264715601750 1024 -1
15434264715601750 1024 -1
15434264715601750 1024 -1
15434264715602360 1024 -1
15434264715602360 1024 -1
15434264715602360 1024 -1
15434264715602360 1024 -1
15434264715604702 1024 -1
15434264715605258 1024 -1
15434264715605258 1024 -1
15434264715605258 1024 -1
15434264715680810 250 -1
15434264715814040 1024 -1
15434264715814230 1024 -1
15434264715814230 1024 -1
15434264715815138 1024 -1
15434264715815138 1024 -1
15434264715815138 1024 -1
15434264715815138 1024 -1
15434264715815680 1024 -1
15434264715816810 1024 -1
15434264715816810 1024 -1
15434264715817930 1024 -1
15434264715817930 1024 -1
15434264715817930 1024 -1
15434264715817930 1024 -1
15434264715818490 1024 -1
15434264715818490 1024 -1
15434264715819048 1024 -1
15434264715819048 1024 -1
15434264715819048 1024 -1
15434264715821050 1024 -1
15434264715821050 1024 -1
15434264715822092 1024 -1
15434264715822092 1024 -1
15434264715822650 1024 -1
15434264715822650 1024 -1
15434264715822650 1024 -1
15434264715822650 1024 -1
15434264715823200 919 -1
15434264715855170 1024 -1
15434264715855680 1024 -1
15434264715855720 1024 -1
15434264715856240 1024 -1
15434264715856800 1024 -1
15434264715857388 1024 -1
15434264715857388 1024 -1
15434264715857388 1024 -1
15434264715857388 1024 -1
15434264715858490 1024 -1
15434264715859070 1024 -1
15434264715859070 1024 -1
15434264715859620 1024 -1
15434264715859620 1024 -1
15434264715860150 1024 -1
15434264715860150 1024 -1
15434264715860150 1024 -1
15434264715860660 1024 -1
15434264715860660 1024 -1
15434264715860660 1024 -1
15434264715860660 1024 -1
15434264715861210 1024 -1
15434264715863258 1024 -1
15434264715863810 1024 -1
15434264715863810 1024 -1
15434264715863810 1024 -1
15434264715863810 1024 -1
15434264715863810 919 -1
15434264715917972 1024 -1
15434264715918010 1024 -1
15434264715918530 1024 -1
15434264715918530 1024 -1
15434264715919060 1024 -1
15434264715919060 1024 -1
15434264715919620 1024 -1
15434264715919620 1024 -1
15434264715919620 1024 -1
15434264715920730 1024 -1
15434264715921308 1024 -1
15434264715921308 1024 -1
15434264715921308 1024 -1
15434264715921308 1024 -1
15434264715922648 1024 -1
15434264715923180 1024 -1
15434264715923180 1024 -1
15434264715923180 1024 -1
15434264715923180 1024 -1
15434264715923740 1024 -1
15434264715923740 1024 -1
15434264715923740 1024 -1
15434264715924252 1024 -1
15434264715924252 1024 -1
15434264715924252 1024 -1
15434264715924252 1024 -1
15434264715926810 1024 -1
15434264715926840 919 -1
15434264716038290 1024 -1
15434264716038380 1024 -1
15434264716039340 1024 -1
15434264716039340 1024 -1
15434264716039440 1024 -1
15434264716039870 1024 -1
15434264716039870 1024 -1
15434264716039870 1024 -1
15434264716039870 1024 -1
15434264716040980 1024 -1
15434264716040980 1024 -1
15434264716042098 1024 -1
15434264716042098 1024 -1
15434264716042098 1024 -1
15434264716043220 1024 -1
15434264716043220 1024 -1
15434264716043770 1024 -1
15434264716043770 1024 -1
15434264716044878 1024 -1
15434264716044878 1024 -1
15434264716044878 1024 -1
15434264716044878 1024 -1
15434264716045402 1024 -1
15434264716045402 1024 -1
15434264716045402 1024 -1
15434264716045402 1024 -1
15434264716047500 1024 -1
15434264716047500 919 -1
15434264716064300 1024 -1
15434264716064370 1024 -1
15434264716065372 1024 -1
15434264716065372 1024 -1
15434264716065450 1024 -1
15434264716065450 1024 -1
15434264716066120 1024 -1
15434264716066120 1024 -1
15434264716066648 1024 -1
15434264716066648 1024 -1
15434264716067210 1024 -1
15434264716067210 1024 -1
15434264716067210 1024 -1
15434264716067210 1024 -1
15434264716067810 1024 -1
15434264716067810 1024 -1
15434264716069378 1024 -1
15434264716069952 1024 -1
15434264716069952 1024 -1
15434264716069952 1024 -1
15434264716069952 1024 -1
15434264716070508 1024 -1
15434264716070508 1024 -1
15434264716070508 1024 -1
15434264716070508 1024 -1
15434264716072790 1024 -1
15434264716073370 1024 -1
15434264716073370 919 -1
15434264716102200 1024 -1
15434264716102760 1024 -1
15434264716103280 1024 -1
15434264716103310 1024 -1
15434264716103858 1024 -1
15434264716103858 1024 -1
15434264716103858 1024 -1
15434264716103858 1024 -1
15434264716104400 1024 -1
15434264716105730 1024 -1
15434264716106300 1024 -1
15434264716106300 1024 -1
15434264716106300 1024 -1
15434264716106300 1024 -1
15434264716106852 1024 -1
15434264716106852 1024 -1
15434264716106852 1024 -1
15434264716106852 1024 -1
15434264716106852 1024 -1
15434264716106852 1024 -1
15434264716109550 1024 -1
15434264716109590 943 -1
15434264721110340 59 1
15434264722039580 1024 -1
15434264722040082 1024 -1
15434264722040150 1024 -1
15434264722040150 1024 -1
15434264722041212 1024 -1
15434264722041290 1024 -1
15434264722041290 1024 -1
15434264722041780 1024 -1
15434264722041780 1024 -1
15434264722041780 1024 -1
15434264722042890 1024 -1
15434264722042890 1024 -1
15434264722042890 1024 -1
15434264722042890 1024 -1
15434264722043440 1024 -1
15434264722045200 1024 -1
15434264722045750 1024 -1
15434264722045750 1024 -1
15434264722045750 1024 -1
15434264722045750 1024 -1
15434264722045750 1024 -1
15434264722046290 1024 -1
15434264722046290 1024 -1
15434264722047442 1024 -1
15434264722048020 1024 -1
15434264722048020 302 -1
15434264722350170 1024 -1
15434264722350340 1024 -1
15434264722350700 1024 -1
15434264722351242 1024 -1
15434264722351310 1024 -1
15434264722351310 1024 -1
15434264722351830 1024 -1
15434264722351830 1024 -1
15434264722351830 1024 -1
15434264722352920 1024 -1
15434264722352920 1024 -1
15434264722352920 1024 -1
15434264722352920 1024 -1
15434264722353430 1024 -1
15434264722353430 1024 -1
15434264722353990 1024 -1
15434264722353990 1024 -1
15434264722353990 1024 -1
15434264722356160 1024 -1
15434264722356730 1024 -1
15434264722356730 1024 -1
15434264722356730 1024 -1
15434264722356730 1024 -1
15434264722357308 1024 -1
15434264722357308 1024 -1
15434264722357308 1024 -1
15434264722357308 1024 -1
15434264722357308 919 -1
15434264722759308 1024 -1
15434264722759370 1024 -1
15434264722759810 1024 -1
15434264722759810 1024 -1
15434264722760360 1024 -1
15434264722760360 1024 -1
15434264722760880 1024 -1
15434264722760880 1024 -1
15434264722760880 1024 -1
15434264722761980 1024 -1
15434264722761980 1024 -1
15434264722761980 1024 -1
15434264722763122 1024 -1
15434264722763122 1024 -1
15434264722763690 1024 -1
15434264722763690 1024 -1
15434264722763690 1024 -1
15434264722763690 1024 -1
15434264722763690 1024 -1
15434264722763690 1024 -1
15434264722764230 1024 -1
15434264722764230 1024 -1
15434264722764230 1024 -1
15434264722764780 1024 -1
15434264722764780 1024 -1
15434264722767560 1024 -1
15434264722768140 1024 -1
15434264722768140 919 -1
15434264723180130 1024 -1
15434264723180220 1024 -1
15434264723181260 1024 -1
15434264723181260 1024 -1
15434264723181340 1024 -1
15434264723181820 1024 -1
15434264723181820 1024 -1
15434264723181820 1024 -1
15434264723181820 1024 -1
15434264723182920 1024 -1
15434264723182920 1024 -1
15434264723183460 1024 -1
15434264723184030 1024 -1
15434264723184030 1024 -1
15434264723184540 1024 -1
15434264723184540 1024 -1
15434264723184540 1024 -1
15434264723185092 1024 -1
15434264723185092 1024 -1
15434264723185092 1024 -1
15434264723185092 1024 -1
15434264723185092 1024 -1
15434264723187840 1024 -1
15434264723187840 1024 -1
15434264723188370 1024 -1
15434264723188370 1024 -1
15434264723188930 1024 -1
15434264723188930 919 -1
15434264723505790 1024 -1
15434264723505900 1024 -1
15434264723506360 1024 -1
15434264723506360 1024 -1
15434264723506910 1024 -1
15434264723506910 1024 -1
15434264723506910 1024 -1
15434264723506910 1024 -1
15434264723507430 1024 -1
15434264723508580 1024 -1
15434264723508580 1024 -1
15434264723508580 1024 -1
15434264723508580 1024 -1
15434264723509100 1024 -1
15434264723509100 1024 -1
15434264723509100 1024 -1
15434264723510990 1024 -1
15434264723511570 1024 -1
15434264723511570 1024 -1
15434264723511570 1024 -1
15434264723511570 1024 -1
15434264723511570 1024 -1
15434264723512090 1024 -1
15434264723512090 1024 -1
15434264723512090 1024 -1
15434264723512610 1024 -1
15434264723512610 1024 -1
15434264723514780 919 -1
15434264723840980 1024 -1
15434264723841072 1024 -1
15434264723842070 1024 -1
15434264723842070 1024 -1
15434264723842170 1024 -1
15434264723842170 1024 -1
15434264723842630 1024 -1
15434264723842630 1024 -1
15434264723842630 1024 -1
15434264723843190 1024 -1
15434264723843740 1024 -1
15434264723843740 1024 -1
15434264723843740 1024 -1
15434264723844270 1024 -1
15434264723844270 1024 -1
15434264723844270 1024 -1
15434264723844270 1024 -1
15434264723846380 1024 -1
15434264723846940 1024 -1
15434264723846940 1024 -1
15434264723846940 1024 -1
15434264723846940 1024 -1
15434264723847490 1024 -1
15434264723847490 1024 -1
15434264723847490 1024 -1
15434264723847490 1024 -1
15434264723849790 1024 -1
15434264723849790 919 -1
15434264724100520 1024 -1
15434264724101010 1024 -1
15434264724101050 1024 -1
15434264724101580 1024 -1
15434264724102140 1024 -1
15434264724102700 1024 -1
15434264724102700 1024 -1
15434264724102700 1024 -1
15434264724102700 1024 -1
15434264724103810 1024 -1
15434264724105250 1024 -1
15434264724105890 1024 -1
15434264724105890 1024 -1
15434264724105890 1024 -1
15434264724105890 1024 -1
15434264724106370 1024 -1
15434264724106370 1024 -1
15434264724106370 1024 -1
15434264724106370 1024 -1
15434264724106900 1024 -1
15434264724106900 1024 -1
15434264724109230 1024 -1
15434264724109800 1024 -1
15434264724109800 1024 -1
15434264724109800 1024 -1
15434264724109800 1024 -1
15434264724110930 1024 -1
15434264724110930 919 -1
15434264724360110 1024 -1
15434264724360630 1024 -1
15434264724360672 1024 -1
15434264724361200 1024 -1
15434264724361760 1024 -1
15434264724362290 1024 -1
15434264724362290 1024 -1
15434264724362290 1024 -1
15434264724362290 1024 -1
15434264724363640 1024 -1
15434264724363640 1024 -1
15434264724364180 1024 -1
15434264724364180 1024 -1
15434264724364740 1024 -1
15434264724364740 1024 -1
15434264724364740 1024 -1
15434264724365870 1024 -1
15434264724365870 1024 -1
15434264724366428 1024 -1
15434264724366428 1024 -1
15434264724366428 1024 -1
15434264724366428 1024 -1
15434264724366428 1024 -1
15434264724366428 1024 -1
15434264724366960 1024 -1
15434264724366960 1024 -1
15434264724366960 1024 -1
15434264724366960 919 -1
15434264724587820 1024 -1
15434264724587910 1024 -1
15434264724588320 1024 -1
15434264724588320 1024 -1
15434264724588850 1024 -1
15434264724588850 1003 -1
15434264729590120 59 1
15434264730809528 1024 -1
15434264730809690 1024 -1
15434264730810080 1024 -1
15434264730810080 1024 -1
15434264730810580 1024 -1
15434264730810580 1024 -1
15434264730810670 1024 -1
15434264730810670 1024 -1
15434264730811170 1024 -1
15434264730811170 1024 -1
15434264730811170 1024 -1
15434264730811170 1024 -1
15434264730811700 1024 -1
15434264730814840 1024 -1
15434264730815420 1024 -1
15434264730815420 1024 -1
15434264730815420 1024 -1
15434264730815970 1024 -1
15434264730815970 1024 -1
15434264730815970 1024 -1
15434264730815970 1024 -1
15434264730816540 1024 -1
15434264730816540 1024 -1
15434264730816540 1024 -1
15434264730816540 1024 -1
15434264730816540 1024 -1
15434264730817080 908 -1
15434264731386110 1024 -1
15434264731386320 1024 -1
15434264731386700 1024 -1
15434264731386700 1024 -1
15434264731386780 1024 -1
15434264731387178 1024 -1
15434264731387178 1024 -1
15434264731387178 1024 -1
15434264731387720 1024 -1
15434264731388330 1024 -1
15434264731388870 1024 -1
15434264731388870 1024 -1
15434264731388870 1024 -1
15434264731388870 1024 -1
15434264731388870 1024 -1
15434264731390540 1024 -1
15434264731391088 1024 -1
15434264731391088 1024 -1
15434264731391088 1024 -1
15434264731391088 1024 -1
15434264731391612 1024 -1
15434264731391612 1024 -1
15434264731391612 1024 -1
15434264731391612 1024 -1
15434264731392150 1024 -1
15434264731392150 1024 -1
15434264731392150 1024 -1
15434264731395650 919 -1
15434264731967918 1024 -1
15434264731967990 1024 -1
15434264731968470 1024 -1
15434264731968470 1024 -1
15434264731969010 1024 -1
15434264731969010 1024 -1
15434264731969010 1024 -1
15434264731969010 1024 -1
15434264731969010 1024 -1
15434264731970798 1024 -1
15434264731971360 1024 -1
15434264731971360 1024 -1
15434264731971360 1024 -1
15434264731971360 1024 -1
15434264731971920 1024 -1
15434264731971920 1024 -1
15434264731971920 1024 -1
15434264731971920 1024 -1
15434264731973920 1024 -1
15434264731974500 1024 -1
15434264731974500 1024 -1
15434264731974500 1024 -1
15434264731974500 1024 -1
15434264731975030 1024 -1
15434264731975030 1024 -1
15434264731975030 1024 -1
15434264731975030 1024 -1
15434264731975030 919 -1
15434264732816910 1024 -1
15434264732816970 1024 -1
15434264732817480 1024 -1
15434264732817480 1024 -1
15434264732819520 1024 -1
15434264732820088 1024 -1
15434264732820088 1024 -1
15434264732820088 1003 -1
15434264737821200 58 1
15434264739828840 1024 -1
15434264739828970 1024 -1
15434264739829390 1024 -1
15434264739829390 1024 -1
15434264739829940 1024 -1
15434264739829940 1024 -1
15434264739829940 1024 -1
15434264739831040 1024 -1
15434264739831040 1024 -1
15434264739831040 1024 -1
15434264739831040 1024 -1
15434264739832140 1024 -1
15434264739832140 1024 -1
15434264739832670 1024 -1
15434264739832670 1024 -1
15434264739832670 1024 -1
15434264739832670 1024 -1
15434264739834260 1024 -1
15434264739834840 1024 -1
15434264739834840 1024 -1
15434264739834840 1024 -1
15434264739834840 1024 -1
15434264739835360 1024 -1
15434264739835360 1024 -1
15434264739835360 1024 -1
15434264739835360 875 -1
15434264741722390 1024 -1
15434264741722570 1024 -1
15434264741722970 1024 -1
15434264741722970 1024 -1
15434264741723490 1024 -1
15434264741723490 1024 -1
15434264741723490 1024 -1
15434264741723490 1024 -1
15434264741724020 1024 -1
15434264741724570 1024 -1
15434264741725120 1024 -1
15434264741725120 1024 -1
15434264741725120 1024 -1
15434264741725120 1024 -1
15434264741725120 1024 -1
15434264741726830 1024 -1
15434264741727410 1024 -1
15434264741727410 1024 -1
15434264741727410 1024 -1
15434264741727970 1024 -1
15434264741727970 1024 -1
15434264741727970 1024 -1
15434264741729340 1024 -1
15434264741729910 1024 -1
15434264741729910 1024 -1
15434264741729910 1024 -1
15434264741730470 1024 -1
15434264741730470 919 -1
15434264742946380 1024 -1
15434264742946460 1024 -1
15434264742946920 1024 -1
15434264742946920 1024 -1
15434264742947460 1024 -1
15434264742947460 1024 -1
15434264742948020 1024 -1
15434264742948020 1024 -1
15434264742948020 1024 -1
15434264742948570 1024 -1
15434264742949172 1024 -1
15434264742949172 1024 -1
15434264742949172 1024 -1
15434264742949172 1024 -1
15434264742949660 1024 -1
15434264742949660 1024 -1
15434264742949660 1024 -1
15434264742951300 958 -1
15434264747951900 58 1
15434264749340460 1024 -1
15434264749340600 364 -1
15434264749622980 1024 -1
15434264749623180 1024 -1
15434264749624072 1024 -1
15434264749624072 1024 -1
15434264749624190 1024 -1
15434264749624780 1024 -1
15434264749624780 1024 -1
15434264749624780 1024 -1
15434264749624780 1024 -1
15434264749625900 1024 -1
15434264749625900 1024 -1
15434264749626450 1024 -1
15434264749626450 1024 -1
15434264749626450 1024 -1
15434264749626450 1024 -1
15434264749626990 1024 -1
15434264749626990 1024 -1
15434264749629100 1024 -1
15434264749629100 1024 -1
15434264749629468 1024 -1
15434264749629468 1024 -1
15434264749629468 1024 -1
15434264749630080 1024 -1
15434264749630080 1024 -1
15434264749630080 63 -1
15434264749732470 1024 -1
15434264749732708 1024 -1
15434264749733000 1024 -1
15434264749733570 1024 -1
15434264749733570 1024 -1
15434264749733570 1024 -1
15434264749734700 1024 -1
15434264749734700 1024 -1
15434264749734700 1024 -1
15434264749734700 1024 -1
15434264749735250 1024 -1
15434264749735250 1024 -1
15434264749735250 1024 -1
15434264749737050 1024 -1
15434264749737590 1024 -1
15434264749737590 1024 -1
15434264749737590 1024 -1
15434264749738740 1024 -1
15434264749738740 1024 -1
15434264749738740 1024 -1
15434264749738740 1024 -1
15434264749739340 1024 -1
15434264749739340 1024 -1
15434264749739340 1024 -1
15434264749739340 63 -1
15434264749937552 1024 -1
15434264749937630 1024 -1
15434264749938030 1024 -1
15434264749938030 1024 -1
15434264749938570 1024 -1
15434264749938570 1024 -1
15434264749939170 1024 -1
15434264749939170 1024 -1
15434264749939170 1024 -1
15434264749939170 1024 -1
15434264749939712 1024 -1
15434264749939712 1024 -1
15434264749939712 1024 -1
15434264749941280 1024 -1
15434264749941840 1024 -1
15434264749941840 1024 -1
15434264749941840 1024 -1
15434264749941840 1024 -1
15434264749942390 1024 -1
15434264749942390 1024 -1
15434264749942390 1024 -1
15434264749944260 1024 -1
15434264749944820 1024 -1
15434264749944820 1024 -1
15434264749944820 63 -1
15434264750177750 1024 -1
15434264750178248 1024 -1
15434264750178270 1024 -1
15434264750178270 244 -1
15434264755179952 58 1
15434264755792250 1024 -1
15434264755792400 364 -1
15434264755902290 1024 -1
15434264755902450 1024 -1
15434264755903390 1024 -1
15434264755903390 1024 -1
15434264755903990 1024 -1
15434264755903990 1024 -1
15434264755903990 1024 -1
15434264755903990 1024 -1
15434264755903990 1024 -1
15434264755905170 1024 -1
15434264755905170 1024 -1
15434264755905660 1024 -1
15434264755905660 1024 -1
15434264755905660 1024 -1
15434264755905660 1024 -1
15434264755905660 1024 -1
15434264755905660 1024 -1
15434264755906190 1024 -1
15434264755908250 1024 -1
15434264755908800 1024 -1
15434264755908800 1024 -1
15434264755908800 1024 -1
15434264755908800 1024 -1
15434264755909350 1024 -1
15434264755909350 63 -1
15434264755950120 1024 -1
15434264755950220 1024 -1
15434264755950660 1024 -1
15434264755951220 1024 -1
15434264755951290 1024 -1
15434264755951290 1024 -1
15434264755951750 1024 -1
15434264755951750 1024 -1
15434264755951750 1024 -1
15434264755953050 1024 -1
15434264755953050 1024 -1
15434264755953050 1024 -1
15434264755953050 1024 -1
15434264755953560 1024 -1
15434264755953560 1024 -1
15434264755955250 1024 -1
15434264755955250 1024 -1
15434264755955802 1024 -1
15434264755955802 1024 -1
15434264755955802 1024 -1
15434264755955802 1024 -1
15434264755956340 1024 -1
15434264755956340 1024 -1
15434264755956340 1024 -1
15434264755956340 63 -1
15434264755971570 1024 -1
15434264755972150 1024 -1
15434264755972150 1024 -1
15434264755972690 1024 -1
15434264755972690 1024 -1
15434264755972690 1024 -1
15434264755973780 1024 -1
15434264755973780 1024 -1
15434264755973780 1024 -1
15434264755973780 1024 -1
15434264755974988 1024 -1
15434264755975562 1024 -1
15434264755975562 1024 -1
15434264755975562 1024 -1
15434264755975562 1024 -1
15434264755976120 1024 -1
15434264755976120 1024 -1
15434264755976120 1024 -1
15434264755976120 1024 -1
15434264755978350 1024 -1
15434264755978920 1024 -1
15434264755978920 1024 -1
15434264755978920 1024 -1
15434264755978920 1024 -1
15434264755978920 72 -1
15434264755980410 1024 -1
15434264755980950 1024 -1
15434264755980950 1024 -1
15434264755980950 1024 -1
15434264755980950 1024 -1
15434264755980950 1024 -1
15434264755982280 1024 -1
15434264755982820 1024 -1
15434264755982820 1024 -1
15434264755982820 1024 -1
15434264755982820 1024 -1
15434264755983378 1024 -1
15434264755983378 1024 -1
15434264755983378 1024 -1
15434264755983920 1024 -1
15434264755983920 1024 -1
15434264755983920 1024 -1
15434264755983920 1024 -1
15434264755983920 1024 -1
15434264755987142 1024 -1
15434264755987700 1024 -1
15434264755987700 1024 -1
15434264755987700 1024 -1
15434264755987700 1024 -1
15434264755987700 63 -1
15434264755989110 1024 -1
15434264755989690 1024 -1
15434264755989690 1024 -1
15434264755989690 1024 -1
15434264755989690 1024 -1
15434264755990200 1024 -1
15434264755990200 1024 -1
15434264755990200 1024 -1
15434264755990200 1024 -1
15434264755990750 1024 -1
15434264755990750 1024 -1
15434264755990750 1024 -1
15434264755990750 1024 -1
15434264755991320 1024 -1
15434264755991320 1024 -1
15434264755991320 1024 -1
15434264755991840 1024 -1
15434264755991840 1024 -1
15434264755991840 1024 -1
15434264755992380 1024 -1
15434264755992380 1024 -1
15434264755992380 1024 -1
15434264755992380 1024 -1
15434264755992380 1024 -1
15434264755992380 63 -1
15434264755997900 1024 -1
15434264755998430 1024 -1
15434264755998430 1024 -1
15434264755998430 1024 -1
15434264755998430 1024 -1
15434264755998960 1024 -1
15434264755998960 1024 -1
15434264755998960 1024 -1
15434264755998960 1024 -1
15434264755999460 1024 -1
15434264755999460 1024 -1
15434264755999460 1024 -1
15434264756000000 1024 -1
15434264756000000 1024 -1
15434264756000000 1024 -1
15434264756000000 1024 -1
15434264756000550 1024 -1
15434264756000550 1024 -1
15434264756000550 1024 -1
15434264756000550 1024 -1
15434264756001100 1024 -1
15434264756001100 1024 -1
15434264756001100 1024 -1
15434264756001648 1024 -1
15434264756001648 63 -1
15434264756001648 1024 -1
15434264756001648 1024 -1
15434264756002210 1024 -1
15434264756007790 1024 -1
15434264756008360 1024 -1
15434264756008360 1024 -1
15434264756008360 1024 -1
15434264756008360 556 -1
15434264761009260 88 1
15434264761650382 1024 -1
15434264761650888 1024 -1
15434264761650930 1024 -1
15434264761652000 1024 -1
15434264761652000 1024 -1
15434264761652082 1024 -1
15434264761652082 1024 -1
15434264761652570 1024 -1
15434264761652570 1024 -1
15434264761652570 1024 -1
15434264761653660 1024 -1
15434264761653660 1024 -1
15434264761653660 1024 -1
15434264761653660 1024 -1
15434264761654962 1024 -1
15434264761655500 1024 -1
15434264761655500 1024 -1
15434264761655500 1024 -1
15434264761655500 1024 -1
15434264761656050 1024 -1
15434264761656050 1024 -1
15434264761656050 1024 -1
15434264761656050 1024 -1
15434264761656590 1024 -1
15434264761656590 330 -1
15434264761804050 1024 -1
15434264761804550 1024 -1
15434264761804600 1024 -1
15434264761805120 1024 -1
15434264761806222 1024 -1
15434264761806222 1024 -1
15434264761806222 1024 -1
15434264761806222 1024 -1
15434264761806770 1024 -1
15434264761807440 1024 -1
15434264761808000 1024 -1
15434264761808000 1024 -1
15434264761808000 1024 -1
15434264761808000 1024 -1
15434264761808550 1024 -1
15434264761808550 1024 -1
15434264761810270 1024 -1
15434264761810820 1024 -1
15434264761810820 1024 -1
15434264761810820 1024 -1
15434264761810820 1024 -1
15434264761811380 1024 -1
15434264761811380 1024 -1
15434264761811380 1024 -1
15434264761811380 63 -1
15434264761839440 1024 -1
15434264761839940 1024 -1
15434264761839970 1024 -1
15434264761839970 1024 -1
15434264761841020 1024 -1
15434264761841020 1024 -1
15434264761841580 1024 -1
15434264761841580 1024 -1
15434264761841580 1024 -1
15434264761842660 1024 -1
15434264761843222 1024 -1
15434264761843222 671 -1
15434264766843920 88 1
15434264767143070 17 -1
0 0 0
15434264666596660 148 1
15434264666596660 194 1
0 0 0
15434264666830152 148 1
15434264666830152 182 1
0 0 0
15434264666720770 148 1
15434264666720770 183 1
15434264666933060 48 -1
15434264667109030 1024 -1
15434264667109060 429 -1
15434264667117180 1024 -1
15434264667117750 1024 -1
15434264667117750 1024 -1
15434264667118310 1024 -1
15434264667118310 1024 -1
15434264667118310 1024 -1
15434264667118310 1024 -1
15434264667118310 1024 -1
15434264667118810 1024 -1
15434264667118810 1024 -1
15434264667118810 1024 -1
15434264667119328 1024 -1
15434264667119328 1024 -1
15434264667119328 1024 -1
15434264667119328 1024 -1
15434264667119880 1024 -1
15434264667119880 1024 -1
15434264667119880 1024 -1
15434264667119880 1024 -1
15434264667120430 1024 -1
15434264667120430 1024 -1
15434264667120430 1024 -1
15434264667120970 1024 -1
15434264667120970 1024 -1
15434264667120970 63 -1
15434264667132872 1024 -1
15434264667132960 1024 -1
15434264667133530 1024 -1
15434264667133530 1024 -1
15434264667133952 1024 -1
15434264667133952 1024 -1
15434264667133952 1024 -1
15434264667133952 1024 -1
15434264667134510 1024 -1
15434264667134510 1024 -1
15434264667134510 1024 -1
15434264667134510 1024 -1
15434264667288680 1024 -1
15434264667288680 1024 -1
15434264667296880 1024 -1
15434264667296880 1024 -1
15434264667296880 1024 -1
15434264667304880 1024 -1
15434264667304880 1024 -1
15434264667304880 1024 -1
15434264667305400 1024 -1
15434264667310210 1024 -1
15434264667310210 1024 -1
15434264667310770 1024 -1
15434264667310770 63 -1
15434264667310770 1024 -1
15434264667315750 1024 -1
15434264667315750 1024 -1
15434264667316350 1024 -1
15434264667316350 1024 -1
15434264667320200 1024 -1
15434264667320200 1024 -1
15434264667323230 1024 -1
15434264667323780 1024 -1
15434264667323780 1024 -1
15434264667323780 1024 -1
15434264667323780 1024 -1
15434264667324318 1024 -1
15434264667324318 1024 -1
15434264667330912 1024 -1
15434264667330912 1024 -1
15434264667331390 1024 -1
15434264667331390 1024 -1
15434264667331390 1024 -1
15434264667331942 1024 -1
15434264667338240 1024 -1
15434264667338240 1024 -1
15434264667338800 1024 -1
15434264667338800 1024 -1
15434264667338800 63 -1
15434264667338800 1024 -1
15434264667338800 1024 -1
15434264667344090 1024 -1
15434264667344640 1024 -1
15434264667344640 1024 -1
15434264667344640 1024 -1
15434264667344640 1024 -1
15434264667345200 1024 -1
15434264667345200 1024 -1
15434264667345200 1024 -1
15434264667353200 1024 -1
15434264667353740 1024 -1
15434264667353740 1024 -1
15434264667353740 1024 -1
15434264667353740 1024 -1
15434264667353740 1024 -1
15434264667354300 1024 -1
15434264667354300 1024 -1
15434264667362152 1024 -1
15434264667362152 1024 -1
15434264667362690 1024 -1
15434264667365242 1024 -1
15434264667365790 1024 -1
15434264667365790 1024 -1
15434264667365790 72 -1
15434264667365790 1024 -1
15434264667366350 1024 -1
15434264667366350 1024 -1
15434264667366350 1024 -1
15434264667366350 1024 -1
15434264667374138 1024 -1
15434264667374138 1024 -1
15434264667374790 1024 -1
15434264667374790 1024 -1
15434264667374790 1024 -1
15434264667374790 1024 -1
15434264667375240 1024 -1
15434264667375240 1024 -1
15434264667375240 969 -1
