### "'39562 42483 122201 243577 139691 261834 223381 217220 161131 158819 131095 63832 70282 227238 8682'"
0 0 0
15434295740632350 148 1
15434295740632350 203 1
15434295740634510 39 -1
15434295740634540 13 -1
15434295740687900 9 -1
15434295740694730 309 -1
15434295740694770 9 -1
15434295740695810 3685 -1
0 0 0
15434295740626770 148 1
15434295740626770 183 1
15434295740627230 39 -1
15434295740627270 13 -1
15434295740682070 9 -1
15434295740689740 293 -1
15434295740689910 9 -1
15434295740693632 16383 -1
15434295740693632 1 -1
15434295740693710 9 -1
15434295740696910 16383 -1
15434295740696910 1 -1
15434295740696910 9 -1
15434295740745872 9715 -1
0 0 0
15434295740526890 39 -1
15434295740526950 13 -1
15434295740574500 148 1
15434295740574500 204 1
15434295740622590 9 -1
15434295740629890 311 -1
15434295740630450 9 -1
15434295740633430 16383 -1
15434295740633430 1 -1
15434295740633472 9 -1
15434295740636210 16383 -1
15434295740636210 1 -1
15434295740636740 9 -1
15434295740678980 6794 -1
0 0 0
15434295740634652 39 -1
15434295740635058 13 -1
15434295740636600 148 1
15434295740636600 195 1
15434295740691320 9 -1
15434295740697450 306 -1
15434295740698020 9 -1
15434295740700678 16383 -1
15434295740701240 1 -1
15434295740701270 9 -1
15434295740703420 16382 -1
15434295740703980 2 -1
15434295740751650 9 -1
15434295740754160 16383 -1
15434295740754160 1 -1
15434295740754160 9 -1
15434295740756820 16382 -1
15434295740756820 2 -1
15434295740756820 9 -1
15434295740759010 16381 -1
15434295740759010 3 -1
15434295740759010 9 -1
15434295740761080 16380 -1
15434295740761080 4 -1
15434295740761080 9 -1
15434295740763290 16379 -1
15434295740763290 5 -1
15434295740763290 9 -1
15434295740806170 7513 -1
0 0 0
15434295740499840 39 -1
15434295740499900 13 -1
15434295740589580 148 1
15434295740589580 203 1
15434295740637888 9 -1
15434295740642108 310 -1
15434295740642150 9 -1
15434295740642810 2263 -1
15434295745750880 58 1
15434295745810010 131 -1
15434295745810500 9 -1
15434295745812680 16383 -1
15434295745812680 1 -1
15434295745812710 9 -1
15434295745815380 16383 -1
15434295745815410 1 -1
15434295745815430 9 -1
15434295745859700 16382 -1
15434295745859700 2 -1
15434295745859700 9 -1
15434295745861868 16381 -1
15434295745861868 3 -1
15434295745861868 9 -1
15434295745864520 16383 -1
15434295745864520 1 -1
15434295745864520 9 -1
15434295745866670 16382 -1
15434295745866670 2 -1
15434295745866670 9 -1
15434295745868940 16381 -1
15434295745868940 3 -1
15434295745868940 9 -1
15434295745907180 16380 -1
15434295745907180 4 -1
15434295745907180 9 -1
15434295745908310 8619 -1
15434295750913530 78 1
15434295750968810 170 -1
15434295750969320 9 -1
15434295750969890 2795 -1
15434295755970700 78 1
15434295756034580 147 -1
15434295756035100 9 -1
15434295756035680 2973 -1
15434295761036670 58 1
15434295761094470 155 -1
15434295761095020 9 -1
15434295761097692 16383 -1
15434295761097730 1 -1
15434295761097750 9 -1
15434295761100990 16383 -1
15434295761101028 1 -1
15434295761101050 9 -1
15434295761103750 16382 -1
15434295761103800 2 -1
15434295761103830 9 -1
15434295761106990 16381 -1
15434295761107040 3 -1
15434295761107080 9 -1
15434295761109740 16383 -1
15434295761110290 1 -1
15434295761110340 9 -1
15434295761113000 16382 -1
15434295761113050 2 -1
15434295761113070 9 -1
15434295761115770 16381 -1
15434295761116322 3 -1
15434295761116340 9 -1
15434295761146810 16380 -1
15434295761146842 4 -1
15434295761147360 9 -1
15434295761149500 16379 -1
15434295761150032 5 -1
15434295761150050 9 -1
15434295761152760 16378 -1
15434295761152800 6 -1
15434295761152820 9 -1
15434295761155560 16377 -1
15434295761155592 7 -1
15434295761156080 9 -1
15434295761158928 16376 -1
15434295761158978 8 -1
15434295761159000 9 -1
15434295761161640 16383 -1
15434295761161690 1 -1
15434295761162190 9 -1
15434295761164898 16382 -1
15434295761164940 2 -1
15434295761164960 9 -1
15434295761167620 16381 -1
15434295761168180 3 -1
15434295761168210 9 -1
15434295761170400 16074 -1
15434295766171700 59 1
15434295766225700 132 -1
15434295766225860 9 -1
15434295766228400 16383 -1
15434295766228930 1 -1
15434295766228982 9 -1
15434295766231710 16383 -1
15434295766231760 1 -1
15434295766231790 9 -1
15434295766234400 16382 -1
15434295766234920 2 -1
15434295766234952 9 -1
15434295766237690 16381 -1
15434295766237740 3 -1
15434295766238238 9 -1
15434295766240380 16380 -1
15434295766240922 4 -1
15434295766240960 9 -1
15434295766243610 16379 -1
15434295766243680 5 -1
15434295766243700 9 -1
15434295766246900 16383 -1
15434295766246930 1 -1
15434295766246950 9 -1
15434295766249570 16382 -1
15434295766249600 2 -1
15434295766249620 9 -1
15434295766252800 16381 -1
15434295766252820 3 -1
15434295766252830 9 -1
15434295766255560 16380 -1
15434295766255610 4 -1
15434295766256130 9 -1
15434295766258810 16379 -1
15434295766258840 5 -1
15434295766259370 9 -1
15434295766261570 16378 -1
15434295766261580 6 -1
15434295766262140 9 -1
15434295766264278 16377 -1
15434295766264830 7 -1
15434295766264852 9 -1
15434295766266490 10389 -1
15434295771267100 58 1
15434295771327040 117 -1
15434295771327590 9 -1
15434295771330370 16383 -1
15434295771330410 1 -1
15434295771330460 9 -1
15434295771333130 16383 -1
15434295771333170 1 -1
15434295771333210 9 -1
15434295771335890 16382 -1
15434295771335950 2 -1
15434295771336442 9 -1
15434295771338590 16381 -1
15434295771339140 3 -1
15434295771339200 9 -1
15434295771341860 16383 -1
15434295771341910 1 -1
15434295771341960 9 -1
15434295771344580 16382 -1
15434295771344640 2 -1
15434295771344680 9 -1
15434295771347302 16383 -1
15434295771347840 1 -1
15434295771347900 9 -1
15434295771350560 16382 -1
15434295771350600 2 -1
15434295771350630 9 -1
15434295771353360 16383 -1
15434295771353410 1 -1
15434295771353920 9 -1
15434295771356720 16382 -1
15434295771356760 2 -1
15434295771356780 9 -1
15434295771359480 16383 -1
15434295771359520 1 -1
15434295771359550 9 -1
15434295771362280 16382 -1
15434295771362810 2 -1
15434295771362830 9 -1
15434295771365480 16383 -1
15434295771365500 1 -1
15434295771365520 9 -1
15434295771366610 4228 -1
15434295776367322 58 1
15434295776421080 107 -1
15434295776421640 9 -1
15434295776424520 16383 -1
15434295776424560 1 -1
15434295776424602 9 -1
15434295776427190 16382 -1
15434295776427240 2 -1
15434295776427280 9 -1
15434295776429960 16383 -1
15434295776430522 1 -1
15434295776430580 9 -1
15434295776432700 16382 -1
15434295776433250 2 -1
15434295776433330 9 -1
15434295776436050 16381 -1
15434295776436132 3 -1
15434295776436182 9 -1
15434295776438760 16380 -1
15434295776439310 4 -1
15434295776439330 9 -1
15434295776442102 16379 -1
15434295776442152 5 -1
15434295776442170 9 -1
15434295776444860 16378 -1
15434295776444900 6 -1
15434295776444932 9 -1
15434295776447590 16383 -1
15434295776448150 1 -1
15434295776448180 9 -1
15434295776450320 13675 -1
15434295781451140 58 1
15434295781505220 154 -1
15434295781505762 9 -1
15434295781508480 16383 -1
15434295781508520 1 -1
15434295781508570 9 -1
15434295781511322 16383 -1
15434295781511372 1 -1
15434295781511410 9 -1
15434295781513988 16382 -1
15434295781514540 2 -1
15434295781514570 9 -1
15434295781517200 16381 -1
15434295781517280 3 -1
15434295781517320 9 -1
15434295781519980 16380 -1
15434295781520010 4 -1
15434295781520482 9 -1
15434295781523160 16379 -1
15434295781523200 5 -1
15434295781523710 9 -1
15434295781525850 16383 -1
15434295781526402 1 -1
15434295781526420 9 -1
15434295781529090 16382 -1
15434295781529130 2 -1
15434295781529150 9 -1
15434295781531820 16381 -1
15434295781532390 3 -1
15434295781532422 9 -1
15434295781534060 11363 -1
15434295786534950 9 1
15434295791534930 61 1
15434295791590430 154 -1
15434295791591042 9 -1
15434295791594200 16383 -1
15434295791594232 1 -1
15434295791594260 9 -1
15434295791596920 16383 -1
15434295791596970 1 -1
15434295791597012 9 -1
15434295791599670 16382 -1
15434295791600230 2 -1
15434295791600260 9 -1
15434295791602920 16383 -1
15434295791602940 1 -1
15434295791602970 9 -1
15434295791605710 16382 -1
15434295791605730 2 -1
15434295791605750 9 -1
15434295791608350 16381 -1
15434295791608910 3 -1
15434295791608930 9 -1
15434295791611600 16380 -1
15434295791611650 4 -1
15434295791611670 9 -1
15434295791614280 16379 -1
15434295791614310 5 -1
15434295791614820 9 -1
15434295791614850 23 -1
15434295796615410 67 1
15434295801615530 88 1
15434295801669760 286 -1
15434295801669850 9 -1
15434295801673090 16383 -1
15434295801673130 1 -1
15434295801673170 9 -1
15434295801675848 16383 -1
15434295801675920 1 -1
15434295801675970 9 -1
15434295801678590 16382 -1
15434295801678640 2 -1
15434295801678660 9 -1
15434295801681358 14680 -1
15434295806682032 88 1
15434295806735380 158 -1
15434295806735520 9 -1
15434295806738660 16383 -1
15434295806738700 1 -1
15434295806738750 9 -1
15434295806741400 16383 -1
15434295806741450 1 -1
15434295806741980 9 -1
15434295806744120 16382 -1
15434295806744670 2 -1
15434295806744690 9 -1
15434295806747400 16381 -1
15434295806747430 3 -1
15434295806747450 9 -1
15434295806748530 4746 -1
15434295811749320 78 1
15434295811805250 159 -1
15434295811805790 9 -1
15434295811806950 3329 -1
15434295816807560 78 1
15434295816861810 148 -1
15434295816862320 9 -1
15434295816862380 2617 -1
15434295818577090 157 -1
15434295818577220 9 -1
15434295818580238 16383 -1
15434295818580270 1 -1
15434295818580300 9 -1
15434295818583030 16383 -1
15434295818583080 1 -1
15434295818583100 9 -1
15434295818585720 16382 -1
15434295818585770 2 -1
15434295818585790 9 -1
15434295818588430 16381 -1
15434295818588450 3 -1
15434295818588970 9 -1
15434295818591148 16383 -1
15434295818591710 1 -1
15434295818591730 9 -1
15434295818593820 16383 -1
15434295818594330 1 -1
15434295818594350 9 -1
15434295818597060 16382 -1
15434295818597090 2 -1
15434295818597110 9 -1
15434295818599820 16381 -1
15434295818599852 3 -1
15434295818600370 9 -1
15434295818602540 16383 -1
15434295818602570 1 -1
15434295818602582 9 -1
15434295818605298 16382 -1
15434295818605320 2 -1
15434295818605830 9 -1
15434295818607932 16381 -1
15434295818608480 3 -1
15434295818608500 9 -1
15434295818611190 16383 -1
15434295818611200 1 -1
15434295818611218 9 -1
15434295818613870 16382 -1
15434295818613920 2 -1
15434295818613940 9 -1
15434295818616632 14246 -1
15434295823617370 78 1
15434295823672730 158 -1
15434295823672860 9 -1
15434295823673330 2617 -1
15434295828674368 78 1
15434295828729128 147 -1
15434295828729280 9 -1
15434295828730150 3151 -1
15434295833730800 78 1
15434295833785040 170 -1
15434295833785160 9 -1
15434295833785840 2261 -1
15434295838786540 63 1
15434295838840088 130 -1
15434295838840200 9 -1
15434295838842780 8682 -1
15434295843843500 63 1
15434295848843542 63 1
15434295848896900 152 -1
15434295848897460 9 -1
15434295848899118 5076 -1
15434295853900040 63 1
15434295853955860 235 -1
15434295853955980 9 -1
15434295853958290 5670 -1
15434295858958920 62 1
15434295859013660 130 -1
15434295859013792 9 -1
15434295859016300 6926 -1
15434295862384580 115 -1
15434295862384730 9 -1
15434295862387410 7331 -1
15434295867388100 63 1
15434295867442370 130 -1
15434295867442520 9 -1
15434295867445510 7937 -1
0 0 0
15434295740696412 148 1
15434295740696412 183 1
15434295740696450 39 -1
15434295740696480 13 -1
15434295740750840 9 -1
15434295740768750 295 -1
15434295740769320 9 -1
15434295740772660 15873 -1
15434295740772710 511 -1
15434295740772740 9 -1
15434295740775480 15872 -1
15434295740775570 512 -1
15434295740776000 9 -1
15434295740825350 15871 -1
15434295740825860 513 -1
15434295740825860 9 -1
15434295740828030 15870 -1
15434295740828030 514 -1
15434295740828030 9 -1
15434295740830740 15869 -1
15434295740831270 515 -1
15434295740831270 9 -1
15434295740833420 15868 -1
15434295740833420 516 -1
15434295740833420 9 -1
15434295740836220 15867 -1
15434295740836220 517 -1
15434295740836220 9 -1
15434295740878560 15866 -1
15434295740879040 518 -1
15434295740879040 9 -1
15434295740881230 15865 -1
15434295740881230 519 -1
15434295740881230 9 -1
15434295740988930 15864 -1
15434295740989460 520 -1
15434295740989460 9 -1
15434295740991700 15863 -1
15434295740991722 521 -1
15434295740991730 9 -1
15434295740994570 15862 -1
15434295740994610 522 -1
15434295740995100 9 -1
15434295740997428 15861 -1
15434295740997470 523 -1
15434295740997980 9 -1
15434295741000890 15860 -1
15434295741001050 524 -1
15434295741001080 9 -1
15434295741067040 14201 -1
