### "'146679 137708 108975 69051 151915 160206 115238 10184 11666 146679 102924 161732 149609 125804 75316'"
0 0 0
15434299793754850 148 1
15434299793754850 186 1
0 0 0
15434299793542572 148 1
15434299793542572 198 1
0 0 0
15434299793799890 148 1
15434299793799890 206 1
0 0 0
15434299794448870 148 1
15434299794448870 186 1
15434299794448928 39 -1
15434299794448960 13 -1
15434299794498128 9 -1
15434299794504040 294 -1
15434299794504130 9 -1
15434299794507250 16383 -1
15434299794507288 1 -1
15434299794507310 9 -1
15434299794509990 16382 -1
15434299794510040 2 -1
15434299794551740 9 -1
15434299794553840 16383 -1
15434299794553840 1 -1
15434299794553840 9 -1
15434299794556050 16382 -1
15434299794556050 2 -1
15434299794556050 9 -1
15434299794558270 16381 -1
15434299794558270 3 -1
15434299794558270 9 -1
15434299794560470 16380 -1
15434299794560470 4 -1
15434299794560470 9 -1
15434299794562718 16379 -1
15434299794562718 5 -1
15434299794562718 9 -1
15434299794601380 16378 -1
15434299794601380 6 -1
15434299794601380 9 -1
15434299794604160 15607 -1
15434299799604980 58 1
15434299799660290 133 -1
15434299799660420 9 -1
15434299799663032 16383 -1
15434299799663090 1 -1
15434299799663580 9 -1
15434299799666280 16383 -1
15434299799666310 1 -1
15434299799666330 9 -1
15434299799669002 16382 -1
15434299799669052 2 -1
15434299799669070 9 -1
15434299799671740 16381 -1
15434299799671820 3 -1
15434299799672300 9 -1
15434299799674490 16383 -1
15434299799675022 1 -1
15434299799675050 9 -1
15434299799710500 16382 -1
15434299799710500 2 -1
15434299799710500 9 -1
15434299799712650 16381 -1
15434299799712650 3 -1
15434299799712650 9 -1
15434299799715300 16380 -1
15434299799715300 4 -1
15434299799715300 9 -1
15434299799715820 6636 -1
15434299804719770 58 1
15434299804777000 155 -1
15434299804777090 9 -1
15434299804779250 16383 -1
15434299804779798 1 -1
15434299804779820 9 -1
15434299804782072 16382 -1
15434299804782100 2 -1
15434299804782630 9 -1
15434299804784870 16383 -1
15434299804784902 1 -1
15434299804784920 9 -1
15434299804787632 16382 -1
15434299804787682 2 -1
15434299804787700 9 -1
15434299804790420 16381 -1
15434299804790960 3 -1
15434299804790980 9 -1
15434299804793100 16380 -1
15434299804793640 4 -1
15434299804793660 9 -1
15434299804795330 10671 -1
15434299809796060 58 1
15434299809851790 130 -1
15434299809851870 9 -1
15434299809854350 16383 -1
15434299809855152 1 -1
15434299809855190 9 -1
15434299809857308 16383 -1
15434299809857330 1 -1
15434299809857870 9 -1
15434299809860100 16382 -1
15434299809860610 2 -1
15434299809860630 9 -1
15434299809862790 16381 -1
15434299809863320 3 -1
15434299809863350 9 -1
15434299809863860 3515 -1
15434299814864660 58 1
15434299814923740 155 -1
15434299814923820 9 -1
15434299814926382 16383 -1
15434299814926460 1 -1
15434299814926478 9 -1
15434299814929030 16382 -1
15434299814929050 2 -1
15434299814929600 9 -1
15434299814931770 16381 -1
15434299814932320 3 -1
15434299814932352 9 -1
15434299814935060 16380 -1
15434299814935100 4 -1
15434299814935140 9 -1
15434299814937810 16383 -1
15434299814937870 1 -1
15434299814937890 9 -1
15434299814940590 16382 -1
15434299814940640 2 -1
15434299814940660 9 -1
15434299814971680 16383 -1
15434299814971680 1 -1
15434299814971680 9 -1
15434299814973850 16382 -1
15434299814973850 2 -1
15434299814973850 9 -1
15434299814976490 16381 -1
15434299814976490 3 -1
15434299814976490 9 -1
15434299814977050 4459 -1
15434299819977870 58 1
15434299820041410 154 -1
15434299820042290 9 -1
15434299820044330 16383 -1
15434299820044890 1 -1
15434299820044910 9 -1
15434299820047560 16383 -1
15434299820047610 1 -1
15434299820047628 9 -1
15434299820050240 16382 -1
15434299820050280 2 -1
15434299820050800 9 -1
15434299820053030 16381 -1
15434299820053560 3 -1
15434299820053590 9 -1
15434299820055720 16383 -1
15434299820056270 1 -1
15434299820056290 9 -1
15434299820058420 16383 -1
15434299820058990 1 -1
15434299820059020 9 -1
15434299820061710 16383 -1
15434299820061760 1 -1
15434299820061780 9 -1
15434299820064470 16383 -1
15434299820089610 1 -1
15434299820089610 9 -1
15434299820092280 16383 -1
15434299820092280 1 -1
15434299820092280 9 -1
15434299820093930 12750 -1
15434299825094522 58 1
15434299825153680 127 -1
15434299825154222 9 -1
15434299825156888 16383 -1
15434299825156910 1 -1
15434299825156930 9 -1
15434299825159560 16382 -1
15434299825159590 2 -1
15434299825160100 9 -1
15434299825162240 16381 -1
15434299825162790 3 -1
15434299825162808 9 -1
15434299825164950 16383 -1
15434299825165000 1 -1
15434299825165500 9 -1
15434299825167630 16382 -1
15434299825168108 2 -1
15434299825168130 9 -1
15434299825170332 16381 -1
15434299825170820 3 -1
15434299825170838 9 -1
15434299825173500 16380 -1
15434299825173550 4 -1
15434299825173572 9 -1
15434299825174090 550 -1
15434299830175372 9 1
15434299835175340 81 1
15434299835230780 171 -1
15434299835231340 9 -1
15434299835231900 2973 -1
15434299840233440 78 1
15434299840287240 170 -1
15434299840287800 9 -1
15434299840288380 2973 -1
15434299845289720 79 1
15434299845347630 147 -1
15434299845348402 9 -1
15434299845348498 3507 -1
15434299850349600 78 1
15434299850407670 276 -1
15434299850407820 9 -1
15434299850408800 3329 -1
15434299855410060 79 1
15434299855465610 148 -1
15434299855466130 9 -1
15434299855466722 2973 -1
15434299860468090 63 1
15434299860524380 138 -1
15434299860524910 9 -1
15434299860526000 10184 -1
15434299865527280 63 1
15434299865582710 127 -1
15434299865582810 9 -1
15434299865584870 11666 -1
15434299870586030 63 1
15434299870642070 153 -1
15434299870642632 9 -1
15434299870644888 7779 -1
15434299875645940 62 1
15434299875701870 129 -1
15434299875702382 9 -1
15434299875704070 6696 -1
15434299880705162 63 1
15434299880762780 152 -1
15434299880763300 9 -1
15434299880764400 6316 -1
15434299885766100 62 1
15434299885821860 128 -1
15434299885822060 9 -1
15434299885825210 7603 -1
15434299890825860 58 1
15434299890879800 154 -1
15434299890880330 9 -1
15434299890882550 16383 -1
15434299890882600 1 -1
15434299890882640 9 -1
15434299890885330 16382 -1
15434299890885880 2 -1
15434299890885920 9 -1
15434299890887990 16381 -1
15434299890888500 3 -1
15434299890888520 9 -1
15434299890891190 16383 -1
15434299890891240 1 -1
15434299890891262 9 -1
15434299890893900 16382 -1
15434299890893930 2 -1
15434299890893950 9 -1
15434299890896630 16381 -1
15434299890896680 3 -1
15434299890896700 9 -1
15434299890899520 16380 -1
15434299890899580 4 -1
15434299890899600 9 -1
15434299890902290 16379 -1
15434299890902340 5 -1
15434299890902850 9 -1
15434299890905048 15607 -1
15434299911371210 78 1
15434299911426250 165 -1
15434299911426410 9 -1
15434299911426780 2617 -1
15434299916428380 58 1
15434299916485100 130 -1
15434299916485630 9 -1
15434299916487790 15873 -1
15434299916487840 511 -1
15434299916487880 9 -1
15434299916490582 16383 -1
15434299916490632 1 -1
15434299916490670 9 -1
15434299916493370 16382 -1
15434299916493400 2 -1
15434299916493918 9 -1
15434299916496120 16381 -1
15434299916496670 3 -1
15434299916496698 9 -1
15434299916498850 16383 -1
15434299916499382 1 -1
15434299916499400 9 -1
15434299916502080 16382 -1
15434299916502100 2 -1
15434299916502120 9 -1
15434299916503200 4620 -1
15434299921503920 58 1
15434299921562340 130 -1
15434299921562850 9 -1
15434299921565040 16383 -1
15434299921565608 1 -1
15434299921565680 9 -1
15434299921568350 16382 -1
15434299921568400 2 -1
15434299921568440 9 -1
15434299921571080 16381 -1
15434299921571100 3 -1
15434299921571118 9 -1
15434299921573802 16383 -1
15434299921573840 1 -1
15434299921574308 9 -1
15434299921576450 16382 -1
15434299921576500 2 -1
15434299921576520 9 -1
15434299921579180 16381 -1
15434299921579730 3 -1
15434299921579750 9 -1
15434299921582460 16380 -1
15434299921582500 4 -1
15434299921582510 9 -1
15434299921585150 16379 -1
15434299921585190 5 -1
15434299921585200 9 -1
15434299921587870 16378 -1
15434299921587920 6 -1
15434299921587940 9 -1
15434299921612040 14276 -1
15434299926612730 58 1
15434299926669560 120 -1
15434299926670110 9 -1
15434299926672248 16383 -1
15434299926672800 1 -1
15434299926672840 9 -1
15434299926675530 16383 -1
15434299926675560 1 -1
15434299926675590 9 -1
15434299926678200 16382 -1
15434299926678230 2 -1
15434299926678720 9 -1
15434299926680840 16381 -1
15434299926680880 3 -1
15434299926680902 9 -1
15434299926683600 16383 -1
15434299926684150 1 -1
15434299926684170 9 -1
15434299926686310 16382 -1
15434299926686850 2 -1
15434299926686872 9 -1
15434299926689510 16381 -1
15434299926689538 3 -1
15434299926689560 9 -1
15434299926692240 16380 -1
15434299926692290 4 -1
15434299926692310 9 -1
15434299926694960 16379 -1
15434299926694980 5 -1
15434299926695002 9 -1
15434299926695520 2153 -1
15434299931696670 58 1
15434299931754510 156 -1
15434299931755062 9 -1
15434299931757330 16383 -1
15434299931757380 1 -1
15434299931757420 9 -1
15434299931760080 16383 -1
15434299931760120 1 -1
15434299931760630 9 -1
15434299931762760 16382 -1
15434299931763310 2 -1
15434299931763340 9 -1
15434299931765500 16381 -1
15434299931766050 3 -1
15434299931766090 9 -1
15434299931768702 16380 -1
15434299931768730 4 -1
15434299931769250 9 -1
15434299931771460 16379 -1
15434299931771490 5 -1
15434299931771988 9 -1
15434299931774180 16383 -1
15434299931774730 1 -1
15434299931774760 9 -1
15434299931776400 11116 -1
15434299936777070 58 1
15434299936832672 131 -1
15434299936833210 9 -1
15434299936835440 16383 -1
15434299936835490 1 -1
15434299936835920 9 -1
15434299936838130 16383 -1
15434299936838680 1 -1
15434299936838730 9 -1
15434299936841422 16383 -1
15434299936841440 1 -1
15434299936841460 9 -1
15434299936843560 16383 -1
15434299936844110 1 -1
15434299936844152 9 -1
15434299936845780 9780 -1
15434299941847380 59 1
15434299941918458 154 -1
15434299941918990 9 -1
15434299941921270 16383 -1
15434299941921320 1 -1
15434299941921350 9 -1
15434299941924050 16382 -1
15434299941924130 2 -1
15434299941924610 9 -1
15434299941926798 16381 -1
15434299941927340 3 -1
15434299941927372 9 -1
15434299941930110 16380 -1
15434299941930190 4 -1
15434299941930210 9 -1
15434299941932868 16379 -1
15434299941932890 5 -1
15434299941932920 9 -1
15434299941935630 16378 -1
15434299941935660 6 -1
15434299941935680 9 -1
15434299941937790 13562 -1
15434299946938610 59 1
15434299946994290 113 -1
15434299946994820 9 -1
15434299946997030 16383 -1
15434299946997580 1 -1
15434299946997630 9 -1
15434299947000230 16383 -1
15434299947000270 1 -1
15434299947000310 9 -1
15434299947002960 16382 -1
15434299947003010 2 -1
15434299947003030 9 -1
15434299947005710 16383 -1
15434299947005770 1 -1
15434299947005790 9 -1
15434299947008420 16382 -1
15434299947008950 2 -1
15434299947008980 9 -1
15434299947011610 16381 -1
15434299947011672 3 -1
15434299947011690 9 -1
15434299947013750 13910 -1
15434299952014670 58 1
15434299952070078 153 -1
15434299952070190 9 -1
15434299952072812 16383 -1
15434299952072840 1 -1
15434299952072858 9 -1
15434299952075660 16383 -1
15434299952075710 1 -1
15434299952075738 9 -1
15434299952078062 16382 -1
15434299952078380 2 -1
15434299952078400 9 -1
15434299952081038 16381 -1
15434299952081090 3 -1
15434299952081600 9 -1
15434299952083210 11395 -1
15434299957083750 58 1
15434299957141048 131 -1
15434299957141160 9 -1
15434299957143750 16383 -1
15434299957143820 1 -1
15434299957143850 9 -1
15434299957146160 16382 -1
15434299957146202 2 -1
15434299957146230 9 -1
15434299957148920 16383 -1
15434299957148940 1 -1
15434299957149438 9 -1
15434299957151670 16382 -1
15434299957151690 2 -1
15434299957151700 9 -1
15434299957152180 767 -1
15434299962153038 86 1
15434299962210980 185 -1
15434299962211110 9 -1
15434299962213580 16383 -1
15434299962213650 1 -1
15434299962213680 9 -1
15434299962216570 16383 -1
15434299962216610 1 -1
15434299962216640 9 -1
15434299962218800 16382 -1
15434299962219320 2 -1
15434299962219340 9 -1
15434299962222062 16381 -1
15434299962222108 3 -1
15434299962222120 9 -1
15434299962224820 16383 -1
15434299962224870 1 -1
15434299962224892 9 -1
15434299962227630 16382 -1
15434299962227700 2 -1
15434299962227718 9 -1
15434299962230370 15015 -1
15434299967231050 87 1
15434299967289578 162 -1
15434299967289720 9 -1
15434299967292220 16383 -1
15434299967292300 1 -1
15434299967292330 9 -1
15434299967295130 16382 -1
15434299967295170 2 -1
15434299967295200 9 -1
15434299967297310 11913 -1
15434299972297860 407 1
15434299972355310 265 -1
15434299972355440 9 -1
15434299972357860 16383 -1
15434299972357920 1 -1
15434299972357950 9 -1
15434299972360430 16383 -1
15434299972360980 1 -1
15434299972361030 9 -1
15434299972363150 16136 -1
0 0 0
15434299793456358 148 1
15434299793456358 207 1
0 0 0
15434299793659750 148 1
15434299793659750 186 1
0 0 0
15434299793613120 39 -1
15434299793613210 13 -1
15434299793655180 148 1
15434299793655180 206 1
15434299793709910 9 -1
15434299793716900 309 -1
15434299793716960 9 -1
15434299793717410 2617 -1
