### "'12344 48572 165384 8638 8115 8691 71738 212899 143132 195862 169188 255956 222341 286907 136316'"
0 0 0
15433308055052770 148 1
15433308055052770 206 1
15433308055053220 39 -1
15433308055053250 13 -1
15433308055100880 9 -1
15433308055107650 312 -1
15433308055108170 9 -1
15433308055109930 12344 -1
0 0 0
15433308054925670 39 -1
15433308054925758 13 -1
15433308055046250 148 1
15433308055046250 185 1
15433308055094718 9 -1
15433308055105988 296 -1
15433308055106540 9 -1
15433308055109820 16383 -1
15433308055109820 1 -1
15433308055109900 9 -1
15433308055112482 16383 -1
15433308055112482 1 -1
15433308055112482 9 -1
15433308055156000 16382 -1
15433308055156000 2 -1
15433308055156000 9 -1
15433308055158650 16381 -1
15433308055158650 3 -1
15433308055158650 9 -1
15433308055161340 16383 -1
15433308055161340 1 -1
15433308055161340 9 -1
15433308055163460 16383 -1
15433308055163460 1 -1
15433308055163460 9 -1
15433308055165630 16382 -1
15433308055165630 2 -1
15433308055165630 9 -1
15433308055204780 16381 -1
15433308055204780 3 -1
15433308055204780 9 -1
15433308055206890 16383 -1
15433308055206890 1 -1
15433308055206890 9 -1
15433308055241170 16382 -1
15433308055241170 2 -1
15433308055241170 9 -1
15433308055241170 1544 -1
0 0 0
15433308054917450 148 1
15433308054917450 197 1
0 0 0
15433308055974020 148 1
15433308055974020 216 1
0 0 0
15433308054974452 148 1
15433308054974452 205 1
15433308054974502 39 -1
15433308054974762 13 -1
15433308055034440 9 -1
15433308059917410 9 1
15433308075528760 310 -1
15433308075528910 9 -1
15433308075529850 2261 -1
0 0 0
15433308055041590 39 -1
15433308055041680 13 -1
15433308055046620 148 1
15433308055101630 9 -1
15433308055124012 215 1
15433308055187880 322 -1
15433308055188220 9 -1
15433308055191140 16383 -1
15433308055191140 1 -1
15433308055191140 9 -1
15433308055193910 16382 -1
15433308055193910 2 -1
15433308055193940 9 -1
15433308055245170 15804 -1
0 0 0
15433308054815220 39 -1
15433308054815782 13 -1
15433308054947920 148 1
15433308054947920 205 1
15433308054998382 9 -1
15433308055003800 311 -1
15433308055003960 9 -1
15433308055004960 1655 -1
0 0 0
15433308064493590 148 1
15433308064493590 205 1
15433308064493620 39 -1
15433308064494000 13 -1
15433308064542380 9 -1
15433308064550632 312 -1
15433308064551138 9 -1
15433308064551720 3329 -1
15433308069553412 78 1
15433308069608460 179 -1
15433308069608550 9 -1
15433308069609530 2617 -1
15433308074651330 78 1
15433308074704840 170 -1
15433308074705390 9 -1
15433308074707680 3151 -1
15433308079714810 78 1
15433308079769070 146 -1
15433308079769240 9 -1
15433308079770660 3685 -1
15433308084771370 78 1
15433308084826160 169 -1
15433308084826300 9 -1
15433308084827030 2617 -1
15433308089827930 9 1
15433308094827900 66 1
15433308095689780 152 -1
15433308095689950 9 -1
15433308095691370 8638 -1
15433308100692150 62 1
15433308100955750 146 -1
15433308100955920 9 -1
15433308100959130 8115 -1
15433308105959800 63 1
15433308106222760 93 -1
15433308106222930 9 -1
15433308106224958 6545 -1
15433308111225900 63 1
15433308111281660 152 -1
15433308111281850 9 -1
15433308111283290 8691 -1
15433308116284090 63 1
15433308116682410 102 -1
15433308116682570 9 -1
15433308116684610 5172 -1
15433308121685230 62 1
15433308121820620 234 -1
15433308121820790 9 -1
15433308121824530 7980 -1
15433308126825450 78 1
15433308126882660 143 -1
15433308126882910 9 -1
15433308126882980 2261 -1
15433308131885180 58 1
15433308132062710 153 -1
15433308132062932 9 -1
15433308132065370 16383 -1
15433308132065370 1 -1
15433308132065920 9 -1
15433308132068060 16382 -1
15433308132068570 2 -1
15433308132068570 9 -1
15433308132112140 16381 -1
15433308132112140 3 -1
15433308132112140 9 -1
15433308132114370 16380 -1
15433308132114370 4 -1
15433308132114370 9 -1
15433308132114840 6202 -1
15433308137116138 58 1
15433308137177200 127 -1
15433308137177360 9 -1
15433308137179912 16383 -1
15433308137179950 1 -1
15433308137179990 9 -1
15433308137182680 16382 -1
15433308137182720 2 -1
15433308137183248 9 -1
15433308137185490 16381 -1
15433308137185540 3 -1
15433308137186100 9 -1
15433308137188370 16383 -1
15433308137188920 1 -1
15433308137188972 9 -1
15433308137191132 16382 -1
15433308137191132 2 -1
15433308137191660 9 -1
15433308137193870 16381 -1
15433308137193870 3 -1
15433308137193870 9 -1
15433308137226610 16380 -1
15433308137226610 4 -1
15433308137226610 9 -1
15433308137228820 16379 -1
15433308137228870 5 -1
15433308137228890 9 -1
15433308137231590 16383 -1
15433308137231640 1 -1
15433308137231640 9 -1
15433308137234250 16382 -1
15433308137234250 2 -1
15433308137234250 9 -1
15433308137237010 16381 -1
15433308137237010 3 -1
15433308137237010 9 -1
15433308137239180 16380 -1
15433308137239180 4 -1
15433308137239180 9 -1
15433308137241340 16291 -1
15433308142242070 58 1
15433308147242110 59 1
15433308147459560 137 -1
15433308147459690 9 -1
15433308147461792 16383 -1
15433308147462590 1 -1
15433308147462630 9 -1
15433308147464780 16383 -1
15433308147464818 1 -1
15433308147464840 9 -1
15433308147467530 16382 -1
15433308147467548 2 -1
15433308147468080 9 -1
15433308147470270 16381 -1
15433308147470820 3 -1
15433308147470840 9 -1
15433308147473062 16380 -1
15433308147473550 4 -1
15433308147473568 9 -1
15433308147476180 16383 -1
15433308147476240 1 -1
15433308147476252 9 -1
15433308147479010 16382 -1
15433308147479040 2 -1
15433308147479560 9 -1
15433308147481760 16381 -1
15433308147481812 3 -1
15433308147482290 9 -1
15433308147483880 12060 -1
15433308152484860 78 1
15433308153089740 170 -1
15433308153089920 9 -1
15433308153090820 2617 -1
15433308158091990 59 1
15433308158524410 126 -1
15433308158524580 9 -1
15433308158528120 16383 -1
15433308158528170 1 -1
15433308158528230 9 -1
15433308158530890 16382 -1
15433308158530950 2 -1
15433308158531448 9 -1
15433308158533620 16381 -1
15433308158534170 3 -1
15433308158534200 9 -1
15433308158536900 16380 -1
15433308158536980 4 -1
15433308158537012 9 -1
15433308158539510 16383 -1
15433308158540110 1 -1
15433308158540140 9 -1
15433308158542340 16382 -1
15433308158542900 2 -1
15433308158542932 9 -1
15433308158545650 16381 -1
15433308158545700 3 -1
15433308158545712 9 -1
15433308158548410 16380 -1
15433308158548492 4 -1
15433308158548510 9 -1
15433308158551180 16379 -1
15433308158551732 5 -1
15433308158551760 9 -1
15433308158553920 16378 -1
15433308158554450 6 -1
15433308158554480 9 -1
15433308158557170 16377 -1
15433308158557210 7 -1
15433308158557240 9 -1
15433308158559908 15638 -1
15433308163560620 78 1
15433308163620200 95 -1
15433308163620530 9 -1
15433308163621230 1883 -1
15433308166659730 127 -1
15433308166659860 9 -1
15433308166662980 16383 -1
15433308166663050 1 -1
15433308166663080 9 -1
15433308166666000 16383 -1
15433308166666040 1 -1
15433308166666070 9 -1
15433308166668210 16382 -1
15433308166668720 2 -1
15433308166668760 9 -1
15433308166671482 16383 -1
15433308166671528 1 -1
15433308166671570 9 -1
15433308166674250 16383 -1
15433308166674312 1 -1
15433308166674340 9 -1
15433308166677010 16383 -1
15433308166677060 1 -1
15433308166677548 9 -1
15433308166680250 16383 -1
15433308166680282 1 -1
15433308166680290 9 -1
15433308166683012 16382 -1
15433308166683062 2 -1
15433308166683080 9 -1
15433308166685690 16383 -1
15433308166685780 1 -1
15433308166685792 9 -1
15433308166688370 16382 -1
15433308166688910 2 -1
15433308166688940 9 -1
15433308166690000 5348 -1
15433308171690630 59 1
15433308173420090 186 -1
15433308173420330 9 -1
15433308173422690 16383 -1
15433308173423250 1 -1
15433308173423290 9 -1
15433308173425428 16383 -1
15433308173425940 1 -1
15433308173426020 9 -1
15433308173428680 16382 -1
15433308173428720 2 -1
15433308173428740 9 -1
15433308173431410 16381 -1
15433308173431448 3 -1
15433308173431460 9 -1
15433308173434120 16383 -1
15433308173434680 1 -1
15433308173434700 9 -1
15433308173436800 16382 -1
15433308173437330 2 -1
15433308173437350 9 -1
15433308173440052 16381 -1
15433308173440080 3 -1
15433308173440600 9 -1
15433308173442860 16383 -1
15433308173443410 1 -1
15433308173529140 9 -1
15433308173532440 16383 -1
15433308173532460 1 -1
15433308173532478 9 -1
15433308173535120 16383 -1
15433308173535180 1 -1
15433308173535668 9 -1
15433308173537828 16382 -1
15433308173538380 2 -1
15433308173538410 9 -1
15433308173541100 16381 -1
15433308173541132 3 -1
15433308173541150 9 -1
15433308173543790 16383 -1
15433308173543840 1 -1
15433308173544350 9 -1
15433308173546550 16382 -1
15433308173546610 2 -1
15433308173546628 9 -1
15433308173549750 16381 -1
15433308173549768 3 -1
15433308173549790 9 -1
15433308173551530 10196 -1
15433308178552188 59 1
15433308178846760 103 -1
15433308178847060 9 -1
15433308178849990 16383 -1
15433308178850030 1 -1
15433308178850542 9 -1
15433308178853230 16382 -1
15433308178853290 2 -1
15433308178853322 9 -1
15433308178855910 16383 -1
15433308178856400 1 -1
15433308178856430 9 -1
15433308178859128 16382 -1
15433308178859160 2 -1
15433308178859630 9 -1
15433308178861750 16381 -1
15433308178861780 3 -1
15433308178862260 9 -1
15433308178864940 16380 -1
15433308178864998 4 -1
15433308178865040 9 -1
15433308178867710 16379 -1
15433308178867740 5 -1
15433308178868180 9 -1
15433308178870960 16378 -1
15433308178870990 6 -1
15433308178871010 9 -1
15433308178873140 16383 -1
15433308178873680 1 -1
15433308178873702 9 -1
15433308178876420 16382 -1
15433308178876450 2 -1
15433308178876470 9 -1
15433308178879130 16383 -1
15433308178879160 1 -1
15433308178879180 9 -1
15433308178881810 16382 -1
15433308178882370 2 -1
15433308178882390 9 -1
15433308178885068 16381 -1
15433308178885118 3 -1
15433308178885150 9 -1
15433308178894710 9349 -1
15433308183895580 59 1
15433308185121100 253 -1
15433308185121220 9 -1
15433308185124330 16383 -1
15433308185124360 1 -1
15433308185124390 9 -1
15433308185127060 16383 -1
15433308185127090 1 -1
15433308185127130 9 -1
15433308185130330 16382 -1
15433308185130360 2 -1
15433308185130380 9 -1
15433308185132510 16381 -1
15433308185133040 3 -1
15433308185133060 9 -1
15433308185135720 16383 -1
15433308185135750 1 -1
15433308185136280 9 -1
15433308185138500 16382 -1
15433308185138540 2 -1
15433308185138560 9 -1
15433308185141220 16381 -1
15433308185141240 3 -1
15433308185141758 9 -1
15433308185143580 5 -1
15433308185143640 9 -1
15433308185146580 16378 -1
15433308185146640 6 -1
15433308185146710 9 -1
15433308185149670 16377 -1
15433308185149730 7 -1
15433308185149780 9 -1
15433308185152390 16383 -1
15433308185152460 1 -1
15433308185152840 9 -1
15433308185153990 8379 -1
15433308190166832 78 1
15433308190225958 171 -1
15433308190226160 9 -1
15433308190227010 2617 -1
15433308195228730 58 1
15433308195577460 130 -1
15433308195577630 9 -1
15433308195580680 16383 -1
15433308195580708 1 -1
15433308195580730 9 -1
15433308195582870 16383 -1
15433308195583420 1 -1
15433308195583470 9 -1
15433308195585580 16382 -1
15433308195586080 2 -1
15433308195586122 9 -1
15433308195588788 16381 -1
15433308195588840 3 -1
15433308195588850 9 -1
15433308195591530 16380 -1
15433308195591568 4 -1
15433308195592092 9 -1
15433308195594290 16383 -1
15433308195594840 1 -1
15433308195594880 9 -1
15433308195597082 16382 -1
15433308195597620 2 -1
15433308195597670 9 -1
15433308195599780 16381 -1
15433308195600318 3 -1
15433308195636580 9 -1
15433308195638772 5244 -1
15433308200639510 78 1
15433308200692430 171 -1
15433308200693000 9 -1
15433308200693550 3151 -1
15433308205695200 88 1
15433308207213460 145 -1
15433308207213572 9 -1
15433308207216138 16383 -1
15433308207216640 1 -1
15433308207216680 9 -1
15433308207219360 16382 -1
15433308207219400 2 -1
15433308207219420 9 -1
15433308207222080 13542 -1
15433308212222910 58 1
15433308212286730 150 -1
15433308212287300 9 -1
15433308212289520 15873 -1
15433308212290090 511 -1
15433308212290120 9 -1
15433308212292240 15872 -1
15433308212292280 512 -1
15433308212292860 9 -1
15433308212295000 15871 -1
15433308212295050 513 -1
15433308212295510 9 -1
15433308212297720 16383 -1
15433308212298310 1 -1
15433308212298328 9 -1
15433308212300990 16383 -1
15433308212301062 1 -1
15433308212301080 9 -1
15433308212303710 16382 -1
15433308212303750 2 -1
15433308212303770 9 -1
15433308212306408 16381 -1
15433308212306458 3 -1
15433308212306480 9 -1
15433308212309150 16380 -1
15433308212309200 4 -1
15433308212328330 9 -1
15433308212331660 16383 -1
15433308212332202 1 -1
15433308212332220 9 -1
15433308212334960 16383 -1
15433308212335032 1 -1
15433308212335082 9 -1
15433308212337670 16382 -1
15433308212337698 2 -1
15433308212338230 9 -1
15433308212340420 16381 -1
15433308212340970 3 -1
15433308212340990 9 -1
15433308212343130 16383 -1
15433308212343668 1 -1
15433308212343690 9 -1
15433308212346352 16382 -1
15433308212346380 2 -1
15433308212346398 9 -1
15433308212348558 11089 -1
15433308217349310 59 1
15433308217796860 131 -1
15433308217797160 9 -1
15433308217799630 16383 -1
15433308217800168 1 -1
15433308217800220 9 -1
15433308217802870 16383 -1
15433308217802920 1 -1
15433308217802960 9 -1
15433308217805600 16382 -1
15433308217805640 2 -1
15433308217805660 9 -1
15433308217808300 16381 -1
15433308217808340 3 -1
15433308217808350 9 -1
15433308217810990 16380 -1
15433308217811020 4 -1
15433308217811040 9 -1
15433308217813770 16379 -1
15433308217813800 5 -1
15433308217813870 9 -1
15433308217816480 16378 -1
15433308217816500 6 -1
15433308217816520 9 -1
15433308217819190 16383 -1
15433308217819230 1 -1
15433308217861250 9 -1
15433308217863960 16383 -1
15433308217863988 1 -1
15433308217864010 9 -1
15433308217866700 16383 -1
15433308217866730 1 -1
15433308217867210 9 -1
15433308217868860 12339 -1
15433308222869660 58 1
15433308223860490 149 -1
15433308223861000 9 -1
15433308223863152 16383 -1
15433308223863180 1 -1
15433308223863700 9 -1
15433308223865890 16382 -1
15433308223865932 2 -1
15433308223866438 9 -1
15433308223868750 16383 -1
15433308223868770 1 -1
15433308223868790 9 -1
15433308223871440 16382 -1
15433308223871480 2 -1
15433308223871990 9 -1
15433308223874200 16381 -1
15433308223874740 3 -1
15433308223874770 9 -1
15433308223876900 16380 -1
15433308223877450 4 -1
15433308223877470 9 -1
15433308223879640 16379 -1
15433308223880170 5 -1
15433308223880200 9 -1
15433308223881258 5928 -1
15433308228882390 59 1
15433308228942900 131 -1
15433308228942980 9 -1
15433308228945100 16383 -1
15433308228945880 1 -1
15433308228945960 9 -1
15433308228948110 16383 -1
15433308228948660 1 -1
15433308228948710 9 -1
15433308228951010 16382 -1
15433308228951470 2 -1
15433308228951500 9 -1
15433308228954170 16381 -1
15433308228954210 3 -1
15433308228954230 9 -1
15433308228956910 16383 -1
15433308228956972 1 -1
15433308228956990 9 -1
15433308228959670 16383 -1
15433308228959740 1 -1
15433308228960180 9 -1
15433308228962390 16382 -1
15433308228962440 2 -1
15433308228962460 9 -1
15433308228965860 1 -1
15433308228966270 9 -1
15433308228968940 16382 -1
15433308228969000 2 -1
15433308228969070 9 -1
15433308228970620 9915 -1
15433308233984302 59 1
15433308234049360 150 -1
15433308234049890 9 -1
15433308234052050 16383 -1
15433308234052100 1 -1
15433308234052140 9 -1
15433308234054698 16383 -1
15433308234054740 1 -1
15433308234054760 9 -1
15433308234057450 16382 -1
15433308234057478 2 -1
15433308234057500 9 -1
15433308234060080 16381 -1
15433308234060100 3 -1
15433308234060120 9 -1
15433308234062778 16383 -1
15433308234062810 1 -1
15433308234062830 9 -1
15433308234065020 16382 -1
15433308234065060 2 -1
15433308234065570 9 -1
15433308234068280 16381 -1
15433308234068330 3 -1
15433308234068360 9 -1
15433308234069880 10961 -1
15433308239071300 89 1
15433308239204770 258 -1
15433308239205080 9 -1
15433308239207590 16383 -1
15433308239207612 1 -1
15433308239207620 9 -1
15433308239209790 16382 -1
15433308239210320 2 -1
15433308239210370 9 -1
15433308239212490 16383 -1
15433308239213050 1 -1
15433308239213080 9 -1
15433308239215210 16382 -1
15433308239215260 2 -1
15433308239215282 9 -1
15433308239217898 15671 -1
15433308244218660 87 1
