### "'110118 152351 13025 104376 177551 130042 97555 17532 17532 34030 147521 143693 106866 192191 74691'"
0 0 0
15434346458815132 39 -1
15434346458815450 13 -1
15434346458832930 148 1
15434346458832930 186 1
15434346458881012 9 -1
15434346458886350 294 -1
15434346458886430 9 -1
15434346458889812 16383 -1
15434346458889812 1 -1
15434346458889850 9 -1
15434346458892040 16383 -1
15434346458892040 1 -1
15434346458892040 9 -1
15434346458936550 16382 -1
15434346458936550 2 -1
15434346458936550 9 -1
15434346458938702 16381 -1
15434346458938702 3 -1
15434346458938702 9 -1
15434346458940930 16383 -1
15434346458940930 1 -1
15434346458940930 9 -1
15434346458943080 16382 -1
15434346458943080 2 -1
15434346458943080 9 -1
15434346458945260 16381 -1
15434346458945260 3 -1
15434346458945260 9 -1
15434346458983400 16380 -1
15434346458983400 4 -1
15434346458983400 9 -1
15434346458985510 16383 -1
15434346458985510 1 -1
15434346458985510 9 -1
15434346458986090 4895 -1
0 0 0
15434346458584530 148 1
15434346458584530 198 1
0 0 0
15434346458916100 39 -1
15434346458916500 13 -1
15434346458918070 148 1
15434346458918070 206 1
15434346458966120 9 -1
15434346458971140 311 -1
15434346458971660 9 -1
15434346458971700 1503 -1
0 0 0
15434346458535910 148 1
15434346458535910 207 1
0 0 0
15434346458640160 148 1
15434346458640612 39 -1
15434346458640640 13 -1
15434346458695390 9 -1
15434346458697268 206 1
15434346458762490 312 -1
15434346458762610 9 -1
15434346458763590 1794 -1
0 0 0
15434346459772370 148 1
15434346459772370 207 1
15434346459772420 39 -1
15434346459772620 13 -1
15434346459820700 9 -1
15434346459826350 311 -1
15434346459826860 9 -1
15434346459829030 13025 -1
15434346464829928 58 1
15434346464885400 150 -1
15434346464885500 9 -1
15434346464888630 16383 -1
15434346464888700 1 -1
15434346464888750 9 -1
15434346464891860 16383 -1
15434346464891902 1 -1
15434346464891910 9 -1
15434346464935688 16382 -1
15434346464935688 2 -1
15434346464935688 9 -1
15434346464938322 16381 -1
15434346464938322 3 -1
15434346464938322 9 -1
15434346464941030 16383 -1
15434346464941030 1 -1
15434346464941030 9 -1
15434346464943150 16382 -1
15434346464943150 2 -1
15434346464943150 9 -1
15434346464943718 6072 -1
15434346469944652 59 1
15434346470005500 119 -1
15434346470005578 9 -1
15434346470009192 16383 -1
15434346470009220 1 -1
15434346470009242 9 -1
15434346470011548 16382 -1
15434346470011580 2 -1
15434346470011600 9 -1
15434346470014290 16381 -1
15434346470014340 3 -1
15434346470014870 9 -1
15434346470017100 16380 -1
15434346470017170 4 -1
15434346470017650 9 -1
15434346470055612 16379 -1
15434346470055612 5 -1
15434346470055612 9 -1
15434346470057740 16378 -1
15434346470057740 6 -1
15434346470057740 9 -1
15434346470059890 16377 -1
15434346470059890 7 -1
15434346470059890 9 -1
15434346470062050 16376 -1
15434346470062570 8 -1
15434346470062600 9 -1
15434346470065330 16375 -1
15434346470065330 9 -1
15434346470065330 9 -1
15434346470067560 16374 -1
15434346470067560 10 -1
15434346470067560 9 -1
15434346470069310 13711 -1
15434346475070230 58 1
15434346475127830 153 -1
15434346475127910 9 -1
15434346475130910 15873 -1
15434346475130940 511 -1
15434346475131000 9 -1
15434346475133300 15872 -1
15434346475133340 512 -1
15434346475133360 9 -1
15434346475135990 15871 -1
15434346475136010 513 -1
15434346475136080 9 -1
15434346475138782 15870 -1
15434346475138800 514 -1
15434346475138850 9 -1
15434346475140942 15869 -1
15434346475141500 515 -1
15434346475141530 9 -1
15434346475144190 16383 -1
15434346475144240 1 -1
15434346475144260 9 -1
15434346475146890 16382 -1
15434346475147450 2 -1
15434346475147470 9 -1
15434346475176990 15354 -1
15434346480177640 58 1
15434346480234352 154 -1
15434346480234480 9 -1
15434346480237380 16383 -1
15434346480237410 1 -1
15434346480237442 9 -1
15434346480240100 16382 -1
15434346480240130 2 -1
15434346480240150 9 -1
15434346480242870 16381 -1
15434346480243440 3 -1
15434346480243462 9 -1
15434346480246140 16380 -1
15434346480246160 4 -1
15434346480246180 9 -1
15434346480248880 16383 -1
15434346480248908 1 -1
15434346480249420 9 -1
15434346480251620 15635 -1
15434346485252380 58 1
15434346485306740 130 -1
15434346485306870 9 -1
15434346485309380 16383 -1
15434346485310150 1 -1
15434346485310212 9 -1
15434346485310240 1148 -1
15434346490311260 9 1
15434346495311230 81 1
15434346495364840 171 -1
15434346495365410 9 -1
15434346495365970 2617 -1
15434346500367940 78 1
15434346500427200 170 -1
15434346500427340 9 -1
15434346500428860 3151 -1
15434346505429562 79 1
15434346505484272 147 -1
15434346505484400 9 -1
15434346505485330 2617 -1
15434346510486072 78 1
15434346510540600 169 -1
15434346510541120 9 -1
15434346510541680 2617 -1
15434346515543190 78 1
15434346515596580 238 -1
15434346515596768 9 -1
15434346515598250 3329 -1
15434346520598950 63 1
15434346520653200 90 -1
15434346520653340 9 -1
15434346520654830 5432 -1
15434346525655520 63 1
15434346525713560 53 -1
15434346525713698 9 -1
15434346525715770 5532 -1
15434346530716440 63 1
15434346530771180 94 -1
15434346530771740 9 -1
15434346530773420 6099 -1
15434346535774068 63 1
15434346535828790 115 -1
15434346535828940 9 -1
15434346535830122 5887 -1
15434346540830740 62 1
15434346540885810 149 -1
15434346540885930 9 -1
15434346540888030 5354 -1
15434346545888690 62 1
15434346545942162 129 -1
15434346545942340 9 -1
15434346545943790 5327 -1
15434346550944480 58 1
15434346550999820 153 -1
15434346550999960 9 -1
15434346551003030 16383 -1
15434346551003580 1 -1
15434346551003612 9 -1
15434346551004150 1148 -1
15434346556294848 78 1
15434346556350360 149 -1
15434346556350530 9 -1
15434346556351300 1794 -1
15434346561352400 59 1
15434346561414930 154 -1
15434346561415050 9 -1
15434346561418340 16383 -1
15434346561418400 1 -1
15434346561418430 9 -1
15434346561420478 16382 -1
15434346561421010 2 -1
15434346561421060 9 -1
15434346561421630 1262 -1
15434346566422200 58 1
15434346566477890 74 -1
15434346566478000 9 -1
15434346566480500 16383 -1
15434346566480580 1 -1
15434346566480610 9 -1
15434346566483450 16382 -1
15434346566483490 2 -1
15434346566483520 9 -1
15434346566486130 16383 -1
15434346566486170 1 -1
15434346566486180 9 -1
15434346566489380 16382 -1
15434346566489410 2 -1
15434346566489430 9 -1
15434346566492000 16381 -1
15434346566492040 3 -1
15434346566492060 9 -1
15434346566494700 16380 -1
15434346566494730 4 -1
15434346566495250 9 -1
15434346566498010 16379 -1
15434346566498030 5 -1
15434346566498060 9 -1
15434346566526720 16383 -1
15434346566526720 1 -1
15434346566526720 9 -1
15434346566528930 16382 -1
15434346566528930 2 -1
15434346566528930 9 -1
15434346566528930 65 -1
15434346571529840 58 1
15434346571586860 92 -1
15434346571587410 9 -1
15434346571590158 16383 -1
15434346571590210 1 -1
15434346571590250 9 -1
15434346571592910 16383 -1
15434346571592960 1 -1
15434346571593010 9 -1
15434346571595660 16382 -1
15434346571596220 2 -1
15434346571596250 9 -1
15434346571598370 16381 -1
15434346571598880 3 -1
15434346571598908 9 -1
15434346571601610 16383 -1
15434346571601688 1 -1
15434346571602140 9 -1
15434346571604322 16382 -1
15434346571604350 2 -1
15434346571604870 9 -1
15434346571607590 16381 -1
15434346571607620 3 -1
15434346571607640 9 -1
15434346571610342 16380 -1
15434346571610392 4 -1
15434346571610410 9 -1
15434346571635020 12621 -1
15434346576635830 58 1
15434346576693020 69 -1
15434346576693580 9 -1
15434346576696260 16383 -1
15434346576696300 1 -1
15434346576696342 9 -1
15434346576698980 16382 -1
15434346576699030 2 -1
15434346576699532 9 -1
15434346576701750 16383 -1
15434346576702260 1 -1
15434346576702290 9 -1
15434346576704940 16382 -1
15434346576704990 2 -1
15434346576705020 9 -1
15434346576707680 16381 -1
15434346576708300 3 -1
15434346576708332 9 -1
15434346576710530 16383 -1
15434346576711080 1 -1
15434346576711112 9 -1
15434346576712760 8562 -1
15434346585975520 58 1
15434346586028990 154 -1
15434346586029520 9 -1
15434346586032260 16383 -1
15434346586032810 1 -1
15434346586032860 9 -1
15434346586035510 16383 -1
15434346586035560 1 -1
15434346586035600 9 -1
15434346586038230 16382 -1
15434346586038280 2 -1
15434346586038300 9 -1
15434346586040980 16381 -1
15434346586041018 3 -1
15434346586041550 9 -1
15434346586043748 16383 -1
15434346586044300 1 -1
15434346586044322 9 -1
15434346586047060 16382 -1
15434346586047080 2 -1
15434346586047102 9 -1
15434346586049818 16381 -1
15434346586049880 3 -1
15434346586049920 9 -1
15434346586052580 16380 -1
15434346586052650 4 -1
15434346586052680 9 -1
15434346586076232 16379 -1
15434346586076232 5 -1
15434346586076232 9 -1
15434346586085510 16378 -1
15434346586085510 6 -1
15434346586085510 9 -1
15434346586085510 16377 -1
15434346586085510 7 -1
15434346586085510 9 -1
15434346586085510 11967 -1
15434346591089920 58 1
15434346591146290 253 -1
15434346591146430 9 -1
15434346591148990 16383 -1
15434346591149530 1 -1
15434346591149580 9 -1
15434346591152288 16383 -1
15434346591152338 1 -1
15434346591152380 9 -1
15434346591155050 16382 -1
15434346591155090 2 -1
15434346591155110 9 -1
15434346591157730 16383 -1
15434346591158290 1 -1
15434346591158320 9 -1
15434346591159958 9155 -1
15434346596160600 59 1
15434346596217280 108 -1
15434346596217410 9 -1
15434346596220340 16383 -1
15434346596220410 1 -1
15434346596220440 9 -1
15434346596223012 16383 -1
15434346596223050 1 -1
15434346596223568 9 -1
15434346596225750 16382 -1
15434346596225780 2 -1
15434346596226310 9 -1
15434346596228530 16381 -1
15434346596229070 3 -1
15434346596229150 9 -1
15434346596231288 16380 -1
15434346596231830 4 -1
15434346596231862 9 -1
15434346596234530 16383 -1
15434346596234540 1 -1
15434346596234560 9 -1
15434346596237250 16382 -1
15434346596237300 2 -1
15434346596237330 9 -1
15434346596239942 16381 -1
15434346596240490 3 -1
15434346596240510 9 -1
15434346596243190 16269 -1
15434346601243910 58 1
15434346601299580 148 -1
15434346601300130 9 -1
15434346601302860 16383 -1
15434346601302878 1 -1
15434346601303390 9 -1
15434346601305580 16382 -1
15434346601305612 2 -1
15434346601305640 9 -1
15434346601308310 16381 -1
15434346601308848 3 -1
15434346601308870 9 -1
15434346601311610 16383 -1
15434346601311640 1 -1
15434346601311660 9 -1
15434346601314290 16382 -1
15434346601314320 2 -1
15434346601314340 9 -1
15434346601317028 16381 -1
15434346601317580 3 -1
15434346601317610 9 -1
15434346601319750 16380 -1
15434346601320290 4 -1
15434346601320320 9 -1
15434346601322020 9123 -1
15434346606322600 58 1
15434346606378670 127 -1
15434346606378800 9 -1
15434346606382260 16383 -1
15434346606382300 1 -1
15434346606382330 9 -1
15434346606384460 16382 -1
15434346606385030 2 -1
15434346606385068 9 -1
15434346606387720 16383 -1
15434346606387740 1 -1
15434346606387752 9 -1
15434346606390490 16382 -1
15434346606390500 2 -1
15434346606391038 9 -1
15434346606393790 16381 -1
15434346606393818 3 -1
15434346606393840 9 -1
15434346606396490 16380 -1
15434346606396540 4 -1
15434346606396560 9 -1
15434346606399300 16379 -1
15434346606399350 5 -1
15434346606399382 9 -1
15434346606402100 16378 -1
15434346606402640 6 -1
15434346606402668 9 -1
15434346606405380 16383 -1
15434346606405420 1 -1
15434346606405440 9 -1
15434346606407530 10991 -1
15434346611408210 58 1
15434346611464428 141 -1
15434346611464550 9 -1
15434346611467120 16383 -1
15434346611467660 1 -1
15434346611467700 9 -1
15434346611470380 16382 -1
15434346611470410 2 -1
15434346611470960 9 -1
15434346611473610 16381 -1
15434346611473630 3 -1
15434346611473640 9 -1
15434346611476340 16380 -1
15434346611476368 4 -1
15434346611476900 9 -1
15434346611479052 16383 -1
15434346611479570 1 -1
15434346611479610 9 -1
15434346611482330 16382 -1
15434346611482360 2 -1
15434346611482370 9 -1
15434346611485060 16381 -1
15434346611485110 3 -1
15434346611485620 9 -1
15434346611487780 16380 -1
15434346611488330 4 -1
15434346611488358 9 -1
15434346611489440 6803 -1
15434346616490120 58 1
15434346616544130 129 -1
15434346616544680 9 -1
15434346616548008 8237 -1
0 0 0
15434346458780270 39 -1
15434346458780620 13 -1
15434346458803150 148 1
15434346458803150 186 1
15434346458851750 9 -1
15434346458859848 294 -1
15434346458859930 9 -1
15434346458863020 16383 -1
15434346458863080 1 -1
15434346458863102 9 -1
15434346458865810 16383 -1
15434346458865870 1 -1
15434346458909472 9 -1
15434346458911620 16382 -1
15434346458911620 2 -1
15434346458911620 9 -1
15434346458913820 16383 -1
15434346458913820 1 -1
15434346458913820 9 -1
15434346458916170 16382 -1
15434346458916170 2 -1
15434346458916170 9 -1
15434346458918632 16383 -1
15434346458918632 1 -1
15434346458918632 9 -1
15434346458920270 11814 -1
