### "'13025 110118 152351 17532 34030 147521 143693 106866 192191 74691 147341 123811 158447 137875 8237'"
0 0 0
15434344468198130 148 1
15434344468198130 206 1
15434344468198190 39 -1
15434344468198472 13 -1
15434344468253210 9 -1
15434344468262752 311 -1
15434344468262802 9 -1
15434344468264420 2617 -1
15434344473265020 78 1
15434344473318260 170 -1
15434344473318390 9 -1
15434344473319080 3151 -1
15434344478319750 79 1
15434344478375890 147 -1
15434344478375968 9 -1
15434344478376630 2617 -1
15434344483377358 78 1
15434344483456490 169 -1
15434344483456572 9 -1
15434344483457230 2617 -1
15434344488457912 78 1
15434344488511910 134 -1
15434344488512640 9 -1
15434344488513210 3329 -1
15434344493513870 63 1
15434344493568050 148 -1
15434344493568160 9 -1
15434344493570220 5432 -1
15434344498570930 63 1
15434344498625550 112 -1
15434344498626102 9 -1
15434344498628330 5532 -1
15434344503629078 63 1
15434344503684430 152 -1
15434344503684530 9 -1
15434344503686600 6099 -1
15434344508687510 63 1
15434344508741760 115 -1
15434344508741880 9 -1
15434344508743940 5887 -1
15434344513744740 62 1
15434344513805460 149 -1
15434344513805620 9 -1
15434344513807070 5354 -1
15434344518807722 62 1
15434344518864952 200 -1
15434344518865480 9 -1
15434344518867150 5327 -1
15434344523867810 9 1
15434344528867860 61 1
15434344528922470 186 -1
15434344528923040 9 -1
15434344528925740 16383 -1
15434344528926290 1 -1
15434344528926330 9 -1
15434344528926370 1148 -1
15434344540997110 78 1
15434344541052540 173 -1
15434344541052770 9 -1
15434344541053020 1794 -1
15434344546054420 59 1
15434344546109770 131 -1
15434344546110270 9 -1
15434344546112960 16383 -1
15434344546112990 1 -1
15434344546113018 9 -1
15434344546116170 16382 -1
15434344546116200 2 -1
15434344546116220 9 -1
15434344546157178 1262 -1
15434344551157890 58 1
15434344551212390 98 -1
15434344551212590 9 -1
15434344551215610 16383 -1
15434344551216150 1 -1
15434344551216200 9 -1
15434344551218938 16382 -1
15434344551218980 2 -1
15434344551219020 9 -1
15434344551261920 16383 -1
15434344551261920 1 -1
15434344551261920 9 -1
15434344551264070 16382 -1
15434344551264070 2 -1
15434344551264070 9 -1
15434344551266748 16381 -1
15434344551266748 3 -1
15434344551266748 9 -1
15434344551268950 16380 -1
15434344551268950 4 -1
15434344551268950 9 -1
15434344551271200 16383 -1
15434344551271200 1 -1
15434344551271200 9 -1
15434344551273850 16382 -1
15434344551273850 2 -1
15434344551273850 9 -1
15434344551310320 16383 -1
15434344551310320 1 -1
15434344551310320 9 -1
15434344551310320 65 -1
15434344556311260 58 1
15434344556413160 69 -1
15434344556413310 9 -1
15434344556415820 15873 -1
15434344556416380 511 -1
15434344556416430 9 -1
15434344556418570 15872 -1
15434344556419120 512 -1
15434344556419170 9 -1
15434344556421810 15871 -1
15434344556421860 513 -1
15434344556421900 9 -1
15434344556423990 15870 -1
15434344556424540 514 -1
15434344556424620 9 -1
15434344556426790 15869 -1
15434344556427340 515 -1
15434344556427910 9 -1
15434344556461730 15868 -1
15434344556461730 516 -1
15434344556461730 9 -1
15434344556464540 15867 -1
15434344556464540 517 -1
15434344556464540 9 -1
15434344556466702 15866 -1
15434344556466790 518 -1
15434344556466810 9 -1
15434344556468890 12621 -1
15434344561469790 58 1
15434344561526670 93 -1
15434344561527240 9 -1
15434344561530002 16383 -1
15434344561530048 1 -1
15434344561530580 9 -1
15434344561533260 16382 -1
15434344561533330 2 -1
15434344561533370 9 -1
15434344561536118 16381 -1
15434344561536760 3 -1
15434344561536810 9 -1
15434344561539450 16383 -1
15434344561539500 1 -1
15434344561539990 9 -1
15434344561542180 16382 -1
15434344561542700 2 -1
15434344561542720 9 -1
15434344561545392 16381 -1
15434344561545930 3 -1
15434344561545960 9 -1
15434344561547540 8562 -1
15434344570911880 58 1
15434344570968310 155 -1
15434344570968520 9 -1
15434344570971530 16383 -1
15434344570972080 1 -1
15434344570972130 9 -1
15434344570974780 16383 -1
15434344570974830 1 -1
15434344570974870 9 -1
15434344570977600 16382 -1
15434344570977660 2 -1
15434344570978160 9 -1
15434344570980920 16383 -1
15434344570980940 1 -1
15434344570980958 9 -1
15434344570983730 16383 -1
15434344570984250 1 -1
15434344570984280 9 -1
15434344570987000 16382 -1
15434344570987040 2 -1
15434344570987560 9 -1
15434344571016200 16381 -1
15434344571016200 3 -1
15434344571016200 9 -1
15434344571018432 16380 -1
15434344571018432 4 -1
15434344571018432 9 -1
15434344571021170 16379 -1
15434344571021170 5 -1
15434344571021170 9 -1
15434344571023890 16383 -1
15434344571023890 1 -1
15434344571023890 9 -1
15434344571026170 16382 -1
15434344571026220 2 -1
15434344571026240 9 -1
15434344571028358 11967 -1
15434344576029028 58 1
15434344576083390 126 -1
15434344576083520 9 -1
15434344576086460 16383 -1
15434344576086510 1 -1
15434344576086530 9 -1
15434344576089190 16383 -1
15434344576089740 1 -1
15434344576089850 9 -1
15434344576092430 16383 -1
15434344576092480 1 -1
15434344576092500 9 -1
15434344576095720 16383 -1
15434344576095770 1 -1
15434344576095790 9 -1
15434344576097310 9155 -1
15434344581098120 59 1
15434344581164480 132 -1
15434344581164610 9 -1
15434344581167778 16383 -1
15434344581167810 1 -1
15434344581167830 9 -1
15434344581170570 16382 -1
15434344581170608 2 -1
15434344581170650 9 -1
15434344581173310 16383 -1
15434344581173862 1 -1
15434344581173890 9 -1
15434344581176610 16382 -1
15434344581176660 2 -1
15434344581176680 9 -1
15434344581180520 16381 -1
15434344581180552 3 -1
15434344581180570 9 -1
15434344581183290 16380 -1
15434344581183340 4 -1
15434344581183838 9 -1
15434344581186610 16383 -1
15434344581186640 1 -1
15434344581186660 9 -1
15434344581189352 16382 -1
15434344581189870 2 -1
15434344581189890 9 -1
15434344581192592 16269 -1
15434344586193262 58 1
15434344586447590 125 -1
15434344586447770 9 -1
15434344586450902 16383 -1
15434344586450940 1 -1
15434344586450970 9 -1
15434344586453740 16382 -1
15434344586453790 2 -1
15434344586453840 9 -1
15434344586457050 16383 -1
15434344586457080 1 -1
15434344586457118 9 -1
15434344586459820 16382 -1
15434344586459910 2 -1
15434344586460390 9 -1
15434344586463190 16383 -1
15434344586463230 1 -1
15434344586463240 9 -1
15434344586466140 16382 -1
15434344586466210 2 -1
15434344586466240 9 -1
15434344586468950 16383 -1
15434344586469560 1 -1
15434344586469610 9 -1
15434344586471428 9123 -1
15434344591480550 58 1
15434344591535670 151 -1
15434344591536170 9 -1
15434344591538890 16383 -1
15434344591538930 1 -1
15434344591538950 9 -1
15434344591541728 16382 -1
15434344591541760 2 -1
15434344591542280 9 -1
15434344591544400 16381 -1
15434344591544982 3 -1
15434344591545010 9 -1
15434344591547680 16383 -1
15434344591547720 1 -1
15434344591548230 9 -1
15434344591550890 16382 -1
15434344591550920 2 -1
15434344591550940 9 -1
15434344591553600 16381 -1
15434344591554110 3 -1
15434344591554142 9 -1
15434344591556800 16380 -1
15434344591556820 4 -1
15434344591556840 9 -1
15434344591559650 16379 -1
15434344591559680 5 -1
15434344591559700 9 -1
15434344591562380 16383 -1
15434344591562410 1 -1
15434344591562880 9 -1
15434344591585870 10991 -1
15434344596586480 58 1
15434344596641030 189 -1
15434344596641582 9 -1
15434344596644270 16383 -1
15434344596644300 1 -1
15434344596644822 9 -1
15434344596647020 16383 -1
15434344596647060 1 -1
15434344596647570 9 -1
15434344596650270 16382 -1
15434344596650290 2 -1
15434344596650340 9 -1
15434344596652990 16381 -1
15434344596653540 3 -1
15434344596653560 9 -1
15434344596656302 16383 -1
15434344596656352 1 -1
15434344596656370 9 -1
15434344596658980 16382 -1
15434344596659530 2 -1
15434344596659560 9 -1
15434344596662230 16383 -1
15434344596662272 1 -1
15434344596662290 9 -1
15434344596664920 16382 -1
15434344596664938 2 -1
15434344596665530 9 -1
15434344596666530 6803 -1
15434344601667500 58 1
15434344601721200 185 -1
15434344601721360 9 -1
15434344601725070 8237 -1
15434344606725700 58 1
15434344606781320 119 -1
15434344606781910 9 -1
15434344606784580 16383 -1
15434344606784620 1 -1
15434344606785140 9 -1
15434344606787910 16382 -1
15434344606787940 2 -1
15434344606787970 9 -1
15434344606791160 16381 -1
15434344606791180 3 -1
15434344606791200 9 -1
15434344606793440 16380 -1
15434344606793950 4 -1
15434344606793980 9 -1
15434344606796690 16383 -1
15434344606796740 1 -1
15434344606797250 9 -1
15434344606799950 16382 -1
15434344606799980 2 -1
15434344606800010 9 -1
15434344606802722 16381 -1
15434344606803270 3 -1
15434344606803290 9 -1
15434344606805962 16380 -1
15434344606806000 4 -1
15434344606806020 9 -1
15434344606807042 6420 -1
15434344611807850 59 1
15434344616807840 58 1
15434344616866838 155 -1
15434344616866900 9 -1
15434344616869472 15873 -1
15434344616869550 511 -1
15434344616869580 9 -1
15434344616872398 15872 -1
15434344616872448 512 -1
15434344616872480 9 -1
15434344616875210 15871 -1
15434344616875250 513 -1
15434344616875290 9 -1
15434344616878020 15870 -1
15434344616878080 514 -1
15434344616878108 9 -1
15434344616881330 15869 -1
15434344616881370 515 -1
15434344616881380 9 -1
15434344616884090 15868 -1
15434344616884110 516 -1
15434344616884140 9 -1
15434344616886360 15867 -1
15434344616886402 517 -1
15434344616886870 9 -1
15434344616889060 15866 -1
15434344616889120 518 -1
15434344616889610 9 -1
15434344616890200 3044 -1
15434344619291120 131 -1
15434344619291260 9 -1
15434344619294510 16383 -1
15434344619294570 1 -1
15434344619294600 9 -1
15434344619297358 16383 -1
15434344619297410 1 -1
15434344619297450 9 -1
15434344619300120 16382 -1
15434344619300160 2 -1
15434344619300180 9 -1
15434344619302940 16383 -1
15434344619303500 1 -1
15434344619303530 9 -1
15434344619306272 16383 -1
15434344619306322 1 -1
15434344619306840 9 -1
15434344619308990 16383 -1
15434344619309512 1 -1
15434344619309530 9 -1
15434344619312230 16383 -1
15434344619312338 1 -1
15434344619312370 9 -1
15434344619315000 13597 -1
0 0 0
15434344459971500 148 1
15434344459971500 198 1
0 0 0
15434344460169060 148 1
15434344460169060 206 1
15434344460169120 39 -1
15434344460169150 13 -1
15434344460223320 9 -1
15434344460230430 312 -1
15434344460230500 9 -1
15434344460230970 1794 -1
0 0 0
15434344460124782 148 1
15434344460125230 39 -1
15434344460125260 13 -1
15434344460182200 9 -1
15434344460182732 186 1
15434344460260110 294 -1
15434344460260180 9 -1
15434344460263268 16383 -1
15434344460263268 1 -1
15434344460263330 9 -1
15434344460266020 16383 -1
15434344460266020 1 -1
15434344460266090 9 -1
15434344460316620 16382 -1
15434344460316620 2 -1
15434344460316620 9 -1
15434344460318820 16381 -1
15434344460318820 3 -1
15434344460318820 9 -1
15434344460321520 16383 -1
15434344460321520 1 -1
15434344460321520 9 -1
15434344460323630 16382 -1
15434344460323630 2 -1
15434344460323630 9 -1
15434344460325790 16381 -1
15434344460325790 3 -1
15434344460325790 9 -1
15434344460369780 16380 -1
15434344460369780 4 -1
15434344460369780 9 -1
15434344460371940 16379 -1
15434344460371940 5 -1
15434344460371940 9 -1
15434344460372990 4895 -1
0 0 0
15434344460213990 39 -1
15434344460214050 13 -1
15434344460214450 148 1
15434344460214450 186 1
15434344460270290 9 -1
15434344460275360 294 -1
15434344460275430 9 -1
15434344460278670 16383 -1
15434344460278670 1 -1
15434344460278670 9 -1
15434344460281330 16382 -1
15434344460281330 2 -1
15434344460281370 9 -1
15434344460330980 16383 -1
15434344460330980 1 -1
15434344460330980 9 -1
15434344460333650 16382 -1
15434344460333650 2 -1
15434344460333650 9 -1
15434344460335860 16381 -1
15434344460335860 3 -1
15434344460335860 9 -1
15434344460338040 16380 -1
15434344460338040 4 -1
15434344460338040 9 -1
15434344460339670 11814 -1
0 0 0
15434344459998930 148 1
15434344459998930 207 1
15434344459998970 39 -1
15434344459999340 13 -1
15434344460056068 9 -1
15434344460060648 311 -1
15434344460060690 9 -1
15434344460063600 13025 -1
0 0 0
15434344459915080 148 1
15434344459915080 206 1
