### "'42511 42717 127149 161801 51435 102479 74622 97032 85253 140873 84279 115393 161801 69322 147480'"
0 0 0
15433373250690228 39 -1
15433373250690290 13 -1
15433373250781010 148 1
15433373250781010 186 1
15433373250829990 9 -1
15433373250836552 294 -1
15433373250836580 9 -1
15433373250839550 16383 -1
15433373250839550 1 -1
15433373250839550 9 -1
15433373250842200 16382 -1
15433373250842200 2 -1
15433373250842782 9 -1
15433373250886040 9949 -1
0 0 0
15433373250433400 39 -1
15433373250433500 13 -1
15433373250572700 148 1
15433373250622980 9 -1
15433373250623150 205 1
15433373250679172 311 -1
15433373250679260 9 -1
15433373250680470 3863 -1
15433373256197910 58 1
15433373256259770 130 -1
15433373256259900 9 -1
15433373256263500 16383 -1
15433373256263540 1 -1
15433373256264250 9 -1
15433373256266450 16382 -1
15433373256266450 2 -1
15433373256266450 9 -1
15433373256310320 16381 -1
15433373256310320 3 -1
15433373256310320 9 -1
15433373256313060 16383 -1
15433373256313060 1 -1
15433373256313060 9 -1
15433373256315190 16382 -1
15433373256315190 2 -1
15433373256315190 9 -1
15433373256317320 16381 -1
15433373256317320 3 -1
15433373256317320 9 -1
15433373256323162 16380 -1
15433373256323162 4 -1
15433373256323162 9 -1
15433373256358800 16379 -1
15433373256358800 5 -1
15433373256358800 9 -1
15433373256359590 16383 -1
15433373256359590 1 -1
15433373256359590 9 -1
15433373256362500 14345 -1
15433373261376950 78 1
15433373261799682 201 -1
15433373261799810 9 -1
15433373261800180 3151 -1
15433373266801680 79 1
15433373266859440 149 -1
15433373266859520 9 -1
15433373266860540 3685 -1
15433373271861132 59 1
15433373271926840 154 -1
15433373271926920 9 -1
15433373271929740 16383 -1
15433373271929820 1 -1
15433373271929842 9 -1
15433373271932780 16382 -1
15433373271932800 2 -1
15433373271932818 9 -1
15433373271934940 16381 -1
15433373271935490 3 -1
15433373271935520 9 -1
15433373271936058 2283 -1
15433373276936950 78 1
15433373277003902 147 -1
15433373277003990 9 -1
15433373277004780 3151 -1
15433373282005450 58 1
15433373282067850 151 -1
15433373282067930 9 -1
15433373282071012 16383 -1
15433373282071108 1 -1
15433373282071130 9 -1
15433373282073938 16383 -1
15433373282073980 1 -1
15433373282074000 9 -1
15433373282076110 16382 -1
15433373282076640 2 -1
15433373282076672 9 -1
15433373282079350 16381 -1
15433373282079390 3 -1
15433373282079410 9 -1
15433373282082068 16380 -1
15433373282082118 4 -1
15433373282082130 9 -1
15433373282084752 16379 -1
15433373282085290 5 -1
15433373282085310 9 -1
15433373282086410 4175 -1
15433373287087020 58 1
15433373287149652 131 -1
15433373287149760 9 -1
15433373287152350 16383 -1
15433373287152390 1 -1
15433373287152432 9 -1
15433373287155070 16383 -1
15433373287155098 1 -1
15433373287155148 9 -1
15433373287157820 16382 -1
15433373287157870 2 -1
15433373287157910 9 -1
15433373287160530 16381 -1
15433373287160580 3 -1
15433373287160600 9 -1
15433373287162160 9086 -1
15433373292162890 58 1
15433373292246260 154 -1
15433373292246398 9 -1
15433373292249210 16383 -1
15433373292249228 1 -1
15433373292249260 9 -1
15433373292251440 16383 -1
15433373292251980 1 -1
15433373292252020 9 -1
15433373292254642 16382 -1
15433373292254670 2 -1
15433373292254692 9 -1
15433373292257300 16381 -1
15433373292257350 3 -1
15433373292257360 9 -1
15433373292259942 16380 -1
15433373292259970 4 -1
15433373292260500 9 -1
15433373292262680 15112 -1
15433373297263340 58 1
15433373297318430 129 -1
15433373297318540 9 -1
15433373297321570 16383 -1
15433373297321630 1 -1
15433373297321660 9 -1
15433373297323640 16382 -1
15433373297324172 2 -1
15433373297324230 9 -1
15433373297326940 16383 -1
15433373297326980 1 -1
15433373297327002 9 -1
15433373297329630 16382 -1
15433373297330160 2 -1
15433373297330192 9 -1
15433373297332850 16383 -1
15433373297332870 1 -1
15433373297332890 9 -1
15433373297333428 3333 -1
15433373302334470 78 1
15433373302390540 199 -1
15433373302390670 9 -1
15433373302391310 2187 -1
15433373307392170 58 1
15433373307733400 128 -1
15433373307733710 9 -1
15433373307736110 16383 -1
15433373307736640 1 -1
15433373307736700 9 -1
15433373307739370 16383 -1
15433373307739430 1 -1
15433373307739510 9 -1
15433373307742100 16382 -1
15433373307742140 2 -1
15433373307742650 9 -1
15433373307744870 16381 -1
15433373307744902 3 -1
15433373307745400 9 -1
15433373307747550 16383 -1
15433373307748160 1 -1
15433373307748200 9 -1
15433373307750298 16382 -1
15433373307750840 2 -1
15433373307750872 9 -1
15433373307753552 16381 -1
15433373307753570 3 -1
15433373307753590 9 -1
15433373307784000 16383 -1
15433373307784020 1 -1
15433373307818160 9 -1
15433373307820320 9801 -1
15433373312821180 58 1
15433373312883840 154 -1
15433373312883970 9 -1
15433373312887470 16383 -1
15433373312887558 1 -1
15433373312887590 9 -1
15433373312889630 16382 -1
15433373312890192 2 -1
15433373312890230 9 -1
15433373312892398 16383 -1
15433373312892448 1 -1
15433373312892920 9 -1
15433373312895090 16382 -1
15433373312895600 2 -1
15433373312895630 9 -1
15433373312898930 16381 -1
15433373312898960 3 -1
15433373312898980 9 -1
15433373312900060 2359 -1
15433373317900920 78 1
15433373317965710 144 -1
15433373317965870 9 -1
15433373317967442 3151 -1
15433373322968150 58 1
15433373323034630 154 -1
15433373323034760 9 -1
15433373323037300 16383 -1
15433373323037382 1 -1
15433373323037400 9 -1
15433373323040162 16383 -1
15433373323040190 1 -1
15433373323040230 9 -1
15433373323042880 16383 -1
15433373323042920 1 -1
15433373323042942 9 -1
15433373323045580 16383 -1
15433373323045608 1 -1
15433373323046090 9 -1
15433373323048338 16382 -1
15433373323048388 2 -1
15433373323048900 9 -1
15433373323051630 16383 -1
15433373323051660 1 -1
15433373323051680 9 -1
15433373323053870 16382 -1
15433373323054358 2 -1
15433373323054380 9 -1
15433373323054910 705 -1
15433373328055830 58 1
15433373328110260 131 -1
15433373328110390 9 -1
15433373328112870 16383 -1
15433373328113680 1 -1
15433373328113740 9 -1
15433373328115840 16383 -1
15433373328115880 1 -1
15433373328116390 9 -1
15433373328118570 16382 -1
15433373328119130 2 -1
15433373328119150 9 -1
15433373328121810 16381 -1
15433373328121830 3 -1
15433373328121850 9 -1
15433373328124508 16383 -1
15433373328124558 1 -1
15433373328124570 9 -1
15433373328127260 16382 -1
15433373328127810 2 -1
15433373328127830 9 -1
15433373328130578 16381 -1
15433373328130600 3 -1
15433373328130620 9 -1
15433373328133350 16380 -1
15433373328133370 4 -1
15433373328133380 9 -1
15433373328136120 16379 -1
15433373328136150 5 -1
15433373328136680 9 -1
15433373328138310 14345 -1
15433373333139050 78 1
15433373333204492 172 -1
15433373333204680 9 -1
15433373333205590 2617 -1
15433373338206370 78 1
15433373338261950 147 -1
15433373338262090 9 -1
15433373338262730 1905 -1
15433373343263540 58 1
15433373343331820 141 -1
15433373343331960 9 -1
15433373343334740 16383 -1
15433373343334820 1 -1
15433373343334848 9 -1
15433373343337670 16382 -1
15433373343337700 2 -1
15433373343337740 9 -1
15433373343340362 16383 -1
15433373343340400 1 -1
15433373343340412 9 -1
15433373343343092 16382 -1
15433373343343110 2 -1
15433373343343640 9 -1
15433373343344222 3786 -1
15433373348345110 78 1
15433373348401940 149 -1
15433373348402090 9 -1
15433373348402470 3151 -1
15433373353403562 9 1
15433373358403590 61 1
15433373358467700 155 -1
15433373358467780 9 -1
15433373358470950 16383 -1
15433373358471020 1 -1
15433373358471060 9 -1
15433373358473660 16383 -1
15433373358473690 1 -1
15433373358473720 9 -1
15433373358476420 16382 -1
15433373358476440 2 -1
15433373358476460 9 -1
15433373358479130 16383 -1
15433373358479180 1 -1
15433373358479200 9 -1
15433373358481850 16382 -1
15433373358482370 2 -1
15433373358482398 9 -1
15433373358485060 16381 -1
15433373358485090 3 -1
15433373358485110 9 -1
15433373358487800 16380 -1
15433373358487830 4 -1
15433373358487850 9 -1
15433373358490550 16383 -1
15433373358491110 1 -1
15433373358491130 9 -1
15433373358493810 16382 -1
15433373358493832 2 -1
15433373358493850 9 -1
15433373358493860 24 -1
15433373363494700 78 1
15433373363549190 271 -1
15433373363549340 9 -1
15433373363549990 3151 -1
15433373368550702 58 1
15433373368616800 131 -1
15433373368616940 9 -1
15433373368620160 16383 -1
15433373368620240 1 -1
15433373368620270 9 -1
15433373368622860 16383 -1
15433373368622910 1 -1
15433373368622950 9 -1
15433373368625620 16382 -1
15433373368625640 2 -1
15433373368625660 9 -1
15433373368628358 16381 -1
15433373368628408 3 -1
15433373368628430 9 -1
15433373368631092 16383 -1
15433373368631640 1 -1
15433373368631660 9 -1
15433373368633822 16382 -1
15433373368634360 2 -1
15433373368634390 9 -1
15433373368636550 16383 -1
15433373368637112 1 -1
15433373368637140 9 -1
15433373368639860 16382 -1
15433373368639880 2 -1
15433373368639900 9 -1
15433373368642600 16383 -1
15433373368642650 1 -1
15433373368642672 9 -1
15433373368645300 15669 -1
15433373373646060 88 1
15433373374523940 197 -1
15433373374524080 9 -1
15433373374524118 1265 -1
15433373379525600 58 1
15433373379595510 130 -1
15433373379595670 9 -1
15433373379598940 16383 -1
15433373379599010 1 -1
15433373379599040 9 -1
15433373379601640 16383 -1
15433373379601678 1 -1
15433373379601700 9 -1
15433373379604362 16382 -1
15433373379604400 2 -1
15433373379604420 9 -1
15433373379607100 16381 -1
15433373379607142 3 -1
15433373379607670 9 -1
15433373379609808 16380 -1
15433373379610360 4 -1
15433373379610382 9 -1
15433373379612480 16383 -1
15433373379612990 1 -1
15433373379613010 9 -1
15433373379615740 16382 -1
15433373379615790 2 -1
15433373379615800 9 -1
15433373379616870 3882 -1
15433373384617930 59 1
15433373384851480 131 -1
15433373384851920 9 -1
15433373384854500 16383 -1
15433373384854670 1 -1
15433373384854750 9 -1
15433373384857358 16383 -1
15433373384857540 1 -1
15433373384857640 9 -1
15433373384859740 16382 -1
15433373384860240 2 -1
15433373384860310 9 -1
15433373384862512 16381 -1
15433373384863240 3 -1
15433373384863310 9 -1
15433373384865388 15588 -1
15433373389868800 79 1
15433373389937350 149 -1
15433373389937470 9 -1
15433373389939120 3685 -1
15433373394939880 59 1
15433373395003960 154 -1
15433373395004120 9 -1
15433373395006868 16383 -1
15433373395006910 1 -1
15433373395006940 9 -1
15433373395009590 16383 -1
15433373395009630 1 -1
15433373395009670 9 -1
15433373395012320 16382 -1
15433373395012370 2 -1
15433373395012382 9 -1
15433373395014998 16381 -1
15433373395015070 3 -1
15433373395015540 9 -1
15433373395018250 16380 -1
15433373395018280 4 -1
15433373395018302 9 -1
15433373395020968 16379 -1
15433373395021000 5 -1
15433373395021510 9 -1
15433373395021542 791 -1
15433373400023602 77 1
15433373400078310 179 -1
15433373400078508 9 -1
15433373400079420 3329 -1
15433373405080308 59 1
15433373405436360 126 -1
15433373405436530 9 -1
15433373405439620 16383 -1
15433373405439702 1 -1
15433373405439730 9 -1
15433373405442318 16383 -1
15433373405442368 1 -1
15433373405442400 9 -1
15433373405445110 16382 -1
15433373405445130 2 -1
15433373405445148 9 -1
15433373405446752 10705 -1
15433373410447540 78 1
15433373410502410 189 -1
15433373410502570 9 -1
15433373410504060 3507 -1
15433373415504840 58 1
15433373415952250 236 -1
15433373415952460 9 -1
15433373415955470 16383 -1
15433373415955520 1 -1
15433373415955560 9 -1
15433373415957670 16383 -1
15433373415958180 1 -1
15433373415958240 9 -1
15433373415960860 16382 -1
15433373415960910 2 -1
15433373415960930 9 -1
15433373415963580 16381 -1
15433373415963640 3 -1
15433373415963660 9 -1
15433373415966280 16383 -1
15433373415966830 1 -1
15433373415966858 9 -1
15433373415969600 16382 -1
15433373415969638 2 -1
15433373415969660 9 -1
15433373415971210 10630 -1
15433373420972080 88 1
15433373421040020 183 -1
15433373421040290 9 -1
15433373421042790 16383 -1
15433373421042830 1 -1
15433373421042882 9 -1
15433373421044440 5651 -1
15433373426045042 88 1
15433373426124812 155 -1
15433373426125360 9 -1
15433373426128040 16383 -1
15433373426128090 1 -1
15433373426128600 9 -1
15433373426130900 16383 -1
15433373426131420 1 -1
15433373426131470 9 -1
15433373426133562 15462 -1
15433373431134220 88 1
15433373431199710 182 -1
15433373431199930 9 -1
15433373431202940 16383 -1
15433373431202992 1 -1
15433373431203030 9 -1
15433373431205708 16383 -1
15433373431205750 1 -1
15433373431205790 9 -1
15433373431206880 6651 -1
15433373436207672 63 1
15433373436262490 130 -1
15433373436263060 9 -1
15433373436264780 4877 -1
15433373441265460 63 1
15433373441324142 140 -1
15433373441324288 9 -1
15433373441327460 7923 -1
15433373446328102 63 1
15433373446389150 58 -1
15433373446389288 9 -1
15433373446393040 8866 -1
15433373451393640 63 1
15433373451460250 153 -1
15433373451460450 9 -1
15433373451462950 12449 -1
15433373456463640 62 1
15433373456529232 130 -1
15433373456529400 9 -1
15433373456531970 11223 -1
15433373461532640 62 1
15433373461607520 152 -1
15433373461607740 9 -1
15433373461611440 9872 -1
15433373466612130 78 1
15433373466668620 135 -1
15433373466668780 9 -1
15433373466669690 3151 -1
15433373471670570 78 1
15433373471725690 275 -1
15433373471725820 9 -1
15433373471726470 3507 -1
15433373476727360 78 1
15433373476781290 149 -1
15433373476781420 9 -1
15433373476783050 3685 -1
15433373481783690 78 1
15433373481837110 158 -1
15433373481837240 9 -1
15433373481837940 2795 -1
15433373486838860 78 1
15433373486895462 130 -1
15433373486895590 9 -1
15433373486896740 3329 -1
15433373491897290 397 1
15433373492143180 160 -1
15433373492143390 9 -1
15433373492145980 12798 -1
0 0 0
15433373250959590 39 -1
15433373250959960 13 -1
15433373251043900 148 1
15433373251043900 205 1
15433373251092032 9 -1
15433373251098840 311 -1
15433373251099320 9 -1
15433373251099852 3329 -1
0 0 0
15433373250738310 148 1
15433373250738310 198 1
15433373250738380 39 -1
15433373250738410 13 -1
15433373250787240 9 -1
15433373250792670 310 -1
15433373250792730 9 -1
15433373250795432 16383 -1
15433373250795478 1 -1
15433373250795500 9 -1
15433373250804890 16383 -1
15433373250804890 1 -1
15433373250804890 9 -1
15433373250842270 16383 -1
15433373250842270 1 -1
15433373250842270 9 -1
15433373250844318 16383 -1
15433373250844318 1 -1
15433373250844318 9 -1
15433373250847002 16383 -1
15433373250847002 1 -1
15433373250847002 9 -1
15433373250849150 16383 -1
15433373250849150 1 -1
15433373250849150 9 -1
15433373250851340 16383 -1
15433373250851340 1 -1
15433373250851340 9 -1
15433373250853528 12461 -1
0 0 0
15433373250547420 39 -1
15433373250547510 13 -1
15433373250739080 148 1
15433373250739080 206 1
15433373250795510 9 -1
15433373250828928 313 -1
15433373250829020 9 -1
15433373250832150 16383 -1
15433373250832150 1 -1
15433373250832150 9 -1
15433373250833750 16382 -1
15433373250833750 2 -1
15433373250833790 9 -1
15433373250883840 9743 -1
0 0 0
15433373250478310 39 -1
15433373250478402 13 -1
15433373250699370 148 1
15433373250699370 205 1
15433373250747470 9 -1
15433373250753870 312 -1
15433373250754430 9 -1
15433373250755040 2415 -1
