### "'84288 57655 8478 8155 8258 57655 8039 121703 106279 94346 185176 81735 187215 168866 167978'"
0 0 0
15434168486293340 148 1
15434168486293340 203 1
15434168486293840 39 -1
15434168486294400 13 -1
15434168486349310 9 -1
15434168486356160 310 -1
15434168486356640 9 -1
15434168486356680 2187 -1
0 0 0
15434168486211280 148 1
15434168486211280 195 1
15434168486211330 39 -1
15434168486211720 13 -1
15434168486266552 9 -1
15434168486272840 338 -1
15434168486272950 9 -1
15434168486276290 16383 -1
15434168486276290 1 -1
15434168486276320 9 -1
15434168486278500 16383 -1
15434168486278500 1 -1
15434168486278500 9 -1
15434168486329300 16382 -1
15434168486329300 2 -1
15434168486329300 9 -1
15434168486331510 16381 -1
15434168486331510 3 -1
15434168486331510 9 -1
15434168486333720 16383 -1
15434168486333720 1 -1
15434168486333720 9 -1
15434168486333720 2368 -1
0 0 0
15434168487407330 148 1
15434168487407330 214 1
15434168487407702 39 -1
15434168487407740 13 -1
15434168487464520 9 -1
15434168487470010 322 -1
15434168487470170 9 -1
15434168487472790 16383 -1
15434168487472790 1 -1
15434168487472790 9 -1
15434168487474970 16382 -1
15434168487474970 2 -1
15434168487475020 9 -1
15434168487527070 16383 -1
15434168487527070 1 -1
15434168487527070 9 -1
15434168487528150 8503 -1
15434168492529030 9 1
15434168497529120 81 1
15434168497592750 171 -1
15434168497592830 9 -1
15434168497594978 3863 -1
15434168502595698 78 1
15434168502657868 201 -1
15434168502658390 9 -1
15434168502658960 2617 -1
15434168507659660 78 1
15434168507721760 147 -1
15434168507721940 9 -1
15434168507722630 2973 -1
15434168512723538 78 1
15434168512786870 170 -1
15434168512787190 9 -1
15434168512788510 2795 -1
15434168517789112 63 1
15434168517850462 130 -1
15434168517850608 9 -1
15434168517852090 8478 -1
15434168522852932 63 1
15434168522913980 153 -1
15434168522914110 9 -1
15434168522915090 5857 -1
15434168527916040 63 1
15434168527977310 130 -1
15434168527977850 9 -1
15434168527978960 6572 -1
15434168532980210 63 1
15434168533041180 153 -1
15434168533041330 9 -1
15434168533043320 8155 -1
15434168538044500 63 1
15434168543044660 63 1
15434168543107180 257 -1
15434168543107720 9 -1
15434168543108800 8258 -1
15434168548109580 89 1
15434168548172670 159 -1
15434168548172850 9 -1
15434168548175400 15835 -1
15434168548175450 549 -1
15434168548175490 9 -1
15434168548178130 15834 -1
15434168548178130 550 -1
15434168548178130 9 -1
15434168548180360 15833 -1
15434168548180410 551 -1
15434168548180930 9 -1
15434168548181980 8503 -1
15434168556657330 153 -1
15434168556657888 9 -1
15434168556660140 8039 -1
15434168576515070 78 1
15434168576577762 170 -1
15434168576577900 9 -1
15434168576578850 2973 -1
15434168581579512 58 1
15434168581639308 153 -1
15434168581639920 9 -1
15434168581642640 16383 -1
15434168581642670 1 -1
15434168581642700 9 -1
15434168581645370 16383 -1
15434168581645400 1 -1
15434168581645420 9 -1
15434168581648030 16382 -1
15434168581648058 2 -1
15434168581648080 9 -1
15434168581650742 16381 -1
15434168581650770 3 -1
15434168581650800 9 -1
15434168581653420 16380 -1
15434168581653470 4 -1
15434168581653490 9 -1
15434168581656120 16379 -1
15434168581656120 5 -1
15434168581656150 9 -1
15434168581694090 16383 -1
15434168581694090 1 -1
15434168581694090 9 -1
15434168581697510 7015 -1
15434168586698200 58 1
15434168586758860 132 -1
15434168586759000 9 -1
15434168586761560 16383 -1
15434168586761600 1 -1
15434168586761640 9 -1
15434168586764380 16383 -1
15434168586764410 1 -1
15434168586764430 9 -1
15434168586767002 16382 -1
15434168586767048 2 -1
15434168586767560 9 -1
15434168586769732 16381 -1
15434168586769782 3 -1
15434168586769810 9 -1
15434168586772470 16383 -1
15434168586772500 1 -1
15434168586773030 9 -1
15434168586775178 16382 -1
15434168586775730 2 -1
15434168586775780 9 -1
15434168586776870 7975 -1
15434168591777850 58 1
15434168591841630 153 -1
15434168591842188 9 -1
15434168591844348 16383 -1
15434168591844390 1 -1
15434168591844420 9 -1
15434168591847082 16383 -1
15434168591847610 1 -1
15434168591847652 9 -1
15434168591850350 16382 -1
15434168591850380 2 -1
15434168591850410 9 -1
15434168591853090 16381 -1
15434168591853110 3 -1
15434168591853130 9 -1
15434168591855760 16380 -1
15434168591855810 4 -1
15434168591855832 9 -1
15434168591857942 12426 -1
15434168596858680 59 1
15434168596923720 132 -1
15434168596923872 9 -1
15434168596926450 16383 -1
15434168596926500 1 -1
15434168596926538 9 -1
15434168596929268 16383 -1
15434168596929310 1 -1
15434168596929350 9 -1
15434168596932020 16382 -1
15434168596932570 2 -1
15434168596932600 9 -1
15434168596935338 16383 -1
15434168596935360 1 -1
15434168596935390 9 -1
15434168596938030 16383 -1
15434168596938050 1 -1
15434168596938080 9 -1
15434168596940780 16383 -1
15434168596940840 1 -1
15434168596940860 9 -1
15434168596943532 16382 -1
15434168596943610 2 -1
15434168596943632 9 -1
15434168596946180 16381 -1
15434168596946740 3 -1
15434168596946772 9 -1
15434168596949450 16383 -1
15434168596949502 1 -1
15434168596949520 9 -1
15434168596952180 16382 -1
15434168596952210 2 -1
15434168596952230 9 -1
15434168596954940 16381 -1
15434168596954990 3 -1
15434168596955490 9 -1
15434168596956040 4952 -1
15434168601956930 59 1
15434168602017130 152 -1
15434168602017350 9 -1
15434168602020450 16383 -1
15434168602020500 1 -1
15434168602020540 9 -1
15434168602023180 16383 -1
15434168602023220 1 -1
15434168602023270 9 -1
15434168602025890 16382 -1
15434168602025930 2 -1
15434168602025970 9 -1
15434168602028648 16381 -1
15434168602028698 3 -1
15434168602028740 9 -1
15434168602031310 16199 -1
15434168607032130 58 1
15434168607095430 131 -1
15434168607095730 9 -1
15434168607098250 16383 -1
15434168607098360 1 -1
15434168607098460 9 -1
15434168607101020 16383 -1
15434168607101130 1 -1
15434168607101310 9 -1
15434168607103742 16382 -1
15434168607103838 2 -1
15434168607103888 9 -1
15434168607106430 16381 -1
15434168607106540 3 -1
15434168607106590 9 -1
15434168607109280 16383 -1
15434168607109352 1 -1
15434168607109410 9 -1
15434168607112210 16383 -1
15434168607112320 1 -1
15434168607112370 9 -1
15434168607114870 16382 -1
15434168607114900 2 -1
15434168607114920 9 -1
15434168607117560 16383 -1
15434168607117590 1 -1
15434168607118090 9 -1
15434168607120280 16383 -1
15434168607120308 1 -1
15434168607120330 9 -1
15434168607123070 16383 -1
15434168607123100 1 -1
15434168607123120 9 -1
15434168607125822 16383 -1
15434168607125850 1 -1
15434168607126320 9 -1
15434168607127460 6991 -1
15434168612136080 59 1
15434168612198588 258 -1
15434168612198802 9 -1
15434168612201682 16383 -1
15434168612201840 1 -1
15434168612201880 9 -1
15434168612204248 16382 -1
15434168612204380 2 -1
15434168612204440 9 -1
15434168612206860 16383 -1
15434168612207010 1 -1
15434168612207050 9 -1
15434168612209430 16382 -1
15434168612209548 2 -1
15434168612209590 9 -1
15434168612212030 16381 -1
15434168612212132 3 -1
15434168612212150 9 -1
15434168612214690 16380 -1
15434168612214760 4 -1
15434168612214780 9 -1
15434168612217280 16379 -1
15434168612217360 5 -1
15434168612217382 9 -1
15434168612219790 16383 -1
15434168612219920 1 -1
15434168612219952 9 -1
15434168612224988 16382 -1
15434168612225152 2 -1
15434168612225170 9 -1
15434168612227550 16381 -1
15434168612227680 3 -1
15434168612227700 9 -1
15434168612227750 5026 -1
15434168617229490 59 1
15434168617292572 132 -1
15434168617292790 9 -1
15434168617295220 16383 -1
15434168617295270 1 -1
15434168617295762 9 -1
15434168617297980 16383 -1
15434168617298542 1 -1
15434168617298580 9 -1
15434168617300670 16382 -1
15434168617301208 2 -1
15434168617301290 9 -1
15434168617303892 16383 -1
15434168617303920 1 -1
15434168617303938 9 -1
15434168617306550 16383 -1
15434168617306590 1 -1
15434168617306600 9 -1
15434168617309270 16383 -1
15434168617309320 1 -1
15434168617309340 9 -1
15434168617312060 16383 -1
15434168617312580 1 -1
15434168617312610 9 -1
15434168617315280 16383 -1
15434168617315300 1 -1
15434168617315320 9 -1
15434168617318010 16383 -1
15434168617318050 1 -1
15434168617318080 9 -1
15434168617320750 16383 -1
15434168617320810 1 -1
15434168617320830 9 -1
15434168617321880 4138 -1
15434168622322820 89 1
15434168622384030 181 -1
15434168622384320 9 -1
15434168622386200 7287 -1
15434168627386798 58 1
15434168627446510 129 -1
15434168627446762 9 -1
15434168627449750 16383 -1
15434168627449800 1 -1
15434168627450312 9 -1
15434168627452530 16382 -1
15434168627453100 2 -1
15434168627453170 9 -1
15434168627455790 16383 -1
15434168627455830 1 -1
15434168627455850 9 -1
15434168627458470 16382 -1
15434168627458520 2 -1
15434168627458550 9 -1
15434168627461160 16381 -1
15434168627461700 3 -1
15434168627461740 9 -1
15434168627463952 16380 -1
15434168627464480 4 -1
15434168627464610 9 -1
15434168627464640 218 -1
15434168632466050 78 1
15434168632526900 171 -1
15434168632527080 9 -1
15434168632527918 3329 -1
15434168637528660 77 1
15434168637590510 148 -1
15434168637590840 9 -1
15434168637591520 1794 -1
15434168642593182 59 1
15434168642657580 154 -1
15434168642658110 9 -1
15434168642660280 16383 -1
15434168642660790 1 -1
15434168642660820 9 -1
15434168642663040 16383 -1
15434168642663090 1 -1
15434168642663118 9 -1
15434168642665760 16382 -1
15434168642665790 2 -1
15434168642665810 9 -1
15434168642668430 16381 -1
15434168642668480 3 -1
15434168642668490 9 -1
15434168642668980 537 -1
15434168647670090 59 1
15434168647732080 131 -1
15434168647732270 9 -1
15434168647734770 16383 -1
15434168647734820 1 -1
15434168647735332 9 -1
15434168647738040 16383 -1
15434168647738090 1 -1
15434168647738120 9 -1
15434168647740710 16382 -1
15434168647740790 2 -1
15434168647740810 9 -1
15434168647743462 16383 -1
15434168647744000 1 -1
15434168647744030 9 -1
15434168647746192 16382 -1
15434168647746740 2 -1
15434168647746760 9 -1
15434168647749400 16383 -1
15434168647749432 1 -1
15434168647749450 9 -1
15434168647752140 16382 -1
15434168647752212 2 -1
15434168647752230 9 -1
15434168647754900 16381 -1
15434168647754930 3 -1
15434168647755448 9 -1
15434168647755980 5804 -1
15434168652758870 58 1
15434168652820690 153 -1
15434168652820820 9 -1
15434168652823492 16383 -1
15434168652823520 1 -1
15434168652823980 9 -1
15434168652826682 16383 -1
15434168652826710 1 -1
15434168652826740 9 -1
15434168652828860 16382 -1
15434168652829380 2 -1
15434168652829400 9 -1
15434168652832160 16381 -1
15434168652832190 3 -1
15434168652832200 9 -1
15434168652834908 16380 -1
15434168652834930 4 -1
15434168652834940 9 -1
15434168652837630 16383 -1
15434168652837650 1 -1
15434168652838190 9 -1
15434168652838760 4531 -1
15434168657839810 59 1
15434168657901620 119 -1
15434168657901750 9 -1
15434168657904480 16383 -1
15434168657904552 1 -1
15434168657904580 9 -1
15434168657906790 16382 -1
15434168657907330 2 -1
15434168657907370 9 -1
15434168657910020 16381 -1
15434168657910048 3 -1
15434168657910070 9 -1
15434168657912790 16383 -1
15434168657912810 1 -1
15434168657913390 9 -1
15434168657916080 16382 -1
15434168657916132 2 -1
15434168657916150 9 -1
15434168657918330 16381 -1
15434168657918840 3 -1
15434168657918860 9 -1
15434168657921628 16383 -1
15434168657921680 1 -1
15434168657921690 9 -1
15434168657923278 8297 -1
15434168662924048 88 1
15434168662986200 285 -1
15434168662986310 9 -1
15434168662988780 16383 -1
15434168662988860 1 -1
15434168662988910 9 -1
15434168662990962 10759 -1
15434168667991468 407 1
15434168668052750 138 -1
15434168668052900 9 -1
15434168668055450 11571 -1
0 0 0
15434168486290090 39 -1
15434168486290150 13 -1
15434168486290560 148 1
15434168486290560 203 1
15434168486341670 9 -1
15434168486347800 310 -1
15434168486347880 9 -1
15434168486349240 2973 -1
0 0 0
15434168486592000 148 1
15434168486592000 202 1
15434168486592072 39 -1
15434168486592110 13 -1
15434168486641310 9 -1
15434168486650090 311 -1
15434168486650160 9 -1
15434168486651080 1794 -1
0 0 0
15434168486267640 148 1
15434168486267640 183 1
0 0 0
15434168486078520 148 1
15434168486078520 204 1
