### "'27165 299557 140732 8929 9271 8627 111620 133895 206965 372833 240842 216319 262483 168953 127113'"
0 0 0
15433403901775210 148 1
15433403901775210 183 1
15433403901775690 39 -1
15433403901775720 13 -1
15433403901823340 9 -1
15433403901841300 294 -1
15433403901841870 9 -1
15433403901844612 16383 -1
15433403901844612 1 -1
15433403901844670 9 -1
15433403901846818 16383 -1
15433403901846818 1 -1
15433403901846818 9 -1
15433403901891950 16382 -1
15433403901891950 2 -1
15433403901891950 9 -1
15433403901894130 16381 -1
15433403901894130 3 -1
15433403901894130 9 -1
15433403901896250 16383 -1
15433403901896250 1 -1
15433403901896250 9 -1
15433403901898342 16382 -1
15433403901898342 2 -1
15433403901898342 9 -1
15433403901900520 16383 -1
15433403901900520 1 -1
15433403901900520 9 -1
15433403901938670 16382 -1
15433403901938670 2 -1
15433403901938670 9 -1
15433403901940890 16383 -1
15433403901940890 1 -1
15433403901940890 9 -1
15433403902091870 16382 -1
15433403902091870 2 -1
15433403902091870 9 -1
15433403902094070 16381 -1
15433403902094070 3 -1
15433403902094070 9 -1
15433403902096250 16380 -1
15433403902096250 4 -1
15433403902096250 9 -1
15433403902098930 16379 -1
15433403902098930 5 -1
15433403902098930 9 -1
15433403902100560 16378 -1
15433403902100570 6 -1
15433403902101110 9 -1
15433403902169960 16377 -1
15433403902169960 7 -1
15433403902169960 9 -1
15433403902261110 16376 -1
15433403902261110 8 -1
15433403902261110 9 -1
15433403902263210 16375 -1
15433403902263210 9 -1
15433403902263210 9 -1
15433403902343080 16374 -1
15433403902343080 10 -1
15433403902343080 9 -1
15433403902343618 4645 -1
0 0 0
15433403901650520 39 -1
15433403901650900 13 -1
15433403901725440 148 1
15433403901725440 203 1
15433403901773420 9 -1
15433403901794320 312 -1
15433403901794390 9 -1
15433403901797040 16383 -1
15433403901797040 1 -1
15433403901797040 9 -1
15433403901798710 10781 -1
0 0 0
15433403901612110 148 1
15433403901612110 195 1
15433403901612150 39 -1
15433403901612520 13 -1
15433403901669340 9 -1
15433403901691630 309 -1
15433403901692130 9 -1
15433403901695390 16383 -1
15433403901695458 1 -1
15433403901695480 9 -1
15433403901698142 16382 -1
15433403901698238 2 -1
15433403901745970 9 -1
15433403901748632 16381 -1
15433403901748632 3 -1
15433403901748632 9 -1
15433403901750810 16380 -1
15433403901750810 4 -1
15433403901750810 9 -1
15433403901752930 16383 -1
15433403901752930 1 -1
15433403901752930 9 -1
15433403901755050 16382 -1
15433403901755050 2 -1
15433403901755050 9 -1
15433403901757260 16381 -1
15433403901757260 3 -1
15433403901757260 9 -1
15433403901803182 16380 -1
15433403901803210 4 -1
15433403901803220 9 -1
15433403901804740 9660 -1
0 0 0
15433403901702722 148 1
15433403901702722 203 1
15433403901702772 39 -1
15433403901702790 13 -1
15433403901754000 9 -1
15433403901770820 312 -1
15433403901771360 9 -1
15433403901771920 2795 -1
0 0 0
15433403902473360 148 1
15433403902473360 212 1
0 0 0
15433403901761330 148 1
15433403901761330 202 1
15433403901761370 39 -1
15433403901761660 13 -1
15433403901839520 9 -1
15433403901852530 311 -1
15433403901852710 9 -1
15433403901853630 3329 -1
0 0 0
15433403908710520 148 1
15433403908710520 202 1
15433403908713350 39 -1
15433403908713390 13 -1
15433403908759110 9 -1
15433403908767900 311 -1
15433403908767950 9 -1
15433403908769670 4219 -1
15433403913770270 78 1
15433403913835340 171 -1
15433403913835500 9 -1
15433403913836400 3507 -1
15433403918837190 78 1
15433403918890930 147 -1
15433403918891060 9 -1
15433403918892660 2973 -1
15433403923893280 78 1
15433403923946790 170 -1
15433403923946940 9 -1
15433403923947890 3329 -1
15433403928948550 78 1
15433403929004040 149 -1
15433403929004180 9 -1
15433403929005130 2439 -1
15433403934005820 9 1
15433403939005858 66 1
15433403939067472 153 -1
15433403939067600 9 -1
15433403939070310 7152 -1
15433403944070990 63 1
15433403944147260 153 -1
15433403944147420 9 -1
15433403944150610 8929 -1
15433403949151220 63 1
15433403949211220 129 -1
15433403949211410 9 -1
15433403949213970 7857 -1
15433403954214720 63 1
15433403955813430 136 -1
15433403955813580 9 -1
15433403955814810 9271 -1
15433403960815610 63 1
15433403960882240 140 -1
15433403960882330 9 -1
15433403960883530 7615 -1
15433403965884170 63 1
15433403966040230 228 -1
15433403966040750 9 -1
15433403966043500 8627 -1
15433403971046240 78 1
15433403971104938 160 -1
15433403971105160 9 -1
15433403971106588 3507 -1
15433403976107290 59 1
15433403976174840 130 -1
15433403976175038 9 -1
15433403976177440 16383 -1
15433403976177440 1 -1
15433403976178000 9 -1
15433403976180150 16383 -1
15433403976180150 1 -1
15433403976180150 9 -1
15433403976223928 16382 -1
15433403976223928 2 -1
15433403976223928 9 -1
15433403976226210 16381 -1
15433403976226210 3 -1
15433403976226210 9 -1
15433403976228320 16383 -1
15433403976228320 1 -1
15433403976228320 9 -1
15433403976230010 16382 -1
15433403976230010 2 -1
15433403976230010 9 -1
15433403976231580 13316 -1
15433403981232550 77 1
15433403981299910 171 -1
15433403981300070 9 -1
15433403981300970 3151 -1
15433403986301690 58 1
15433403986373330 131 -1
15433403986373470 9 -1
15433403986376110 16383 -1
15433403986376172 1 -1
15433403986376210 9 -1
15433403986378738 16382 -1
15433403986378788 2 -1
15433403986378830 9 -1
15433403986381460 16381 -1
15433403986381460 3 -1
15433403986381460 9 -1
15433403986383728 16380 -1
15433403986383728 4 -1
15433403986383728 9 -1
15433403986385282 16379 -1
15433403986385282 5 -1
15433403986385282 9 -1
15433403986388070 16378 -1
15433403986388070 6 -1
15433403986388070 9 -1
15433403986389648 16377 -1
15433403986389648 7 -1
15433403986389648 9 -1
15433403986391850 16376 -1
15433403986391850 8 -1
15433403986391850 9 -1
15433403986392400 2823 -1
15433403991393420 59 1
15433403991455180 142 -1
15433403991455720 9 -1
15433403991458450 16383 -1
15433403991458500 1 -1
15433403991458540 9 -1
15433403991460590 16382 -1
15433403991461120 2 -1
15433403991461170 9 -1
15433403991463270 16381 -1
15433403991463830 3 -1
15433403991463950 9 -1
15433403991465982 16380 -1
15433403991466032 4 -1
15433403991466070 9 -1
15433403991468192 16383 -1
15433403991468660 1 -1
15433403991468710 9 -1
15433403991472030 16382 -1
15433403991472090 2 -1
15433403991472130 9 -1
15433403991474250 16381 -1
15433403991474760 3 -1
15433403991474810 9 -1
15433403991504250 16380 -1
15433403991504300 4 -1
15433403991504790 9 -1
15433403991509270 16379 -1
15433403991509470 5 -1
15433403991509500 9 -1
15433403991509600 16378 -1
15433403991509660 6 -1
15433403991509690 9 -1
15433403991512070 16377 -1
15433403991512188 7 -1
15433403991512230 9 -1
15433403991514790 16376 -1
15433403991514822 8 -1
15433403991514850 9 -1
15433403991516450 10357 -1
15433403996517320 78 1
15433403996571540 148 -1
15433403996571860 9 -1
15433403996573220 3329 -1
15433404001574030 78 1
15433404001637350 171 -1
15433404001637570 9 -1
15433404001639020 3151 -1
15433404006639800 58 1
15433404006704960 163 -1
15433404006705170 9 -1
15433404006708200 16383 -1
15433404006708270 1 -1
15433404006708310 9 -1
15433404006710410 16383 -1
15433404006710960 1 -1
15433404006711030 9 -1
15433404006713090 16382 -1
15433404006713590 2 -1
15433404006713632 9 -1
15433404006715770 16381 -1
15433404006715820 3 -1
15433404006715850 9 -1
15433404006718500 16383 -1
15433404006719040 1 -1
15433404006719070 9 -1
15433404006721200 16382 -1
15433404006721740 2 -1
15433404006721770 9 -1
15433404006723910 16381 -1
15433404006723960 3 -1
15433404006724400 9 -1
15433404006726500 16380 -1
15433404006726552 4 -1
15433404006726570 9 -1
15433404006729240 16383 -1
15433404006729320 1 -1
15433404006729350 9 -1
15433404006731910 16382 -1
15433404006731940 2 -1
15433404006731960 9 -1
15433404006734120 16381 -1
15433404006734620 3 -1
15433404006734650 9 -1
15433404006737400 3 -1
15433404006737480 9 -1
15433404006746890 16380 -1
15433404006747000 4 -1
15433404006747078 9 -1
15433404006747962 16379 -1
15433404006747990 5 -1
15433404006748020 9 -1
15433404006748920 16378 -1
15433404006749020 6 -1
15433404006749100 9 -1
15433404006749930 12385 -1
15433404011761770 78 1
15433404011817340 166 -1
15433404011817492 9 -1
15433404011818450 3329 -1
15433404016819078 58 1
15433404017056770 235 -1
15433404017056980 9 -1
15433404017059510 16383 -1
15433404017059560 1 -1
15433404017059600 9 -1
15433404017062220 16382 -1
15433404017062750 2 -1
15433404017062800 9 -1
15433404017065520 16383 -1
15433404017065570 1 -1
15433404017065620 9 -1
15433404017068250 16382 -1
15433404017068300 2 -1
15433404017068810 9 -1
15433404017070980 16381 -1
15433404017071062 3 -1
15433404017071500 9 -1
15433404017074170 16380 -1
15433404017074220 4 -1
15433404017074260 9 -1
15433404017076930 16379 -1
15433404017076982 5 -1
15433404017077480 9 -1
15433404017079870 1 -1
15433404017079950 9 -1
15433404017081770 11466 -1
15433404022109460 59 1
15433404022176220 154 -1
15433404022176350 9 -1
15433404022178990 16383 -1
15433404022179552 1 -1
15433404022179610 9 -1
15433404022181790 16383 -1
15433404022181840 1 -1
15433404022181880 9 -1
15433404022184460 16382 -1
15433404022184500 2 -1
15433404022184550 9 -1
15433404022187272 16381 -1
15433404022187350 3 -1
15433404022187390 9 -1
15433404022189980 16380 -1
15433404022190030 4 -1
15433404022190080 9 -1
15433404022192680 16383 -1
15433404022192740 1 -1
15433404022192790 9 -1
15433404022195340 16382 -1
15433404022195380 2 -1
15433404022195390 9 -1
15433404022198010 16381 -1
15433404022198040 3 -1
15433404022198060 9 -1
15433404022200720 16380 -1
15433404022200748 4 -1
15433404022200770 9 -1
15433404022202930 16383 -1
15433404022203470 1 -1
15433404022203500 9 -1
15433404022205588 16382 -1
15433404022206100 2 -1
15433404022206130 9 -1
15433404022208330 16381 -1
15433404022208890 3 -1
15433404022208910 9 -1
15433404022211040 16380 -1
15433404022211080 4 -1
15433404022211608 9 -1
15433404022212182 3327 -1
15433404027212902 58 1
15433404027272028 130 -1
15433404027272590 9 -1
15433404027274800 16383 -1
15433404027274850 1 -1
15433404027274890 9 -1
15433404027277520 16382 -1
15433404027277570 2 -1
15433404027277600 9 -1
15433404027279710 16383 -1
15433404027280280 1 -1
15433404027280310 9 -1
15433404027282420 16382 -1
15433404027282970 2 -1
15433404027294430 9 -1
15433404027297650 16383 -1
15433404027297700 1 -1
15433404027297720 9 -1
15433404027300388 16383 -1
15433404027300438 1 -1
15433404027300470 9 -1
15433404027303110 16382 -1
15433404027303140 2 -1
15433404027303160 9 -1
15433404027305830 16381 -1
15433404027305850 3 -1
15433404027305880 9 -1
15433404027308490 16383 -1
15433404027308518 1 -1
15433404027308540 9 -1
15433404027310650 16382 -1
15433404027311210 2 -1
15433404027311240 9 -1
15433404027313950 16381 -1
15433404027313970 3 -1
15433404027314000 9 -1
15433404027316142 16380 -1
15433404027316188 4 -1
15433404027316210 9 -1
15433404027325680 16379 -1
15433404027325758 5 -1
15433404027325780 9 -1
15433404027325900 16378 -1
15433404027325940 6 -1
15433404027325950 9 -1
15433404027326100 16383 -1
15433404027326130 1 -1
15433404027326150 9 -1
15433404027328980 16382 -1
15433404027329080 2 -1
15433404027329100 9 -1
15433404027329120 339 -1
15433404032332880 58 1
15433404032388452 154 -1
15433404032388630 9 -1
15433404032391150 16383 -1
15433404032391200 1 -1
15433404032391240 9 -1
15433404032393930 16383 -1
15433404032393980 1 -1
15433404032394020 9 -1
15433404032396670 16382 -1
15433404032396720 2 -1
15433404032396740 9 -1
15433404032399408 16381 -1
15433404032399450 3 -1
15433404032399470 9 -1
15433404032402160 16383 -1
15433404032402220 1 -1
15433404032402250 9 -1
15433404032404870 16382 -1
15433404032404900 2 -1
15433404032405378 9 -1
15433404032407580 16381 -1
15433404032407610 3 -1
15433404032408120 9 -1
15433404032410360 16380 -1
15433404032410390 4 -1
15433404032410910 9 -1
15433404032413110 16383 -1
15433404032413170 1 -1
15433404032413190 9 -1
15433404032415790 16382 -1
15433404032415840 2 -1
15433404032415860 9 -1
15433404032416990 5113 -1
15433404037417760 78 1
15433404037477650 143 -1
15433404037477788 9 -1
15433404037478722 2617 -1
15433404042479350 59 1
15433404042544400 153 -1
15433404042544560 9 -1
15433404042547130 16383 -1
15433404042547660 1 -1
15433404042547710 9 -1
15433404042550408 16383 -1
15433404042550458 1 -1
15433404042550500 9 -1
15433404042552590 16382 -1
15433404042552618 2 -1
15433404042553150 9 -1
15433404042555310 16381 -1
15433404042555330 3 -1
15433404042555840 9 -1
15433404042558020 16383 -1
15433404042558090 1 -1
15433404042558560 9 -1
15433404042560720 16382 -1
15433404042560750 2 -1
15433404042561240 9 -1
15433404042563490 16381 -1
15433404042563510 3 -1
15433404042563540 9 -1
15433404042565640 12425 -1
15433404047566610 88 1
15433404047680262 158 -1
15433404047680450 9 -1
15433404047683060 16383 -1
15433404047683640 1 -1
15433404047683690 9 -1
15433404047685822 16383 -1
15433404047686360 1 -1
15433404047686410 9 -1
15433404047688520 16382 -1
15433404047689070 2 -1
15433404047689100 9 -1
15433404047691240 15044 -1
15433404052692270 87 1
15433404052764248 180 -1
15433404052764380 9 -1
15433404052766650 16383 -1
15433404052767190 1 -1
15433404052767230 9 -1
15433404052769610 16383 -1
15433404052769670 1 -1
15433404052769700 9 -1
15433404052772620 16382 -1
15433404052772688 2 -1
15433404052772720 9 -1
15433404052775360 16381 -1
15433404052775380 3 -1
15433404052775400 9 -1
15433404052777520 16380 -1
15433404052778030 4 -1
15433404052778050 9 -1
15433404052779680 9428 -1
15433404057780470 79 1
15433404057873930 149 -1
15433404057874670 9 -1
15433404057874780 3151 -1
15433404062875890 58 1
15433404064490110 150 -1
15433404064490270 9 -1
15433404064492782 16383 -1
15433404064492820 1 -1
15433404064492840 9 -1
15433404064495440 16383 -1
15433404064495490 1 -1
15433404064495520 9 -1
15433404064498160 16382 -1
15433404064498210 2 -1
15433404064498230 9 -1
15433404064501060 16381 -1
15433404064501090 3 -1
15433404064501110 9 -1
15433404064503730 16380 -1
15433404064503760 4 -1
15433404064503770 9 -1
15433404064506380 16379 -1
15433404064506400 5 -1
15433404064506422 9 -1
15433404064509080 16383 -1
15433404064509110 1 -1
15433404064509130 9 -1
15433404064511220 16382 -1
15433404064511760 2 -1
15433404064511780 9 -1
15433404064514470 16381 -1
15433404064514510 3 -1
15433404064514520 9 -1
15433404064515030 2282 -1
15433404069516038 78 1
15433404069580540 252 -1
15433404069581120 9 -1
15433404069582260 2973 -1
15433404074583002 59 1
15433404074642050 154 -1
15433404074642210 9 -1
15433404074644730 16383 -1
15433404074644780 1 -1
15433404074644820 9 -1
15433404074647490 16382 -1
15433404074647542 2 -1
15433404074647580 9 -1
15433404074650150 16381 -1
15433404074650190 3 -1
15433404074650208 9 -1
15433404074652842 16380 -1
15433404074652892 4 -1
15433404074652920 9 -1
15433404074655500 16383 -1
15433404074655560 1 -1
15433404074655580 9 -1
15433404074657660 16382 -1
15433404074658170 2 -1
15433404074658200 9 -1
15433404074659250 6682 -1
15433404079660152 58 1
15433404079725708 129 -1
15433404079725822 9 -1
15433404079727860 16383 -1
15433404079728392 1 -1
15433404079728438 9 -1
15433404079730530 16383 -1
15433404079731050 1 -1
15433404079731090 9 -1
15433404079733738 16382 -1
15433404079733760 2 -1
15433404079733770 9 -1
15433404079736500 16381 -1
15433404079736530 3 -1
15433404079736550 9 -1
15433404079738710 16380 -1
15433404079739210 4 -1
15433404079739230 9 -1
15433404079741408 16379 -1
15433404079741440 5 -1
15433404079741960 9 -1
15433404079744110 16378 -1
15433404079744150 6 -1
15433404079744170 9 -1
15433404079744680 1504 -1
15433404084745810 79 1
15433404085053000 158 -1
15433404085053230 9 -1
15433404085053610 3151 -1
0 0 0
15433403901586800 148 1
15433403901586800 202 1
