### "'38681 74746 282242 119349 119349 16298 25259 162070 162070 156515 128326 115064 96857 196181 199706'"
0 0 0
15433404485522390 148 1
15433404485522390 203 1
0 0 0
15433404485476720 39 -1
15433404485476770 13 -1
15433404485523068 148 1
15433404485523068 185 1
15433404485581340 9 -1
15433404485587348 294 -1
15433404485587390 9 -1
15433404485590110 16383 -1
15433404485590110 1 -1
15433404485590110 9 -1
15433404485592820 16382 -1
15433404485592820 2 -1
15433404485592820 9 -1
15433404485643020 16381 -1
15433404485643020 3 -1
15433404485643020 9 -1
15433404485645248 16380 -1
15433404485645248 4 -1
15433404485645248 9 -1
15433404485646320 9210 -1
0 0 0
15433404485372068 148 1
15433404485372068 184 1
0 0 0
15433404485196740 148 1
15433404485196740 204 1
15433404485196820 39 -1
15433404485196878 13 -1
15433404485245770 9 -1
15433404485250930 311 -1
15433404485251000 9 -1
15433404485253920 16383 -1
15433404485253920 1 -1
15433404485254012 9 -1
15433404485256710 16383 -1
15433404485256710 1 -1
15433404485256710 9 -1
15433404485261360 5913 -1
15433404490599900 78 1
15433404490677618 200 -1
15433404490677750 9 -1
15433404490678690 2973 -1
15433404495679760 58 1
15433404495740390 132 -1
15433404495740480 9 -1
15433404495742590 16383 -1
15433404495742590 1 -1
15433404495742670 9 -1
15433404495745030 16383 -1
15433404495745030 1 -1
15433404495745030 9 -1
15433404495747170 16382 -1
15433404495747170 2 -1
15433404495747170 9 -1
15433404495749340 16381 -1
15433404495749340 3 -1
15433404495749900 9 -1
15433404495752038 16383 -1
15433404495752038 1 -1
15433404495752038 9 -1
15433404495794770 16382 -1
15433404495794770 2 -1
15433404495794770 9 -1
15433404495797670 16381 -1
15433404495797670 3 -1
15433404495797670 9 -1
15433404495797670 4661 -1
15433404500799090 59 1
15433404500870040 155 -1
15433404500870130 9 -1
15433404500872468 16383 -1
15433404500873138 1 -1
15433404500873170 9 -1
15433404500875152 16382 -1
15433404500875710 2 -1
15433404500875730 9 -1
15433404500877890 16381 -1
15433404500878450 3 -1
15433404500878470 9 -1
15433404500881122 16380 -1
15433404500881140 4 -1
15433404500881160 9 -1
15433404500883880 16383 -1
15433404500883910 1 -1
15433404500883930 9 -1
15433404500886590 16382 -1
15433404500886640 2 -1
15433404500886650 9 -1
15433404500889410 16381 -1
15433404500889462 3 -1
15433404500889910 9 -1
15433404500923980 4661 -1
15433404505924960 79 1
15433404505978950 178 -1
15433404505979040 9 -1
15433404505979682 2439 -1
15433404510980402 9 1
15433404515980420 81 1
15433404516040590 170 -1
15433404516041160 9 -1
15433404516041738 2973 -1
15433404521042580 79 1
15433404521097280 171 -1
15433404521097780 9 -1
15433404521098390 2439 -1
15433404526099210 69 1
15433404526164100 165 -1
15433404526164250 9 -1
15433404526166800 16298 -1
15433404531167620 78 1
15433404531222342 170 -1
15433404531222560 9 -1
15433404531223430 2795 -1
15433404536224590 63 1
15433404536289470 229 -1
15433404536289660 9 -1
15433404536290470 4279 -1
15433404541291608 64 1
15433404541356512 139 -1
15433404541356640 9 -1
15433404541358150 6732 -1
15433404546359730 63 1
15433404546422890 128 -1
15433404546423430 9 -1
15433404546425080 6732 -1
15433404551425700 63 1
15433404552057650 152 -1
15433404552058210 9 -1
15433404552060450 7184 -1
15433404557061050 63 1
15433404557127262 129 -1
15433404557127830 9 -1
15433404557128962 6654 -1
15433404562129710 63 1
15433404562187750 152 -1
15433404562187910 9 -1
15433404562190860 7974 -1
15433404567191500 79 1
15433404567245740 178 -1
15433404567245900 9 -1
15433404567246810 2439 -1
15433404572247890 77 1
15433404572303172 171 -1
15433404572303730 9 -1
15433404572304280 3863 -1
15433404577305100 59 1
15433404579030950 136 -1
15433404579031078 9 -1
15433404579033820 15895 -1
15433404579033850 25 -1
15433404579043770 9 -1
15433404579046000 9339 -1
15433404584046600 78 1
15433404584101500 200 -1
15433404584101570 9 -1
15433404584102250 2973 -1
15433404589102850 59 1
15433404589163448 170 -1
15433404589163580 9 -1
15433404589166510 16383 -1
15433404589166570 1 -1
15433404589166600 9 -1
15433404589168748 16383 -1
15433404589168780 1 -1
15433404589168810 9 -1
15433404589171432 16382 -1
15433404589171450 2 -1
15433404589171470 9 -1
15433404589174180 16381 -1
15433404589174212 3 -1
15433404589174230 9 -1
15433404589176910 16380 -1
15433404589176940 4 -1
15433404589176960 9 -1
15433404589179140 16383 -1
15433404589179630 1 -1
15433404589179658 9 -1
15433404589181830 16382 -1
15433404589182410 2 -1
15433404589182450 9 -1
15433404589184570 16381 -1
15433404589185080 3 -1
15433404589185110 9 -1
15433404589187340 16380 -1
15433404589187890 4 -1
15433404589187920 9 -1
15433404589190158 14614 -1
15433404594190890 59 1
15433404595079560 95 -1
15433404595079700 9 -1
15433404595082900 16383 -1
15433404595082942 1 -1
15433404595082970 9 -1
15433404595085620 16383 -1
15433404595085680 1 -1
15433404595085722 9 -1
15433404595088270 16383 -1
15433404595088330 1 -1
15433404595088370 9 -1
15433404595090980 16382 -1
15433404595091030 2 -1
15433404595091072 9 -1
15433404595093720 16383 -1
15433404595093770 1 -1
15433404595093820 9 -1
15433404595096450 16382 -1
15433404595096480 2 -1
15433404595096500 9 -1
15433404595099152 16381 -1
15433404595099190 3 -1
15433404595099210 9 -1
15433404595101900 16380 -1
15433404595101950 4 -1
15433404595101970 9 -1
15433404595104630 16383 -1
15433404595104660 1 -1
15433404595105180 9 -1
15433404595107360 14614 -1
15433404600108200 59 1
15433404600172290 149 -1
15433404600172480 9 -1
15433404600175440 16383 -1
15433404600175490 1 -1
15433404600175510 9 -1
15433404600178170 16383 -1
15433404600178220 1 -1
15433404600178260 9 -1
15433404600180910 16382 -1
15433404600180950 2 -1
15433404600180982 9 -1
15433404600183598 16381 -1
15433404600183650 3 -1
15433404600183670 9 -1
15433404600186328 16380 -1
15433404600186360 4 -1
15433404600186378 9 -1
15433404600189100 16379 -1
15433404600189130 5 -1
15433404600189150 9 -1
15433404600191810 16383 -1
15433404600191842 1 -1
15433404600191860 9 -1
15433404600194470 16382 -1
15433404600194500 2 -1
15433404600194520 9 -1
15433404600197180 16383 -1
15433404600197210 1 -1
15433404600197238 9 -1
15433404600198870 9059 -1
15433404605199740 58 1
15433404606526630 131 -1
15433404606526770 9 -1
15433404606529738 16383 -1
15433404606529780 1 -1
15433404606529810 9 -1
15433404606531940 16383 -1
15433404606532510 1 -1
15433404606532560 9 -1
15433404606534710 16382 -1
15433404606535260 2 -1
15433404606535280 9 -1
15433404606537490 16381 -1
15433404606537508 3 -1
15433404606537530 9 -1
15433404606540238 16383 -1
15433404606540280 1 -1
15433404606540300 9 -1
15433404606542930 16382 -1
15433404606542960 2 -1
15433404606542972 9 -1
15433404606545720 16381 -1
15433404606545780 3 -1
15433404606545802 9 -1
15433404606547950 13638 -1
15433404611548728 58 1
15433404614064340 153 -1
15433404614064478 9 -1
15433404614067170 15894 -1
15433404614067250 490 -1
15433404614067280 9 -1
15433404614069490 15893 -1
15433404614069520 26 -1
15433404614070060 465 -1
15433404614070088 9 -1
15433404614072290 15918 -1
15433404614072320 466 -1
15433404614072340 9 -1
15433404614074510 12567 -1
15433404614074550 9 -1
15433404614076690 16383 -1
15433404614077270 1 -1
15433404614077290 9 -1
15433404614079530 16382 -1
15433404614079580 2 -1
15433404614079600 9 -1
15433404614082260 16381 -1
15433404614082300 3 -1
15433404614082320 9 -1
15433404614083390 4193 -1
15433404627373650 79 1
15433404627428300 117 -1
15433404627428470 9 -1
15433404627429440 1807 -1
15433404656746870 59 1
15433404657002420 153 -1
15433404657002630 9 -1
15433404657005032 16383 -1
15433404657005560 1 -1
15433404657005600 9 -1
15433404657008280 16383 -1
15433404657008340 1 -1
15433404657008380 9 -1
15433404657011002 16382 -1
15433404657011030 2 -1
15433404657011550 9 -1
15433404657013782 16381 -1
15433404657013850 3 -1
15433404657013870 9 -1
15433404657016420 16383 -1
15433404657016448 1 -1
15433404657016922 9 -1
15433404657019132 14937 -1
15433404662023160 59 1
15433404662185940 149 -1
15433404662186388 9 -1
15433404662188980 16383 -1
15433404662189250 1 -1
15433404662189350 9 -1
15433404662191410 16383 -1
15433404662191880 1 -1
15433404662191998 9 -1
15433404662194180 16382 -1
15433404662194728 2 -1
15433404662194778 9 -1
15433404662197052 16381 -1
15433404662197090 3 -1
15433404662197600 9 -1
15433404662199820 16383 -1
15433404662199890 1 -1
15433404662199910 9 -1
15433404662202680 16382 -1
15433404662202762 2 -1
15433404662202790 9 -1
15433404662205470 16381 -1
15433404662205520 3 -1
15433404662205560 9 -1
15433404662207890 16380 -1
15433404662208510 4 -1
15433404662272110 9 -1
15433404662274800 16383 -1
15433404662275340 1 -1
15433404662275360 9 -1
15433404662278020 16382 -1
15433404662278048 2 -1
15433404662278070 9 -1
15433404662280770 16381 -1
15433404662280790 3 -1
15433404662280800 9 -1
15433404662283450 15957 -1
15433404667284270 58 1
15433404667865478 126 -1
15433404667865592 9 -1
15433404667868200 16383 -1
15433404667868250 1 -1
15433404667868290 9 -1
15433404667870942 16382 -1
15433404667870970 2 -1
15433404667871010 9 -1
15433404667873640 16381 -1
15433404667873690 3 -1
15433404667873700 9 -1
15433404667876400 16383 -1
15433404667876430 1 -1
15433404667876440 9 -1
15433404667879110 16383 -1
15433404667879140 1 -1
15433404667879160 9 -1
15433404667881360 16383 -1
15433404667881910 1 -1
15433404667881930 9 -1
15433404667884100 16383 -1
15433404667884140 1 -1
15433404667884160 9 -1
15433404667886760 16382 -1
15433404667886800 2 -1
15433404667886830 9 -1
15433404667889480 16383 -1
15433404667889522 1 -1
15433404667889530 9 -1
15433404667892252 16383 -1
15433404667892302 1 -1
15433404667892770 9 -1
15433404667895010 16383 -1
15433404667895030 1 -1
15433404667895050 9 -1
15433404667897810 16382 -1
15433404667897840 2 -1
15433404667897850 9 -1
15433404667898340 3098 -1
15433404672899210 59 1
15433404672958692 147 -1
15433404672958780 9 -1
15433404672962090 16383 -1
15433404672962160 1 -1
15433404672962192 9 -1
15433404672964800 16383 -1
15433404672964850 1 -1
15433404672964910 9 -1
15433404672967520 16382 -1
15433404672967570 2 -1
15433404672967600 9 -1
15433404672970280 16381 -1
15433404672970300 3 -1
15433404672970322 9 -1
15433404672972980 16380 -1
15433404672973030 4 -1
15433404672973052 9 -1
15433404672975770 16379 -1
15433404672975832 5 -1
15433404672975850 9 -1
15433404672978440 16378 -1
15433404672978490 6 -1
15433404672978510 9 -1
15433404672979010 223 -1
15433404677980040 58 1
15433404678043430 129 -1
15433404678043560 9 -1
15433404678046020 16383 -1
15433404678046082 1 -1
15433404678046110 9 -1
15433404678048360 16383 -1
15433404678048900 1 -1
15433404678048962 9 -1
15433404678051080 16382 -1
15433404678051670 2 -1
15433404678051720 9 -1
15433404678052220 3995 -1
15433404683052968 58 1
15433404683142770 154 -1
15433404683142890 9 -1
15433404683146250 16383 -1
15433404683146320 1 -1
15433404683146378 9 -1
15433404683148360 16383 -1
15433404683148400 1 -1
15433404683148430 9 -1
15433404683151110 16382 -1
15433404683151150 2 -1
15433404683151680 9 -1
15433404683153860 16381 -1
15433404683153902 3 -1
15433404683154408 9 -1
15433404683156590 16383 -1
15433404683157138 1 -1
15433404683157170 9 -1
15433404683159400 16382 -1
15433404683159950 2 -1
15433404683159980 9 -1
15433404683162150 16381 -1
15433404683162170 3 -1
15433404683162190 9 -1
15433404683164830 16380 -1
15433404683164850 4 -1
15433404683164870 9 -1
15433404683167160 12444 -1
15433404688167930 59 1
15433404688228518 217 -1
15433404688228682 9 -1
15433404688231202 16383 -1
15433404688231240 1 -1
15433404688231280 9 -1
15433404688233940 16383 -1
15433404688233970 1 -1
15433404688234520 9 -1
15433404688236712 16382 -1
15433404688236750 2 -1
15433404688236762 9 -1
15433404688239428 16381 -1
15433404688239460 3 -1
15433404688239480 9 -1
15433404688242158 16380 -1
15433404688242220 4 -1
15433404688242270 9 -1
15433404688244860 16383 -1
15433404688244910 1 -1
15433404688244938 9 -1
15433404688247550 16382 -1
15433404688247630 2 -1
15433404688247672 9 -1
15433404688250200 16381 -1
15433404688250730 3 -1
15433404688250750 9 -1
15433404688250762 41 -1
0 0 0
15433404485366120 148 1
15433404485366120 203 1
0 0 0
15433404485521310 148 1
15433404485521310 197 1
15433404485521380 39 -1
15433404485521420 13 -1
15433404485580220 9 -1
15433404485603780 307 -1
15433404485604280 9 -1
15433404485606990 16383 -1
15433404485606990 1 -1
15433404485606990 9 -1
15433404485609160 16382 -1
15433404485609160 2 -1
15433404485609160 9 -1
15433404485660018 16381 -1
15433404485660018 3 -1
15433404485660018 9 -1
15433404485662150 16383 -1
15433404485662150 1 -1
15433404485662150 9 -1
15433404485664250 16382 -1
15433404485664250 2 -1
15433404485664250 9 -1
15433404485666922 16381 -1
15433404485666922 3 -1
15433404485666922 9 -1
15433404485669100 16380 -1
15433404485669100 4 -1
15433404485669100 9 -1
15433404485713510 16379 -1
15433404485714030 5 -1
15433404485714030 9 -1
15433404485716160 16383 -1
15433404485716160 1 -1
15433404485716160 9 -1
15433404485718370 16382 -1
15433404485718370 2 -1
15433404485718370 9 -1
15433404485720460 16381 -1
15433404485720980 3 -1
15433404485721012 9 -1
15433404485727140 16380 -1
15433404485727140 4 -1
15433404485727140 9 -1
15433404485729300 16379 -1
15433404485729300 5 -1
15433404485729300 9 -1
15433404485769040 16378 -1
15433404485769040 6 -1
15433404485769040 9 -1
15433404485773630 16377 -1
15433404485773630 7 -1
15433404485773630 9 -1
15433404485784060 16376 -1
15433404485784060 8 -1
15433404485784060 9 -1
15433404485855650 16375 -1
15433404485855650 9 -1
15433404485855650 9 -1
15433404485856070 3714 -1
