### "'141404 9805 35512 85394 98436 20709 21667 105045 30417 90520 20988 26506 180957 14248 122264'"
0 0 0
15434521759523280 148 1
15434521759523280 181 1
0 0 0
15434521759004070 148 1
15434521759004070 202 1
15434521759004570 39 -1
15434521759004600 13 -1
15434521759058248 9 -1
15434521759065340 310 -1
15434521759065880 9 -1
15434521759067010 3507 -1
0 0 0
15434521759054830 39 -1
15434521759055390 13 -1
15434521759073360 148 1
15434521759073360 181 1
15434521759121390 9 -1
15434521759127532 294 -1
15434521759128080 9 -1
15434521759130800 16383 -1
15434521759130800 1 -1
15434521759130850 9 -1
15434521759133490 16383 -1
15434521759133490 1 -1
15434521759133490 9 -1
15434521759177390 16382 -1
15434521759177390 2 -1
15434521759177390 9 -1
15434521759180182 16381 -1
15434521759180182 3 -1
15434521759180182 9 -1
15434521759182330 16383 -1
15434521759182330 1 -1
15434521759182330 9 -1
15434521759184460 16382 -1
15434521759184460 2 -1
15434521759184460 9 -1
15434521759186680 16381 -1
15434521759186680 3 -1
15434521759186680 9 -1
15434521759224670 16380 -1
15434521759224670 4 -1
15434521759224670 9 -1
15434521759226880 10332 -1
0 0 0
15434521759022830 148 1
15434521759022830 193 1
0 0 0
15434521759001530 148 1
15434521759001530 202 1
0 0 0
15434521766482320 148 1
15434521766482320 186 1
15434521766482360 39 -1
15434521766482380 13 -1
15434521766536270 9 -1
15434521766565580 292 -1
15434521766566110 9 -1
15434521766568360 6530 -1
15434521771569020 9 1
15434521776569070 81 1
15434521776630740 169 -1
15434521776630790 9 -1
15434521776631400 2617 -1
15434521781632258 78 1
15434521781694190 170 -1
15434521781694282 9 -1
15434521781694960 2973 -1
15434521786695650 78 1
15434521786756020 149 -1
15434521786756560 9 -1
15434521786757140 3329 -1
15434521791758280 78 1
15434521791819590 169 -1
15434521791819748 9 -1
15434521791820660 3685 -1
15434521796821510 78 1
15434521796881400 148 -1
15434521796881500 9 -1
15434521796881930 2617 -1
15434521801883230 58 1
15434521801943030 152 -1
15434521801943140 9 -1
15434521801946490 9805 -1
15434521824486970 58 1
15434521824547442 153 -1
15434521824547480 9 -1
15434521824551352 16383 -1
15434521824551352 1 -1
15434521824551390 9 -1
15434521824554610 16383 -1
15434521824554610 1 -1
15434521824554610 9 -1
15434521824554610 2744 -1
15434521829556100 86 1
15434521829616858 156 -1
15434521829617420 9 -1
15434521829620370 16383 -1
15434521829620910 1 -1
15434521829620940 9 -1
15434521829623650 16382 -1
15434521829623650 2 -1
15434521829623712 9 -1
15434521829626320 16383 -1
15434521829626350 1 -1
15434521829626350 9 -1
15434521829629080 16382 -1
15434521829629080 2 -1
15434521829629080 9 -1
15434521829672490 16381 -1
15434521829672490 3 -1
15434521829672490 9 -1
15434521829673560 3474 -1
15434521834676730 79 1
15434521834736900 170 -1
15434521834737380 9 -1
15434521834738500 3507 -1
15434521839739740 81 1
15434521839800520 245 -1
15434521839801050 9 -1
15434521839801080 1387 -1
15434521844802560 78 1
15434521844864882 169 -1
15434521844865388 9 -1
15434521844866570 3151 -1
15434521849867238 58 1
15434521849927910 131 -1
15434521849928400 9 -1
15434521849931108 16383 -1
15434521849931140 1 -1
15434521849931670 9 -1
15434521849934430 16383 -1
15434521849934462 1 -1
15434521849934480 9 -1
15434521849937170 16382 -1
15434521849937220 2 -1
15434521849937730 9 -1
15434521849940482 16381 -1
15434521849940528 3 -1
15434521849940550 9 -1
15434521849943170 16380 -1
15434521849943200 4 -1
15434521849943718 9 -1
15434521849945910 16383 -1
15434521849946460 1 -1
15434521849946480 9 -1
15434521849946498 132 -1
15434521854946560 58 1
15434521855007328 153 -1
15434521855007450 9 -1
15434521855010560 16383 -1
15434521855010590 1 -1
15434521855010600 9 -1
15434521855011662 4325 -1
15434521860013680 58 1
15434521860074070 153 -1
15434521860074200 9 -1
15434521860077300 16383 -1
15434521860077332 1 -1
15434521860077830 9 -1
15434521860080290 5283 -1
15434521865082510 58 1
15434521865166170 127 -1
15434521865166718 9 -1
15434521865169460 15873 -1
15434521865169520 511 -1
15434521865169990 9 -1
15434521865172182 16383 -1
15434521865172730 1 -1
15434521865172750 9 -1
15434521865175450 16383 -1
15434521865175468 1 -1
15434521865175490 9 -1
15434521865178140 16382 -1
15434521865178170 2 -1
15434521865178670 9 -1
15434521865180870 16381 -1
15434521865181420 3 -1
15434521865181450 9 -1
15434521865184150 16380 -1
15434521865184168 4 -1
15434521865184720 9 -1
15434521865185810 6741 -1
15434521870195480 58 1
15434521870256140 152 -1
15434521870256690 9 -1
15434521870259380 16383 -1
15434521870259420 1 -1
15434521870259940 9 -1
15434521870262120 14033 -1
15434521875263290 58 1
15434521875323450 112 -1
15434521875323588 9 -1
15434521875326682 7677 -1
15434521880327480 58 1
15434521880387970 152 -1
15434521880388100 9 -1
15434521880391200 16383 -1
15434521880391740 1 -1
15434521880391778 9 -1
15434521880394450 16383 -1
15434521880394480 1 -1
15434521880394508 9 -1
15434521880397740 16382 -1
15434521880397740 2 -1
15434521880397740 9 -1
15434521880399950 16381 -1
15434521880399972 3 -1
15434521880399990 9 -1
15434521880403718 16380 -1
15434521880403750 4 -1
15434521880404242 9 -1
15434521880405400 8600 -1
15434521885406470 58 1
15434521885466960 130 -1
15434521885467082 9 -1
15434521885469930 16383 -1
15434521885470620 1 -1
15434521885470690 9 -1
15434521885471170 4604 -1
15434521890471790 59 1
15434521890531750 253 -1
15434521890532310 9 -1
15434521890535030 16383 -1
15434521890535058 1 -1
15434521890535090 9 -1
15434521890537270 10122 -1
15434521895538090 58 1
15434521895599630 118 -1
15434521895600180 9 -1
15434521895602900 16383 -1
15434521895602952 1 -1
15434521895602970 9 -1
15434521895605732 16383 -1
15434521895606210 1 -1
15434521895606250 9 -1
15434521895608930 16382 -1
15434521895608960 2 -1
15434521895608980 9 -1
15434521895611690 16381 -1
15434521895611752 3 -1
15434521895611760 9 -1
15434521895614400 16383 -1
15434521895614450 1 -1
15434521895614460 9 -1
15434521895617140 16382 -1
15434521895617690 2 -1
15434521895617710 9 -1
15434521895620370 16381 -1
15434521895620388 3 -1
15434521895620410 9 -1
15434521895655140 16380 -1
15434521895655190 4 -1
15434521895655660 9 -1
15434521895658330 16383 -1
15434521895658370 1 -1
15434521895658380 9 -1
15434521895662150 16382 -1
15434521895662178 2 -1
15434521895662210 9 -1
15434521895665050 16381 -1
15434521895665140 3 -1
15434521895665160 9 -1
15434521895665180 733 -1
15434521900666500 78 1
15434521900730280 170 -1
15434521900730842 9 -1
15434521900731420 2973 -1
15434521905733358 58 1
15434521905793550 126 -1
15434521905794120 9 -1
15434521905796290 14248 -1
15434521910797250 59 1
15434521910858400 153 -1
15434521910858530 9 -1
15434521910862030 16383 -1
15434521910862560 1 -1
15434521910862610 9 -1
15434521910865330 16382 -1
15434521910865368 2 -1
15434521910865410 9 -1
15434521910868040 16381 -1
15434521910868090 3 -1
15434521910868102 9 -1
15434521910870800 16380 -1
15434521910870850 4 -1
15434521910871360 9 -1
15434521910873590 16383 -1
15434521910874130 1 -1
15434521910874160 9 -1
15434521910876328 16382 -1
15434521910876880 2 -1
15434521910876902 9 -1
15434521910879040 16381 -1
15434521910879550 3 -1
15434521910879580 9 -1
15434521910880650 7576 -1
15434521915881640 59 1
15434521915969770 125 -1
15434521915970312 9 -1
15434521915973560 16383 -1
15434521915973590 1 -1
15434521915973620 9 -1
15434521915976310 16383 -1
15434521915976350 1 -1
15434521915976378 9 -1
15434521915979050 16382 -1
15434521915979590 2 -1
15434521915979620 9 -1
15434521915982330 16381 -1
15434521915982348 3 -1
15434521915982380 9 -1
15434521915984990 16380 -1
15434521915985020 4 -1
15434521915985032 9 -1
15434521915987660 16379 -1
15434521915987690 5 -1
15434521915987700 9 -1
15434521915990410 16383 -1
15434521915990428 1 -1
15434521915990920 9 -1
15434521915992010 6586 -1
15434521920995880 58 1
15434521921056540 153 -1
15434521921056680 9 -1
15434521921059780 16383 -1
15434521921059812 1 -1
15434521921060310 9 -1
15434521921062000 11716 -1
15434521926062830 59 1
15434521926123322 130 -1
15434521926123900 9 -1
15434521926126020 16383 -1
15434521926126570 1 -1
15434521926126608 9 -1
15434521926127680 4805 -1
15434521931128340 58 1
15434521931188322 153 -1
15434521931188828 9 -1
15434521931191600 16383 -1
15434521931191630 1 -1
15434521931191658 9 -1
15434521931194342 16383 -1
15434521931194380 1 -1
15434521931194400 9 -1
15434521931195980 10819 -1
15434521936196630 58 1
15434521936278390 130 -1
15434521936278930 9 -1
15434521936281650 16383 -1
15434521936281682 1 -1
15434521936281710 9 -1
15434521936282780 4166 -1
15434521941283510 58 1
15434521941346310 149 -1
15434521941346800 9 -1
15434521941349520 16383 -1
15434521941349550 1 -1
15434521941349580 9 -1
15434521941352230 16383 -1
15434521941352270 1 -1
15434521941352310 9 -1
15434521941353860 7751 -1
15434521946354548 59 1
15434521946416190 235 -1
15434521946416740 9 -1
15434521946419510 16383 -1
15434521946419540 1 -1
15434521946419570 9 -1
15434521946422780 16383 -1
15434521946422820 1 -1
15434521946422852 9 -1
15434521946424912 16382 -1
15434521946425410 2 -1
15434521946425440 9 -1
15434521946428110 16381 -1
15434521946428170 3 -1
15434521946428190 9 -1
15434521946432660 16380 -1
15434521946432732 4 -1
15434521946433250 9 -1
15434521946435890 16379 -1
15434521946435940 5 -1
15434521946435960 9 -1
15434521946438630 15249 -1
0 0 0
15434521758712420 148 1
15434521758712420 202 1
