### "'91450 134698 124398 146312 45919 29802 10425 8049 109662 84609 91094 75310 82179 113342 88280'"
0 0 0
15434541009122170 148 1
15434541009122170 213 1
15434541009122232 39 -1
15434541009122250 13 -1
15434541009170410 9 -1
15434541009178300 323 -1
15434541009178370 9 -1
15434541009181660 16383 -1
15434541009181718 1 -1
15434541009181740 9 -1
15434541009184480 16382 -1
15434541009184548 2 -1
15434541009226260 9 -1
15434541009228940 16381 -1
15434541009228940 3 -1
15434541009228940 9 -1
15434541009231650 16380 -1
15434541009231650 4 -1
15434541009231650 9 -1
15434541009233810 16379 -1
15434541009233810 5 -1
15434541009233810 9 -1
15434541009236560 16383 -1
15434541009236560 1 -1
15434541009236560 9 -1
15434541009238200 16382 -1
15434541009238200 2 -1
15434541009238200 9 -1
15434541009276280 16381 -1
15434541009276280 3 -1
15434541009276280 9 -1
15434541009277920 15240 -1
15434541014278760 88 1
15434541014333178 182 -1
15434541014333720 9 -1
15434541014336390 16383 -1
15434541014336938 1 -1
15434541014336960 9 -1
15434541014339672 16383 -1
15434541014339710 1 -1
15434541014339730 9 -1
15434541014341878 13151 -1
15434541019342870 86 1
15434541019401090 161 -1
15434541019401218 9 -1
15434541019404610 16383 -1
15434541019404640 1 -1
15434541019405140 9 -1
15434541019406800 13418 -1
15434541024407580 9 1
15434541029407620 66 1
15434541029461670 152 -1
15434541029461710 9 -1
15434541029464380 6481 -1
15434541034464992 63 1
15434541034520550 153 -1
15434541034520640 9 -1
15434541034523038 6483 -1
15434541039523720 63 1
15434541039579070 128 -1
15434541039579160 9 -1
15434541039579958 6070 -1
15434541044581010 63 1
15434541044636220 135 -1
15434541044636300 9 -1
15434541044638020 6377 -1
15434541049638970 63 1
15434541049694520 126 -1
15434541049694600 9 -1
15434541049696260 10425 -1
15434541054697412 62 1
15434541054752910 153 -1
15434541054753448 9 -1
15434541054756240 8049 -1
15434541059756802 78 1
15434541059811540 148 -1
15434541059811630 9 -1
15434541059812370 2973 -1
15434541064813440 78 1
15434541064868370 276 -1
15434541064868460 9 -1
15434541064869120 2973 -1
15434541069869850 78 1
15434541069924980 148 -1
15434541069925070 9 -1
15434541069925780 3151 -1
15434541074926550 78 1
15434541074981980 171 -1
15434541074982070 9 -1
15434541074982780 3685 -1
15434541079983520 78 1
15434541080038460 201 -1
15434541080038980 9 -1
15434541080039570 2795 -1
15434541085434970 79 1
15434541085490050 147 -1
15434541085490160 9 -1
15434541085491120 3151 -1
15434541090492000 58 1
15434541090549570 153 -1
15434541090549650 9 -1
15434541090552180 16383 -1
15434541090552220 1 -1
15434541090552230 9 -1
15434541090554900 16383 -1
15434541090554920 1 -1
15434541090554932 9 -1
15434541090557650 16382 -1
15434541090557680 2 -1
15434541090557690 9 -1
15434541090560350 16383 -1
15434541090560370 1 -1
15434541090560380 9 -1
15434541090563070 16382 -1
15434541090563090 2 -1
15434541090563100 9 -1
15434541090599400 16383 -1
15434541090599400 1 -1
15434541090599400 9 -1
15434541090601680 11358 -1
15434541095602250 59 1
15434541095658090 129 -1
15434541095658210 9 -1
15434541095660688 16383 -1
15434541095660770 1 -1
15434541095660800 9 -1
15434541095663090 16383 -1
15434541095663640 1 -1
15434541095663690 9 -1
15434541095666410 16382 -1
15434541095666430 2 -1
15434541095666450 9 -1
15434541095668630 16381 -1
15434541095669160 3 -1
15434541095669190 9 -1
15434541095671420 16380 -1
15434541095671480 4 -1
15434541095671502 9 -1
15434541095672550 2689 -1
15434541100673202 59 1
15434541100728980 152 -1
15434541100729100 9 -1
15434541100732300 16383 -1
15434541100732370 1 -1
15434541100732390 9 -1
15434541100734770 16383 -1
15434541100734820 1 -1
15434541100734830 9 -1
15434541100736950 16382 -1
15434541100737500 2 -1
15434541100737520 9 -1
15434541100739650 16381 -1
15434541100740212 3 -1
15434541100740230 9 -1
15434541100743530 16380 -1
15434541100743548 4 -1
15434541100743580 9 -1
15434541100745202 9174 -1
15434541105745850 59 1
15434541105802980 130 -1
15434541105803170 9 -1
15434541105805560 16383 -1
15434541105806050 1 -1
15434541105806100 9 -1
15434541105808180 16382 -1
15434541105808730 2 -1
15434541105808780 9 -1
15434541105811470 16381 -1
15434541105811500 3 -1
15434541105811520 9 -1
15434541105813652 16380 -1
15434541105814200 4 -1
15434541105814230 9 -1
15434541105815870 9774 -1
15434541110816520 58 1
15434541110872510 154 -1
15434541110872640 9 -1
15434541110874888 16383 -1
15434541110875440 1 -1
15434541110875480 9 -1
15434541110878190 16382 -1
15434541110878210 2 -1
15434541110878242 9 -1
15434541110880390 16381 -1
15434541110880930 3 -1
15434541110880940 9 -1
15434541110883220 16383 -1
15434541110883270 1 -1
15434541110883290 9 -1
15434541110886400 16382 -1
15434541110886450 2 -1
15434541110886468 9 -1
15434541110886490 259 -1
15434541115888240 59 1
15434541115966390 230 -1
15434541115966610 9 -1
15434541115969040 16383 -1
15434541115969630 1 -1
15434541115969738 9 -1
15434541115971870 16383 -1
15434541115972422 1 -1
15434541115972480 9 -1
15434541115975152 16382 -1
15434541115975210 2 -1
15434541115975220 9 -1
15434541115977890 16381 -1
15434541115977950 3 -1
15434541115977982 9 -1
15434541115980580 16380 -1
15434541115981122 4 -1
15434541115981150 9 -1
15434541115983850 16383 -1
15434541115983930 1 -1
15434541115983952 9 -1
15434541116016440 15038 -1
15434541121017170 59 1
15434541121073890 149 -1
15434541121074040 9 -1
15434541121076880 16383 -1
15434541121076940 1 -1
15434541121076952 9 -1
15434541121079590 16382 -1
15434541121080150 2 -1
15434541121080200 9 -1
15434541121082302 16383 -1
15434541121082808 1 -1
15434541121082840 9 -1
15434541121085550 16382 -1
15434541121085588 2 -1
15434541121085600 9 -1
15434541121088360 16381 -1
15434541121088400 3 -1
15434541121088910 9 -1
15434541121090030 6360 -1
15434541126090742 59 1
15434541126146008 130 -1
15434541126146140 9 -1
15434541126148810 16383 -1
15434541126148870 1 -1
15434541126148900 9 -1
15434541126152050 16382 -1
15434541126152080 2 -1
15434541126152110 9 -1
15434541126154820 15959 -1
15434541131155490 59 1
15434541131210740 149 -1
15434541131210858 9 -1
15434541131213592 16383 -1
15434541131213620 1 -1
15434541131214148 9 -1
15434541131216350 16382 -1
15434541131216890 2 -1
15434541131216940 9 -1
15434541131219100 16383 -1
15434541131219650 1 -1
15434541131219680 9 -1
15434541131221860 16382 -1
15434541131221890 2 -1
15434541131222400 9 -1
15434541131225070 16381 -1
15434541131225122 3 -1
15434541131225140 9 -1
15434541131227838 16380 -1
15434541131227910 4 -1
15434541131227930 9 -1
15434541131259150 16379 -1
15434541131259150 5 -1
15434541131259150 9 -1
15434541131261352 16378 -1
15434541131261352 6 -1
15434541131261352 9 -1
15434541131264060 16377 -1
15434541131264060 7 -1
15434541131264060 9 -1
15434541131266220 16376 -1
15434541131266220 8 -1
15434541131266220 9 -1
15434541131268370 16383 -1
15434541131268370 1 -1
15434541131268370 9 -1
15434541131273360 16382 -1
15434541131273360 2 -1
15434541131273360 9 -1
15434541131273360 16381 -1
15434541131273360 3 -1
15434541131273360 9 -1
15434541131276150 16380 -1
15434541131276218 4 -1
15434541131276218 9 -1
15434541131276218 7985 -1
15434541136279240 59 1
15434541136333980 127 -1
15434541136334110 9 -1
15434541136337420 16383 -1
15434541136337490 1 -1
15434541136337522 9 -1
15434541136339570 16382 -1
15434541136340080 2 -1
15434541136340130 9 -1
15434541136342840 16383 -1
15434541136342872 1 -1
15434541136342890 9 -1
15434541136345630 16382 -1
15434541136345660 2 -1
15434541136345680 9 -1
15434541136350420 16381 -1
15434541136350510 3 -1
15434541136350980 9 -1
15434541136353120 16380 -1
15434541136353120 4 -1
15434541136353120 9 -1
15434541136355780 16379 -1
15434541136355800 5 -1
15434541136355810 9 -1
15434541136358500 16378 -1
15434541136358530 6 -1
15434541136358572 9 -1
15434541136360720 16377 -1
15434541136360720 7 -1
15434541136360770 9 -1
15434541136362950 11266 -1
15434541141363658 59 1
15434541141419070 149 -1
15434541141419200 9 -1
15434541141422328 16383 -1
15434541141422360 1 -1
15434541141422380 9 -1
15434541141425000 16382 -1
15434541141425050 2 -1
15434541141425108 9 -1
15434541141427720 16381 -1
15434541141427760 3 -1
15434541141427792 9 -1
15434541141430480 16383 -1
15434541141430530 1 -1
15434541141430572 9 -1
15434541141433230 16382 -1
15434541141433812 2 -1
15434541141433880 9 -1
15434541141436030 16381 -1
15434541141436080 3 -1
15434541141436542 9 -1
15434541141438730 16380 -1
15434541141439290 4 -1
15434541141439322 9 -1
15434541141441450 16379 -1
15434541141442000 5 -1
15434541141442050 9 -1
15434541141443060 7325 -1
15434541146443720 58 1
15434541146499720 131 -1
15434541146499850 9 -1
15434541146503000 16383 -1
15434541146503060 1 -1
15434541146503090 9 -1
15434541146505200 16382 -1
15434541146505250 2 -1
15434541146505280 9 -1
15434541146507980 16381 -1
15434541146508018 3 -1
15434541146508040 9 -1
15434541146510720 16380 -1
15434541146510770 4 -1
15434541146510790 9 -1
15434541146512390 8406 -1
15434541151513080 58 1
15434541151569970 154 -1
15434541151570510 9 -1
15434541151573200 16383 -1
15434541151573260 1 -1
15434541151574330 9 -1
15434541151577650 16383 -1
15434541151577680 1 -1
15434541151577700 9 -1
15434541151580300 16382 -1
15434541151580340 2 -1
15434541151580350 9 -1
15434541151583080 16381 -1
15434541151583100 3 -1
15434541151583590 9 -1
15434541151585780 16380 -1
15434541151586340 4 -1
15434541151586370 9 -1
15434541151588480 16379 -1
15434541151589010 5 -1
15434541151589040 9 -1
15434541151591712 16378 -1
15434541151591770 6 -1
15434541151591812 9 -1
15434541151594450 16377 -1
15434541151594500 7 -1
15434541151594510 9 -1
15434541151597200 16376 -1
15434541151597220 8 -1
15434541151597750 9 -1
15434541151598310 5165 -1
15434541156599450 58 1
15434541156655650 118 -1
15434541156656180 9 -1
15434541156658350 16383 -1
15434541156658380 1 -1
15434541156658910 9 -1
15434541156661060 16382 -1
15434541156661620 2 -1
15434541156661670 9 -1
15434541156663762 16383 -1
15434541156664290 1 -1
15434541156664310 9 -1
15434541156665930 9198 -1
15434541161666592 58 1
15434541161723880 155 -1
15434541161724210 9 -1
15434541161724720 16383 -1
15434541161724780 1 -1
15434541161724830 9 -1
15434541161727870 16382 -1
15434541161728160 2 -1
15434541161728240 9 -1
15434541161731610 16381 -1
15434541161731870 3 -1
15434541161731920 9 -1
15434541161735260 16383 -1
15434541161735440 1 -1
15434541161735480 9 -1
15434541161735740 16382 -1
15434541161735870 2 -1
15434541161735900 9 -1
15434541161738380 16381 -1
15434541161738450 3 -1
15434541161738480 9 -1
15434541161741130 15762 -1
15434541166750850 59 1
15434541166806368 127 -1
15434541166806510 9 -1
15434541166809310 16383 -1
15434541166809340 1 -1
15434541166809370 9 -1
15434541166812010 16382 -1
15434541166812050 2 -1
15434541166812060 9 -1
15434541166814720 16381 -1
15434541166814740 3 -1
15434541166814762 9 -1
15434541166816918 14489 -1
15434541171817770 59 1
15434541171873520 258 -1
15434541171873660 9 -1
15434541171876220 16383 -1
15434541171876920 1 -1
15434541171877010 9 -1
15434541171879120 16383 -1
15434541171879160 1 -1
15434541171879190 9 -1
15434541171881850 16382 -1
15434541171881890 2 -1
15434541171882390 9 -1
15434541171884560 16381 -1
15434541171885120 3 -1
15434541171885140 9 -1
15434541171887320 16380 -1
15434541171887340 4 -1
15434541171887880 9 -1
15434541171890060 16379 -1
15434541171890110 5 -1
15434541171890622 9 -1
15434541171892810 16378 -1
15434541171893352 6 -1
15434541171893380 9 -1
15434541171895580 16377 -1
15434541171895620 7 -1
15434541171896120 9 -1
15434541171898292 16383 -1
15434541171898330 1 -1
15434541171898840 9 -1
15434541171901100 16382 -1
15434541171901168 2 -1
15434541171901190 9 -1
15434541171923090 16381 -1
15434541171923090 3 -1
15434541171923090 9 -1
15434541171925250 16380 -1
15434541171925250 4 -1
15434541171925250 9 -1
15434541171927900 16379 -1
15434541171927900 5 -1
15434541171927900 9 -1
15434541171930080 16378 -1
15434541171930080 6 -1
15434541171930080 9 -1
15434541171932230 16377 -1
15434541171932230 7 -1
15434541171932230 9 -1
15434541171934340 16376 -1
15434541171934340 8 -1
15434541171934340 9 -1
15434541171936620 16375 -1
15434541171936640 9 -1
15434541171936650 9 -1
15434541171939320 16374 -1
15434541171939320 10 -1
15434541171939320 9 -1
15434541171941490 16373 -1
15434541171941490 11 -1
15434541171941490 9 -1
15434541171943650 16383 -1
15434541171943650 1 -1
15434541171943650 9 -1
15434541171945860 16382 -1
15434541171945860 2 -1
15434541171945860 9 -1
15434541171948010 16381 -1
15434541171948010 3 -1
15434541171948010 9 -1
15434541171950710 16380 -1
15434541171950710 4 -1
15434541171950710 9 -1
15434541171952320 16379 -1
15434541171952320 5 -1
15434541171952320 9 -1
15434541171954530 16378 -1
15434541171955050 6 -1
15434541171955050 9 -1
15434541171957250 16377 -1
15434541171957250 7 -1
15434541171957250 9 -1
15434541171958360 9426 -1
15434541176959080 88 1
15434541177013960 159 -1
15434541177014070 9 -1
15434541177016260 16383 -1
15434541177017140 1 -1
15434541177017230 9 -1
0 0 0
15434541008168490 39 -1
15434541008168560 13 -1
15434541008191190 148 1
15434541008191190 183 1
15434541008248430 9 -1
15434541008250640 296 -1
15434541008251130 9 -1
15434541008254320 16383 -1
15434541008254320 1 -1
15434541008254320 9 -1
15434541008256530 16382 -1
15434541008256530 2 -1
15434541008256600 9 -1
15434541008307460 16383 -1
15434541008307460 1 -1
15434541008307460 9 -1
15434541008310760 16382 -1
15434541008310760 2 -1
15434541008310760 9 -1
15434541008313330 16381 -1
15434541008313330 3 -1
15434541008313330 9 -1
15434541008314430 9530 -1
0 0 0
15434541008136130 148 1
15434541008136130 184 1
15434541008136580 39 -1
15434541008136610 13 -1
15434541008184258 9 -1
15434541008192648 295 -1
15434541008192698 9 -1
15434541008195760 16383 -1
15434541008195760 1 -1
15434541008195760 9 -1
15434541008199040 16382 -1
15434541008199040 2 -1
15434541008199040 9 -1
15434541008243030 16381 -1
15434541008243030 3 -1
15434541008243030 9 -1
15434541008245130 16380 -1
15434541008245130 4 -1
15434541008245130 9 -1
15434541008247890 16379 -1
15434541008247890 5 -1
15434541008247890 9 -1
15434541008250080 16378 -1
15434541008250080 6 -1
15434541008250080 9 -1
15434541008252252 16377 -1
15434541008252252 7 -1
15434541008252252 9 -1
15434541008288692 9710 -1
0 0 0
15434541007873570 148 1
15434541007873570 196 1
15434541007873640 39 -1
15434541007873672 13 -1
15434541007921550 9 -1
15434541007929110 307 -1
15434541007929600 9 -1
15434541007932310 16383 -1
15434541007932360 1 -1
15434541007932380 9 -1
15434541007976890 16382 -1
15434541007976890 2 -1
15434541007976890 9 -1
15434541007979500 16381 -1
15434541007979500 3 -1
15434541007979500 9 -1
15434541007982162 16383 -1
15434541007982162 1 -1
15434541007982162 9 -1
15434541007984850 16382 -1
15434541007984850 2 -1
15434541007984850 9 -1
15434541008024650 16381 -1
15434541008024650 3 -1
15434541008024650 9 -1
15434541008027900 16380 -1
15434541008027900 4 -1
15434541008027900 9 -1
15434541008030130 16379 -1
15434541008030130 5 -1
15434541008030130 9 -1
15434541008030750 3626 -1
0 0 0
15434541008143690 39 -1
15434541008143740 13 -1
15434541008208820 148 1
15434541008208820 204 1
15434541008257630 9 -1
15434541008262670 311 -1
15434541008262710 9 -1
15434541008263240 2111 -1
0 0 0
15434541008059220 148 1
15434541008059220 204 1
0 0 0
15434541008245740 148 1
15434541008245740 204 1
15434541008246840 39 -1
15434541008246880 13 -1
15434541008294352 9 -1
15434541008299400 310 -1
15434541008299460 9 -1
15434541008300540 3151 -1
