### "'52532 51331 14947 8142 8127 33869 62293 71326 78043 95076 123562 147220 90411 41270 58522'"
0 0 0
15434549160810520 39 -1
15434549160810880 13 -1
15434549160850110 148 1
15434549160897190 9 -1
15434549160897400 200 1
15434549160952120 309 -1
15434549160952680 9 -1
15434549160953830 5465 -1
0 0 0
15434549160921540 148 1
15434549160921540 200 1
15434549160922040 39 -1
15434549160922070 13 -1
15434549160975700 9 -1
15434549160981218 311 -1
15434549160981360 9 -1
15434549160984680 16383 -1
15434549160984680 1 -1
15434549160984780 9 -1
15434549160987410 16383 -1
15434549160987410 1 -1
15434549160987410 9 -1
15434549161037810 16382 -1
15434549161037810 2 -1
15434549161037810 9 -1
15434549161039500 2179 -1
0 0 0
15434549160902180 148 1
15434549160902180 200 1
15434549160902610 39 -1
15434549160902660 13 -1
15434549160950720 9 -1
15434549160955980 339 -1
15434549160956070 9 -1
15434549160957338 2947 -1
0 0 0
15434549160872410 148 1
15434549160872410 180 1
0 0 0
15434549160975248 148 1
15434549160975248 191 1
15434549160975298 39 -1
15434549160975330 13 -1
15434549161028820 9 -1
15434549161036150 307 -1
15434549161036710 9 -1
15434549161040050 14947 -1
0 0 0
15434549160910840 148 1
15434549160910840 180 1
15434549160911220 39 -1
15434549160911260 13 -1
15434549160964880 9 -1
15434549160969760 293 -1
15434549160970312 9 -1
15434549160973580 16383 -1
15434549160973580 1 -1
15434549160973650 9 -1
15434549160976282 16383 -1
15434549160976282 1 -1
15434549160976282 9 -1
15434549161025250 16382 -1
15434549161025250 2 -1
15434549161025250 9 -1
15434549161026370 3380 -1
0 0 0
15434549168117040 148 1
15434549168117040 200 1
15434549168117090 39 -1
15434549168117458 13 -1
15434549168165050 9 -1
15434549168169860 311 -1
15434549168169890 9 -1
15434549168170980 2439 -1
15434549173171780 77 1
15434549173226170 171 -1
15434549173226262 9 -1
15434549173227120 3151 -1
15434549178227970 78 1
15434549178281350 178 -1
15434549178281440 9 -1
15434549178282160 3329 -1
15434549183282890 78 1
15434549183337060 156 -1
15434549183337140 9 -1
15434549183338720 3329 -1
15434549188339290 77 1
15434549188393500 143 -1
15434549188394000 9 -1
15434549188395690 4219 -1
15434549193396280 62 1
15434549193450460 152 -1
15434549193450962 9 -1
15434549193453742 8142 -1
15434549198454360 62 1
15434549198508170 129 -1
15434549198508310 9 -1
15434549198510320 6134 -1
15434549203511230 63 1
15434549203564702 135 -1
15434549203564830 9 -1
15434549203565950 5305 -1
15434549208566690 64 1
15434549208620600 129 -1
15434549208620750 9 -1
15434549208622820 4405 -1
15434549213623418 63 1
15434549213678542 152 -1
15434549213678670 9 -1
15434549213681430 8127 -1
15434549218682100 63 1
15434549218736520 229 -1
15434549218736670 9 -1
15434549218738630 5736 -1
15434549223739460 9 1
15434549228739418 81 1
15434549228792400 178 -1
15434549228792980 9 -1
15434549228794670 5465 -1
15434549233795430 58 1
15434549233849540 154 -1
15434549233850090 9 -1
15434549233852830 16383 -1
15434549233852870 1 -1
15434549233852920 9 -1
15434549233855600 16383 -1
15434549233855640 1 -1
15434549233856160 9 -1
15434549233896470 1101 -1
15434549238897470 58 1
15434549238958910 126 -1
15434549238959040 9 -1
15434549238962130 16383 -1
15434549238962180 1 -1
15434549238962222 9 -1
15434549238964910 16382 -1
15434549238964952 2 -1
15434549238964990 9 -1
15434549239008100 16381 -1
15434549239008100 3 -1
15434549239008100 9 -1
15434549239009740 13141 -1
15434549244010610 58 1
15434549244064450 153 -1
15434549244064580 9 -1
15434549244067680 16383 -1
15434549244067718 1 -1
15434549244067740 9 -1
15434549244070490 16382 -1
15434549244070540 2 -1
15434549244071050 9 -1
15434549244073228 16383 -1
15434549244073780 1 -1
15434549244073810 9 -1
15434549244113720 16382 -1
15434549244113720 2 -1
15434549244113720 9 -1
15434549244114850 5790 -1
15434549249115560 59 1
15434549249170250 117 -1
15434549249170370 9 -1
15434549249173700 16383 -1
15434549249173760 1 -1
15434549249173790 9 -1
15434549249176322 16383 -1
15434549249176372 1 -1
15434549249176400 9 -1
15434549249179090 16382 -1
15434549249179170 2 -1
15434549249179190 9 -1
15434549249181790 16381 -1
15434549249217710 3 -1
15434549249217710 9 -1
15434549249219110 12507 -1
15434549254219940 58 1
15434549254274190 148 -1
15434549254274320 9 -1
15434549254276950 16383 -1
15434549254277452 1 -1
15434549254277502 9 -1
15434549254280220 16383 -1
15434549254280270 1 -1
15434549254280320 9 -1
15434549254282870 16382 -1
15434549254283430 2 -1
15434549254283460 9 -1
15434549254286170 16381 -1
15434549254286202 3 -1
15434549254286220 9 -1
15434549254322330 16383 -1
15434549254322330 1 -1
15434549254322330 9 -1
15434549254323940 13156 -1
15434549259324880 59 1
15434549259382580 132 -1
15434549259382700 9 -1
15434549259385682 16383 -1
15434549259385740 1 -1
15434549259385770 9 -1
15434549259388810 16382 -1
15434549259388880 2 -1
15434549259388918 9 -1
15434549259391770 16381 -1
15434549259391798 3 -1
15434549259391820 9 -1
15434549259394460 16380 -1
15434549259394490 4 -1
15434549259395010 9 -1
15434549259397200 16383 -1
15434549259397750 1 -1
15434549259397780 9 -1
15434549259431692 16382 -1
15434549259431692 2 -1
15434549259431692 9 -1
15434549259433890 16381 -1
15434549259433890 3 -1
15434549259433890 9 -1
15434549259435000 8874 -1
15434549264435850 58 1
15434549264491520 153 -1
15434549264491660 9 -1
15434549264494770 16383 -1
15434549264494830 1 -1
15434549264494860 9 -1
15434549264496990 16382 -1
15434549264497040 2 -1
15434549264497080 9 -1
15434549264500270 16381 -1
15434549264500300 3 -1
15434549264500320 9 -1
15434549264503018 16380 -1
15434549264503068 4 -1
15434549264503090 9 -1
15434549264505740 16383 -1
15434549264505770 1 -1
15434549264506300 9 -1
15434549264508980 16382 -1
15434549264509010 2 -1
15434549264509030 9 -1
15434549264540020 16381 -1
15434549264540020 3 -1
15434549264540020 9 -1
15434549264542192 16380 -1
15434549264542192 4 -1
15434549264542710 9 -1
15434549264544850 16148 -1
15434549269545490 59 1
15434549269600090 130 -1
15434549269600210 9 -1
15434549269602972 16383 -1
15434549269603022 1 -1
15434549269603060 9 -1
15434549269605638 16382 -1
15434549269606190 2 -1
15434549269606230 9 -1
15434549269608920 16381 -1
15434549269608960 3 -1
15434549269608980 9 -1
15434549269611710 16383 -1
15434549269612200 1 -1
15434549269612220 9 -1
15434549269614920 16382 -1
15434549269614950 2 -1
15434549269614970 9 -1
15434549269616600 8491 -1
15434549274617290 58 1
15434549274672610 254 -1
15434549274672740 9 -1
15434549274675360 16383 -1
15434549274675400 1 -1
15434549274676020 9 -1
15434549274678250 16382 -1
15434549274678300 2 -1
15434549274678330 9 -1
15434549274680460 8502 -1
15434549279681138 59 1
15434549279735350 117 -1
15434549279735488 9 -1
15434549279738410 16383 -1
15434549279738482 1 -1
15434549279738520 9 -1
15434549279741320 16382 -1
15434549279741362 2 -1
15434549279741380 9 -1
15434549279743978 16383 -1
15434549279744030 1 -1
15434549279744050 9 -1
15434549279745550 9370 -1
15434549284746348 59 1
15434549284822250 148 -1
15434549284822372 9 -1
15434549284825520 16383 -1
15434549284825600 1 -1
15434549284825630 9 -1
15434549284828430 16383 -1
15434549284828480 1 -1
15434549284828530 9 -1
15434549284831190 16382 -1
15434549284831222 2 -1
15434549284831740 9 -1
15434549284832840 7490 -1
15434549289833450 58 1
15434549289888958 107 -1
15434549289889080 9 -1
15434549289891738 16383 -1
15434549289892530 1 -1
15434549289892610 9 -1
15434549289895220 16383 -1
15434549289895260 1 -1
15434549289895288 9 -1
15434549289897972 16382 -1
15434549289898010 2 -1
15434549289898540 9 -1
15434549289901320 16381 -1
15434549289901372 3 -1
15434549289901400 9 -1
15434549289902380 6392 -1
15434549294903030 58 1
15434549294956930 153 -1
15434549294957090 9 -1
15434549294960238 16383 -1
15434549294960300 1 -1
15434549294960330 9 -1
15434549294963030 16383 -1
15434549294963080 1 -1
15434549294963120 9 -1
15434549294965740 16382 -1
15434549294965790 2 -1
15434549294965810 9 -1
15434549294968560 16381 -1
15434549294969100 3 -1
15434549294969130 9 -1
15434549294970220 6593 -1
15434549299971860 58 1
15434549300026910 153 -1
15434549300027020 9 -1
15434549300029690 16383 -1
15434549300029718 1 -1
15434549300029750 9 -1
15434549300032490 16382 -1
15434549300032530 2 -1
15434549300033090 9 -1
15434549300034780 10326 -1
15434549305035630 59 1
15434549305090460 131 -1
15434549305090630 9 -1
15434549305093670 16383 -1
15434549305094230 1 -1
15434549305094290 9 -1
15434549305096950 16383 -1
15434549305096980 1 -1
15434549305097010 9 -1
15434549305099750 16382 -1
15434549305099790 2 -1
15434549305100310 9 -1
15434549305102962 16383 -1
15434549305102980 1 -1
15434549305102990 9 -1
15434549305105660 16382 -1
15434549305105690 2 -1
15434549305105710 9 -1
15434549305108380 15486 -1
15434549310109150 58 1
15434549310163190 152 -1
15434549310163742 9 -1
15434549310166450 16383 -1
15434549310166500 1 -1
15434549310166540 9 -1
15434549310169280 16383 -1
15434549310169320 1 -1
15434549310169840 9 -1
15434549310171512 9482 -1
15434549315172200 58 1
15434549315227050 130 -1
15434549315227160 9 -1
15434549315229412 16383 -1
15434549315229950 1 -1
15434549315229990 9 -1
15434549315232680 16383 -1
15434549315232710 1 -1
15434549315232740 9 -1
15434549315235910 16382 -1
15434549315235930 2 -1
15434549315235950 9 -1
15434549315237020 5277 -1
