### "'21783 92890 88779 164325 104089 60681 13894 59213 22470 232530 78085 91628 275790 256487 203177'"
0 0 0
15433430344269650 39 -1
15433430344269700 13 -1
15433430344540082 148 1
15433430344540082 203 1
15433430344588850 9 -1
15433430344597160 313 -1
15433430344597260 9 -1
15433430344600310 16383 -1
15433430344600310 1 -1
15433430344600360 9 -1
15433430344601900 5399 -1
15433430349689150 88 1
15433430349744610 162 -1
15433430349745040 9 -1
15433430349748450 16383 -1
15433430349748450 1 -1
15433430349748450 9 -1
15433430349751238 16383 -1
15433430349751238 1 -1
15433430349751238 9 -1
15433430349753940 16382 -1
15433430349753940 2 -1
15433430349753940 9 -1
15433430349794450 16383 -1
15433430349794450 1 -1
15433430349794450 9 -1
15433430349797210 16383 -1
15433430349797210 1 -1
15433430349797210 9 -1
15433430349800480 16382 -1
15433430349800480 2 -1
15433430349800480 9 -1
15433430349801610 5785 -1
15433430354802290 87 1
15433430354863660 182 -1
15433430354864212 9 -1
15433430354867030 16383 -1
15433430354867080 1 -1
15433430354867110 9 -1
15433430354869840 16382 -1
15433430354870400 2 -1
15433430354870450 9 -1
15433430354873670 16381 -1
15433430354873700 3 -1
15433430354874200 9 -1
15433430354875860 11529 -1
15433430359876500 88 1
15433430359945700 159 -1
15433430359945900 9 -1
15433430359949010 13894 -1
15433430364949790 88 1
15433430365016270 181 -1
15433430365016470 9 -1
15433430365019560 16383 -1
15433430365019610 1 -1
15433430365019620 9 -1
15433430365022840 16383 -1
15433430365022890 1 -1
15433430365022910 9 -1
15433430365026160 16382 -1
15433430365026210 2 -1
15433430365026240 9 -1
15433430365028340 10061 -1
15433430370029262 88 1
15433430370132280 177 -1
15433430370132502 9 -1
15433430370135470 16383 -1
15433430370135520 1 -1
15433430370135550 9 -1
15433430370137170 6086 -1
15433430375137830 78 1
15433430375204700 149 -1
15433430375204830 9 -1
15433430375205830 3507 -1
15433430380206530 58 1
15433430380267280 142 -1
15433430380267410 9 -1
15433430380271060 16383 -1
15433430380271090 1 -1
15433430380271120 9 -1
15433430380274342 16383 -1
15433430380274370 1 -1
15433430380274392 9 -1
15433430380278152 16382 -1
15433430380278152 2 -1
15433430380278152 9 -1
15433430380280890 16381 -1
15433430380280890 3 -1
15433430380280920 9 -1
15433430380283580 16383 -1
15433430380283640 1 -1
15433430380283660 9 -1
15433430380286300 16383 -1
15433430380286310 1 -1
15433430380286332 9 -1
15433430380289568 16382 -1
15433430380289568 2 -1
15433430380289590 9 -1
15433430380316190 16383 -1
15433430380316240 1 -1
15433430380316260 9 -1
15433430380320110 16382 -1
15433430380320110 2 -1
15433430380320110 9 -1
15433430380323380 16383 -1
15433430380323380 1 -1
15433430380323380 9 -1
15433430380326130 16382 -1
15433430380326130 2 -1
15433430380326130 9 -1
15433430380328810 16381 -1
15433430380328810 3 -1
15433430380328810 9 -1
15433430380332100 16380 -1
15433430380332100 4 -1
15433430380332100 9 -1
15433430380335420 16379 -1
15433430380335420 5 -1
15433430380335420 9 -1
15433430380335980 3154 -1
15433430385337420 58 1
15433430385395760 130 -1
15433430385395930 9 -1
15433430385399000 16383 -1
15433430385399540 1 -1
15433430385399580 9 -1
15433430385402830 16383 -1
15433430385402880 1 -1
15433430385402930 9 -1
15433430385405590 16382 -1
15433430385406150 2 -1
15433430385406690 9 -1
15433430385409410 16381 -1
15433430385409460 3 -1
15433430385409500 9 -1
15433430385411630 12549 -1
15433430390412460 58 1
15433430390475630 153 -1
15433430390475820 9 -1
15433430390479478 16383 -1
15433430390479520 1 -1
15433430390479560 9 -1
15433430390482780 16383 -1
15433430390482820 1 -1
15433430390482860 9 -1
15433430390486160 16382 -1
15433430390486210 2 -1
15433430390486250 9 -1
15433430390489450 16381 -1
15433430390489522 3 -1
15433430390489550 9 -1
15433430390492790 16383 -1
15433430390493330 1 -1
15433430390493390 9 -1
15433430390494930 9708 -1
15433430395495700 58 1
15433430395722712 235 -1
15433430395722890 9 -1
15433430395725510 16383 -1
15433430395726350 1 -1
15433430395726408 9 -1
15433430395728490 16383 -1
15433430395729030 1 -1
15433430395729092 9 -1
15433430395732328 16382 -1
15433430395732400 2 -1
15433430395732440 9 -1
15433430395735620 16381 -1
15433430395735670 3 -1
15433430395735710 9 -1
15433430395739500 16383 -1
15433430395739550 1 -1
15433430395739580 9 -1
15433430395742878 8 -1
15433430395742970 9 -1
15433430395745500 16383 -1
15433430395745570 1 -1
15433430395745670 9 -1
15433430395748690 16382 -1
15433430395748730 2 -1
15433430395748798 9 -1
15433430395751240 16381 -1
15433430395751260 3 -1
15433430395751750 9 -1
15433430395754040 16380 -1
15433430395754450 4 -1
15433430395754500 9 -1
15433430395771970 13646 -1
15433430400776032 58 1
15433430400842960 150 -1
15433430400843080 9 -1
15433430400845540 16383 -1
15433430400846282 1 -1
15433430400846320 9 -1
15433430400848470 16383 -1
15433430400848530 1 -1
15433430400848560 9 -1
15433430400851180 16382 -1
15433430400851750 2 -1
15433430400851800 9 -1
15433430400853880 16381 -1
15433430400854440 3 -1
15433430400854520 9 -1
15433430400857110 16383 -1
15433430400857150 1 -1
15433430400857170 9 -1
15433430400859870 16382 -1
15433430400859910 2 -1
15433430400860428 9 -1
15433430400863162 16381 -1
15433430400863180 3 -1
15433430400863212 9 -1
15433430400865970 2 -1
15433430400866020 9 -1
15433430400866440 9 -1
15433430400869120 16381 -1
15433430400869182 3 -1
15433430400869250 9 -1
15433430400870740 10727 -1
15433430405885150 58 1
15433430406012170 127 -1
15433430406012620 9 -1
15433430406014600 16383 -1
15433430406014780 1 -1
15433430406014860 9 -1
15433430406017280 16383 -1
15433430406017390 1 -1
15433430406017470 9 -1
15433430406020300 16382 -1
15433430406020380 2 -1
15433430406020420 9 -1
15433430406022748 16381 -1
15433430406022820 3 -1
15433430406022850 9 -1
15433430406024930 16383 -1
15433430406025528 1 -1
15433430406025590 9 -1
15433430406027830 16382 -1
15433430406027910 2 -1
15433430406027948 9 -1
15433430406030140 16381 -1
15433430406030860 3 -1
15433430406030910 9 -1
15433430406033210 16383 -1
15433430406033290 1 -1
15433430406033330 9 -1
15433430406035490 16382 -1
15433430406035960 2 -1
15433430406036020 9 -1
15433430406038300 16381 -1
15433430406038420 3 -1
15433430406038470 9 -1
15433430406041040 16380 -1
15433430406041110 4 -1
15433430406041150 9 -1
15433430406043760 16383 -1
15433430406043820 1 -1
15433430406043860 9 -1
15433430406044920 6569 -1
15433430411060830 58 1
15433430411142270 153 -1
15433430411142400 9 -1
15433430411144590 16383 -1
15433430411144618 1 -1
15433430411144650 9 -1
15433430411147080 16382 -1
15433430411147640 2 -1
15433430411147690 9 -1
15433430411149890 16383 -1
15433430411149940 1 -1
15433430411149960 9 -1
15433430411152560 16382 -1
15433430411152610 2 -1
15433430411152620 9 -1
15433430411155300 16383 -1
15433430411155332 1 -1
15433430411155860 9 -1
15433430411158062 16382 -1
15433430411158112 2 -1
15433430411158140 9 -1
15433430411160860 16381 -1
15433430411160920 3 -1
15433430411160942 9 -1
15433430411161930 2544 -1
15433430416162540 9 1
15433430421162550 61 1
15433430421230360 130 -1
15433430421230460 9 -1
15433430421233940 16383 -1
15433430421234010 1 -1
15433430421234040 9 -1
15433430421236430 16383 -1
15433430421236470 1 -1
15433430421236510 9 -1
15433430421239150 16382 -1
15433430421239710 2 -1
15433430421239728 9 -1
15433430421241870 16381 -1
15433430421242412 3 -1
15433430421242440 9 -1
15433430421245192 16380 -1
15433430421245220 4 -1
15433430421245230 9 -1
15433430421247860 16383 -1
15433430421247900 1 -1
15433430421247920 9 -1
15433430421250150 13484 -1
15433430426250920 58 1
15433430426315480 106 -1
15433430426315600 9 -1
15433430426318110 16383 -1
15433430426318810 1 -1
15433430426318900 9 -1
15433430426321030 16383 -1
15433430426321600 1 -1
15433430426321660 9 -1
15433430426324330 16382 -1
15433430426324350 2 -1
15433430426324380 9 -1
15433430426327050 16381 -1
15433430426327100 3 -1
15433430426327118 9 -1
15433430426329802 16383 -1
15433430426329830 1 -1
15433430426330358 9 -1
15433430426333120 16383 -1
15433430426333130 1 -1
15433430426333150 9 -1
15433430426334260 4376 -1
15433430431334860 58 1
15433430431393270 154 -1
15433430431393420 9 -1
15433430431395700 16383 -1
15433430431396380 1 -1
15433430431396450 9 -1
15433430431398612 16382 -1
15433430431399210 2 -1
15433430431399260 9 -1
15433430431401930 16383 -1
15433430431401960 1 -1
15433430431401980 9 -1
15433430431404610 16382 -1
15433430431404660 2 -1
15433430431404678 9 -1
15433430431407310 15549 -1
15433430436408160 58 1
15433430436596770 130 -1
15433430436596940 9 -1
15433430436599510 16383 -1
15433430436599540 1 -1
15433430436599570 9 -1
15433430436602240 16383 -1
15433430436602790 1 -1
15433430436602840 9 -1
15433430436604960 16382 -1
15433430436605480 2 -1
15433430436605502 9 -1
15433430436608150 16381 -1
15433430436608250 3 -1
15433430436608282 9 -1
15433430436610890 16383 -1
15433430436610950 1 -1
15433430436611460 9 -1
15433430436613628 16382 -1
15433430436613660 2 -1
15433430436614190 9 -1
15433430436616458 14827 -1
15433430441617430 59 1
15433430441683530 141 -1
15433430441683670 9 -1
15433430441686620 16383 -1
15433430441686650 1 -1
15433430441687190 9 -1
15433430441689950 16382 -1
15433430441689970 2 -1
15433430441690000 9 -1
15433430441692710 16383 -1
15433430441692740 1 -1
15433430441692760 9 -1
15433430441695400 16382 -1
15433430441695450 2 -1
15433430441695950 9 -1
15433430441698150 16383 -1
15433430441698710 1 -1
15433430441698740 9 -1
15433430441700900 16382 -1
15433430441700940 2 -1
15433430441701450 9 -1
15433430441704162 16381 -1
15433430441704208 3 -1
15433430441704220 9 -1
15433430441706910 16380 -1
15433430441706950 4 -1
15433430441706970 9 -1
15433430441707460 3370 -1
15433430446708540 59 1
15433430446770130 126 -1
15433430446770270 9 -1
15433430446773530 16383 -1
15433430446773592 1 -1
15433430446773610 9 -1
15433430446775730 16382 -1
15433430446775780 2 -1
15433430446775810 9 -1
15433430446778470 16381 -1
15433430446778490 3 -1
15433430446779020 9 -1
15433430446781148 16380 -1
15433430446781230 4 -1
15433430446781722 9 -1
15433430446784480 16383 -1
15433430446784530 1 -1
15433430446784540 9 -1
15433430446786170 10083 -1
15433430451786800 58 1
15433430451893320 154 -1
15433430451893530 9 -1
15433430451896542 16383 -1
15433430451896580 1 -1
15433430451896610 9 -1
15433430451899870 16383 -1
15433430451899920 1 -1
15433430451900110 9 -1
15433430451902960 16382 -1
15433430451903070 2 -1
15433430451903120 9 -1
15433430451905530 16381 -1
15433430451905620 3 -1
15433430451905652 9 -1
15433430451908072 16383 -1
15433430451908150 1 -1
15433430451908180 9 -1
15433430451910670 16382 -1
15433430451910760 2 -1
15433430451910780 9 -1
15433430451913330 16381 -1
15433430451913440 3 -1
15433430451913460 9 -1
15433430451915810 16380 -1
15433430451915860 4 -1
15433430451915880 9 -1
15433430451919070 16383 -1
15433430451919810 1 -1
15433430451919890 9 -1
15433430451921130 16382 -1
15433430451921188 2 -1
15433430451921220 9 -1
15433430451924180 16381 -1
15433430451924670 3 -1
15433430451924720 9 -1
15433430451928060 16380 -1
15433430451928440 4 -1
15433430451928490 9 -1
15433430451931870 16379 -1
15433430451931980 5 -1
15433430451932010 9 -1
15433430451933100 16378 -1
15433430451933160 6 -1
15433430451933178 9 -1
15433430451935890 16383 -1
15433430451936000 1 -1
15433430451936030 9 -1
15433430451939672 16382 -1
15433430451939810 2 -1
15433430451939840 9 -1
15433430451942180 16381 -1
15433430451942370 3 -1
15433430451942400 9 -1
15433430451944790 11298 -1
15433430456973888 58 1
15433430457045200 230 -1
15433430457045750 9 -1
15433430457048450 16383 -1
15433430457048480 1 -1
15433430457048510 9 -1
15433430457051670 16382 -1
15433430457051700 2 -1
15433430457051730 9 -1
15433430457054370 16381 -1
15433430457054400 3 -1
15433430457054410 9 -1
15433430457057090 16383 -1
15433430457057140 1 -1
15433430457057640 9 -1
15433430457059780 16382 -1
15433430457059810 2 -1
15433430457060310 9 -1
15433430457060872 4168 -1
15433430462063480 79 1
15433430462125710 172 -1
15433430462126260 9 -1
15433430462127358 3685 -1
15433430467127982 78 1
15433430467183830 148 -1
15433430467184050 9 -1
15433430467185550 3151 -1
15433430472186370 77 1
15433430472239210 157 -1
15433430472239330 9 -1
15433430472240270 2795 -1
15433430477241070 79 1
15433430477297370 148 -1
15433430477297480 9 -1
15433430477298450 2617 -1
15433430482299180 78 1
15433430482352942 171 -1
15433430482353448 9 -1
15433430482354030 2973 -1
15433430487355040 63 1
15433430487409660 130 -1
15433430487409800 9 -1
15433430487412470 6656 -1
15433430492413290 63 1
15433430492475600 152 -1
15433430492476140 9 -1
15433430492478340 7291 -1
15433430497479020 63 1
15433430497549410 125 -1
15433430497549540 9 -1
15433430497551140 7631 -1
15433430502552080 63 1
15433430502613020 151 -1
15433430502613160 9 -1
15433430502614660 6227 -1
15433430507615200 63 1
15433430507692310 233 -1
15433430507692450 9 -1
15433430507695900 8664 -1
15433430512696540 63 1
15433430512759200 148 -1
15433430512759330 9 -1
15433430512762740 9239 -1
0 0 0
15433430344326180 39 -1
15433430344326602 13 -1
15433430344480390 148 1
15433430344480390 196 1
15433430344528698 9 -1
15433430344550468 308 -1
15433430344551020 9 -1
15433430344553710 16383 -1
15433430344553710 1 -1
15433430344553760 9 -1
15433430344556430 16383 -1
15433430344556430 1 -1
15433430344556430 9 -1
15433430344600890 16382 -1
15433430344600890 2 -1
15433430344600890 9 -1
15433430344603040 16381 -1
15433430344603040 3 -1
15433430344603040 9 -1
15433430344605240 16380 -1
15433430344605240 4 -1
15433430344605240 9 -1
15433430344606300 6859 -1
0 0 0
15433430344483550 39 -1
15433430344483610 13 -1
15433430344615620 148 1
15433430344615620 203 1
15433430344664390 9 -1
15433430344672460 311 -1
15433430344672502 9 -1
15433430344674080 2973 -1
0 0 0
15433430344378950 39 -1
15433430344379270 13 -1
15433430344559420 148 1
15433430344559420 182 1
15433430344614940 9 -1
15433430344622400 294 -1
15433430344622430 9 -1
15433430344624540 16383 -1
15433430344624540 1 -1
15433430344625080 9 -1
15433430344627290 16383 -1
15433430344627290 1 -1
15433430344627290 9 -1
15433430344680440 16382 -1
15433430344680440 2 -1
15433430344680440 9 -1
15433430344683590 16381 -1
15433430344683590 3 -1
15433430344683590 9 -1
15433430344684660 16383 -1
15433430344684660 1 -1
15433430344684660 9 -1
15433430344685720 10970 -1
0 0 0
15433430344604130 39 -1
15433430344604180 13 -1
15433430344637890 148 1
15433430344637890 203 1
15433430344685750 9 -1
15433430344692600 311 -1
15433430344692640 9 -1
15433430344693800 2111 -1
0 0 0
15433430344550130 148 1
15433430344550130 182 1
15433430344550180 39 -1
15433430344550450 13 -1
15433430344605170 9 -1
15433430344616290 295 -1
15433430344616320 9 -1
15433430344619040 16383 -1
15433430344619040 1 -1
15433430344619090 9 -1
15433430344621270 16383 -1
15433430344621270 1 -1
15433430344621270 9 -1
15433430344673008 16382 -1
15433430344673008 2 -1
15433430344673008 9 -1
15433430344675190 16381 -1
15433430344675190 3 -1
15433430344675190 9 -1
15433430344677278 16380 -1
15433430344677278 4 -1
15433430344677278 9 -1
15433430344679900 16383 -1
15433430344679900 1 -1
15433430344679900 9 -1
15433430344682540 16382 -1
15433430344682540 2 -1
15433430344682540 9 -1
15433430344726320 16381 -1
15433430344726320 3 -1
15433430344726320 9 -1
15433430344729030 16380 -1
15433430344729030 4 -1
15433430344729030 9 -1
15433430344730648 16383 -1
15433430344730648 1 -1
15433430344730648 9 -1
15433430344730648 485 -1
