### "'35330 146908 44495 76809 171965 121356 223794 49058 48145 46154 12976 23691 140679 101999 44571'"
0 0 0
15434602809257140 148 1
15434602809257140 200 1
15434602809257150 39 -1
15434602809257190 13 -1
15434602809312090 9 -1
15434602809318390 341 -1
15434602809318440 9 -1
15434602809319540 2617 -1
0 0 0
15434602809150050 148 1
15434602809150050 201 1
0 0 0
15434602809047440 148 1
15434602809047440 201 1
15434602809047490 39 -1
15434602809047820 13 -1
15434602809096070 9 -1
15434602809100940 311 -1
15434602809101500 9 -1
15434602809104230 16383 -1
15434602809104230 1 -1
15434602809104280 9 -1
15434602809106970 16383 -1
15434602809106970 1 -1
15434602809106970 9 -1
15434602809148970 2562 -1
0 0 0
15434602809091958 148 1
15434602809091958 193 1
0 0 0
15434602809081420 39 -1
15434602809081470 13 -1
15434602809134560 148 1
15434602809134560 181 1
15434602809188990 9 -1
15434602809195910 294 -1
15434602809196090 9 -1
15434602809199090 16383 -1
15434602809199090 1 -1
15434602809199090 9 -1
15434602809201870 16382 -1
15434602809201870 2 -1
15434602809201960 9 -1
15434602809253920 16383 -1
15434602809253920 1 -1
15434602809253920 9 -1
15434602809256070 16382 -1
15434602809256070 2 -1
15434602809256070 9 -1
15434602809258850 16381 -1
15434602809258850 3 -1
15434602809258850 9 -1
15434602809261020 16380 -1
15434602809261020 4 -1
15434602809261020 9 -1
15434602809265810 16379 -1
15434602809265810 5 -1
15434602809265810 9 -1
15434602809307590 16378 -1
15434602809307590 6 -1
15434602809307590 9 -1
15434602809312150 15836 -1
0 0 0
15434602808985030 39 -1
15434602808985382 13 -1
15434602809086280 148 1
15434602809086280 200 1
15434602809134250 9 -1
15434602809140130 340 -1
15434602809140170 9 -1
15434602809141070 1427 -1
15434602814290060 59 1
15434602814345920 163 -1
15434602814346480 9 -1
15434602814349150 16383 -1
15434602814349720 1 -1
15434602814349740 9 -1
15434602814351890 16382 -1
15434602814352400 2 -1
15434602814352420 9 -1
15434602814395640 11727 -1
15434602819396450 88 1
15434602819450728 155 -1
15434602819450810 9 -1
15434602819453290 16383 -1
15434602819454100 1 -1
15434602819454160 9 -1
15434602819456862 16383 -1
15434602819456880 1 -1
15434602819456900 9 -1
15434602819499130 16382 -1
15434602819499130 2 -1
15434602819499130 9 -1
15434602819501040 16381 -1
15434602819501040 3 -1
15434602819501040 9 -1
15434602819502700 11273 -1
15434602824503450 59 1
15434602824559600 154 -1
15434602824559680 9 -1
15434602824562458 16383 -1
15434602824562540 1 -1
15434602824562560 9 -1
15434602824565290 16382 -1
15434602824565310 2 -1
15434602824565320 9 -1
15434602824568010 16381 -1
15434602824568050 3 -1
15434602824568068 9 -1
15434602824607410 16383 -1
15434602824607410 1 -1
15434602824607410 9 -1
15434602824609590 16382 -1
15434602824609590 2 -1
15434602824609590 9 -1
15434602824612330 16381 -1
15434602824612330 3 -1
15434602824612330 9 -1
15434602824614470 16380 -1
15434602824614470 4 -1
15434602824614470 9 -1
15434602824616670 16383 -1
15434602824616700 1 -1
15434602824616700 9 -1
15434602824618890 16382 -1
15434602824618890 2 -1
15434602824618890 9 -1
15434602824621242 16381 -1
15434602824621242 3 -1
15434602824621242 9 -1
15434602824622330 8125 -1
15434602829623520 9 1
15434602834623670 61 1
15434602834678472 155 -1
15434602834678510 9 -1
15434602834680970 16383 -1
15434602834681500 1 -1
15434602834681520 9 -1
15434602834684250 16383 -1
15434602834684278 1 -1
15434602834684300 9 -1
15434602834686940 16382 -1
15434602834686970 2 -1
15434602834686990 9 -1
15434602834689640 16381 -1
15434602834689680 3 -1
15434602834690190 9 -1
15434602834693500 16383 -1
15434602834693540 1 -1
15434602834693560 9 -1
15434602834696230 16382 -1
15434602834696280 2 -1
15434602834696792 9 -1
15434602834726040 16381 -1
15434602834726040 3 -1
15434602834726040 9 -1
15434602834728790 6668 -1
15434602839729480 58 1
15434602839785640 131 -1
15434602839785718 9 -1
15434602839788170 16383 -1
15434602839788188 1 -1
15434602839788720 9 -1
15434602839790950 16383 -1
15434602839791520 1 -1
15434602839791550 9 -1
15434602839794250 16382 -1
15434602839794280 2 -1
15434602839794300 9 -1
15434602839796950 16383 -1
15434602839796980 1 -1
15434602839797000 9 -1
15434602839799672 16382 -1
15434602839800230 2 -1
15434602839800250 9 -1
15434602839802900 16383 -1
15434602839802950 1 -1
15434602839802970 9 -1
15434602839805600 16382 -1
15434602839805630 2 -1
15434602839806150 9 -1
15434602839834690 16381 -1
15434602839834690 3 -1
15434602839834690 9 -1
15434602839836850 16383 -1
15434602839836850 1 -1
15434602839836850 9 -1
15434602839839560 16382 -1
15434602839839560 2 -1
15434602839839560 9 -1
15434602839841710 16383 -1
15434602839841710 1 -1
15434602839841710 9 -1
15434602839843900 16382 -1
15434602839843900 2 -1
15434602839843970 9 -1
15434602839846670 16383 -1
15434602839846670 1 -1
15434602839846670 9 -1
15434602839848520 10802 -1
15434602844849082 88 1
15434602844903310 182 -1
15434602844903450 9 -1
15434602844906020 16383 -1
15434602844906570 1 -1
15434602844906610 9 -1
15434602844909280 16383 -1
15434602844909310 1 -1
15434602844909338 9 -1
15434602844912060 16290 -1
15434602849912850 67 1
15434602849968130 155 -1
15434602849968260 9 -1
15434602849970570 16383 -1
15434602849971362 1 -1
15434602849971440 9 -1
15434602849973560 16383 -1
15434602849974120 1 -1
15434602849974170 9 -1
15434602849976330 15377 -1
15434602854977010 87 1
15434602855033870 181 -1
15434602855034020 9 -1
15434602855036590 16383 -1
15434602855036622 1 -1
15434602855036650 9 -1
15434602855039320 16382 -1
15434602855039360 2 -1
15434602855039380 9 -1
15434602855041470 13386 -1
15434602860042290 89 1
15434602860098780 238 -1
15434602860098910 9 -1
15434602860100232 5380 -1
15434602865100820 63 1
15434602865154980 162 -1
15434602865155100 9 -1
15434602865156290 4803 -1
15434602870156860 63 1
15434602870211770 99 -1
15434602870211958 9 -1
15434602870214620 7503 -1
15434602875215320 63 1
15434602875269908 68 -1
15434602875270040 9 -1
15434602875271872 12976 -1
15434602880272570 63 1
15434602880326960 148 -1
15434602880327110 9 -1
15434602880330270 7679 -1
15434602885330870 63 1
15434602885386160 156 -1
15434602885386290 9 -1
15434602885387520 5393 -1
15434602890388220 63 1
15434602890445660 146 -1
15434602890445760 9 -1
15434602890446392 2900 -1
15434602895447158 79 1
15434602895502688 148 -1
15434602895503230 9 -1
15434602895503800 2617 -1
15434602900505280 78 1
15434602900558370 171 -1
15434602900558500 9 -1
15434602900559430 2617 -1
15434602905560228 78 1
15434602905614970 147 -1
15434602905615480 9 -1
15434602905616040 3151 -1
15434602910616820 78 1
15434602910672900 171 -1
15434602910673440 9 -1
15434602910674018 2795 -1
15434602915674960 78 1
15434602915730030 210 -1
15434602915730620 9 -1
15434602915731152 3329 -1
15434602921132620 399 1
15434602921187760 192 -1
15434602921187912 9 -1
15434602921188820 3144 -1
15434602926189712 406 1
15434602926246000 146 -1
15434602926246140 9 -1
15434602926248710 16383 -1
15434602926249260 1 -1
15434602926249300 9 -1
15434602926250370 7307 -1
15434602931251190 77 1
15434602931310800 202 -1
15434602931311318 9 -1
15434602931311390 2617 -1
15434602936312460 78 1
15434602936366930 147 -1
15434602936367490 9 -1
15434602936368060 1705 -1
15434602941368650 59 1
15434602941451030 177 -1
15434602941451560 9 -1
15434602941453720 16383 -1
15434602941454250 1 -1
15434602941454280 9 -1
15434602941456930 16383 -1
15434602941456960 1 -1
15434602941456990 9 -1
15434602941459710 16382 -1
15434602941460270 2 -1
15434602941460350 9 -1
15434602941462970 16381 -1
15434602941462988 3 -1
15434602941463010 9 -1
15434602941465710 16380 -1
15434602941465760 4 -1
15434602941465780 9 -1
15434602941468420 16379 -1
15434602941468470 5 -1
15434602941468958 9 -1
15434602941471650 16383 -1
15434602941471670 1 -1
15434602941471692 9 -1
15434602941473810 16382 -1
15434602941474370 2 -1
15434602941474390 9 -1
15434602941475990 9607 -1
15434602946476760 58 1
15434602946531730 130 -1
15434602946531860 9 -1
15434602946534070 16383 -1
15434602946534850 1 -1
15434602946534920 9 -1
15434602946537630 16382 -1
15434602946537680 2 -1
15434602946537722 9 -1
15434602946540370 16383 -1
15434602946540420 1 -1
15434602946540452 9 -1
15434602946543060 16382 -1
15434602946543110 2 -1
15434602946543130 9 -1
15434602946546320 16381 -1
15434602946546330 3 -1
15434602946546350 9 -1
15434602946549060 16380 -1
15434602946549088 4 -1
15434602946549100 9 -1
15434602946550150 3695 -1
15434602951550830 59 1
15434602951628890 153 -1
15434602951629440 9 -1
15434602951632140 16383 -1
15434602951632220 1 -1
15434602951632290 9 -1
15434602951634900 16383 -1
15434602951634950 1 -1
15434602951634992 9 -1
15434602951637160 11803 -1
15434602956637790 58 1
15434602956691880 129 -1
15434602956692008 9 -1
15434602956694620 16383 -1
15434602956695180 1 -1
15434602956695230 9 -1
15434602956696280 6074 -1
15434602961696760 59 1
15434602961751640 162 -1
15434602961752290 9 -1
15434602961754342 16383 -1
15434602961754500 1 -1
15434602961754570 9 -1
15434602961756330 10467 -1
15434602966765810 79 1
15434602966819510 210 -1
15434602966820070 9 -1
15434602966820632 2261 -1
15434602971821440 59 1
15434602971875392 173 -1
15434602971875910 9 -1
15434602971878108 16383 -1
15434602971878650 1 -1
15434602971878690 9 -1
15434602971881400 16383 -1
15434602971881440 1 -1
15434602971881462 9 -1
15434602971884120 15675 -1
15434602976884850 58 1
15434602976937348 138 -1
15434602976937470 9 -1
15434602976940570 16383 -1
15434602976940600 1 -1
15434602976940630 9 -1
15434602976943360 16383 -1
15434602976943400 1 -1
15434602976943440 9 -1
15434602976946102 16382 -1
15434602976946148 2 -1
15434602976946650 9 -1
15434602976949380 16381 -1
15434602976949400 3 -1
15434602976949420 9 -1
15434602976952100 16380 -1
15434602976952118 4 -1
15434602976952140 9 -1
15434602976954840 16379 -1
15434602976954890 5 -1
15434602976955380 9 -1
15434602976957582 16378 -1
15434602976957610 6 -1
15434602976958080 9 -1
15434602976960822 16377 -1
15434602976960860 7 -1
15434602976960880 9 -1
15434602976963430 16383 -1
15434602976963450 1 -1
15434602976963470 9 -1
15434602976966130 16382 -1
15434602976966160 2 -1
15434602976966180 9 -1
15434602976987380 16381 -1
15434602976987380 3 -1
15434602976987380 9 -1
15434602976989530 16380 -1
15434602976989530 4 -1
15434602976989530 9 -1
15434602976992180 16379 -1
15434602976992180 5 -1
15434602976992180 9 -1
15434602976994330 16378 -1
15434602976994330 6 -1
15434602976994330 9 -1
15434602976996460 16377 -1
15434602976996480 7 -1
15434602976997010 9 -1
15434602976999230 16376 -1
15434602976999230 8 -1
15434602976999230 9 -1
15434602977001380 16375 -1
15434602977001380 9 -1
15434602977001380 9 -1
15434602977003010 12579 -1
15434602982010970 59 1
15434602982064920 152 -1
15434602982065452 9 -1
15434602982067650 16383 -1
15434602982068210 1 -1
15434602982068250 9 -1
15434602982070910 16383 -1
15434602982070940 1 -1
15434602982070970 9 -1
15434602982073628 16382 -1
15434602982073660 2 -1
15434602982073690 9 -1
15434602982075820 11388 -1
15434602987076450 58 1
15434602987130220 132 -1
15434602987130770 9 -1
15434602987132940 16383 -1
15434602987133492 1 -1
15434602987133530 9 -1
15434602987136140 16383 -1
15434602987136170 1 -1
15434602987136200 9 -1
15434602987138820 16382 -1
15434602987138842 2 -1
15434602987139370 9 -1
15434602987141600 16381 -1
15434602987141650 3 -1
15434602987142140 9 -1
15434602987144340 16380 -1
15434602987144890 4 -1
15434602987144908 9 -1
15434602987147570 16383 -1
15434602987147610 1 -1
15434602987147650 9 -1
15434602987150270 16382 -1
15434602987150300 2 -1
15434602987150322 9 -1
15434602987152970 16381 -1
15434602987153020 3 -1
15434602987153050 9 -1
15434602987155700 16380 -1
15434602987155722 4 -1
15434602987156250 9 -1
15434602987158502 16108 -1
15434602992159180 58 1
15434602992212960 153 -1
15434602992213080 9 -1
15434602992215310 16383 -1
15434602992215850 1 -1
15434602992215900 9 -1
15434602992219018 16383 -1
15434602992219080 1 -1
15434602992219110 9 -1
15434602992221560 16382 -1
15434602992221590 2 -1
15434602992221610 9 -1
15434602992224280 16381 -1
15434602992224310 3 -1
15434602992224330 9 -1
15434602992226980 16380 -1
15434602992227010 4 -1
15434602992227530 9 -1
15434602992229710 16383 -1
15434602992230238 1 -1
15434602992230260 9 -1
15434602992232872 16382 -1
15434602992232930 2 -1
15434602992232950 9 -1
15434602992235610 16381 -1
15434602992235652 3 -1
15434602992235670 9 -1
15434602992238330 16380 -1
15434602992238900 4 -1
15434602992238920 9 -1
15434602992241590 16379 -1
15434602992241610 5 -1
15434602992241640 9 -1
15434602992244300 16383 -1
15434602992244330 1 -1
15434602992244338 9 -1
15434602992244862 435 -1
15434602997245532 59 1
15434602997300230 129 -1
15434602997300342 9 -1
15434602997302750 16383 -1
15434602997302830 1 -1
15434602997302858 9 -1
15434602997305220 16383 -1
15434602997305738 1 -1
15434602997305780 9 -1
15434602997308422 16382 -1
15434602997308460 2 -1
15434602997308480 9 -1
15434602997311110 16383 -1
15434602997311130 1 -1
15434602997311140 9 -1
15434602997313868 16382 -1
15434602997313900 2 -1
15434602997314392 9 -1
15434602997316610 15182 -1
15434603002317380 59 1
15434603002373460 153 -1
15434603002373590 9 -1
15434603002376400 16383 -1
15434603002376440 1 -1
15434603002376470 9 -1
15434603002379110 16383 -1
15434603002379140 1 -1
15434603002379160 9 -1
15434603002381840 16382 -1
15434603002381858 2 -1
15434603002381880 9 -1
15434603002384550 16383 -1
15434603002384560 1 -1
15434603002385060 9 -1
15434603002387220 16382 -1
15434603002387770 2 -1
15434603002387800 9 -1
15434603002389860 16381 -1
15434603002390410 3 -1
15434603002390430 9 -1
15434603002393190 16380 -1
15434603002393240 4 -1
15434603002393250 9 -1
15434603002394240 4930 -1
15434603007394940 59 1
15434603007452190 148 -1
15434603007452290 9 -1
15434603007454720 16383 -1
15434603007454792 1 -1
15434603007454810 9 -1
15434603007457590 16382 -1
15434603007457640 2 -1
15434603007457672 9 -1
15434603007460360 16381 -1
15434603007460402 3 -1
15434603007460430 9 -1
15434603007463130 16380 -1
15434603007463680 4 -1
15434603007463730 9 -1
15434603007466320 16383 -1
15434603007466350 1 -1
15434603007466372 9 -1
15434603007467958 9408 -1
15434603012469398 88 1
15434603012526022 181 -1
15434603012526130 9 -1
15434603012527670 10232 -1
