### "'28452 155118 148727 26944 23278 52388 64669 69492 71473 84165 135213 91781 37844 126243 43011'"
0 0 0
15433440208505780 39 -1
15433440208505900 13 -1
15433440208776200 148 1
15433440208776200 207 1
15433440208825632 9 -1
15433440208830618 312 -1
15433440208830832 9 -1
15433440208832900 16383 -1
15433440208833398 1 -1
15433440208833590 9 -1
15433440208835140 12068 -1
15433440214029580 57 1
15433440214084188 155 -1
15433440214084330 9 -1
15433440214086860 16383 -1
15433440214087390 1 -1
15433440214087420 9 -1
15433440214090108 16382 -1
15433440214090140 2 -1
15433440214090158 9 -1
15433440214135570 16381 -1
15433440214135570 3 -1
15433440214135570 9 -1
15433440214138340 16380 -1
15433440214138340 4 -1
15433440214138340 9 -1
15433440214140460 16383 -1
15433440214140460 1 -1
15433440214140460 9 -1
15433440214142612 16382 -1
15433440214142612 2 -1
15433440214142612 9 -1
15433440214144800 16381 -1
15433440214144800 3 -1
15433440214144800 9 -1
15433440214183790 16380 -1
15433440214183850 4 -1
15433440214183870 9 -1
15433440214187080 16379 -1
15433440214187080 5 -1
15433440214187080 9 -1
15433440214187610 7662 -1
15433440219188818 78 1
15433440219244462 150 -1
15433440219244550 9 -1
15433440219245030 3329 -1
15433440224246048 59 1
15433440224306632 154 -1
15433440224306710 9 -1
15433440224309298 16383 -1
15433440224309330 1 -1
15433440224309860 9 -1
15433440224312160 16382 -1
15433440224312200 2 -1
15433440224312220 9 -1
15433440224314780 16383 -1
15433440224314830 1 -1
15433440224315350 9 -1
15433440224317550 16382 -1
15433440224317600 2 -1
15433440224317630 9 -1
15433440224320230 16383 -1
15433440224320250 1 -1
15433440224320778 9 -1
15433440224361392 16382 -1
15433440224361392 2 -1
15433440224361392 9 -1
15433440224364280 16381 -1
15433440224364280 3 -1
15433440224364280 9 -1
15433440224365398 16383 -1
15433440224365448 1 -1
15433440224365470 9 -1
15433440224368050 16383 -1
15433440224368150 1 -1
15433440224368178 9 -1
15433440224370620 1271 -1
15433440229371450 59 1
15433440229437470 131 -1
15433440229437612 9 -1
15433440229440580 16383 -1
15433440229440640 1 -1
15433440229440660 9 -1
15433440229441790 10560 -1
15433440234442598 59 1
15433440234994180 154 -1
15433440234994390 9 -1
15433440234997440 16383 -1
15433440234997498 1 -1
15433440234997530 9 -1
15433440234998600 6894 -1
15433440239999412 87 1
15433440240066190 161 -1
15433440240066710 9 -1
15433440240069390 15832 -1
15433440240069420 552 -1
15433440240069448 9 -1
15433440240072110 15831 -1
15433440240072160 553 -1
15433440240072190 9 -1
15433440240074770 15830 -1
15433440240074800 554 -1
15433440240074840 9 -1
15433440240075950 3236 -1
15433440245076620 58 1
15433440245133130 152 -1
15433440245133268 9 -1
15433440245135952 16383 -1
15433440245136002 1 -1
15433440245136010 9 -1
15433440245138670 16383 -1
15433440245138710 1 -1
15433440245139230 9 -1
15433440245141950 16382 -1
15433440245141972 2 -1
15433440245141980 9 -1
15433440245144670 15517 -1
15433440250145340 58 1
15433440250202570 152 -1
15433440250202710 9 -1
15433440250205730 16383 -1
15433440250205780 1 -1
15433440250205820 9 -1
15433440250208560 16382 -1
15433440250208600 2 -1
15433440250208650 9 -1
15433440250211270 16381 -1
15433440250211830 3 -1
15433440250211862 9 -1
15433440250214600 16380 -1
15433440250214630 4 -1
15433440250214650 9 -1
15433440250215160 3956 -1
15433440255216280 9 1
15433440260216290 61 1
15433440260271000 154 -1
15433440260271590 9 -1
15433440260274330 16383 -1
15433440260274370 1 -1
15433440260274410 9 -1
15433440260277050 16383 -1
15433440260277090 1 -1
15433440260277130 9 -1
15433440260279810 16382 -1
15433440260280362 2 -1
15433440260280380 9 -1
15433440260283130 16381 -1
15433440260283160 3 -1
15433440260283180 9 -1
15433440260284268 5937 -1
15433440265285240 58 1
15433440265352150 235 -1
15433440265352680 9 -1
15433440265354840 16383 -1
15433440265355390 1 -1
15433440265355440 9 -1
15433440265358190 16383 -1
15433440265358270 1 -1
15433440265358310 9 -1
15433440265360898 16382 -1
15433440265360920 2 -1
15433440265360950 9 -1
15433440265363600 16381 -1
15433440265363650 3 -1
15433440265363670 9 -1
15433440265366362 16380 -1
15433440265366408 4 -1
15433440265366868 9 -1
15433440265366900 2245 -1
15433440270368280 58 1
15433440270428200 154 -1
15433440270428350 9 -1
15433440270430910 16383 -1
15433440270430960 1 -1
15433440270431002 9 -1
15433440270433650 16382 -1
15433440270433700 2 -1
15433440270434210 9 -1
15433440270436370 16381 -1
15433440270436950 3 -1
15433440270436972 9 -1
15433440270439590 16380 -1
15433440270439610 4 -1
15433440270439640 9 -1
15433440270442300 16383 -1
15433440270442350 1 -1
15433440270442368 9 -1
15433440270444788 16382 -1
15433440270444820 2 -1
15433440270445450 9 -1
15433440270483850 16381 -1
15433440270483850 3 -1
15433440270483850 9 -1
15433440270486090 16380 -1
15433440270486090 4 -1
15433440270486090 9 -1
15433440270486792 4141 -1
15433440275489130 58 1
15433440275549720 129 -1
15433440275550270 9 -1
15433440275552470 16383 -1
15433440275553000 1 -1
15433440275553050 9 -1
15433440275555748 16382 -1
15433440275555800 2 -1
15433440275555840 9 -1
15433440275558478 16383 -1
15433440275558590 1 -1
15433440275558630 9 -1
15433440275561262 16382 -1
15433440275561290 2 -1
15433440275561308 9 -1
15433440275563950 16381 -1
15433440275564490 3 -1
15433440275564520 9 -1
15433440275566180 9861 -1
15433440280566850 58 1
15433440280621992 153 -1
15433440280622138 9 -1
15433440280624722 16383 -1
15433440280625290 1 -1
15433440280625340 9 -1
15433440280627460 16382 -1
15433440280628090 2 -1
15433440280628140 9 -1
15433440280629160 5076 -1
15433440285629880 87 1
15433440285685142 162 -1
15433440285685288 9 -1
15433440285688478 16383 -1
15433440285688530 1 -1
15433440285688570 9 -1
15433440285691240 16383 -1
15433440285691320 1 -1
15433440285691360 9 -1
15433440285693390 16382 -1
15433440285693942 2 -1
15433440285693970 9 -1
15433440285696660 16381 -1
15433440285696710 3 -1
15433440285696730 9 -1
15433440285699370 16380 -1
15433440285699410 4 -1
15433440285699440 9 -1
15433440285702100 16379 -1
15433440285702160 5 -1
15433440285702180 9 -1
15433440285704898 16378 -1
15433440285705450 6 -1
15433440285705472 9 -1
15433440285733610 11555 -1
15433440290734360 58 1
15433440290788850 153 -1
15433440290788990 9 -1
15433440290791560 16383 -1
15433440290792070 1 -1
15433440290792120 9 -1
15433440290794820 16383 -1
15433440290794870 1 -1
15433440290794910 9 -1
15433440290796462 10243 -1
15433440295797350 86 1
15433440295852290 161 -1
15433440295852440 9 -1
15433440295855070 16383 -1
15433440295855110 1 -1
15433440295855150 9 -1
15433440295857940 16382 -1
15433440295857990 2 -1
15433440295858030 9 -1
15433440295860610 16383 -1
15433440295860660 1 -1
15433440295861140 9 -1
15433440295863350 16382 -1
15433440295863900 2 -1
15433440295863920 9 -1
15433440295865550 12132 -1
15433440300866302 87 1
15433440300923460 184 -1
15433440300924020 9 -1
15433440300926700 16383 -1
15433440300926740 1 -1
15433440300926780 9 -1
15433440300929490 16382 -1
15433440300929540 2 -1
15433440300929580 9 -1
15433440300932190 16381 -1
15433440300932240 3 -1
15433440300932260 9 -1
15433440300934910 16380 -1
15433440300934930 4 -1
15433440300935420 9 -1
15433440300937650 16383 -1
15433440300937710 1 -1
15433440300938190 9 -1
15433440300939310 7079 -1
15433440305939960 79 1
15433440305996070 147 -1
15433440305996202 9 -1
15433440305997220 2973 -1
15433440310997990 78 1
15433440311054658 171 -1
15433440311055200 9 -1
15433440311055780 3507 -1
15433440316056600 78 1
15433440316113380 251 -1
15433440316113560 9 -1
15433440316113930 2617 -1
15433440321115220 78 1
15433440321178730 171 -1
15433440321179250 9 -1
15433440321179810 2439 -1
15433440326180460 63 1
15433440326519560 129 -1
15433440326519780 9 -1
15433440326523120 8487 -1
15433440331525000 63 1
15433440331594240 152 -1
15433440331594420 9 -1
15433440331596430 5780 -1
15433440336597062 63 1
15433440336660010 124 -1
15433440336660530 9 -1
15433440336662230 5277 -1
15433440341662800 63 1
15433440341720460 138 -1
15433440341720992 9 -1
15433440341721560 5252 -1
15433440346722540 63 1
15433440350941160 152 -1
15433440350941320 9 -1
15433440350942590 5420 -1
15433440355943210 63 1
15433440356009430 129 -1
15433440356009532 9 -1
15433440356011920 5159 -1
0 0 0
15433440209001890 148 1
15433440209001890 207 1
15433440209001948 39 -1
15433440209001980 13 -1
15433440209050738 9 -1
15433440209055930 311 -1
15433440209056150 9 -1
15433440209057490 3329 -1
0 0 0
15433440208702530 148 1
15433440208702530 200 1
0 0 0
15433440208968250 148 1
15433440208968250 208 1
15433440208968288 39 -1
15433440208968680 13 -1
15433440209022350 9 -1
15433440209026130 311 -1
15433440209026188 9 -1
15433440209027400 3329 -1
0 0 0
15433440208672820 148 1
15433440208672820 207 1
0 0 0
15433440208814120 39 -1
15433440208814690 13 -1
15433440208856360 148 1
15433440208856360 207 1
15433440208911300 9 -1
15433440208922500 310 -1
15433440208922570 9 -1
15433440208923560 2263 -1
