### "'33237 20745 10289 11881 11017 9067 15766 15901 16816 75996 86730 42104 103705 101512 32824'"
0 0 0
15433441605913630 148 1
15433441605913630 215 1
15433441605913970 39 -1
15433441605914518 13 -1
15433441605971670 9 -1
15433441605976310 367 -1
15433441605976460 9 -1
15433441605979300 15766 -1
15433441605979300 618 -1
15433441605979300 9 -1
15433441605981280 15765 -1
15433441605981280 619 -1
15433441605981280 9 -1
15433441605981280 469 -1
15433441610989490 9 1
15433441630355200 72 1
15433441630423170 230 -1
15433441630423660 9 -1
15433441630426322 16383 -1
15433441630426322 1 -1
15433441630426322 9 -1
15433441630426860 4361 -1
15433441635428160 79 1
15433441635487800 149 -1
15433441635488018 9 -1
15433441635489940 10289 -1
15433441640491240 73 1
15433441640556190 154 -1
15433441640556410 9 -1
15433441640558450 11881 -1
15433441645559040 73 1
15433441645626170 131 -1
15433441645626280 9 -1
15433441645628050 11017 -1
15433441650628670 103 1
15433441650690580 182 -1
15433441650690710 9 -1
15433441650693460 9067 -1
15433441655694038 73 1
15433441656281870 130 -1
15433441656281970 9 -1
15433441656284298 15766 -1
15433441661284910 73 1
15433441661374410 131 -1
15433441661374490 9 -1
15433441661376800 15901 -1
15433441666377590 73 1
15433441666448570 130 -1
15433441666448792 9 -1
15433441666450260 3409 -1
15433441671450980 78 1
15433441671511372 177 -1
15433441671511910 9 -1
15433441671512470 2263 -1
15433441676513100 78 1
15433441676573420 180 -1
15433441676573600 9 -1
15433441676574522 2111 -1
15433441681575460 77 1
15433441681637180 233 -1
15433441681637400 9 -1
15433441681638240 2035 -1
15433441686639370 79 1
15433441686700038 147 -1
15433441686700150 9 -1
15433441686701130 3151 -1
15433441691701880 82 1
15433441691791120 160 -1
15433441691791680 9 -1
15433441691795002 16383 -1
15433441691795052 1 -1
15433441691795090 9 -1
15433441691795130 432 -1
15433441696796340 72 1
15433441696857850 131 -1
15433441696858070 9 -1
15433441696860570 16383 -1
15433441696860570 1 -1
15433441696860620 9 -1
15433441696863260 16383 -1
15433441696863260 1 -1
15433441696863260 9 -1
15433441696865490 16382 -1
15433441696865490 2 -1
15433441696865490 9 -1
15433441696867120 16381 -1
15433441696867120 3 -1
15433441696867590 9 -1
15433441696913640 10460 -1
15433441701914548 73 1
15433441701975140 136 -1
15433441701975700 9 -1
15433441701978450 16383 -1
15433441701978500 1 -1
15433441701978510 9 -1
15433441701980660 16382 -1
15433441701981130 2 -1
15433441701981180 9 -1
15433441701983390 16381 -1
15433441701983950 3 -1
15433441701984000 9 -1
15433441701986100 16383 -1
15433441701986160 1 -1
15433441701986200 9 -1
15433441701988810 16382 -1
15433441701988860 2 -1
15433441701988910 9 -1
15433441701989930 4810 -1
15433441706990630 72 1
15433441707053310 130 -1
15433441707053462 9 -1
15433441707056000 16383 -1
15433441707056560 1 -1
15433441707056610 9 -1
15433441707058712 16383 -1
15433441707059240 1 -1
15433441707059280 9 -1
15433441707060320 9336 -1
15433441712061310 84 1
15433441712131730 158 -1
15433441712131938 9 -1
15433441712132790 7250 -1
15433441717133998 72 1
15433441717351912 131 -1
15433441717352170 9 -1
15433441717354540 16383 -1
15433441717354590 1 -1
15433441717354600 9 -1
15433441717356780 16383 -1
15433441717357330 1 -1
15433441717357390 9 -1
15433441717359570 16382 -1
15433441717359620 2 -1
15433441717359650 9 -1
15433441717362230 16381 -1
15433441717362280 3 -1
15433441717362298 9 -1
15433441717364990 16383 -1
15433441717365010 1 -1
15433441717365028 9 -1
15433441717367610 16382 -1
15433441717367660 2 -1
15433441717367680 9 -1
15433441717368730 5401 -1
15433441722369440 72 1
15433441722438500 138 -1
15433441722438590 9 -1
15433441722441790 16383 -1
15433441722441810 1 -1
15433441722442400 9 -1
15433441722444540 16382 -1
15433441722444560 2 -1
15433441722444590 9 -1
15433441722447268 16381 -1
15433441722447300 3 -1
15433441722447320 9 -1
15433441722449998 16380 -1
15433441722450048 4 -1
15433441722450080 9 -1
15433441722452170 16383 -1
15433441722452760 1 -1
15433441722452790 9 -1
15433441722454960 16382 -1
15433441722455030 2 -1
15433441722455490 9 -1
15433441722456060 3208 -1
15433441727456870 81 1
15433441727529048 169 -1
15433441727529250 9 -1
15433441727532138 16383 -1
15433441727532180 1 -1
15433441727532210 9 -1
15433441727534840 16382 -1
15433441727534880 2 -1
15433441727534922 9 -1
15433441727534940 56 -1
15433441732535650 81 1
15433441732601920 224 -1
15433441732602070 9 -1
15433441732604590 16383 -1
15433441732604630 1 -1
15433441732604660 9 -1
15433441732606220 11403 -1
15433441737606990 78 1
15433441737679030 143 -1
15433441737679592 9 -1
15433441737680120 3507 -1
15433441742681028 78 1
15433441742756450 171 -1
15433441742757000 9 -1
15433441742757550 3329 -1
15433441747758620 83 1
15433441749604180 141 -1
15433441749605340 9 -1
15433441749606380 5481 -1
15433441754607110 71 1
15433441754674850 152 -1
15433441754675420 9 -1
15433441754677580 16383 -1
15433441754678140 1 -1
15433441754678190 9 -1
15433441754680318 16383 -1
15433441754680880 1 -1
15433441754680930 9 -1
15433441754683102 14752 -1
15433441759683868 73 1
15433441759906280 130 -1
15433441759906508 9 -1
15433441759909020 16383 -1
15433441759909070 1 -1
15433441759909100 9 -1
15433441759911720 16383 -1
15433441759911758 1 -1
15433441759911790 9 -1
15433441759914460 16382 -1
15433441759914480 2 -1
15433441759914492 9 -1
15433441759916680 16381 -1
15433441759917230 3 -1
15433441759917250 9 -1
15433441759919420 16383 -1
15433441759919450 1 -1
15433441759919460 9 -1
15433441759922112 16382 -1
15433441759922130 2 -1
15433441759922660 9 -1
15433441759924860 16383 -1
15433441759924900 1 -1
15433441759924920 9 -1
15433441759961970 16382 -1
15433441759961988 2 -1
15433441759962010 9 -1
15433441759962580 2979 -1
15433441764964768 89 1
15433441765037520 182 -1
15433441765038130 9 -1
15433441765039630 16383 -1
15433441765040230 1 -1
15433441765040482 9 -1
15433441765042610 16383 -1
15433441765042750 1 -1
15433441765042850 9 -1
15433441765044400 10728 -1
15433441770055100 79 1
15433441770121190 171 -1
15433441770121660 9 -1
15433441770121952 3329 -1
15433441775127310 82 1
15433441775192310 145 -1
15433441775192440 9 -1
15433441775194982 16383 -1
15433441775195020 1 -1
15433441775195538 9 -1
15433441775197680 16383 -1
15433441775197710 1 -1
15433441775197740 9 -1
15433441775200400 16382 -1
15433441775200420 2 -1
15433441775200440 9 -1
15433441775203112 16381 -1
15433441775203158 3 -1
15433441775203180 9 -1
15433441775204750 9655 -1
15433441780205510 84 1
15433441780272530 189 -1
15433441780273060 9 -1
15433441780276360 11906 -1
15433441785276990 59 1
15433441785340322 194 -1
15433441785340950 9 -1
15433441785343060 16383 -1
15433441785343102 1 -1
15433441785343608 9 -1
15433441785345290 14331 -1
15433441790346040 73 1
15433441790517240 153 -1
15433441790517800 9 -1
15433441790519928 16383 -1
15433441790519990 1 -1
15433441790520050 9 -1
15433441790522550 16383 -1
15433441790522600 1 -1
15433441790522640 9 -1
15433441790525170 16382 -1
15433441790525210 2 -1
15433441790525220 9 -1
15433441790527850 16381 -1
15433441790527890 3 -1
15433441790527912 9 -1
15433441790530510 16380 -1
15433441790530550 4 -1
15433441790530580 9 -1
15433441790533208 15986 -1
