### "'163601 332019 16298 16298 9411 68859 92042 149062 8351 92042 149062 156753 128241 97051 106214'"
0 0 0
15433318411390650 148 1
15433318411390650 204 1
0 0 0
15433318429856610 148 1
15433318429856610 199 1
15433318429997910 48 -1
15433318430007542 1024 -1
15433318430008090 1024 -1
15433318430008090 1024 -1
15433318430008710 1024 -1
15433318430008710 1024 -1
15433318430008710 1024 -1
15433318430008710 1024 -1
15433318430008710 1024 -1
15433318430009130 1024 -1
15433318430009698 1024 -1
15433318430009698 1024 -1
15433318430009698 1024 -1
15433318430010230 1024 -1
15433318430010230 1024 -1
15433318430010230 1024 -1
15433318430010230 1024 -1
15433318430010230 234 -1
15433318435012400 80 1
15433318435161860 1024 -1
15433318435161960 1024 -1
15433318435162380 1024 -1
15433318435162380 1024 -1
15433318435162972 1024 -1
15433318435162972 1024 -1
15433318435162972 1024 -1
15433318435162972 1024 -1
15433318435163490 1024 -1
15433318435163528 1024 -1
15433318435164070 1024 -1
15433318435164070 1024 -1
15433318435164070 1024 -1
15433318435164650 1024 -1
15433318435164650 1024 -1
15433318435164650 1024 -1
15433318435164650 235 -1
15433318440166320 78 1
15433318440435370 1024 -1
15433318440435670 294 -1
15433318440435842 1024 -1
15433318440435860 1024 -1
15433318440435860 265 -1
15433318445438508 77 1
15433318445587690 1024 -1
15433318445587790 1024 -1
15433318445588220 1024 -1
15433318445588220 15 -1
15433318450589458 78 1
15433318450739470 1024 -1
15433318450739660 1024 -1
15433318450739680 1024 -1
15433318450739680 193 -1
15433318455741250 9 1
15433318460741210 66 1
15433318461147210 1024 -1
15433318461147360 557 -1
15433318461147750 1024 -1
15433318461148332 1024 -1
15433318461148332 1024 -1
15433318461151450 1024 -1
15433318461154880 1024 -1
15433318461155428 1024 -1
15433318461155428 1024 -1
15433318461155428 972 -1
15433318466156680 63 1
15433318466561430 1024 -1
15433318466561640 485 -1
15433318466561660 59 -1
15433318466564300 1024 -1
15433318466564432 1024 -1
15433318466564432 1024 -1
15433318466565700 1024 -1
15433318466568740 1024 -1
15433318466568740 541 -1
15433318471569790 63 1
15433318471976150 1024 -1
15433318471976320 627 -1
15433318471976330 1024 -1
15433318471976358 1024 -1
15433318471977090 1024 -1
15433318471978200 1024 -1
15433318471978200 985 -1
15433318476979130 63 1
15433318477331660 1024 -1
15433318477331880 494 -1
15433318477332190 1024 -1
15433318477332252 956 -1
15433318482333720 63 1
15433318482680870 1024 -1
15433318482681028 627 -1
15433318482681050 1024 -1
15433318482681400 1024 -1
15433318482682682 54 -1
15433318487682590 63 1
15433318488084108 1024 -1
15433318488084400 549 -1
15433318488084422 1024 -1
15433318488084590 1024 -1
15433318488085160 1024 -1
15433318488085762 1024 -1
15433318488087790 312 -1
15433318493992410 78 1
15433318494142770 1024 -1
15433318494143230 1024 -1
15433318494143390 862 -1
15433318499148120 58 1
15433318499368770 1024 -1
15433318499368940 430 -1
15433318499370440 1024 -1
15433318499371030 1024 -1
15433318499371030 1024 -1
15433318499371610 1024 -1
15433318499371610 1024 -1
15433318499371610 1024 -1
15433318499378058 1024 -1
15433318499378590 1024 -1
15433318499378590 1024 -1
15433318499378590 1024 -1
15433318499378590 1024 -1
15433318499379130 1024 -1
15433318499379130 1024 -1
15433318499388980 1024 -1
15433318499388980 1024 -1
15433318499389420 1024 -1
15433318499389420 1024 -1
15433318499389420 1024 -1
15433318499389420 1024 -1
15433318499389970 1024 -1
15433318499389970 1024 -1
15433318499389970 1024 -1
15433318499408290 1024 -1
15433318499408290 1024 -1
15433318499408820 63 -1
15433318499408820 1024 -1
15433318499408820 1024 -1
15433318499409348 1024 -1
15433318499409348 1024 -1
15433318499409348 1024 -1
15433318499409348 1024 -1
15433318499409910 1024 -1
15433318499409910 1024 -1
15433318499417780 1024 -1
15433318499417780 1024 -1
15433318499418320 1024 -1
15433318499418320 1024 -1
15433318499418320 1024 -1
15433318499418320 1024 -1
15433318499418320 1024 -1
15433318499418870 1024 -1
15433318499418870 415 -1
15433318499418870 1024 -1
15433318499424150 1024 -1
15433318499424710 1024 -1
15433318499424710 1024 -1
15433318499424710 1024 -1
15433318499424710 1024 -1
15433318499424710 1024 -1
15433318499424710 1024 -1
15433318499425230 1024 -1
15433318499425230 1024 -1
15433318499430420 1024 -1
15433318499430420 883 -1
15433318499430940 1024 -1
15433318499430940 1024 -1
15433318499430940 1024 -1
15433318499431510 1024 -1
15433318499431510 1024 -1
15433318499431510 1024 -1
15433318499431510 1024 -1
15433318499432040 1024 -1
15433318499442288 1024 -1
15433318499442288 1024 -1
15433318499442288 1024 -1
15433318499442862 1024 -1
15433318499442862 1024 -1
15433318499442862 973 -1
15433318504445320 58 1
15433318504710340 1024 -1
15433318504710510 366 -1
15433318504710830 1024 -1
15433318504711440 1024 -1
15433318504711440 1024 -1
15433318504712530 1024 -1
15433318504712530 694 -1
15433318509713408 58 1
15433318510044090 1024 -1
15433318510044300 367 -1
15433318510044560 1024 -1
15433318510045158 1024 -1
15433318510045158 1024 -1
15433318510046270 1024 -1
15433318510046270 1024 -1
15433318510046270 1024 -1
15433318510046270 1024 -1
15433318510046270 1024 -1
15433318510049642 1024 -1
15433318510049642 1024 -1
15433318510051790 1024 -1
15433318510052330 1024 -1
15433318510052330 1024 -1
15433318510052330 1024 -1
15433318510052330 1024 -1
15433318510052878 1024 -1
15433318510052878 1024 -1
15433318510052878 1024 -1
15433318510053420 1024 -1
15433318510058770 1024 -1
15433318510058770 1024 -1
15433318510059258 1024 -1
15433318510059258 1024 -1
15433318510059258 1024 -1
15433318510059258 63 -1
15433318510061920 1024 -1
15433318510062460 1024 -1
15433318510062460 1024 -1
15433318510062460 1024 -1
15433318510062460 1024 -1
15433318510062460 1024 -1
15433318510062960 1024 -1
15433318510062960 1024 -1
15433318510062960 1024 -1
15433318510063620 1024 -1
15433318510063620 1024 -1
15433318510063620 1024 -1
15433318510063620 1024 -1
15433318510071860 1024 -1
15433318510071860 1024 -1
15433318510071860 1024 -1
15433318510072370 1024 -1
15433318510072370 230 -1
15433318510072370 1024 -1
15433318510072370 1024 -1
15433318510072370 1024 -1
15433318510072890 1024 -1
15433318510072890 1024 -1
15433318510072890 1024 -1
15433318510073410 1024 -1
15433318510073410 1024 -1
15433318510073410 1024 -1
15433318510073410 1024 -1
15433318510082890 1024 -1
15433318510082890 1024 -1
15433318510082890 1024 -1
15433318510083390 1024 -1
15433318510083390 1024 -1
15433318510083960 1024 -1
15433318510083960 1024 -1
15433318510083960 1024 -1
15433318510083960 1024 -1
15433318510084540 1024 -1
15433318510084540 1024 -1
15433318510084540 1024 -1
15433318510084540 1024 -1
15433318510084540 1024 -1
15433318510092210 63 -1
15433318510092210 1024 -1
15433318510092210 1024 -1
15433318510092700 1024 -1
15433318510092700 1024 -1
15433318510092700 1024 -1
15433318510092700 1024 -1
15433318510093250 1024 -1
15433318510093250 1024 -1
15433318510093250 1024 -1
15433318510093250 1024 -1
15433318510093802 1024 -1
15433318510093802 1024 -1
15433318510093802 1024 -1
15433318510101610 1024 -1
15433318510101610 1024 -1
15433318510102180 1024 -1
15433318510102180 1024 -1
15433318510102720 1024 -1
15433318510102720 1024 -1
15433318510102720 1024 -1
15433318510102720 1024 -1
15433318510103272 1024 -1
15433318510103272 1024 -1
15433318510103272 703 -1
15433318515104940 58 1
15433318515647970 1024 -1
15433318515648078 494 -1
15433318515648500 1024 -1
15433318515648540 1024 -1
15433318515649058 1024 -1
15433318515649100 1024 -1
15433318515649632 1024 -1
15433318515649632 1024 -1
15433318515649632 1024 -1
15433318515649632 1024 -1
15433318515652170 1024 -1
15433318515652750 1024 -1
15433318515652750 1024 -1
15433318515652750 1024 -1
15433318515654630 1024 -1
15433318515655190 1024 -1
15433318515655190 1024 -1
15433318515655190 1024 -1
15433318515655190 1024 -1
15433318515655730 1024 -1
15433318515655730 1024 -1
15433318515655730 1024 -1
15433318515656270 1024 -1
15433318515656270 1024 -1
15433318515656270 1024 -1
15433318515656270 1024 -1
15433318515656270 63 -1
15433318515662090 1024 -1
15433318515662630 1024 -1
15433318515662630 1024 -1
15433318515662630 1024 -1
15433318515662630 1024 -1
15433318515663140 1024 -1
15433318515663140 1024 -1
15433318515663140 1024 -1
15433318515663140 1024 -1
15433318515663670 1024 -1
15433318515663670 1024 -1
15433318515663670 1024 -1
15433318515664220 1024 -1
15433318515664220 1024 -1
15433318515664220 1024 -1
15433318515664220 1024 -1
15433318515672280 1024 -1
15433318515672820 1024 -1
15433318515672820 1024 -1
15433318515672820 1024 -1
15433318515672820 1024 -1
15433318515672820 1024 -1
15433318515673330 1024 -1
15433318515673330 1024 -1
15433318515673330 63 -1
15433318515673850 1024 -1
15433318515673850 1024 -1
15433318515673850 1024 -1
15433318515673850 1024 -1
15433318515673850 935 -1
15433318515673850 1024 -1
15433318515674390 1024 -1
15433318515674390 1024 -1
15433318515674390 1024 -1
15433318515682408 1024 -1
15433318515683040 1024 -1
15433318515683040 1024 -1
15433318515683040 1024 -1
15433318515683040 1024 -1
15433318515683488 1024 -1
15433318515683488 1024 -1
15433318515683488 1024 -1
15433318515683488 1024 -1
15433318515684000 1024 -1
15433318515684000 1024 -1
15433318515684000 1024 -1
15433318515684530 1024 -1
15433318515684530 1024 -1
15433318515684530 1024 -1
15433318515685092 1024 -1
15433318515693110 1024 -1
15433318515693610 1024 -1
15433318515693610 1024 -1
15433318515693610 1024 -1
15433318515693610 63 -1
15433318515693610 1024 -1
15433318515694160 1024 -1
15433318515694160 1024 -1
15433318515694160 865 -1
15433318515694160 1024 -1
15433318515694160 1024 -1
15433318515694690 1024 -1
15433318515694690 1024 -1
15433318515695230 1024 -1
15433318515695230 1024 -1
15433318515695230 1024 -1
15433318515695230 1024 -1
15433318515695230 1024 -1
15433318515702838 1024 -1
15433318515702838 1024 -1
15433318515703330 1024 -1
15433318515703330 1024 -1
15433318515703330 1024 -1
15433318515703890 1024 -1
15433318515703890 1024 -1
15433318515703890 45 -1
15433318515703890 1024 -1
15433318515704430 1024 -1
15433318515704430 1024 -1
15433318515704430 1024 -1
15433318515704430 1024 -1
15433318515704430 1024 -1
15433318515704980 1024 -1
15433318515704980 1024 -1
15433318515704980 1024 -1
15433318515712860 1024 -1
15433318515712860 1024 -1
15433318515712860 883 -1
15433318515985230 1024 -1
15433318515985310 1024 -1
15433318515985730 1024 -1
15433318515985730 1024 -1
15433318515986430 1024 -1
15433318515987000 1024 -1
15433318515987000 1024 -1
15433318515987000 1024 -1
15433318515987000 1024 -1
15433318515989100 1024 -1
15433318515989680 1024 -1
15433318515989680 1024 -1
15433318515990810 1024 -1
15433318515990810 1024 -1
15433318515990810 1024 -1
15433318515990810 1024 -1
15433318515990810 45 -1
15433318515991362 1024 -1
15433318515991362 1024 -1
15433318515991362 1024 -1
15433318515991362 1024 -1
15433318515991890 1024 -1
15433318515991890 1024 -1
15433318515996410 1024 -1
15433318515996950 1024 -1
15433318515996950 1024 -1
15433318515996950 1024 -1
15433318515996950 1024 -1
15433318515996950 883 -1
15433318516004250 1024 -1
15433318516004410 1024 -1
15433318516005330 1024 -1
15433318516005330 1024 -1
15433318516005868 1024 -1
15433318516005868 1024 -1
15433318516005868 1024 -1
15433318516005868 1003 -1
15433318521007700 58 1
15433318521241888 1024 -1
15433318521242130 366 -1
15433318521242420 1024 -1
15433318521242470 1024 -1
15433318521243560 1024 -1
15433318521243560 1024 -1
15433318521244680 1024 -1
15433318521244680 1024 -1
15433318521244680 1024 -1
15433318521244680 104 -1
15433318526245920 58 1
15433318526636190 1024 -1
15433318526636370 366 -1
15433318526636700 1024 -1
15433318526637280 1024 -1
15433318526637280 1024 -1
15433318526637880 1024 -1
15433318526639500 1024 -1
15433318526639500 1024 -1
15433318526639500 1024 -1
15433318526639500 1024 -1
15433318526639500 1024 -1
15433318526640912 1024 -1
15433318526641450 1024 -1
15433318526641450 1024 -1
15433318526641450 1024 -1
15433318526641450 1024 -1
15433318526642000 1024 -1
15433318526642000 1024 -1
15433318526642000 1024 -1
15433318526644640 1024 -1
15433318526645200 1024 -1
15433318526645200 1024 -1
15433318526645200 1024 -1
15433318526645200 1024 -1
15433318526645750 1024 -1
15433318526645750 1024 -1
15433318526645750 63 -1
15433318526645750 1024 -1
15433318526648610 1024 -1
15433318526649188 1024 -1
15433318526649188 1024 -1
15433318526649188 1024 -1
15433318526649188 1024 -1
15433318526649720 1024 -1
15433318526649720 1024 -1
15433318526649720 1024 -1
15433318526650250 1024 -1
15433318526650250 1024 -1
15433318526650250 1024 -1
15433318526650250 1024 -1
15433318526650250 1024 -1
15433318526650810 1024 -1
15433318526650810 1024 -1
15433318526650810 1024 -1
15433318526650810 1024 -1
15433318526651370 1024 -1
15433318526651370 1024 -1
15433318526651370 1024 -1
15433318526658390 1024 -1
15433318526658390 1024 -1
15433318526658950 1024 -1
15433318526658950 63 -1
15433318526658950 1024 -1
15433318526658950 1024 -1
15433318526658950 1024 -1
15433318526658950 1024 -1
15433318526659570 1024 -1
15433318526659570 1024 -1
15433318526659570 1024 -1
15433318526660040 1024 -1
15433318526660040 1024 -1
15433318526660040 1024 -1
15433318526660040 1024 -1
15433318526660550 1024 -1
15433318526660550 1024 -1
15433318526660550 1024 -1
15433318526660550 1024 -1
15433318526661110 1024 -1
15433318526661110 1024 -1
15433318526661110 1024 -1
15433318526668110 1024 -1
15433318526668640 1024 -1
15433318526668640 1024 -1
15433318526668640 1024 -1
15433318526668640 1024 -1
15433318526669170 1024 -1
15433318526669170 63 -1
15433318526669170 1024 -1
15433318526669170 1024 -1
15433318526669732 1024 -1
15433318526669732 1024 -1
15433318526669732 1024 -1
15433318526669732 1024 -1
15433318526670250 1024 -1
15433318526670250 1024 -1
15433318526670250 1024 -1
15433318526670250 1024 -1
15433318526670790 1024 -1
15433318526670790 1024 -1
15433318526670790 1024 -1
15433318526671350 1024 -1
15433318526677858 1024 -1
15433318526677858 1024 -1
15433318526677858 870 -1
15433318531678860 58 1
15433318532093000 1024 -1
15433318532093170 365 -1
15433318532093490 1024 -1
15433318532093530 1024 -1
15433318532094620 1024 -1
15433318532094620 1024 -1
15433318532094670 1024 -1
15433318532095260 1024 -1
15433318532095260 1024 -1
15433318532095260 1024 -1
15433318532095260 1024 -1
15433318532096940 1024 -1
15433318532097500 1024 -1
15433318532097500 1024 -1
15433318532097500 1024 -1
15433318532097500 1024 -1
15433318532098040 1024 -1
15433318532098040 1024 -1
15433318532098040 1024 -1
15433318532098040 1024 -1
15433318532101570 1024 -1
15433318532102138 1024 -1
15433318532102138 1024 -1
15433318532102138 1024 -1
15433318532102138 1024 -1
15433318532102650 1024 -1
15433318532102650 63 -1
15433318532102650 1024 -1
15433318532102650 1024 -1
15433318532102650 1024 -1
15433318532102650 1024 -1
15433318532107028 1024 -1
15433318532107580 1024 -1
15433318532107580 1024 -1
15433318532107580 1024 -1
15433318532107580 1024 -1
15433318532108090 1024 -1
15433318532108090 1024 -1
15433318532108090 1024 -1
15433318532108090 1024 -1
15433318532108640 1024 -1
15433318532108640 1024 -1
15433318532108640 1024 -1
15433318532108640 1024 -1
15433318532109210 1024 -1
15433318532109210 1024 -1
15433318532109210 1024 -1
15433318532109758 1024 -1
15433318532109758 1024 -1
15433318532109758 1024 -1
15433318532116740 1024 -1
15433318532116740 63 -1
15433318532117240 1024 -1
15433318532117240 1024 -1
15433318532117240 1024 -1
15433318532117240 1024 -1
15433318532117780 1024 -1
15433318532117780 1024 -1
15433318532117780 1024 -1
15433318532118350 1024 -1
15433318532118350 1024 -1
15433318532118350 1024 -1
15433318532118350 1024 -1
15433318532118918 1024 -1
15433318532118918 1024 -1
15433318532118918 1024 -1
15433318532118918 1024 -1
15433318532119460 1024 -1
15433318532119460 1024 -1
15433318532119460 1024 -1
15433318532126588 1024 -1
15433318532127140 1024 -1
15433318532127140 1024 -1
15433318532127140 1024 -1
15433318532127140 1024 -1
15433318532127660 1024 -1
15433318532127660 63 -1
15433318532127660 1024 -1
15433318532127660 1024 -1
15433318532127660 1024 -1
15433318532128200 1024 -1
15433318532128200 1024 -1
15433318532128200 1024 -1
15433318532128740 1024 -1
15433318532128740 1024 -1
15433318532128740 1024 -1
15433318532128740 1024 -1
15433318532129290 1024 -1
15433318532129290 1024 -1
15433318532129290 1024 -1
15433318532136480 1024 -1
15433318532137042 1024 -1
15433318532137042 1024 -1
15433318532137042 1024 -1
15433318532137042 1024 -1
15433318532137042 1024 -1
15433318532137610 1024 -1
15433318532137610 1024 -1
15433318532137610 1024 -1
15433318532137610 1024 -1
15433318532138122 1024 -1
15433318532138122 63 -1
15433318532138122 1024 -1
15433318532138122 1024 -1
15433318532138122 1024 -1
15433318532138690 1024 -1
15433318532138690 1024 -1
15433318532139180 1024 -1
15433318532139180 1024 -1
15433318532139180 1024 -1
15433318532146550 1024 -1
15433318532146550 1024 -1
15433318532147150 1024 -1
15433318532147150 1024 -1
15433318532147150 745 -1
15433318532200520 1024 -1
15433318532200610 1024 -1
15433318532201070 1024 -1
15433318532201640 1024 -1
15433318532201640 1024 -1
15433318532202188 1024 -1
15433318532202188 1024 -1
15433318532202188 1024 -1
15433318532204000 1024 -1
15433318532204570 1024 -1
15433318532204570 1024 -1
15433318532205680 1024 -1
15433318532206250 1024 -1
15433318532206250 1024 -1
15433318532206250 1024 -1
15433318532206250 1024 -1
15433318532206250 45 -1
15433318532206250 1024 -1
15433318532206768 1024 -1
15433318532206768 1024 -1
15433318532206768 1024 -1
15433318532206768 1024 -1
15433318532233170 1024 -1
15433318532233730 1024 -1
15433318532233730 1024 -1
15433318532233730 1024 -1
15433318532233730 1024 -1
15433318532234240 1024 -1
15433318532234240 1024 -1
15433318532234240 1024 -1
15433318532234240 1024 -1
15433318532234790 1024 -1
15433318532234790 1024 -1
15433318532234790 1024 -1
15433318532235330 1024 -1
15433318532235330 1024 -1
15433318532235330 862 -1
15433318537237908 58 1
15433318537572740 1024 -1
15433318537572960 484 -1
15433318537573020 1024 -1
15433318537573258 1024 -1
15433318537573258 1024 -1
15433318537573820 1024 -1
15433318537573820 1024 -1
15433318537574420 1024 -1
15433318537574420 1024 -1
15433318537574920 1024 -1
15433318537575480 1024 -1
15433318537575480 1024 -1
15433318537575480 1024 -1
15433318537575480 1024 -1
15433318537576890 1024 -1
15433318537577490 1024 -1
15433318537577490 1024 -1
15433318537577490 1024 -1
15433318537577490 1024 -1
15433318537577980 1024 -1
15433318537577980 1024 -1
15433318537577980 1024 -1
15433318537578540 1024 -1
15433318537578540 1024 -1
15433318537578540 1024 -1
15433318537581530 1024 -1
15433318537581530 63 -1
15433318537582090 1024 -1
15433318537582090 1024 -1
15433318537582090 1024 -1
15433318537582090 1024 -1
15433318537582632 1024 -1
15433318537582632 1024 -1
15433318537582632 1024 -1
15433318537584700 1024 -1
15433318537584700 621 -1
15433318537591838 1024 -1
15433318537591930 1024 -1
15433318537592350 1024 -1
15433318537592968 1024 -1
15433318537593520 1024 -1
15433318537593520 1024 -1
15433318537593520 1024 -1
15433318537593520 1024 -1
15433318537594650 1024 -1
15433318537594650 1024 -1
15433318537595192 1024 -1
15433318537595192 1024 -1
15433318537595192 1024 -1
15433318537595740 1024 -1
15433318537595740 1024 -1
15433318537595740 1024 -1
15433318537595740 45 -1
15433318537597930 1024 -1
15433318537598490 1024 -1
15433318537598490 1024 -1
15433318537598490 1024 -1
15433318537598490 1024 -1
15433318537599110 1024 -1
15433318537599110 1024 -1
15433318537599110 1024 -1
15433318537599110 1024 -1
15433318537601610 1024 -1
15433318537602150 1024 -1
15433318537602150 1024 -1
15433318537602150 1024 -1
15433318537602150 1024 -1
15433318537602670 1024 -1
15433318537602670 1024 -1
15433318537602670 45 -1
15433318537602670 1024 -1
15433318537602670 1024 -1
15433318537603210 1024 -1
15433318537603210 1024 -1
15433318537603210 1024 -1
15433318537603732 1024 -1
15433318537603732 1024 -1
15433318537603732 1024 -1
15433318537603732 1024 -1
15433318537604280 1024 -1
15433318537604280 1024 -1
15433318537604280 1024 -1
15433318537609270 1024 -1
15433318537609820 1024 -1
15433318537609820 1024 -1
15433318537609820 1024 -1
15433318537609820 1024 -1
15433318537610340 1024 -1
15433318537610340 1024 -1
15433318537610340 1024 -1
15433318537610340 1024 -1
15433318537610860 1024 -1
15433318537610860 1024 -1
15433318537610860 1024 -1
15433318537610860 63 -1
15433318537611380 1024 -1
15433318537611380 1024 -1
15433318537611380 1024 -1
15433318537611380 1024 -1
15433318537611930 1024 -1
15433318537611930 1024 -1
15433318537611930 1024 -1
15433318537612470 1024 -1
15433318537612470 1024 -1
15433318537612470 1024 -1
15433318537612470 1024 -1
15433318537613020 1024 -1
15433318537619340 1024 -1
15433318537619340 1024 -1
15433318537619880 1024 -1
15433318537619880 829 -1
15433318537619880 1024 -1
15433318537619880 1024 -1
15433318537620410 1024 -1
15433318537620410 1024 -1
15433318537620410 1024 -1
15433318537620940 1024 -1
15433318537620940 1024 -1
15433318537620940 1024 -1
15433318537620940 1024 -1
15433318537621470 1024 -1
15433318537621470 1024 -1
15433318537622030 1024 -1
15433318537622030 1024 -1
15433318537622030 1024 -1
15433318537622560 1024 -1
15433318537622560 1024 -1
15433318537622560 1024 -1
15433318537622560 1024 -1
15433318537622560 1024 -1
15433318537622560 1024 -1
15433318537623100 1024 -1
15433318537629450 1024 -1
15433318537629982 1024 -1
15433318537629982 742 -1
15433318537629982 1024 -1
15433318537629982 1024 -1
15433318537629982 1024 -1
15433318537630520 1024 -1
15433318537630520 1024 -1
15433318537630520 1024 -1
15433318537631070 1024 -1
15433318537631070 1024 -1
15433318537631640 1024 -1
15433318537631640 1024 -1
15433318537631640 1024 -1
15433318537631640 1024 -1
15433318537631640 1024 -1
15433318537631640 1024 -1
15433318537632170 1024 -1
15433318537632170 1024 -1
15433318537632170 45 -1
15433318537632170 1024 -1
15433318537632700 1024 -1
15433318537632700 1024 -1
15433318537632700 1024 -1
15433318537632700 1024 -1
15433318537633260 1024 -1
15433318537639470 1024 -1
15433318537639470 907 -1
15433318542640160 58 1
15433318542980210 1024 -1
15433318542980380 483 -1
15433318542980440 1024 -1
15433318542980550 1024 -1
15433318542981160 1024 -1
15433318542981160 1024 -1
15433318542981240 1024 -1
15433318542981670 1024 -1
15433318542981670 1024 -1
15433318542981670 1024 -1
15433318542981670 1024 -1
15433318542982220 1024 -1
15433318542982220 1024 -1
15433318542983880 1024 -1
15433318542984450 1024 -1
15433318542984450 1024 -1
15433318542984450 45 -1
15433318542985020 1024 -1
15433318542985020 1024 -1
15433318542985580 1024 -1
15433318542985580 1024 -1
15433318542986710 1024 -1
15433318542986710 1024 -1
15433318542987248 1024 -1
15433318542987248 1024 -1
15433318542987248 1024 -1
15433318542987248 1024 -1
15433318542987790 1024 -1
15433318542987790 1024 -1
15433318542987790 1024 -1
15433318542989900 1024 -1
15433318542990470 1024 -1
15433318542990470 1024 -1
15433318542990470 45 -1
15433318542992150 1024 -1
15433318542992762 1024 -1
15433318542992762 595 -1
15433318543002810 1024 -1
15433318543003420 1024 -1
15433318543003420 1024 -1
15433318543003890 1024 -1
15433318543003890 1024 -1
15433318543003890 1024 -1
15433318543003890 1024 -1
15433318543003890 1024 -1
15433318543006150 1024 -1
15433318543006712 1024 -1
15433318543006712 1024 -1
15433318543006712 1024 -1
15433318543006712 1024 -1
15433318543006712 1024 -1
15433318543008038 1024 -1
15433318543008038 1024 -1
15433318543008038 45 -1
15433318543009140 1024 -1
15433318543009720 1024 -1
15433318543009720 1024 -1
15433318543010270 1024 -1
15433318543010270 1024 -1
15433318543010850 1024 -1
15433318543010850 1024 -1
15433318543010850 1024 -1
15433318543010850 1024 -1
15433318543011400 1024 -1
15433318543012782 1024 -1
15433318543013340 1024 -1
15433318543013340 1024 -1
15433318543013340 1024 -1
15433318543013908 1024 -1
15433318543013908 1024 -1
15433318543013908 45 -1
15433318543015202 1024 -1
15433318543015758 1024 -1
15433318543015758 1024 -1
15433318543015758 1024 -1
15433318543016340 1024 -1
15433318543016340 1024 -1
15433318543016340 1024 -1
15433318543018100 1024 -1
15433318543018640 1024 -1
15433318543018640 1024 -1
15433318543018640 1024 -1
15433318543019220 1024 -1
15433318543019220 1024 -1
15433318543019220 1024 -1
15433318543019220 1024 -1
15433318543019740 1024 -1
15433318543019740 1024 -1
15433318543019740 1024 -1
15433318543019740 1024 -1
15433318543020270 1024 -1
15433318543020270 1024 -1
15433318543020270 1024 -1
15433318543023670 1024 -1
15433318543024210 1024 -1
15433318543024210 63 -1
15433318543024210 1024 -1
15433318543024210 1024 -1
15433318543024760 1024 -1
15433318543024760 1024 -1
15433318543024760 1024 -1
15433318543024760 1024 -1
15433318543025310 1024 -1
15433318543025310 1024 -1
15433318543025310 1024 -1
15433318543025310 1024 -1
15433318543025820 1024 -1
15433318543025820 1024 -1
15433318543025820 1024 -1
15433318543026360 1024 -1
15433318543026360 1024 -1
15433318543026950 1024 -1
15433318543026950 1024 -1
15433318543026950 1024 -1
15433318543026950 1024 -1
15433318543027440 1024 -1
15433318543027440 1024 -1
15433318543027440 1024 -1
15433318543028000 1024 -1
15433318543028000 1024 -1
15433318543033850 63 -1
15433318543033850 1024 -1
15433318543034400 1024 -1
15433318543034400 1024 -1
15433318543034400 1024 -1
15433318543034400 1024 -1
15433318543034940 1024 -1
15433318543034940 1024 -1
15433318543034940 1024 -1
15433318543034940 1024 -1
15433318543035500 1024 -1
15433318543035500 1024 -1
15433318543035500 508 -1
15433318548037580 59 1
15433318548379828 1024 -1
15433318548379992 635 -1
15433318548380000 1024 -1
15433318548380042 1024 -1
15433318548380762 1024 -1
15433318548380762 1024 -1
15433318548380850 1024 -1
15433318548380850 1024 -1
15433318548381260 1024 -1
15433318548381260 1024 -1
15433318548381260 1024 -1
15433318548381810 1024 -1
15433318548381810 1024 -1
15433318548381810 1024 -1
15433318548383600 1024 -1
15433318548383600 1024 -1
15433318548383600 36 -1
15433318548392940 1024 -1
15433318548393090 1024 -1
15433318548393450 1024 -1
15433318548393450 1024 -1
15433318548394620 1024 -1
15433318548394620 1024 -1
15433318548394620 1024 -1
15433318548394620 1024 -1
15433318548395140 1024 -1
15433318548396270 1024 -1
15433318548396270 1024 -1
15433318548396810 1024 -1
15433318548396810 1024 -1
15433318548396810 1024 -1
15433318548396810 1024 -1
15433318548396810 1024 -1
15433318548396810 45 -1
15433318548396810 1024 -1
15433318548397350 838 -1
15433318548399430 1024 -1
15433318548399480 1024 -1
15433318548399480 1024 -1
15433318548400540 1024 -1
15433318548400540 1024 -1
15433318548400540 1024 -1
15433318548400540 1024 -1
15433318548401092 1024 -1
15433318548402760 1024 -1
15433318548403290 1024 -1
15433318548403290 1024 -1
15433318548403290 1024 -1
15433318548403860 1024 -1
15433318548403860 1024 -1
15433318548403860 1024 -1
15433318548403860 1024 -1
15433318548403860 45 -1
15433318548406342 1024 -1
15433318548406880 1024 -1
15433318548406898 1024 -1
15433318548406898 1024 -1
15433318548407440 1024 -1
15433318548407440 1024 -1
15433318548407990 1024 -1
15433318548407990 1024 -1
15433318548407990 1024 -1
15433318548409122 1024 -1
15433318548409730 1024 -1
15433318548409730 1024 -1
15433318548409730 1024 -1
15433318548409730 1024 -1
15433318548410270 1024 -1
15433318548410270 1024 -1
15433318548410270 45 -1
15433318548411770 1024 -1
15433318548412380 1024 -1
15433318548412380 1024 -1
15433318548412380 1024 -1
15433318548412380 1024 -1
15433318548412890 1024 -1
15433318548412890 1024 -1
15433318548412890 802 -1
15433318548414618 1024 -1
15433318548415160 1024 -1
15433318548415160 1024 -1
15433318548415160 1024 -1
15433318548415700 1024 -1
15433318548415700 1024 -1
15433318548415700 1024 -1
15433318548415700 1024 -1
15433318548415700 1024 -1
15433318548416250 1024 -1
15433318548416250 1024 -1
15433318548416250 1024 -1
15433318548416790 1024 -1
15433318548416790 1024 -1
15433318548416790 1024 -1
15433318548416790 1024 -1
15433318548416790 45 -1
15433318548420500 1024 -1
15433318548421050 1024 -1
15433318548421050 1024 -1
15433318548421050 1024 -1
15433318548421050 1024 -1
15433318548421050 907 -1
15433318553422390 58 1
15433318553838798 1024 -1
15433318553839000 547 -1
15433318553839050 59 -1
15433318553863670 1024 -1
15433318553865140 1024 -1
15433318553865140 1024 -1
15433318553865240 1024 -1
15433318553865240 1024 -1
15433318553865750 1024 -1
15433318553865750 1024 -1
15433318553865830 1024 -1
15433318553866320 1024 -1
15433318553866320 1024 -1
15433318553866320 1024 -1
15433318553866320 1024 -1
15433318553866870 1024 -1
15433318553866870 1024 -1
15433318553868130 1024 -1
15433318553868130 1024 -1
15433318553868130 45 -1
15433318553895920 1024 -1
15433318553896380 1024 -1
15433318553896450 1024 -1
15433318553896450 1024 -1
15433318553897090 1024 -1
15433318553897728 1024 -1
15433318553897728 1024 -1
15433318553898860 1024 -1
15433318553898860 1024 -1
15433318553898860 1024 -1
15433318553898860 1024 -1
15433318553899382 1024 -1
15433318553899382 1024 -1
15433318553899382 1024 -1
15433318553900630 1024 -1
15433318553900630 1024 -1
15433318553900630 45 -1
15433318553903552 1024 -1
15433318553904080 1024 -1
15433318553904080 1024 -1
15433318553904640 1024 -1
15433318553904640 847 -1
15433318553923180 1024 -1
15433318553923230 1024 -1
15433318553923690 1024 -1
15433318553924260 1024 -1
15433318553924840 1024 -1
15433318553924840 1024 -1
15433318553924840 1024 -1
15433318553925372 1024 -1
15433318553925372 1024 -1
15433318553925372 1024 -1
15433318553925372 1024 -1
15433318553926790 1024 -1
15433318553927310 1024 -1
15433318553927310 1024 -1
15433318553927310 1024 -1
15433318553927310 1024 -1
15433318553927310 45 -1
15433318553928450 1024 -1
15433318553928990 1024 -1
15433318553928990 1024 -1
15433318553928990 1024 -1
15433318553929560 1024 -1
15433318553929560 1024 -1
15433318553929560 1024 -1
15433318553929560 1024 -1
15433318553929560 1024 -1
15433318553930100 1024 -1
15433318553930100 1024 -1
15433318553932500 1024 -1
15433318553933070 1024 -1
15433318553933070 1024 -1
15433318553933070 1024 -1
15433318553933640 1024 -1
15433318553933640 45 -1
15433318553933640 1024 -1
15433318553933640 1024 -1
15433318553933640 1024 -1
15433318553933640 1024 -1
15433318553934160 1024 -1
15433318553934160 1024 -1
15433318553934160 1024 -1
15433318553934720 802 -1
15433318553937020 1024 -1
15433318553937560 1024 -1
15433318553937560 1024 -1
15433318553937560 1024 -1
15433318553937560 1024 -1
15433318553938110 1024 -1
15433318553938110 1024 -1
15433318553938110 1024 -1
15433318553938630 1024 -1
15433318553938630 1024 -1
15433318553938630 1024 -1
15433318553938630 1024 -1
15433318553939170 1024 -1
15433318553939170 1024 -1
15433318553939170 1024 -1
15433318553939710 1024 -1
15433318553939710 45 -1
15433318553939710 1024 -1
15433318553939710 1024 -1
15433318553939710 1024 -1
15433318553940260 1024 -1
15433318553940260 1024 -1
15433318553940260 1024 -1
15433318553940260 1024 -1
15433318553940830 1024 -1
15433318553940830 1024 -1
15433318553940830 892 -1
15433318558943910 58 1
15433318559280110 1024 -1
15433318559280290 626 -1
15433318559280332 1024 -1
15433318559280370 1024 -1
15433318559280370 1024 -1
15433318559280610 1024 -1
15433318559281740 1024 -1
15433318559281740 1024 -1
15433318559281740 1024 -1
15433318559281740 1024 -1
15433318559282280 1024 -1
15433318559283370 1024 -1
15433318559283950 1024 -1
15433318559283950 1024 -1
15433318559283950 1024 -1
15433318559283950 1024 -1
15433318559284502 45 -1
15433318559285120 1024 -1
15433318559285120 1024 -1
15433318559285650 1024 -1
15433318559285650 1024 -1
15433318559285650 1024 -1
15433318559285650 1024 -1
15433318559286220 1024 -1
15433318559287788 1024 -1
15433318559288458 1024 -1
15433318559288458 1024 -1
15433318559288458 1024 -1
15433318559288458 1024 -1
15433318559288918 1024 -1
15433318559288918 1024 -1
15433318559288918 1024 -1
15433318559288918 1024 -1
15433318559288918 45 -1
15433318559291440 1024 -1
15433318559291990 1024 -1
15433318559292520 658 -1
15433318559292550 1024 -1
15433318559293100 1024 -1
15433318559293100 1024 -1
15433318559293100 1024 -1
15433318559293640 1024 -1
15433318559293640 1024 -1
15433318559294200 1024 -1
15433318559294200 1024 -1
15433318559294200 1024 -1
15433318559294200 988 -1
15433318564295650 58 1
15433318564889330 1024 -1
15433318564889450 547 -1
15433318564889892 59 -1
15433318564911580 1024 -1
15433318564912068 1024 -1
15433318564912680 1024 -1
15433318564912680 1024 -1
15433318564913780 1024 -1
15433318564913780 1024 -1
15433318564914340 1024 -1
15433318564914340 1024 -1
15433318564914340 1024 -1
15433318564915440 1024 -1
15433318564915440 1024 -1
15433318564915440 1024 -1
15433318564915440 1024 -1
15433318564915978 1024 -1
15433318564915978 1024 -1
15433318564915978 1024 -1
15433318564915978 45 -1
15433318564949638 1024 -1
15433318564950200 1024 -1
15433318564950780 1024 -1
15433318564950780 1024 -1
15433318564951300 1024 -1
15433318564951300 1024 -1
15433318564951848 1024 -1
15433318564951848 1024 -1
15433318564952950 1024 -1
15433318564952950 1024 -1
15433318564953510 1024 -1
15433318564953510 1024 -1
15433318564953510 1024 -1
15433318564953510 1024 -1
15433318564954040 1024 -1
15433318564954040 1024 -1
15433318564954600 45 -1
15433318564958292 1024 -1
15433318564958860 1024 -1
15433318564958860 1024 -1
15433318564959430 1024 -1
15433318564959430 424 -1
15433318564969140 1024 -1
15433318564969680 1024 -1
15433318564969708 1024 -1
15433318564969708 1024 -1
15433318564970200 1024 -1
15433318564970200 1024 -1
15433318564970200 1024 -1
15433318564970200 1003 -1
15433318569971768 58 1
15433318570350020 1024 -1
15433318570350180 548 -1
15433318570350520 1024 -1
15433318570350570 1024 -1
15433318570351670 1024 -1
15433318570351670 1024 -1
15433318570352210 1024 -1
15433318570352210 1024 -1
15433318570352768 1024 -1
15433318570353950 1024 -1
15433318570353950 1024 -1
15433318570353950 1024 -1
15433318570353950 1024 -1
15433318570354510 1024 -1
15433318570354510 1024 -1
15433318570354510 1024 -1
15433318570355730 1024 -1
15433318570356280 1024 -1
15433318570356280 1024 -1
15433318570356280 1024 -1
15433318570356280 1024 -1
15433318570357580 1024 -1
15433318570358130 1024 -1
15433318570358130 1024 -1
15433318570358130 1024 -1
15433318570358130 1024 -1
15433318570358130 63 -1
15433318570358670 1024 -1
15433318570358670 1024 -1
15433318570358670 1024 -1
15433318570358670 1024 -1
15433318570359230 1024 -1
15433318570359780 1024 -1
15433318570359780 1024 -1
15433318570359780 1024 -1
15433318570359780 1024 -1
15433318570359780 1024 -1
15433318570359780 1024 -1
15433318570360330 1024 -1
15433318570360330 1024 -1
15433318570364348 1024 -1
15433318570364860 1024 -1
15433318570364860 1024 -1
15433318570364860 1024 -1
15433318570364860 1024 -1
15433318570365400 1024 -1
15433318570365400 1024 -1
15433318570365400 1024 -1
15433318570365920 1024 -1
15433318570365920 1024 -1
15433318570365920 1024 -1
15433318570365920 63 -1
15433318570365920 960 -1
15433318570371348 1024 -1
15433318570371348 1024 -1
15433318570371348 1024 -1
15433318570371348 1024 -1
15433318570371348 1024 -1
15433318570371348 1024 -1
15433318570371348 1024 -1
15433318570371348 1024 -1
15433318570371348 1024 -1
15433318570371348 1024 -1
15433318570371348 1024 -1
15433318570371348 1024 -1
15433318570371770 1024 -1
15433318570371770 1024 -1
15433318570371770 1024 -1
15433318570371770 1024 -1
15433318570371770 45 -1
15433318570375820 1024 -1
15433318570375920 1024 -1
15433318570375920 1024 -1
15433318570376100 1024 -1
15433318570376100 1024 -1
15433318570376100 1024 -1
15433318570376100 1024 -1
15433318570376530 802 -1
15433318570378972 1024 -1
15433318570379022 1024 -1
15433318570379490 1024 -1
15433318570379490 1024 -1
15433318570380030 1024 -1
15433318570380030 1024 -1
15433318570380600 1024 -1
15433318570381720 1024 -1
15433318570381720 1024 -1
15433318570381720 1024 -1
15433318570381720 1024 -1
15433318570382850 1024 -1
15433318570382850 1024 -1
15433318570383430 1024 -1
15433318570383430 1024 -1
15433318570383430 1024 -1
15433318570383430 45 -1
15433318570384590 1024 -1
15433318570384590 1024 -1
15433318570385130 1024 -1
15433318570385130 1024 -1
15433318570385130 1024 -1
15433318570385130 1024 -1
15433318570385650 1024 -1
15433318570385650 1024 -1
15433318570385650 1024 -1
15433318570386210 1024 -1
15433318570386210 1024 -1
15433318570388492 1024 -1
15433318570388492 1024 -1
15433318570388492 1024 -1
15433318570388492 1024 -1
15433318570388960 1024 -1
15433318570388960 1024 -1
15433318570389540 1024 -1
15433318570389540 1024 -1
15433318570389540 1024 -1
15433318570389540 1024 -1
15433318570389540 1024 -1
15433318570390050 1024 -1
15433318570390050 1024 -1
15433318570390050 63 -1
15433318570392990 1024 -1
15433318570393520 1024 -1
15433318570393520 1024 -1
15433318570393520 1024 -1
15433318570394110 1024 -1
15433318570394110 1024 -1
15433318570394110 1024 -1
15433318570394110 1024 -1
15433318570394620 1024 -1
15433318570394620 1024 -1
15433318570394620 1024 -1
15433318570394620 1024 -1
15433318570395140 1024 -1
15433318570395140 1024 -1
15433318570395140 1024 -1
15433318570395690 1024 -1
15433318570395690 1024 -1
15433318570396230 1024 -1
15433318570396230 1024 -1
15433318570396230 1024 -1
15433318570396230 1024 -1
15433318570396230 1024 -1
15433318570396230 1024 -1
15433318570396760 1024 -1
15433318570396760 63 -1
15433318570396760 1024 -1
15433318570396760 1024 -1
15433318570397320 1024 -1
15433318570402770 1024 -1
15433318570403290 1024 -1
15433318570403290 1024 -1
15433318570403290 1024 -1
15433318570403290 1024 -1
15433318570403832 1024 -1
15433318570403832 1024 -1
15433318570403832 1024 -1
15433318570403832 1024 -1
15433318570403832 1024 -1
15433318570404338 1024 -1
15433318570404338 1024 -1
15433318570404880 1024 -1
15433318570404880 1024 -1
15433318570404880 1024 -1
15433318570405450 1024 -1
15433318570405450 1024 -1
15433318570405450 1024 -1
15433318570405450 1024 -1
15433318570405970 1024 -1
15433318570405970 1024 -1
15433318570405970 63 -1
15433318570405970 1024 -1
15433318570405970 1024 -1
15433318570406480 1024 -1
15433318570406480 1024 -1
15433318570406480 1024 -1
15433318570407060 1024 -1
15433318570412610 1024 -1
15433318570412610 1024 -1
15433318570413160 1024 -1
15433318570413160 1024 -1
15433318570413720 1024 -1
15433318570413720 1024 -1
15433318570413720 1024 -1
15433318570414280 1024 -1
15433318570414280 1024 -1
15433318570414280 1024 -1
15433318570414280 1024 -1
15433318570414280 1024 -1
15433318570414280 1024 -1
15433318570414770 1024 -1
15433318570414770 1024 -1
15433318570415320 1024 -1
15433318570415320 1024 -1
15433318570415320 1024 -1
15433318570415320 63 -1
15433318570415320 1024 -1
15433318570415872 1024 -1
15433318570415872 1024 -1
15433318570415872 1024 -1
15433318570416420 1024 -1
15433318570416420 1024 -1
15433318570490980 1024 -1
15433318570490980 1024 -1
15433318570490980 1024 -1
15433318570490980 1024 -1
15433318570491760 1024 -1
15433318570491760 1024 -1
15433318570491760 1024 -1
15433318570491760 1024 -1
15433318570494370 1024 -1
15433318570494918 1024 -1
15433318570494918 1024 -1
15433318570494918 1024 -1
15433318570494918 1024 -1
15433318570495470 1024 -1
15433318570495470 1024 -1
15433318570495470 1024 -1
15433318570495470 1024 -1
15433318570495990 1024 -1
15433318570495990 63 -1
15433318570495990 1024 -1
15433318570496560 1024 -1
15433318570496560 1024 -1
15433318570496560 1024 -1
15433318570496560 1024 -1
15433318570496560 1024 -1
15433318570497110 1024 -1
15433318570497110 1024 -1
15433318570497110 1024 -1
15433318570497110 1024 -1
15433318570497660 1024 -1
15433318570497660 1024 -1
15433318570497660 1024 -1
15433318570498208 1024 -1
15433318570498208 1024 -1
15433318570498208 1024 -1
15433318570498208 1024 -1
15433318570498750 1024 -1
15433318570498750 1024 -1
15433318570498750 1024 -1
15433318570504280 1024 -1
15433318570504820 1024 -1
15433318570504820 1024 -1
15433318570504820 1024 -1
15433318570504820 63 -1
15433318570505390 1024 -1
15433318570505390 1024 -1
15433318570505390 1024 -1
15433318570505390 1024 -1
15433318570505390 1024 -1
15433318570505390 1024 -1
15433318570505928 1024 -1
15433318570505928 1024 -1
15433318570506490 1024 -1
15433318570506490 1024 -1
15433318570506490 1024 -1
15433318570506490 1024 -1
15433318570507030 1024 -1
15433318570507030 1024 -1
15433318570507030 1024 -1
15433318570507030 1024 -1
15433318570507030 1024 -1
15433318570507590 1024 -1
15433318570507590 1024 -1
15433318570507590 1024 -1
15433318570507590 1024 -1
15433318570513110 1024 -1
15433318570513680 1024 -1
15433318570513680 1024 -1
15433318570513680 63 -1
15433318570513680 1024 -1
15433318570514250 1024 -1
15433318570514250 1024 -1
15433318570514800 1024 -1
15433318570514800 1024 -1
15433318570514800 1024 -1
15433318570514800 1024 -1
15433318570515348 1024 -1
15433318570515348 1024 -1
15433318570515348 1024 -1
15433318570515348 1024 -1
15433318570515890 1024 -1
15433318570515890 1024 -1
15433318570515890 1024 -1
15433318570515890 1024 -1
15433318570516428 1024 -1
15433318570516428 1024 -1
15433318570516428 1024 -1
15433318570516980 1024 -1
15433318570516980 1024 -1
15433318570516980 1024 -1
15433318570516980 1024 -1
15433318570517500 1024 -1
15433318570517500 1024 -1
15433318570517500 63 -1
15433318570517500 1024 -1
15433318570517500 1024 -1
15433318570518010 1024 -1
15433318570518010 1024 -1
15433318570518010 1024 -1
15433318570518560 1024 -1
15433318570518560 1024 -1
15433318570518560 1024 -1
15433318570518560 1024 -1
15433318570519120 1024 -1
15433318570519120 1024 -1
15433318570519120 1024 -1
15433318570519670 1024 -1
15433318570522770 1024 -1
15433318570522770 1024 -1
15433318570523320 1024 -1
15433318570523320 1024 -1
15433318570523320 1024 -1
15433318570523320 1024 -1
15433318570523890 1024 -1
15433318570523890 1024 -1
15433318570523890 1024 -1
15433318570523890 1024 -1
15433318570524440 1024 -1
15433318570524440 63 -1
15433318570524440 1024 -1
15433318570524440 1024 -1
15433318570524440 1024 -1
15433318570524990 1024 -1
15433318570524990 1024 -1
15433318570524990 1024 -1
15433318570525520 1024 -1
15433318570525520 1024 -1
15433318570525520 1024 -1
15433318570525520 1024 -1
15433318570526112 1024 -1
15433318570526112 1024 -1
15433318570526112 1024 -1
15433318570526650 1024 -1
15433318570526650 1024 -1
15433318570526650 1024 -1
15433318570526650 1024 -1
15433318570529320 1024 -1
15433318570529890 1024 -1
15433318570529890 1024 -1
15433318570529890 1024 -1
15433318570529890 1024 -1
15433318570529890 575 -1
15433318575531160 58 1
15433318576902520 1024 -1
15433318576902670 365 -1
15433318576903570 1024 -1
15433318576903610 1024 -1
15433318576904130 1024 -1
15433318576904180 1024 -1
15433318576904690 1024 -1
15433318576904690 1024 -1
15433318576904690 1024 -1
15433318576904690 1024 -1
15433318576905790 1024 -1
15433318576905790 1024 -1
15433318576905790 1024 -1
15433318576905790 1024 -1
15433318576905790 1024 -1
15433318576906330 1024 -1
15433318576906900 1024 -1
15433318576906900 1024 -1
15433318576906900 1024 -1
15433318576906900 1024 -1
15433318576906900 1024 -1
15433318576908300 1024 -1
15433318576908870 1024 -1
15433318576908870 1024 -1
15433318576908870 1024 -1
15433318576909390 1024 -1
15433318576909390 63 -1
15433318576909390 1024 -1
15433318576909950 1024 -1
15433318576909950 1024 -1
15433318576909950 1024 -1
15433318576910460 1024 -1
15433318576910460 1024 -1
15433318576910460 1024 -1
15433318576910460 1024 -1
15433318576911020 1024 -1
15433318576911020 1024 -1
15433318576911020 1024 -1
15433318576911020 1024 -1
15433318576911560 1024 -1
15433318576912660 1024 -1
15433318576912660 1024 -1
15433318576913208 1024 -1
15433318576913208 1024 -1
15433318576913208 1024 -1
15433318576913782 1024 -1
15433318576913782 1024 -1
15433318576913782 1024 -1
15433318576913782 1024 -1
15433318576914330 1024 -1
15433318576914330 1024 -1
15433318576914330 63 -1
15433318576914330 1024 -1
15433318576915892 1024 -1
15433318576916460 1024 -1
15433318576916460 1024 -1
15433318576916460 1024 -1
15433318576916460 1024 -1
15433318576916968 1024 -1
15433318576916968 1024 -1
15433318576916968 1024 -1
15433318576916968 1024 -1
15433318576917510 1024 -1
15433318576917510 1024 -1
15433318576917510 1024 -1
15433318576917510 1024 -1
15433318576918060 1024 -1
15433318576918060 1024 -1
15433318576918600 1024 -1
15433318576918600 1024 -1
15433318576918600 1024 -1
15433318576918600 1024 -1
15433318576918600 1024 -1
15433318576919140 1024 -1
15433318576919140 1024 -1
15433318576919140 1024 -1
15433318576919140 63 -1
15433318576919740 1024 -1
15433318576919740 1024 -1
15433318576919740 1024 -1
15433318576919740 1024 -1
15433318576920258 1024 -1
15433318576920258 1024 -1
15433318576920258 1024 -1
15433318576920258 1024 -1
15433318576920890 1024 -1
15433318576920890 1024 -1
15433318576924080 1024 -1
15433318576924620 1024 -1
15433318576924620 1024 -1
15433318576924620 1024 -1
15433318576924620 1024 -1
15433318576925170 1024 -1
15433318576925170 1024 -1
15433318576925170 1024 -1
15433318576925710 1024 -1
15433318576925710 1024 -1
15433318576925710 1024 -1
15433318576925710 1024 -1
15433318576926280 1024 -1
15433318576926280 1024 -1
15433318576926280 63 -1
15433318576926280 1024 -1
15433318576926840 1024 -1
15433318576926840 1024 -1
15433318576926840 1024 -1
15433318576926840 1024 -1
15433318576926840 1024 -1
15433318576927360 1024 -1
15433318576927360 1024 -1
15433318576927360 1024 -1
15433318576927950 1024 -1
15433318576927950 1024 -1
15433318576927950 1024 -1
15433318576927950 1024 -1
15433318576927950 55 -1
15433318577071782 1024 -1
15433318577071928 1024 -1
15433318577072300 1024 -1
15433318577072870 1024 -1
15433318577072940 1024 -1
15433318577073370 1024 -1
15433318577073370 1024 -1
15433318577073370 1024 -1
15433318577073370 1024 -1
15433318577073910 1024 -1
15433318577073910 1024 -1
15433318577074450 1024 -1
15433318577074450 1024 -1
15433318577074450 1024 -1
15433318577074450 1024 -1
15433318577074450 1024 -1
15433318577074450 45 -1
15433318577075530 1024 -1
15433318577075530 1024 -1
15433318577076080 1024 -1
15433318577076080 1024 -1
15433318577076080 1024 -1
15433318577076640 1024 -1
15433318577076640 1024 -1
15433318577076640 1024 -1
15433318577077760 1024 -1
15433318577077760 1024 -1
15433318577078300 1024 -1
15433318577078300 1024 -1
15433318577078300 1024 -1
15433318577078300 1024 -1
15433318577078300 1024 -1
15433318577078300 1024 -1
15433318577078828 1024 -1
15433318577079958 1024 -1
15433318577079958 1024 -1
15433318577080490 1024 -1
15433318577080490 1024 -1
15433318577080490 1024 -1
15433318577080490 1024 -1
15433318577080490 1024 -1
15433318577080490 63 -1
15433318577081630 1024 -1
15433318577081630 1024 -1
15433318577082118 1024 -1
15433318577082118 1024 -1
15433318577082118 1024 -1
15433318577082650 1024 -1
15433318577082650 1024 -1
15433318577082650 1024 -1
15433318577083170 1024 -1
15433318577083170 1024 -1
15433318577083170 1024 -1
15433318577083170 1024 -1
15433318577083170 1024 -1
15433318577085000 733 -1
15433318582085710 58 1
15433318586515860 1024 -1
15433318586516010 551 -1
15433318586516340 1024 -1
15433318586516380 1024 -1
15433318586516932 1024 -1
15433318586516932 1024 -1
15433318586517430 1024 -1
15433318586517480 1024 -1
15433318586517480 1024 -1
15433318586517980 1024 -1
15433318586517980 1024 -1
15433318586517980 1024 -1
15433318586517980 1024 -1
15433318586518510 1024 -1
15433318586518510 1024 -1
15433318586518510 1024 -1
15433318586518510 45 -1
15433318586594560 1024 -1
15433318586595048 1024 -1
15433318586595048 1024 -1
15433318586595580 1024 -1
15433318586595580 1024 -1
15433318586595580 1024 -1
15433318586596110 1024 -1
15433318586596110 1024 -1
15433318586596660 1024 -1
15433318586596660 1024 -1
15433318586597240 1024 -1
15433318586597240 1024 -1
15433318586597240 1024 -1
15433318586597800 1024 -1
15433318586597800 1024 -1
15433318586597800 1024 -1
15433318586598790 45 -1
15433318586598790 1024 -1
15433318586598840 1024 -1
15433318586598920 512 -1
15433318586604030 1024 -1
15433318586604580 1024 -1
15433318586604580 1024 -1
15433318586604600 1024 -1
15433318586605142 1024 -1
15433318586605142 1024 -1
15433318586605660 1024 -1
15433318586605660 1024 -1
15433318586605660 1024 -1
15433318586605660 1024 -1
15433318586606180 1024 -1
15433318586606180 1024 -1
15433318586606180 1024 -1
15433318586607280 1024 -1
15433318586607280 1024 -1
15433318586607280 1024 -1
15433318586607280 45 -1
15433318586616560 1024 -1
15433318586617140 1024 -1
15433318586617170 1024 -1
15433318586617170 1024 -1
15433318586618230 1024 -1
15433318586618230 1024 -1
15433318586618230 1024 -1
15433318586618230 1024 -1
15433318586618790 1024 -1
15433318586619908 1024 -1
15433318586619908 1024 -1
15433318586619908 1024 -1
15433318586619908 1024 -1
15433318586620482 1024 -1
15433318586620482 1024 -1
15433318586620482 1024 -1
15433318586620482 45 -1
15433318586651850 1024 -1
15433318586651918 1024 -1
15433318586651918 1024 -1
15433318586652700 1024 -1
15433318586652700 1024 -1
15433318586653262 1024 -1
15433318586653262 1024 -1
15433318586653262 802 -1
15433318586675500 1024 -1
15433318586676080 1024 -1
15433318586676080 1024 -1
15433318586676640 1024 -1
15433318586676640 1024 -1
15433318586676640 1024 -1
15433318586677150 1024 -1
15433318586677712 1024 -1
15433318586677712 1024 -1
15433318586678240 1024 -1
15433318586678240 1024 -1
15433318586678240 1024 -1
15433318586678240 1024 -1
15433318586678792 1024 -1
15433318586678792 1024 -1
15433318586678792 1024 -1
15433318586678792 45 -1
15433318586697158 1024 -1
15433318586697690 1024 -1
15433318586698230 1024 -1
15433318586698260 1024 -1
15433318586698800 1024 -1
15433318586698800 1024 -1
15433318586699410 1024 -1
15433318586699410 1024 -1
15433318586699910 1024 -1
15433318586699910 1024 -1
15433318586699910 1024 -1
15433318586699910 1024 -1
15433318586701500 1024 -1
15433318586702030 1024 -1
15433318586702030 1024 -1
15433318586702030 1024 -1
15433318586702030 45 -1
15433318586703150 1024 -1
15433318586703150 1024 -1
15433318586703150 1024 -1
15433318586703150 826 -1
15433318591704630 58 1
15433318592135900 1024 -1
15433318592136090 484 -1
15433318592137430 59 -1
15433318592138578 1024 -1
15433318592138640 1024 -1
15433318592138640 1024 -1
15433318592139248 1024 -1
15433318592139248 1024 -1
15433318592139800 1024 -1
15433318592139800 1024 -1
15433318592139800 1024 -1
15433318592140350 1024 -1
15433318592140350 1024 -1
15433318592140870 1024 -1
15433318592140870 1024 -1
15433318592140870 1024 -1
15433318592141420 1024 -1
15433318592141420 1024 -1
15433318592141420 1024 -1
15433318592141420 45 -1
15433318592148470 1024 -1
15433318592148600 1024 -1
15433318592148970 1024 -1
15433318592149020 1024 -1
15433318592149500 1024 -1
15433318592149500 1024 -1
15433318592149500 1024 -1
15433318592149500 1024 -1
15433318592150062 1024 -1
15433318592150062 1024 -1
15433318592150580 1024 -1
15433318592150580 1024 -1
15433318592150580 1024 -1
15433318592150580 1024 -1
15433318592151120 1024 -1
15433318592151120 1024 -1
15433318592151120 45 -1
15433318592151680 1024 -1
15433318592152250 1024 -1
15433318592152250 1024 -1
15433318592152250 1024 -1
15433318592152250 718 -1
15433318592171150 1024 -1
15433318592171208 1024 -1
15433318592171700 1024 -1
15433318592171700 1024 -1
15433318592172220 1024 -1
15433318592172220 1024 -1
15433318592172220 1024 -1
15433318592172220 1024 -1
15433318592172780 1024 -1
15433318592173870 1024 -1
15433318592173870 1024 -1
15433318592174448 1024 -1
15433318592174448 1024 -1
15433318592174448 1024 -1
15433318592174448 1024 -1
15433318592174448 1024 -1
15433318592174448 45 -1
15433318592174972 1024 -1
15433318592174972 1024 -1
15433318592174972 1024 -1
15433318592174972 1024 -1
15433318592175510 1024 -1
15433318592176080 1024 -1
15433318592176080 1024 -1
15433318592176080 1024 -1
15433318592176620 1024 -1
15433318592176620 1024 -1
15433318592177170 1024 -1
15433318592177170 1024 -1
15433318592177170 1024 -1
15433318592177170 1024 -1
15433318592177710 1024 -1
15433318592177710 1024 -1
15433318592177710 1024 -1
15433318592178258 1024 -1
15433318592178258 1024 -1
15433318592178258 1024 -1
15433318592178258 1024 -1
15433318592178810 1024 -1
15433318592178810 1024 -1
15433318592178810 1024 -1
15433318592178810 63 -1
15433318592178810 1024 -1
15433318592180670 1024 -1
15433318592181240 1024 -1
15433318592181240 1024 -1
15433318592181240 1024 -1
15433318592181800 1024 -1
15433318592181800 1024 -1
15433318592181800 1024 -1
15433318592181800 1024 -1
15433318592181800 1024 -1
15433318592182332 1024 -1
15433318592182332 1024 -1
15433318592182332 1024 -1
15433318592182900 1024 -1
15433318592182900 1024 -1
15433318592182900 1024 -1
15433318592182900 1024 -1
15433318592183440 1024 -1
15433318592183440 1024 -1
15433318592183440 1024 -1
15433318592185300 1024 -1
15433318592185860 1024 -1
15433318592185860 1024 -1
15433318592185860 1024 -1
15433318592185860 63 -1
15433318592185860 1024 -1
15433318592186420 1024 -1
15433318592186420 1024 -1
15433318592186420 1024 -1
15433318592186420 1024 -1
15433318592186930 1024 -1
15433318592186930 1024 -1
15433318592186930 1024 -1
15433318592187470 1024 -1
15433318592187470 1024 -1
15433318592187470 1024 -1
15433318592187470 1024 -1
15433318592187980 1024 -1
15433318592187980 1024 -1
15433318592187980 1024 -1
15433318592188520 1024 -1
15433318592188520 1024 -1
15433318592188520 1024 -1
15433318592188520 1024 -1
15433318592189040 1024 -1
15433318592189040 1024 -1
15433318592189040 1024 -1
15433318592189580 1024 -1
15433318592189580 1024 -1
15433318592189580 63 -1
15433318592189580 1024 -1
15433318592189580 1024 -1
15433318592190090 1024 -1
15433318592190090 1024 -1
15433318592190650 1024 -1
15433318592190650 1024 -1
15433318592190650 1024 -1
15433318592190650 1024 -1
15433318592191190 1024 -1
15433318592191190 1024 -1
15433318592191190 1024 -1
15433318592191190 1024 -1
15433318592194942 1024 -1
15433318592195448 1024 -1
15433318592195448 1024 -1
15433318592195448 1024 -1
15433318592195448 1024 -1
15433318592195990 1024 -1
15433318592195990 1024 -1
15433318592195990 1024 -1
15433318592195990 1024 -1
15433318592196528 1024 -1
15433318592196528 1024 -1
15433318592196528 1024 -1
15433318592196528 63 -1
15433318592196528 1024 -1
15433318592197060 1024 -1
15433318592197060 1024 -1
15433318592197060 1024 -1
15433318592197608 1024 -1
15433318592197608 1024 -1
15433318592197608 1024 -1
15433318592197608 1024 -1
15433318592197608 1024 -1
15433318592198140 1024 -1
15433318592198140 1024 -1
15433318592198140 1024 -1
15433318592198688 1024 -1
15433318592198688 1024 -1
15433318592198688 1024 -1
15433318592199220 1024 -1
15433318592199220 1024 -1
15433318592199220 1024 -1
15433318592199220 1024 -1
15433318592199220 1024 -1
15433318592199718 1024 -1
15433318592199718 1024 -1
15433318592199718 1024 -1
15433318592200292 1024 -1
15433318592200292 63 -1
15433318592200292 1024 -1
15433318592200292 1024 -1
15433318592200292 1024 -1
15433318592200830 1024 -1
15433318592200830 1024 -1
15433318592200830 1024 -1
15433318592205270 1024 -1
15433318592205820 1024 -1
15433318592205820 1024 -1
15433318592205820 1024 -1
15433318592205820 1024 -1
15433318592206350 1024 -1
15433318592206350 1024 -1
15433318592206350 1024 -1
15433318592206350 1024 -1
15433318592206350 1024 -1
15433318592206900 1024 -1
15433318592206900 142 -1
15433318597208350 58 1
15433318597667500 1024 -1
15433318597667660 548 -1
15433318597670382 59 -1
15433318597681740 1024 -1
15433318597682272 1024 -1
15433318597682272 1024 -1
15433318597682820 1024 -1
15433318597682890 1024 -1
15433318597683390 1024 -1
15433318597683390 1024 -1
15433318597683390 1024 -1
15433318597683390 1024 -1
15433318597684490 1024 -1
15433318597684490 1024 -1
15433318597684490 1024 -1
15433318597684490 1024 -1
15433318597685030 1024 -1
15433318597685030 1024 -1
15433318597685590 1024 -1
15433318597685590 54 -1
15433318597731640 1024 -1
15433318597731970 1024 -1
15433318597732060 1024 -1
15433318597732060 1024 -1
15433318597732800 1024 -1
15433318597732800 1024 -1
15433318597733520 1024 -1
15433318597733520 1024 -1
15433318597733520 1024 -1
15433318597733942 1024 -1
15433318597734540 1024 -1
15433318597734540 1024 -1
15433318597734540 1024 -1
15433318597734540 1024 -1
15433318597735110 1024 -1
15433318597735110 1024 -1
15433318597735110 45 -1
15433318597742742 1024 -1
15433318597742800 1024 -1
15433318597743300 1024 -1
15433318597743300 842 -1
15433318597754540 1024 -1
15433318597755110 1024 -1
15433318597755110 1024 -1
15433318597755580 1024 -1
15433318597755580 1024 -1
15433318597755580 1024 -1
15433318597756090 1024 -1
15433318597756640 1024 -1
15433318597756640 1024 -1
15433318597756640 1024 -1
15433318597756640 1024 -1
15433318597757198 1024 -1
15433318597757198 1024 -1
15433318597757740 1024 -1
15433318597758310 1024 -1
15433318597758340 1024 -1
15433318597758860 1024 -1
15433318597758860 1024 -1
15433318597758860 1024 -1
15433318597758860 1024 -1
15433318597759358 1024 -1
15433318597759358 1024 -1
15433318597759358 1024 -1
15433318597759358 1024 -1
15433318597759358 63 -1
15433318597765160 1024 -1
15433318597765710 1024 -1
15433318597765710 1024 -1
15433318597766240 1024 -1
15433318597766240 1024 -1
15433318597766760 1024 -1
15433318597766760 1024 -1
15433318597766760 1024 -1
15433318597767300 1024 -1
15433318597767300 1024 -1
15433318597767848 1024 -1
15433318597767848 1024 -1
15433318597767848 1024 -1
15433318597768390 1024 -1
15433318597768390 1024 -1
15433318597768390 1024 -1
15433318597768390 1024 -1
15433318597768940 1024 -1
15433318597768940 1024 -1
15433318597770090 1024 -1
15433318597770122 1024 -1
15433318597770640 1024 -1
15433318597770640 1024 -1
15433318597770640 1024 -1
15433318597770640 63 -1
15433318597772700 1024 -1
15433318597772730 1024 -1
15433318597773830 1024 -1
15433318597773830 1024 -1
15433318597774380 1024 -1
15433318597774380 1024 -1
15433318597774380 1024 -1
15433318597774380 1024 -1
15433318597774380 1024 -1
15433318597774920 1024 -1
15433318597775500 1024 -1
15433318597775500 1024 -1
15433318597775500 1024 -1
15433318597776000 1024 -1
15433318597776000 1024 -1
15433318597776000 1024 -1
15433318597776000 1024 -1
15433318597776548 1024 -1
15433318597776548 1024 -1
15433318597776548 1024 -1
15433318597777660 1024 -1
15433318597777660 1024 -1
15433318597778202 1024 -1
15433318597778202 1024 -1
15433318597778202 63 -1
15433318597778740 1024 -1
15433318597778740 1024 -1
15433318597778740 1024 -1
15433318597778740 1024 -1
15433318597779260 1024 -1
15433318597779260 1024 -1
15433318597779820 1024 -1
15433318597779820 1024 -1
15433318597779820 1024 -1
15433318597779820 1024 -1
15433318597779820 1024 -1
15433318597780350 1024 -1
15433318597780350 1024 -1
15433318597780890 1024 -1
15433318597780890 1024 -1
15433318597780890 1024 -1
15433318597780890 1024 -1
15433318597782900 1024 -1
15433318597783470 1024 -1
15433318597783470 1024 -1
15433318597783470 1024 -1
15433318597783470 1024 -1
15433318597784030 1024 -1
15433318597784030 1024 -1
15433318597784030 63 -1
15433318597784030 1024 -1
15433318597784030 1024 -1
15433318597784520 1024 -1
15433318597784520 1024 -1
15433318597784520 1024 -1
15433318597784520 1024 -1
15433318597785070 1024 -1
15433318597786440 1024 -1
15433318597787002 1024 -1
15433318597787002 1024 -1
15433318597787002 1024 -1
15433318597787002 1024 -1
15433318597787540 1024 -1
15433318597787540 1024 -1
15433318597787540 1024 -1
15433318597787540 1024 -1
15433318597788050 1024 -1
15433318597788050 1024 -1
15433318597788050 1024 -1
15433318597788600 1024 -1
15433318597788600 1024 -1
15433318597788600 1024 -1
15433318597788600 1024 -1
15433318597789112 1024 -1
15433318597789112 63 -1
15433318597789112 1024 -1
15433318597789112 1024 -1
15433318597789660 1024 -1
15433318597789660 1024 -1
15433318597789660 1024 -1
15433318597789660 1024 -1
15433318597790200 1024 -1
15433318597790200 1024 -1
15433318597790200 1024 -1
15433318597790720 1024 -1
15433318597790720 1024 -1
15433318597790720 1024 -1
15433318597790720 1024 -1
15433318597791300 1024 -1
15433318597791300 1024 -1
15433318597791842 1024 -1
15433318597791842 1024 -1
15433318597791842 1024 -1
15433318597791842 1024 -1
15433318597791842 1024 -1
15433318597792360 1024 -1
15433318597796300 1024 -1
15433318597796850 1024 -1
15433318597796850 1024 -1
15433318597796850 63 -1
15433318597796850 1024 -1
15433318597796850 1024 -1
15433318597797370 1024 -1
15433318597797370 1024 -1
15433318597797370 1024 -1
15433318597797950 1024 -1
15433318597797950 1024 -1
15433318597797950 1024 -1
15433318597797950 1024 -1
15433318597798460 1024 -1
15433318597798460 1024 -1
15433318597798460 1024 -1
15433318597799000 1024 -1
15433318597799000 1024 -1
15433318597799580 1024 -1
15433318597799580 1024 -1
15433318597799580 1024 -1
15433318597799580 1024 -1
15433318597799580 1024 -1
15433318597799580 1024 -1
15433318597800068 1024 -1
15433318597800068 1024 -1
15433318597800068 1024 -1
15433318597800610 1024 -1
15433318597800610 63 -1
15433318597800610 1024 -1
15433318597801170 1024 -1
15433318597801170 1024 -1
15433318597801170 1024 -1
15433318597801170 1024 -1
15433318597801760 1024 -1
15433318597801760 1024 -1
15433318597801760 1024 -1
15433318597801760 1024 -1
15433318597802270 1024 -1
15433318597802270 1024 -1
15433318597802270 1024 -1
15433318597806150 1024 -1
15433318597806150 1024 -1
15433318597806708 1024 -1
15433318597806708 1024 -1
15433318597806708 1024 -1
15433318597806708 1024 -1
15433318597807250 1024 -1
15433318597807250 1024 -1
15433318597807250 1024 -1
15433318597807250 1024 -1
15433318597807730 1024 -1
15433318597807730 1024 -1
15433318597807730 63 -1
15433318597808270 1024 -1
15433318597808270 1024 -1
15433318597808270 1024 -1
15433318597808270 1024 -1
15433318597808270 1024 -1
15433318597808860 1024 -1
15433318597808860 1024 -1
15433318597808860 1024 -1
15433318597808860 1024 -1
15433318597809380 1024 -1
15433318597809380 1024 -1
15433318597809910 1024 -1
15433318597809910 1024 -1
15433318597809910 1024 -1
15433318597809910 1024 -1
15433318597809910 1024 -1
15433318597810450 1024 -1
15433318597810450 1024 -1
15433318597811000 1024 -1
15433318597811000 1024 -1
15433318597811000 1024 -1
15433318597811000 1024 -1
15433318597811540 1024 -1
15433318597811540 1024 -1
15433318597811540 63 -1
15433318597811540 1024 -1
15433318597811540 1024 -1
15433318597811540 1024 -1
15433318597812070 1024 -1
15433318597812100 1024 -1
15433318597812100 1024 -1
15433318597812100 722 -1
15433318597816020 1024 -1
15433318597821560 1024 -1
15433318597822110 1024 -1
15433318597822110 1024 -1
15433318597822110 1024 -1
15433318597822110 1024 -1
15433318597822630 1024 -1
15433318597822630 1024 -1
15433318597822630 1024 -1
15433318597822630 988 -1
15433318602824240 58 1
15433318604197380 1024 -1
15433318604197580 626 -1
15433318604197950 1024 -1
15433318604198030 1024 -1
15433318604198520 1024 -1
15433318604198520 1024 -1
15433318604198590 1024 -1
15433318604199090 1024 -1
15433318604199090 1024 -1
15433318604199090 1024 -1
15433318604199090 1024 -1
15433318604199628 1024 -1
15433318604199628 1024 -1
15433318604199628 1024 -1
15433318604200190 1024 -1
15433318604200770 1024 -1
15433318604200770 109 -1
15433318604207180 1024 -1
15433318604207700 1024 -1
15433318604207700 1024 -1
15433318604208260 1024 -1
15433318604208260 1024 -1
15433318604208260 1024 -1
15433318604208260 1024 -1
15433318604208780 1024 -1
15433318604208838 1024 -1
15433318604209940 1024 -1
15433318604209940 1024 -1
15433318604209940 1024 -1
15433318604209940 1024 -1
15433318604209940 1024 -1
15433318604210480 1024 -1
15433318604210480 1024 -1
15433318604210520 45 -1
15433318604211040 1024 -1
15433318604213632 1024 -1
15433318604213632 777 -1
15433318604224030 1024 -1
15433318604224500 1024 -1
15433318604224500 1024 -1
15433318604225030 1024 -1
15433318604225030 1024 -1
15433318604225030 1024 -1
15433318604225580 1024 -1
15433318604225580 1024 -1
15433318604226120 1024 -1
15433318604226120 1024 -1
15433318604226120 1024 -1
15433318604226652 1024 -1
15433318604226652 1024 -1
15433318604227180 1024 -1
15433318604227750 1024 -1
15433318604227750 1024 -1
15433318604227750 45 -1
15433318604255782 1024 -1
15433318604255870 1024 -1
15433318604256290 1024 -1
15433318604256290 1024 -1
15433318604256858 1024 -1
15433318604256858 1024 -1
15433318604256858 1024 -1
15433318604256858 1024 -1
15433318604257380 1024 -1
15433318604257930 1024 -1
15433318604257930 1024 -1
15433318604258540 1024 -1
15433318604258540 1024 -1
15433318604258540 1024 -1
15433318604258540 1024 -1
15433318604259660 1024 -1
15433318604259660 45 -1
15433318604271570 1024 -1
15433318604271770 1024 -1
15433318604271770 1024 -1
15433318604272670 1024 -1
15433318604272670 1024 -1
15433318604272670 1024 -1
15433318604273220 1024 -1
15433318604273220 802 -1
15433318604280240 1024 -1
15433318604280800 1024 -1
15433318604280800 1024 -1
15433318604280838 1024 -1
15433318604281370 1024 -1
15433318604281370 1024 -1
15433318604281370 1024 -1
15433318604281370 1024 -1
15433318604282442 1024 -1
15433318604282442 1024 -1
15433318604282442 1024 -1
15433318604282442 1024 -1
15433318604283568 1024 -1
15433318604283568 1024 -1
15433318604283568 1024 -1
15433318604283568 1024 -1
15433318604283568 45 -1
15433318604284760 1024 -1
15433318604284760 1024 -1
15433318604284760 1024 -1
15433318604284760 1024 -1
15433318604284760 1024 -1
15433318604285222 1024 -1
15433318604285222 1024 -1
15433318604285222 1024 -1
15433318604285760 1024 -1
15433318604285760 1024 -1
15433318604286290 1024 -1
15433318604286860 1024 -1
15433318604286860 1024 -1
15433318604286860 1024 -1
15433318604286860 1024 -1
15433318604287370 1024 -1
15433318604287370 1024 -1
15433318604287370 1024 -1
15433318604287370 1024 -1
15433318604287900 1024 -1
15433318604287900 1024 -1
15433318604287900 1024 -1
15433318604288450 1024 -1
15433318604288450 1024 -1
15433318604288450 63 -1
15433318604288450 1024 -1
15433318604288450 1024 -1
15433318604289060 1024 -1
15433318604289060 1024 -1
15433318604289060 1024 -1
15433318604289060 1024 -1
15433318604289060 1024 -1
15433318604291320 1024 -1
15433318604291890 1024 -1
15433318604291890 1024 -1
15433318604291890 1024 -1
15433318604292450 1024 -1
15433318604292450 1024 -1
15433318604292450 1024 -1
15433318604292450 1024 -1
15433318604292450 724 -1
15433318604293720 1024 -1
15433318604294282 1024 -1
15433318604294282 1024 -1
15433318604294282 1024 -1
15433318604294282 1024 -1
15433318604294810 1024 -1
15433318604294810 1024 -1
15433318604294810 1024 -1
15433318604294810 1024 -1
15433318604295350 988 -1
15433318609296580 59 1
15433318609712210 1024 -1
15433318609712570 493 -1
15433318609714040 59 -1
15433318609726550 1024 -1
15433318609726902 1024 -1
15433318609726902 1024 -1
15433318609727070 1024 -1
15433318609727730 1024 -1
15433318609727730 1024 -1
15433318609727730 1024 -1
15433318609727730 1024 -1
15433318609728940 1024 -1
15433318609728940 1024 -1
15433318609729422 1024 -1
15433318609729422 1024 -1
15433318609729560 1024 -1
15433318609729560 1024 -1
15433318609729560 1024 -1
15433318609729560 1024 -1
15433318609729560 45 -1
15433318609794210 1024 -1
15433318609794372 1024 -1
15433318609794372 1024 -1
15433318609794720 1024 -1
15433318609795290 1024 -1
15433318609795290 1024 -1
15433318609795290 1024 -1
15433318609795840 1024 -1
15433318609796450 1024 -1
15433318609796450 1024 -1
15433318609796450 1024 -1
15433318609796450 1024 -1
15433318609796450 1024 -1
15433318609796960 1024 -1
15433318609796960 1024 -1
15433318609796960 1024 -1
15433318609796960 45 -1
15433318609800100 1024 -1
15433318609800660 1024 -1
15433318609800660 1024 -1
15433318609800690 1024 -1
15433318609801200 1024 -1
15433318609801200 1024 -1
15433318609801200 1024 -1
15433318609801200 729 -1
15433318609820530 1024 -1
15433318609821082 1024 -1
15433318609821082 1024 -1
15433318609821120 1024 -1
15433318609821630 1024 -1
15433318609821630 1024 -1
15433318609821630 1024 -1
15433318609821630 1024 -1
15433318609822140 1024 -1
15433318609822140 1024 -1
15433318609822690 1024 -1
15433318609822690 1024 -1
15433318609822690 1024 -1
15433318609823238 1024 -1
15433318609823238 1024 -1
15433318609823238 1024 -1
15433318609823238 45 -1
15433318609823812 1024 -1
15433318609824368 1024 -1
15433318609824368 1024 -1
15433318609824410 1024 -1
15433318609824920 1024 -1
15433318609824920 1024 -1
15433318609824920 1024 -1
15433318609824920 1024 -1
15433318609825480 1024 -1
15433318609826030 1024 -1
15433318609826030 1024 -1
15433318609826570 1024 -1
15433318609826570 1024 -1
15433318609826570 1024 -1
15433318609826570 1024 -1
15433318609827110 1024 -1
15433318609827110 45 -1
15433318609833478 1024 -1
15433318609834060 1024 -1
15433318609834060 1024 -1
15433318609834590 1024 -1
15433318609834590 1024 -1
15433318609834590 1024 -1
15433318609834590 1024 -1
15433318609834590 802 -1
15433318609872780 1024 -1
15433318609873280 1024 -1
15433318609873280 1024 -1
15433318609873790 1024 -1
15433318609873790 1024 -1
15433318609874340 1024 -1
15433318609874340 1024 -1
15433318609874340 1024 -1
15433318609874370 1024 -1
15433318609874858 1024 -1
15433318609874858 1024 -1
15433318609874858 1024 -1
15433318609875400 1024 -1
15433318609875400 1024 -1
15433318609875400 1024 -1
15433318609875400 1024 -1
15433318609875400 45 -1
15433318609880280 1024 -1
15433318609880820 1024 -1
15433318609880820 1024 -1
15433318609881530 1024 -1
15433318609881530 1024 -1
15433318609881530 1024 -1
15433318609881530 1024 -1
15433318609881530 1024 -1
15433318609882540 1024 -1
15433318609882540 1024 -1
15433318609882540 1024 -1
15433318609882540 1024 -1
15433318609882540 1024 -1
15433318609883010 1024 -1
15433318609883010 1024 -1
15433318609883570 1024 -1
15433318609883570 45 -1
15433318609888800 1024 -1
15433318609888900 1024 -1
15433318609889330 1024 -1
15433318609889900 1024 -1
15433318609889900 1024 -1
15433318609889900 1024 -1
15433318609890480 1024 -1
15433318609890480 811 -1
15433318614892120 58 1
15433318615241980 1024 -1
15433318615242300 494 -1
15433318615242332 1024 -1
15433318615242390 1024 -1
15433318615243080 1024 -1
15433318615243080 1024 -1
15433318615243170 1024 -1
15433318615243608 1024 -1
15433318615243608 1024 -1
15433318615243608 1024 -1
15433318615243608 1024 -1
15433318615244110 1024 -1
15433318615244110 1024 -1
15433318615244680 1024 -1
15433318615244680 1024 -1
15433318615244680 1024 -1
15433318615244680 1024 -1
15433318615245220 1024 -1
15433318615245220 1024 -1
15433318615245740 1024 -1
15433318615245740 1024 -1
15433318615245740 1024 -1
15433318615245740 1024 -1
15433318615246280 1024 -1
15433318615246280 1024 -1
15433318615246280 1024 -1
15433318615246280 63 -1
15433318615246880 1024 -1
15433318615246880 1024 -1
15433318615246880 1024 -1
15433318615246880 1024 -1
15433318615248020 1024 -1
15433318615248020 1024 -1
15433318615248130 18 -1
15433318615248510 1024 -1
15433318615249080 1024 -1
15433318615249080 1024 -1
15433318615249080 564 -1
15433318615255870 1024 -1
15433318615256432 1024 -1
15433318615256432 1024 -1
15433318615257040 1024 -1
15433318615257040 1024 -1
15433318615257590 1024 -1
15433318615257590 1024 -1
15433318615258100 1024 -1
15433318615258100 1024 -1
15433318615258100 1024 -1
15433318615258100 1024 -1
15433318615258630 1024 -1
15433318615258630 1024 -1
15433318615259190 1024 -1
15433318615259190 1024 -1
15433318615259190 1024 -1
15433318615259190 45 -1
15433318615266640 1024 -1
15433318615267170 1024 -1
15433318615267170 1024 -1
15433318615267710 1024 -1
15433318615267710 1024 -1
15433318615267710 1024 -1
15433318615267710 1024 -1
15433318615268230 1024 -1
15433318615268270 1024 -1
15433318615268782 1024 -1
15433318615268782 1024 -1
15433318615268782 1024 -1
15433318615268782 1024 -1
15433318615269310 1024 -1
15433318615269310 1024 -1
15433318615269310 1024 -1
15433318615269310 45 -1
15433318615269870 1024 -1
15433318615270500 1024 -1
15433318615270500 1024 -1
15433318615271100 1024 -1
15433318615271100 1024 -1
15433318615271620 1024 -1
15433318615271620 1024 -1
15433318615271620 1024 -1
15433318615271620 1024 -1
15433318615272170 1024 -1
15433318615272170 1024 -1
15433318615272738 1024 -1
15433318615272738 1024 -1
15433318615273280 1024 -1
15433318615273280 1024 -1
15433318615273280 1024 -1
15433318615273280 1024 -1
15433318615273800 1024 -1
15433318615273800 1024 -1
15433318615273800 1024 -1
15433318615273800 1024 -1
15433318615273800 1024 -1
15433318615274350 1024 -1
15433318615274350 1024 -1
15433318615275440 63 -1
15433318615275440 1024 -1
15433318615276000 1024 -1
15433318615276000 1024 -1
15433318615276000 1024 -1
15433318615276548 1024 -1
15433318615276548 1024 -1
15433318615276548 1024 -1
15433318615276548 1024 -1
0 0 0
15433318410923950 148 1
15433318410923950 204 1
0 0 0
15433318411377010 148 1
15433318411377010 214 1
0 0 0
15433318411334980 148 1
15433318411334980 204 1
15433318411482120 48 -1
15433318411597690 1024 -1
15433318411597750 1024 -1
15433318411597980 118 -1
0 0 0
15433318411254758 148 1
15433318411254758 197 1
15433318411399210 48 -1
15433318411645170 1024 -1
15433318411645260 255 -1
15433318411646270 1024 -1
15433318411646320 1024 -1
15433318411646320 1024 -1
15433318411646390 1024 -1
15433318411646820 1024 -1
15433318411647380 1024 -1
15433318411647380 1024 -1
15433318411647380 1024 -1
15433318411647460 1024 -1
15433318411647460 1024 -1
15433318411647940 1024 -1
15433318411647940 1024 -1
15433318411648480 1024 -1
15433318411648480 1024 -1
15433318411648480 1024 -1
15433318411648480 1024 -1
15433318411648480 1024 -1
15433318411649030 1024 -1
15433318411649030 1024 -1
15433318411649030 1024 -1
15433318411649030 1024 -1
15433318411649580 1024 -1
15433318411649580 1024 -1
15433318411649580 1024 -1
15433318411649580 63 -1
15433318411650130 1024 -1
15433318411650168 1024 -1
15433318411650168 1024 -1
15433318411650710 1024 -1
15433318411650710 1024 -1
15433318411650710 1024 -1
15433318411651260 1024 -1
15433318411651260 1024 -1
15433318411651830 1024 -1
15433318411651830 1024 -1
15433318411651830 1024 -1
15433318411786680 1024 -1
15433318411786680 1024 -1
15433318411786680 1024 -1
15433318411787118 1024 -1
15433318411787670 1024 -1
15433318411787670 1024 -1
15433318411787670 1024 -1
15433318411787670 1024 -1
15433318411787670 1024 -1
15433318411787670 1024 -1
15433318411788220 1024 -1
15433318411788220 1024 -1
15433318411788220 1024 -1
15433318411788220 63 -1
15433318411788220 1024 -1
15433318411788790 1024 -1
15433318411788790 1024 -1
15433318411788790 1024 -1
15433318411788790 1024 -1
15433318411789330 1024 -1
15433318411789330 1024 -1
15433318411789330 1024 -1
15433318411789830 1024 -1
15433318411789830 1024 -1
15433318411790350 1024 -1
15433318411790350 1024 -1
15433318411790350 1024 -1
15433318411790380 1024 -1
15433318411790882 1024 -1
15433318411790882 1024 -1
15433318411790882 1024 -1
15433318411791410 1024 -1
15433318411791410 1024 -1
15433318411791410 1024 -1
15433318411791410 1024 -1
15433318411791940 1024 -1
15433318411791940 1024 -1
15433318411791940 1024 -1
15433318411791940 63 -1
15433318411791940 1024 -1
15433318411792460 1024 -1
15433318411792460 1024 -1
15433318411792460 1024 -1
15433318411793020 1024 -1
15433318411793020 1024 -1
15433318411793020 1024 -1
15433318411793020 1024 -1
15433318411793550 1024 -1
15433318411793550 1024 -1
15433318411798670 1024 -1
15433318411799180 1024 -1
15433318411799180 1024 -1
15433318411799180 1024 -1
15433318411799180 1024 -1
15433318411799728 1024 -1
15433318411799728 1024 -1
15433318411799728 1024 -1
15433318411800290 1024 -1
15433318411806850 1024 -1
15433318411806850 1024 -1
15433318411809060 1024 -1
15433318411809690 1024 -1
15433318411809690 1024 -1
15433318411809690 63 -1
15433318411809690 1024 -1
15433318411809690 1024 -1
15433318411810140 1024 -1
15433318411810140 1024 -1
15433318411810140 1024 -1
15433318411810140 1024 -1
15433318411810670 1024 -1
15433318411818690 1024 -1
15433318411818690 1024 -1
15433318411819260 1024 -1
15433318411819260 1024 -1
15433318411819260 1024 -1
15433318411819260 1024 -1
15433318411819748 1024 -1
15433318411819748 1024 -1
15433318411819748 1024 -1
15433318411825500 1024 -1
15433318411826040 1024 -1
15433318411826040 1024 -1
15433318411826040 1024 -1
15433318411826040 1024 -1
15433318411826590 1024 -1
15433318411826590 1024 -1
15433318411826590 1024 -1
15433318411826590 63 -1
15433318411827130 1024 -1
15433318411827130 1024 -1
15433318411827130 1024 -1
15433318411928220 1024 -1
15433318411928690 1024 -1
15433318411928690 1024 -1
15433318411928690 1024 -1
15433318411928690 1024 -1
15433318411930750 1024 -1
15433318411930750 1024 -1
15433318411931320 1024 -1
15433318411932420 1024 -1
15433318411932420 1024 -1
15433318411932420 1024 -1
15433318411932420 1024 -1
15433318411932982 1024 -1
15433318411932982 1024 -1
15433318411932982 1024 -1
15433318411932982 1024 -1
15433318411933520 1024 -1
15433318411933520 1024 -1
15433318411933520 1024 -1
15433318411934090 1024 -1
15433318411934090 1024 -1
15433318411934090 63 -1
15433318411934090 1024 -1
15433318411941000 1024 -1
15433318411941530 1024 -1
15433318411941530 1024 -1
15433318411941530 1024 -1
15433318411941530 1024 -1
15433318411943778 1024 -1
15433318411944330 1024 -1
15433318411944330 1024 -1
15433318411944330 1024 -1
15433318411944330 1024 -1
15433318411944330 1024 -1
15433318411944900 1024 -1
15433318411944900 1024 -1
15433318411944900 861 -1
0 0 0
15433318411331260 148 1
15433318411331260 185 1
15433318411471850 48 -1
15433318411744940 1024 -1
15433318411745010 549 -1
15433318411745420 1024 -1
15433318411745952 1024 -1
15433318411745952 1024 -1
15433318411745952 1024 -1
15433318411746470 1024 -1
15433318411746470 1024 -1
15433318411747020 1024 -1
15433318411747020 1024 -1
15433318411747020 1024 -1
15433318411747020 1024 -1
15433318411747580 1024 -1
15433318411747580 1024 -1
15433318411747580 1024 -1
15433318411747580 1024 -1
15433318411747580 1024 -1
15433318411748100 1024 -1
15433318411748100 1024 -1
15433318411748660 1024 -1
15433318411748660 1024 -1
15433318411748660 1024 -1
15433318411749220 1024 -1
15433318411749220 1024 -1
15433318411749220 1024 -1
15433318411749220 1024 -1
15433318411749220 63 -1
15433318411749800 1024 -1
15433318411749800 1024 -1
15433318411749800 1024 -1
15433318411749800 1024 -1
15433318411749800 1024 -1
15433318411749800 1024 -1
15433318411750330 1024 -1
15433318411750330 1024 -1
15433318411750330 726 -1
15433318411752610 1024 -1
15433318411753170 1024 -1
15433318411787150 1024 -1
15433318411787742 1024 -1
15433318411885100 1024 -1
15433318411885100 1024 -1
15433318411885100 1024 -1
15433318411885520 1024 -1
15433318411885520 1024 -1
15433318411886042 1024 -1
15433318411886042 1024 -1
15433318411886042 1024 -1
15433318411886610 1024 -1
15433318411886610 1024 -1
15433318411886610 1024 -1
15433318411887190 1024 -1
15433318411887190 45 -1
15433318411887190 1024 -1
15433318411887190 1024 -1
15433318411887190 1024 -1
15433318411887190 1024 -1
15433318411887670 1024 -1
15433318411887670 1024 -1
15433318411887670 1024 -1
15433318411888248 1024 -1
15433318411888248 1024 -1
15433318411888248 1024 -1
15433318411888248 1024 -1
15433318411888800 1024 -1
15433318411888800 1024 -1
15433318411888800 1024 -1
15433318411889340 1024 -1
15433318411889340 1024 -1
15433318411889340 45 -1
15433318411889340 1024 -1
15433318411889340 1024 -1
15433318411889880 1024 -1
15433318411889880 1024 -1
15433318411889880 1024 -1
15433318411889880 1024 -1
15433318411890440 1024 -1
15433318411890440 802 -1
15433318411890440 1024 -1
15433318411890440 1024 -1
15433318411890960 1024 -1
15433318411890960 1024 -1
15433318411890960 1024 -1
15433318411891500 1024 -1
15433318411891500 1024 -1
15433318411891500 1024 -1
15433318411891500 1024 -1
15433318411892040 1024 -1
15433318411892040 1024 -1
15433318411892040 1024 -1
15433318411892580 1024 -1
15433318411892580 1024 -1
15433318411892580 1024 -1
15433318411892580 1024 -1
15433318411892580 45 -1
15433318411893170 1024 -1
15433318411893170 1024 -1
15433318411893170 1024 -1
15433318411893170 1024 -1
15433318411893662 1024 -1
15433318411893662 1024 -1
15433318411896090 1024 -1
15433318411896580 1024 -1
15433318411896580 1024 -1
15433318411896580 1024 -1
15433318411896580 1024 -1
15433318411897120 1024 -1
15433318411897120 1024 -1
15433318411897120 1024 -1
15433318411897668 1024 -1
15433318411904450 1024 -1
15433318411904450 1024 -1
15433318411905000 1024 -1
15433318411905000 1024 -1
15433318411905000 1024 -1
15433318411905000 1024 -1
15433318411905530 1024 -1
15433318411905530 1024 -1
15433318411906090 1024 -1
15433318411906090 63 -1
15433318411906090 1024 -1
15433318411912690 1024 -1
15433318411913250 1024 -1
15433318411913250 1024 -1
15433318411913250 1024 -1
15433318411913250 1024 -1
15433318411933050 1024 -1
15433318411933050 1024 -1
15433318411933488 1024 -1
15433318411933488 1024 -1
15433318411934062 1024 -1
15433318411934062 1024 -1
15433318412025640 1024 -1
15433318412025640 1024 -1
15433318412025640 1024 -1
15433318412026140 1024 -1
15433318412026140 1024 -1
15433318412028028 1024 -1
15433318412028028 1024 -1
15433318412028570 1024 -1
15433318412031320 1024 -1
15433318412031870 1024 -1
15433318412031870 1024 -1
15433318412032390 1024 -1
15433318412032390 63 -1
15433318412032390 1024 -1
15433318412032910 1024 -1
15433318412032910 1024 -1
15433318412032910 1024 -1
15433318412033470 1024 -1
15433318412033470 1024 -1
15433318412033470 1024 -1
15433318412033470 1024 -1
15433318412038692 1024 -1
15433318412038692 1024 -1
15433318412039280 1024 -1
15433318412039280 1024 -1
15433318412039280 1024 -1
15433318412039280 1024 -1
15433318412039822 1024 -1
15433318412043190 1024 -1
15433318412043190 1024 -1
15433318412043770 1024 -1
15433318412043770 1024 -1
15433318412044280 1024 -1
15433318412044280 1024 -1
15433318412044280 1024 -1
15433318412044280 1024 -1
15433318412044280 1024 -1
15433318412044280 63 -1
15433318412044280 1024 -1
15433318412044820 1024 -1
15433318412044820 1024 -1
15433318412045370 1024 -1
15433318412045370 1024 -1
15433318412049900 1024 -1
15433318412050430 1024 -1
15433318412050430 1024 -1
15433318412050430 1024 -1
15433318412050430 1024 -1
15433318412052520 1024 -1
15433318412052520 1024 -1
15433318412053090 1024 -1
15433318412053090 1024 -1
15433318412053090 1024 -1
15433318412053090 1024 -1
15433318412053630 1024 -1
15433318412053630 1024 -1
15433318412053630 1024 -1
15433318412053630 1024 -1
15433318412054170 1024 -1
15433318412054170 1024 -1
15433318412054170 1024 -1
15433318412054700 1024 -1
15433318412054700 63 -1
15433318412054700 1024 -1
15433318412054700 1024 -1
15433318412054700 1024 -1
15433318412055262 1024 -1
15433318412055262 1024 -1
15433318412055262 1024 -1
15433318412055262 1024 -1
15433318412062420 1024 -1
15433318412062420 1024 -1
15433318412062420 1024 -1
15433318412062932 1024 -1
15433318412062932 1024 -1
15433318412063470 1024 -1
15433318412063470 1024 -1
15433318412063470 1024 -1
15433318412063470 1024 -1
15433318412063470 1024 -1
15433318412063950 1024 -1
15433318412064530 1024 -1
15433318412064530 1024 -1
15433318412064530 1024 -1
15433318412064530 1024 -1
15433318412064530 1024 -1
15433318412064530 262 -1
15433318412065110 1024 -1
15433318412065110 1024 -1
15433318412065110 1024 -1
15433318412065620 1024 -1
15433318412072470 1024 -1
15433318412072470 1024 -1
15433318412073540 1024 -1
15433318412074120 1024 -1
15433318412074120 1024 -1
15433318412074120 1024 -1
15433318412074120 1024 -1
15433318412074670 1024 -1
15433318412074670 1024 -1
15433318412074670 1024 -1
15433318412074670 1024 -1
15433318412075210 1024 -1
15433318412075210 1024 -1
15433318412075210 1024 -1
15433318412075210 1024 -1
15433318412075770 1024 -1
15433318412075770 1024 -1
15433318412075770 1024 -1
15433318412076312 1024 -1
15433318412076312 1024 -1
15433318412076312 63 -1
15433318412076312 1024 -1
15433318412076312 1024 -1
15433318412083350 1024 -1
15433318412083350 1024 -1
15433318412083910 1024 -1
15433318412083910 1024 -1
15433318412083910 1024 -1
15433318412083910 1024 -1
15433318412084450 1024 -1
15433318412084450 1024 -1
15433318412085030 1024 -1
15433318412085030 1024 -1
15433318412085030 1024 -1
15433318412085030 1024 -1
15433318412085030 1024 -1
15433318412085540 1024 -1
15433318412085540 1024 -1
15433318412085540 1024 -1
15433318412085540 1024 -1
15433318412086050 1024 -1
15433318412086050 1024 -1
15433318412086598 1024 -1
15433318412086598 1024 -1
15433318412086598 1024 -1
15433318412086598 63 -1
15433318412092920 1024 -1
15433318412092920 1024 -1
15433318412165580 1024 -1
15433318412165580 1024 -1
15433318412165580 1024 -1
15433318412166040 1024 -1
15433318412166040 1024 -1
15433318412166582 1024 -1
15433318412166582 1024 -1
15433318412166582 1024 -1
15433318412167202 1024 -1
15433318412167202 1024 -1
15433318412167790 1024 -1
15433318412167790 1024 -1
15433318412168332 1024 -1
15433318412168332 1024 -1
15433318412168332 1024 -1
15433318412168332 1024 -1
15433318412168900 1024 -1
15433318412168900 1024 -1
15433318412168900 1024 -1
15433318412169440 1024 -1
15433318412169440 1024 -1
15433318412169440 1024 -1
15433318412169440 63 -1
15433318412169440 1024 -1
15433318412169990 1024 -1
15433318412169990 1024 -1
15433318412169990 1024 -1
15433318412169990 1024 -1
15433318412170520 1024 -1
15433318412170520 1024 -1
15433318412170520 1024 -1
15433318412170520 1024 -1
15433318412171150 1024 -1
15433318412171150 1024 -1
15433318412171150 1024 -1
15433318412177890 1024 -1
15433318412177890 1024 -1
15433318412178380 1024 -1
15433318412178380 1024 -1
15433318412178380 1024 -1
15433318412178940 1024 -1
15433318412178940 1024 -1
15433318412178940 1024 -1
15433318412178940 1024 -1
15433318412179450 1024 -1
15433318412179450 1024 -1
15433318412179450 1024 -1
15433318412179450 63 -1
15433318412179450 1024 -1
15433318412180080 1024 -1
15433318412180080 1024 -1
15433318412180080 1024 -1
15433318412180080 1024 -1
15433318412180080 1024 -1
15433318412184870 1024 -1
15433318412184870 1024 -1
15433318412185370 1024 -1
15433318412185370 1024 -1
15433318412185370 1024 -1
15433318412185910 1024 -1
15433318412185910 1024 -1
15433318412185910 1024 -1
15433318412185910 1024 -1
15433318412186480 1024 -1
15433318412186480 1024 -1
15433318412186480 1024 -1
15433318412186480 1024 -1
15433318412186480 382 -1
