### "'29032 44050 151813 95782 9322 9292 95782 8841 91147 120332 210665 142131 158571 76791 69483'"
0 0 0
15434712496129500 39 -1
15434712496129590 13 -1
15434712496159000 148 1
15434712496159000 188 1
15434712496207600 9 -1
15434712496213870 294 -1
15434712496213952 9 -1
15434712496217270 16383 -1
15434712496217350 1 -1
15434712496218390 9 -1
15434712496222170 16383 -1
15434712496222170 1 -1
15434712496222170 9 -1
15434712496264430 16382 -1
15434712496264430 2 -1
15434712496264430 9 -1
15434712496267100 16381 -1
15434712496267100 3 -1
15434712496267100 9 -1
15434712496269210 16380 -1
15434712496269210 4 -1
15434712496269210 9 -1
15434712496271390 16379 -1
15434712496271390 5 -1
15434712496271390 9 -1
15434712496274070 16378 -1
15434712496274070 6 -1
15434712496274070 9 -1
15434712496311892 16377 -1
15434712496311892 7 -1
15434712496311892 9 -1
15434712496314130 16376 -1
15434712496314130 8 -1
15434712496314130 9 -1
15434712496314650 4357 -1
0 0 0
15434712495739890 39 -1
15434712495739990 13 -1
15434712495812900 148 1
15434712495812900 208 1
15434712495861300 9 -1
15434712495866352 311 -1
15434712495866398 9 -1
15434712495869470 16383 -1
15434712495869470 1 -1
15434712495869470 9 -1
15434712495871652 12648 -1
15434712501187652 9 1
15434712506187480 91 1
15434712506242640 184 -1
15434712506243178 9 -1
15434712506245890 16383 -1
15434712506246440 1 -1
15434712506246470 9 -1
15434712506249180 16382 -1
15434712506249180 2 -1
15434712506249248 9 -1
15434712506251860 16383 -1
15434712506251910 1 -1
15434712506251932 9 -1
15434712506293830 16382 -1
15434712506293830 2 -1
15434712506293830 9 -1
15434712506294250 16381 -1
15434712506294250 3 -1
15434712506294250 9 -1
15434712506296980 13862 -1
15434712511298562 78 1
15434712511354900 170 -1
15434712511355460 9 -1
15434712511356040 2439 -1
15434712516356880 78 1
15434712516411610 147 -1
15434712516412100 9 -1
15434712516412680 2617 -1
15434712521413432 78 1
15434712521467450 171 -1
15434712521467950 9 -1
15434712521468560 3151 -1
15434712526469300 78 1
15434712526524160 148 -1
15434712526524740 9 -1
15434712526525290 2973 -1
15434712531525920 78 1
15434712531579558 170 -1
15434712531579650 9 -1
15434712531580150 3151 -1
15434712536581270 62 1
15434712536634870 116 -1
15434712536635100 9 -1
15434712536638160 9322 -1
15434712541638802 63 1
15434712541693120 151 -1
15434712541693670 9 -1
15434712541696500 7849 -1
15434712546697460 63 1
15434712546752170 128 -1
15434712546752290 9 -1
15434712546754330 9292 -1
15434712551755000 63 1
15434712551809630 251 -1
15434712551810170 9 -1
15434712551811300 5272 -1
15434712556812110 63 1
15434712556865840 128 -1
15434712556866010 9 -1
15434712556868650 7098 -1
15434712561869308 63 1
15434712561944050 147 -1
15434712561944200 9 -1
15434712561946240 5603 -1
15434712566946940 88 1
15434712567000530 161 -1
15434712567001100 9 -1
15434712567003860 16383 -1
15434712567003910 1 -1
15434712567004420 9 -1
15434712567007160 16383 -1
15434712567007210 1 -1
15434712567007250 9 -1
15434712567009940 16382 -1
15434712567010478 2 -1
15434712567010510 9 -1
15434712567013250 16381 -1
15434712567013300 3 -1
15434712567013800 9 -1
15434712567016600 16383 -1
15434712567016650 1 -1
15434712567016670 9 -1
15434712567019380 13862 -1
15434712575007340 78 1
15434712575061160 171 -1
15434712575061360 9 -1
15434712575062150 3151 -1
15434712580063100 407 1
15434712580117460 158 -1
15434712580117640 9 -1
15434712580121130 8841 -1
15434712605056810 78 1
15434712605119250 166 -1
15434712605119432 9 -1
15434712605120320 2439 -1
15434712610121018 79 1
15434712610175820 155 -1
15434712610176498 9 -1
15434712610176580 2795 -1
15434712615177420 86 1
15434712615234530 160 -1
15434712615234640 9 -1
15434712615237802 16383 -1
15434712615237860 1 -1
15434712615237890 9 -1
15434712615240510 16382 -1
15434712615240540 2 -1
15434712615240570 9 -1
15434712615243300 16383 -1
15434712615243330 1 -1
15434712615243850 9 -1
15434712615246620 16382 -1
15434712615246670 2 -1
15434712615246698 9 -1
15434712615249330 16383 -1
15434712615249350 1 -1
15434712615249900 9 -1
15434712615251542 9227 -1
15434712620252150 58 1
15434712620307310 153 -1
15434712620307428 9 -1
15434712620310650 16383 -1
15434712620310680 1 -1
15434712620310700 9 -1
15434712620313448 16383 -1
15434712620313960 1 -1
15434712620314010 9 -1
15434712620316740 16382 -1
15434712620316790 2 -1
15434712620317258 9 -1
15434712620319418 16381 -1
15434712620319970 3 -1
15434712620320000 9 -1
15434712620322740 16383 -1
15434712620323290 1 -1
15434712620323320 9 -1
15434712620326108 16382 -1
15434712620326140 2 -1
15434712620326160 9 -1
15434712620328810 16381 -1
15434712620328838 3 -1
15434712620329380 9 -1
15434712620355502 5644 -1
15434712625356260 59 1
15434712625412790 221 -1
15434712625412920 9 -1
15434712625415440 15873 -1
15434712625415520 511 -1
15434712625415550 9 -1
15434712625418342 16383 -1
15434712625418380 1 -1
15434712625418920 9 -1
15434712625421628 16383 -1
15434712625421650 1 -1
15434712625421670 9 -1
15434712625424350 16382 -1
15434712625424900 2 -1
15434712625424932 9 -1
15434712625427700 16381 -1
15434712625427750 3 -1
15434712625427770 9 -1
15434712625430460 16380 -1
15434712625431020 4 -1
15434712625431040 9 -1
15434712625433760 16383 -1
15434712625433800 1 -1
15434712625433820 9 -1
15434712625436470 16382 -1
15434712625437010 2 -1
15434712625437040 9 -1
15434712625439730 16381 -1
15434712625439760 3 -1
15434712625440250 9 -1
15434712625442950 16380 -1
15434712625442980 4 -1
15434712625443000 9 -1
15434712625445722 16379 -1
15434712625446270 5 -1
15434712625446280 9 -1
15434712625448970 16383 -1
15434712625449008 1 -1
15434712625449030 9 -1
15434712625451650 14057 -1
15434712630452270 399 1
15434712630505960 159 -1
15434712630506080 9 -1
15434712630506700 4553 -1
15434712636640480 78 1
15434712636694030 147 -1
15434712636694210 9 -1
15434712636695060 2795 -1
15434712641696170 59 1
15434712641750560 152 -1
15434712641750680 9 -1
15434712641753700 16383 -1
15434712641753768 1 -1
15434712641753800 9 -1
15434712641756280 16383 -1
15434712641756762 1 -1
15434712641756800 9 -1
15434712641759490 16382 -1
15434712641759510 2 -1
15434712641760040 9 -1
15434712641762820 16381 -1
15434712641762840 3 -1
15434712641762870 9 -1
15434712641766100 16380 -1
15434712641766130 4 -1
15434712641766160 9 -1
15434712641768898 16379 -1
15434712641768940 5 -1
15434712641768970 9 -1
15434712641772220 16383 -1
15434712641772260 1 -1
15434712641772298 9 -1
15434712641774970 16382 -1
15434712641775550 2 -1
15434712641775570 9 -1
15434712641777180 11059 -1
15434712646777990 77 1
15434712646833250 148 -1
15434712646833392 9 -1
15434712646834062 2617 -1
15434712651834890 58 1
15434712651889852 154 -1
15434712651890060 9 -1
15434712651892810 16383 -1
15434712651892850 1 -1
15434712651892870 9 -1
15434712651895550 16382 -1
15434712651896120 2 -1
15434712651896170 9 -1
15434712651898870 16383 -1
15434712651898900 1 -1
15434712651898930 9 -1
15434712651902060 16382 -1
15434712651902080 2 -1
15434712651902120 9 -1
15434712651904940 16381 -1
15434712651904982 3 -1
15434712651905028 9 -1
15434712651908050 16380 -1
15434712651908080 4 -1
15434712651908100 9 -1
15434712651910688 16379 -1
15434712651911230 5 -1
15434712651911262 9 -1
15434712651913910 16378 -1
15434712651914520 6 -1
15434712651914540 9 -1
15434712651917210 16383 -1
15434712651917240 1 -1
15434712651917250 9 -1
15434712651919392 11115 -1
15434712656920170 78 1
15434712656975360 149 -1
15434712656975600 9 -1
15434712656976280 3685 -1
15434712661977210 58 1
15434712662031720 155 -1
15434712662031838 9 -1
15434712662034770 16383 -1
15434712662034800 1 -1
15434712662034832 9 -1
15434712662037520 16382 -1
15434712662037570 2 -1
15434712662037620 9 -1
15434712662040328 16383 -1
15434712662040870 1 -1
15434712662040902 9 -1
15434712662043640 16382 -1
15434712662043690 2 -1
15434712662044180 9 -1
15434712662045820 11255 -1
15434712667046590 78 1
15434712667100142 67 -1
15434712667100270 9 -1
15434712667100840 2339 -1
15434712672101560 87 1
15434712672155750 181 -1
15434712672155880 9 -1
15434712672158598 16383 -1
15434712672158670 1 -1
15434712672158740 9 -1
15434712672161500 16383 -1
15434712672161520 1 -1
15434712672162070 9 -1
15434712672164810 16382 -1
15434712672164820 2 -1
15434712672164840 9 -1
15434712672167510 16383 -1
15434712672168060 1 -1
15434712672168090 9 -1
15434712672168620 3947 -1
15434712677169520 59 1
15434712677224268 130 -1
15434712677224820 9 -1
15434712677227550 16383 -1
15434712677227600 1 -1
15434712677227650 9 -1
15434712677230812 16383 -1
15434712677230862 1 -1
15434712677230890 9 -1
15434712677233550 16382 -1
15434712677234110 2 -1
15434712677234140 9 -1
15434712677236820 16381 -1
15434712677236850 3 -1
15434712677236870 9 -1
15434712677239612 16380 -1
15434712677239670 4 -1
15434712677239690 9 -1
15434712677242420 16379 -1
15434712677242480 5 -1
15434712677242980 9 -1
15434712677245678 16378 -1
15434712677245720 6 -1
15434712677245740 9 -1
15434712677247390 7735 -1
0 0 0
15434712495763720 148 1
15434712495763720 208 1
0 0 0
15434712495943552 148 1
15434712495943552 200 1
15434712495944000 39 -1
15434712495944530 13 -1
15434712495991640 9 -1
15434712495997068 307 -1
15434712495997620 9 -1
15434712496000350 16383 -1
15434712496000350 1 -1
15434712496000878 9 -1
15434712496003600 16383 -1
15434712496003600 1 -1
15434712496003600 9 -1
15434712496048300 11282 -1
0 0 0
15434712495862910 39 -1
15434712495862970 13 -1
15434712495889872 148 1
15434712495889872 208 1
15434712495938600 9 -1
15434712495943610 311 -1
15434712495943970 9 -1
15434712495944582 2111 -1
