### "'44050 29032 151813 95782 9322 9292 95782 8841 91147 120332 220144 142131 158571 77930 74390'"
0 0 0
15434716752948540 148 1
15434716752948540 208 1
15434716753039270 48 -1
15434716753052990 1024 -1
15434716753053060 1024 -1
15434716753053560 1024 -1
15434716753054390 371 -1
0 0 0
15434716752790610 148 1
15434716752790610 188 1
15434716752889928 48 -1
15434716752909150 1024 -1
15434716752909730 1024 -1
15434716752909730 1024 -1
15434716752910240 1024 -1
15434716752910240 1024 -1
15434716752910760 1024 -1
15434716752910760 1024 -1
15434716752910760 1024 -1
15434716752911280 1024 -1
15434716752911280 1024 -1
15434716752911940 1024 -1
15434716752911940 1024 -1
15434716752911940 1024 -1
15434716752912418 1024 -1
15434716752912418 1024 -1
15434716752912418 1024 -1
15434716752912418 1024 -1
15434716752912950 1024 -1
15434716752912950 1024 -1
15434716752914528 1024 -1
15434716752915102 1024 -1
15434716752915102 1024 -1
15434716752915102 1024 -1
15434716752915102 1024 -1
15434716752915630 1024 -1
15434716752915630 311 -1
15434716752915630 1024 -1
15434716752915630 1024 -1
15434716752915630 1024 -1
15434716752916240 1024 -1
15434716752916240 1024 -1
15434716752916240 1024 -1
15434716752916240 1024 -1
15434716752916730 1024 -1
15434716752916730 1024 -1
15434716752916730 1024 -1
15434716752917900 1024 -1
15434716752917900 1024 -1
15434716752999890 1024 -1
15434716752999890 1024 -1
15434716753000410 1024 -1
15434716753000410 1024 -1
15434716753005220 1024 -1
15434716753007670 1024 -1
15434716753008220 1024 -1
15434716753008220 1024 -1
15434716753008220 1024 -1
15434716753008220 1024 -1
15434716753008760 1024 -1
15434716753012140 1024 -1
15434716753012140 1024 -1
15434716753012690 1024 -1
15434716753012690 1024 -1
15434716753012690 919 -1
15434716753012690 1024 -1
15434716753013230 1024 -1
15434716753013230 1024 -1
15434716753013230 1024 -1
15434716753017312 1024 -1
15434716753017868 1024 -1
15434716753017868 1024 -1
15434716753018550 1024 -1
15434716753019120 1024 -1
15434716753019120 1024 -1
15434716753019120 1024 -1
15434716753019120 1024 -1
15434716753019610 1024 -1
15434716753019610 1024 -1
15434716753019610 1024 -1
15434716753020260 1024 -1
15434716753020260 1024 -1
15434716753020260 1024 -1
15434716753020260 1024 -1
15434716753020730 1024 -1
15434716753020730 1024 -1
15434716753020730 1024 -1
15434716753021290 1024 -1
15434716753029470 1024 -1
15434716753032530 1024 -1
15434716753032530 1024 -1
15434716753033050 1024 -1
15434716753033050 919 -1
15434716753033050 1024 -1
15434716753033568 1024 -1
15434716753033568 1024 -1
15434716753033568 1024 -1
15434716753033568 1024 -1
15434716753033568 1024 -1
15434716753034110 1024 -1
15434716753034110 1024 -1
15434716753034110 1024 -1
15434716753034710 1024 -1
15434716753034710 1024 -1
15434716753034710 1024 -1
15434716753034710 1024 -1
15434716753040460 1024 -1
15434716753040990 1024 -1
15434716753040990 1024 -1
15434716753040990 1024 -1
15434716753040990 1024 -1
15434716753040990 1024 -1
15434716753041540 1024 -1
15434716753041540 1024 -1
15434716753042080 1024 -1
15434716753042080 1024 -1
15434716753042080 1024 -1
15434716753042080 1024 -1
15434716753042632 1024 -1
15434716753042632 1024 -1
15434716753042632 919 -1
15434716753042632 1024 -1
15434716753042632 1024 -1
15434716753043180 1024 -1
15434716753050570 1024 -1
15434716753051930 1024 -1
15434716753051930 1024 -1
15434716753052490 1024 -1
15434716753052490 1024 -1
15434716753052490 1024 -1
15434716753052490 1024 -1
15434716753053040 1024 -1
15434716753053040 1024 -1
15434716753053040 1024 -1
15434716753053588 1024 -1
15434716753053588 1024 -1
15434716753090420 1024 -1
15434716753090420 1024 -1
15434716753090980 1024 -1
15434716753090980 1024 -1
15434716753090980 1024 -1
15434716753090980 1024 -1
15434716753091510 1024 -1
15434716753097370 1024 -1
15434716753097370 1024 -1
15434716753097370 1024 -1
15434716753097870 1024 -1
15434716753097870 1024 -1
15434716753097870 919 -1
15434716753098422 1024 -1
15434716753122650 1024 -1
15434716753122650 1024 -1
15434716753123180 1024 -1
15434716753123180 1024 -1
15434716753123180 1024 -1
15434716753123180 1024 -1
15434716753123680 1024 -1
15434716753123680 1024 -1
15434716753124248 1024 -1
15434716753124248 1024 -1
15434716753124248 988 -1
0 0 0
15434716752547210 148 1
15434716752547210 208 1
0 0 0
15434716752467100 148 1
15434716752467100 200 1
15434716752568040 48 -1
15434716752585148 1024 -1
15434716752585240 1024 -1
15434716752585680 1024 -1
15434716752585722 1024 -1
15434716752586240 1024 -1
15434716752586240 1024 -1
15434716752586240 1024 -1
15434716752586240 1024 -1
15434716752586760 1024 -1
15434716752586760 1024 -1
15434716752587330 1024 -1
15434716752587330 1024 -1
15434716752587330 1024 -1
15434716752587330 1024 -1
15434716752587820 1024 -1
15434716752587820 1024 -1
15434716752587820 1024 -1
15434716752588338 1024 -1
15434716752588338 1024 -1
15434716752588338 1024 -1
15434716752588338 1024 -1
15434716752589460 1024 -1
15434716752589460 1024 -1
15434716752589460 1024 -1
15434716752589460 330 -1
15434716752590010 1024 -1
15434716752590010 1024 -1
15434716752590010 1024 -1
15434716752590010 1024 -1
15434716752591670 1024 -1
15434716752592210 1024 -1
15434716752592210 1024 -1
15434716752592210 1024 -1
15434716752592210 1024 -1
15434716752592760 1024 -1
15434716752592760 1024 -1
15434716752592760 1024 -1
15434716752593310 1024 -1
15434716752593310 1024 -1
15434716752674590 1024 -1
15434716752674590 1024 -1
15434716752674590 1024 -1
15434716752675090 1024 -1
15434716752675090 1024 -1
15434716752675090 81 -1
0 0 0
15434716752453730 148 1
15434716752453730 208 1
15434716752553260 48 -1
15434716752601890 1024 -1
15434716752602388 300 -1
15434716752602388 1024 -1
15434716752602510 1024 -1
15434716752602950 1024 -1
15434716752602950 1024 -1
15434716752602950 1024 -1
15434716752603050 1024 -1
15434716752603490 1024 -1
15434716752603490 1024 -1
15434716752603490 1024 -1
15434716752604060 1024 -1
15434716752604060 1024 -1
15434716752604660 1024 -1
15434716752604660 1024 -1
15434716752604660 1024 -1
15434716752604660 1024 -1
15434716752604660 1024 -1
15434716752605180 1024 -1
15434716752605180 1024 -1
15434716752605180 1024 -1
15434716752605180 1024 -1
15434716752605750 1024 -1
15434716752605750 1024 -1
15434716752605750 1024 -1
15434716752605750 1024 -1
15434716752605750 63 -1
15434716752606260 1024 -1
15434716752606260 1024 -1
15434716752606260 1024 -1
15434716752606260 364 -1
15434716758065570 9 1
15434716763065520 91 1
15434716763185840 1024 -1
15434716763185920 1024 -1
15434716763186360 1024 -1
15434716763186920 1024 -1
15434716763186920 1024 -1
15434716763186920 1024 -1
15434716763187000 1024 -1
15434716763187000 1024 -1
15434716763187500 1024 -1
15434716763187500 1024 -1
15434716763188060 1024 -1
15434716763188060 1024 -1
15434716763188060 1024 -1
15434716763188592 1024 -1
15434716763188592 1024 -1
15434716763188592 1024 -1
15434716763188592 1024 -1
15434716763188592 1024 -1
15434716763194410 1024 -1
15434716763194410 1024 -1
15434716763194900 1024 -1
15434716763194900 1024 -1
15434716763194900 1024 -1
15434716763195460 1024 -1
15434716763195460 1024 -1
15434716763195460 1024 -1
15434716763195460 265 -1
15434716763201050 1024 -1
15434716763201050 1024 -1
15434716763201490 1024 -1
15434716763201490 1024 -1
15434716763201490 1024 -1
15434716763202000 1024 -1
15434716763202000 1024 -1
15434716763202000 1024 -1
15434716763202000 1024 -1
15434716763207960 1024 -1
15434716763208510 1024 -1
15434716763208510 1024 -1
15434716763208510 1024 -1
15434716763275800 1024 -1
15434716763275800 1024 -1
15434716763276290 1024 -1
15434716763276290 1024 -1
15434716763276290 1024 -1
15434716763278150 1024 -1
15434716763278150 1024 -1
15434716763278150 1024 -1
15434716763278560 1024 -1
15434716763278560 1024 -1
15434716763278560 1024 -1
15434716763279160 1024 -1
15434716763279160 1024 -1
15434716763284770 1024 -1
15434716763284770 919 -1
15434716763285280 1024 -1
15434716763285280 1024 -1
15434716763285280 1024 -1
15434716763285280 1024 -1
15434716763285830 1024 -1
15434716763285830 1024 -1
15434716763285830 1024 -1
15434716763286380 1024 -1
15434716763286380 1024 -1
15434716763292280 1024 -1
15434716763292280 1024 -1
15434716763292820 1024 -1
15434716763292820 1024 -1
15434716763292820 1024 -1
15434716763293380 1024 -1
15434716763293380 1024 -1
15434716763293380 1024 -1
15434716763293380 1024 -1
15434716763293920 1024 -1
15434716763293920 1024 -1
15434716763294480 1024 -1
15434716763294480 1024 -1
15434716763299510 1024 -1
15434716763300080 1024 -1
15434716763300080 1024 -1
15434716763300080 1024 -1
15434716763300640 1024 -1
15434716763300640 919 -1
15434716763300640 1024 -1
15434716763301210 1024 -1
15434716763301210 1024 -1
15434716763301210 1024 -1
15434716763301210 1024 -1
15434716763305730 1024 -1
15434716763306292 1024 -1
15434716763306292 1024 -1
15434716763306292 1024 -1
15434716763306292 1024 -1
15434716763306840 1024 -1
15434716763306840 988 -1
15434716768307930 78 1
15434716768409740 1024 -1
15434716768409880 1024 -1
15434716768410320 675 -1
15434716773411270 78 1
15434716773509840 1024 -1
15434716773510000 1024 -1
15434716773510398 853 -1
15434716778511370 78 1
15434716779019908 1024 -1
15434716779020040 1024 -1
15434716779020470 1024 -1
15434716779020470 371 -1
15434716784021830 78 1
15434716784120250 1024 -1
15434716784120330 1024 -1
15434716784121348 1024 -1
15434716784121348 194 -1
15434716789122018 78 1
15434716789222660 1024 -1
15434716789222800 1024 -1
15434716789223190 1024 -1
15434716789223190 374 -1
15434716794225080 62 1
15434716794349300 1024 -1
15434716794349460 1024 -1
15434716794349812 1024 -1
15434716794350340 1024 -1
15434716794350340 1024 -1
15434716794350340 1024 -1
15434716794371980 1024 -1
15434716794372560 1024 -1
15434716794372560 1024 -1
15434716794372560 408 -1
15434716799374170 63 1
15434716799473810 1024 -1
15434716799474010 1024 -1
15434716799474350 1024 -1
15434716799474350 1024 -1
15434716799474950 1024 -1
15434716799474950 1024 -1
15434716799476450 1024 -1
15434716799476450 983 -1
15434716804477488 63 1
15434716804584260 1024 -1
15434716804584442 1024 -1
15434716804585350 1024 -1
15434716804585928 1024 -1
15434716804585928 1024 -1
15434716804586530 1024 -1
15434716804586530 1024 -1
15434716804587050 1024 -1
15434716804587050 1024 -1
15434716804587050 378 -1
15434716809589110 63 1
15434716809689788 1024 -1
15434716809689970 1024 -1
15434716809690020 1024 -1
15434716809690020 1024 -1
15434716809690020 1024 -1
15434716809690020 444 -1
15434716814692230 63 1
15434716814791132 1024 -1
15434716814791270 1024 -1
15434716814791320 1024 -1
15434716814791320 1024 -1
15434716814791990 1024 -1
15434716814791990 1024 -1
15434716814793120 1024 -1
15434716814793120 223 -1
15434716819793930 63 1
15434716819897030 1024 -1
15434716819897150 1024 -1
15434716819897540 1024 -1
15434716819898110 1024 -1
15434716819898110 1024 -1
15434716819898110 776 -1
15434716824899312 88 1
15434716825008050 1024 -1
15434716825008320 1024 -1
15434716825008550 1024 -1
15434716825009130 1024 -1
15434716825009130 1024 -1
15434716825009130 1024 -1
15434716825010290 1024 -1
15434716825010290 1024 -1
15434716825010290 1024 -1
15434716825010290 1024 -1
15434716825010810 1024 -1
15434716825010810 1024 -1
15434716825011360 1024 -1
15434716825011360 1024 -1
15434716825018170 1024 -1
15434716825018170 1024 -1
15434716825018170 1024 -1
15434716825018650 1024 -1
15434716825018650 1024 -1
15434716825019260 1024 -1
15434716825019260 1024 -1
15434716825019260 1024 -1
15434716825027050 1024 -1
15434716825027050 1024 -1
15434716825027050 1024 -1
15434716825027570 1024 -1
15434716825027570 264 -1
15434716825031440 1024 -1
15434716825031440 1024 -1
15434716825032210 1024 -1
15434716825032210 1024 -1
15434716825032210 1024 -1
15434716825032210 1024 -1
15434716825032210 1024 -1
15434716825032210 1024 -1
15434716825040110 1024 -1
15434716825040110 1024 -1
15434716825040110 1024 -1
15434716825040830 1024 -1
15434716825040830 1024 -1
15434716825040830 1024 -1
15434716825040830 1024 -1
15434716825040830 1024 -1
15434716825096828 1024 -1
15434716825096828 1024 -1
15434716825096828 1024 -1
15434716825098520 1024 -1
15434716825099070 1024 -1
15434716825099070 1024 -1
15434716825099070 1024 -1
15434716825099070 1024 -1
15434716825099590 1024 -1
15434716825099590 1024 -1
15434716825099590 1024 -1
15434716825100132 919 -1
15434716825107660 1024 -1
15434716825107660 1024 -1
15434716825108190 1024 -1
15434716825108190 1024 -1
15434716825108190 1024 -1
15434716825108190 1024 -1
15434716825108690 1024 -1
15434716825108690 1024 -1
15434716825108690 1024 -1
15434716825109242 1024 -1
15434716825109242 1024 -1
15434716825109242 1024 -1
15434716825109242 1024 -1
15434716825117090 1024 -1
15434716825117640 1024 -1
15434716825117640 1024 -1
15434716825117640 1024 -1
15434716825118238 1024 -1
15434716825118238 1024 -1
15434716825118238 1024 -1
15434716825118238 1024 -1
15434716825118238 1024 -1
15434716825118750 1024 -1
15434716825118750 1024 -1
15434716825124850 1024 -1
15434716825125360 1024 -1
15434716825125360 1024 -1
15434716825125360 919 -1
15434716825125360 1024 -1
15434716825125890 1024 -1
15434716825125890 1024 -1
15434716825125890 1024 -1
15434716825126410 1024 -1
15434716825126410 1024 -1
15434716825126410 1024 -1
15434716825126410 1024 -1
15434716825126960 1024 -1
15434716825126960 1024 -1
15434716825134270 1024 -1
15434716825134270 988 -1
15434716833169620 78 1
15434716833322390 1024 -1
15434716833322590 1024 -1
15434716833324470 1024 -1
15434716833324470 370 -1
15434716838325300 407 1
15434716838903220 1024 -1
15434716838903360 1024 -1
15434716838903760 1024 -1
15434716838903760 1024 -1
15434716838904280 1024 -1
15434716838904280 1024 -1
15434716838906400 1024 -1
15434716838906970 1024 -1
15434716838906970 951 -1
15434716862884360 78 1
15434716863045890 1024 -1
15434716863046070 1024 -1
15434716863047280 674 -1
15434716868048090 79 1
15434716868177372 1024 -1
15434716868177900 305 -1
15434716868177900 1024 -1
15434716868178460 745 -1
15434716873180088 86 1
15434716873497700 1024 -1
15434716873497890 1024 -1
15434716873498230 1024 -1
15434716873498230 1024 -1
15434716873498230 1024 -1
15434716873499500 1024 -1
15434716873500010 1024 -1
15434716873500010 1024 -1
15434716873500010 1024 -1
15434716873500010 1024 -1
15434716873500560 1024 -1
15434716873506370 1024 -1
15434716873506920 1024 -1
15434716873506920 1024 -1
15434716873506920 1024 -1
15434716873506920 1024 -1
15434716873507460 1024 -1
15434716873507460 1024 -1
15434716873507460 1024 -1
15434716873515200 1024 -1
15434716873515698 1024 -1
15434716873515698 1024 -1
15434716873515698 1024 -1
15434716873515698 1024 -1
15434716873516240 1024 -1
15434716873516240 724 -1
15434716873533650 1024 -1
15434716873534210 1024 -1
15434716873534210 1024 -1
15434716873535800 1024 -1
15434716873536360 1024 -1
15434716873536360 1024 -1
15434716873536360 1024 -1
15434716873536912 1024 -1
15434716873541170 1024 -1
15434716873541738 1024 -1
15434716873541738 1024 -1
15434716873541738 1024 -1
15434716873541738 1024 -1
15434716873586690 1024 -1
15434716873587242 1024 -1
15434716873587242 1024 -1
15434716873588360 1024 -1
15434716873588900 1024 -1
15434716873588900 1024 -1
15434716873588900 1024 -1
15434716873588900 1024 -1
15434716873589430 1024 -1
15434716873589430 1024 -1
15434716873589430 1024 -1
15434716873590000 1024 -1
15434716873597680 1024 -1
15434716873597680 1024 -1
15434716873597680 919 -1
15434716873598600 1024 -1
15434716873598600 1024 -1
15434716873598600 1024 -1
15434716873598600 1024 -1
15434716873598600 1024 -1
15434716873598600 1024 -1
15434716873598600 1024 -1
15434716873598890 1024 -1
15434716873605600 1024 -1
15434716873605600 1024 -1
15434716873605600 1024 -1
15434716873605980 1024 -1
15434716873605980 1024 -1
15434716873605980 1024 -1
15434716873606560 1024 -1
15434716873611320 1024 -1
15434716873611320 1024 -1
15434716873611320 1024 -1
15434716873611560 1024 -1
15434716873612090 1024 -1
15434716873612090 1024 -1
15434716873612090 1024 -1
15434716873612090 1024 -1
15434716873612090 1024 -1
15434716873612090 1024 -1
15434716873612580 1024 -1
15434716873612580 1024 -1
15434716873612580 919 -1
15434716873630400 1024 -1
15434716873631530 1024 -1
15434716873631530 1024 -1
15434716873632050 1024 -1
15434716873632610 1024 -1
15434716873633180 1024 -1
15434716873633180 1024 -1
15434716873633180 1003 -1
15434716878634160 58 1
15434716879227460 1024 -1
15434716879227550 1024 -1
15434716879228570 1024 -1
15434716879228570 1024 -1
15434716879228570 1024 -1
15434716879228570 1024 -1
15434716879229110 1024 -1
15434716879229692 1024 -1
15434716879229692 1024 -1
15434716879229692 1024 -1
15434716879230290 1024 -1
15434716879230290 1024 -1
15434716879231450 1024 -1
15434716879231450 1024 -1
15434716879231450 1024 -1
15434716879231450 1024 -1
15434716879231940 1024 -1
15434716879231940 1024 -1
15434716879231940 1024 -1
15434716879231940 1024 -1
15434716879232500 1024 -1
15434716879232500 1024 -1
15434716879232500 1024 -1
15434716879233060 1024 -1
15434716879233060 1024 -1
15434716879233060 1024 -1
15434716879235762 382 -1
15434716879354870 1024 -1
15434716879355360 1024 -1
15434716879355890 1024 -1
15434716879355890 1024 -1
15434716879355890 1024 -1
15434716879355890 1024 -1
15434716879358850 1024 -1
15434716879359420 1024 -1
15434716879359420 1024 -1
15434716879359420 1024 -1
15434716879359420 1024 -1
15434716879359970 1024 -1
15434716879359970 1024 -1
15434716879359970 1024 -1
15434716879359970 1024 -1
15434716879365980 1024 -1
15434716879366580 1024 -1
15434716879366580 1024 -1
15434716879366580 1024 -1
15434716879366580 1024 -1
15434716879367090 1024 -1
15434716879367090 1024 -1
15434716879367090 1024 -1
15434716879367090 1024 -1
15434716879367590 1024 -1
15434716879367590 1024 -1
15434716879367590 1024 -1
15434716879374868 919 -1
15434716879375442 1024 -1
15434716879377648 1024 -1
15434716879378222 1024 -1
15434716879378222 1024 -1
15434716879380370 1024 -1
15434716879380888 1024 -1
15434716879380888 1024 -1
15434716879380888 1024 -1
15434716879381450 1024 -1
15434716879381450 1024 -1
15434716879381450 1024 -1
15434716879385550 1024 -1
15434716879386100 1024 -1
15434716879386100 1024 -1
15434716879386100 1024 -1
15434716879386100 1024 -1
15434716879386640 1024 -1
15434716879386640 1024 -1
15434716879386640 1024 -1
15434716879387140 1024 -1
15434716879387140 1024 -1
15434716879387140 1024 -1
15434716879387670 1024 -1
15434716879395420 1024 -1
15434716879395990 1024 -1
15434716879395990 1024 -1
15434716879395990 1024 -1
15434716879395990 919 -1
15434716879444030 1024 -1
15434716879444030 1024 -1
15434716879444030 1024 -1
15434716879451680 1024 -1
15434716879451680 1024 -1
15434716879452230 1024 -1
15434716879452230 1024 -1
15434716879452230 1024 -1
15434716879452230 1024 -1
15434716879452750 1024 -1
15434716879452750 1024 -1
15434716879452750 1024 -1
15434716879452750 1024 -1
15434716879453260 1024 -1
15434716879453260 1024 -1
15434716879453260 1024 -1
15434716879453822 1024 -1
15434716879456370 1024 -1
15434716879456950 1024 -1
15434716879456950 1024 -1
15434716879456950 1024 -1
15434716879457520 1024 -1
15434716879457520 1024 -1
15434716879457520 1024 -1
15434716879457520 1024 -1
15434716879458070 1024 -1
15434716879458070 1024 -1
15434716879458070 919 -1
15434716879458070 1024 -1
15434716879458612 1024 -1
15434716879458612 1024 -1
15434716879458612 1024 -1
15434716879465808 1024 -1
15434716879465808 1024 -1
15434716879465808 1024 -1
15434716879466340 1003 -1
15434716884467400 59 1
15434716884637250 1024 -1
15434716884637410 1024 -1
15434716884637770 1024 -1
15434716884637770 1024 -1
15434716884638320 1024 -1
15434716884638320 1024 -1
15434716884638900 1024 -1
15434716884638900 1024 -1
15434716884638900 1024 -1
15434716884638900 1024 -1
15434716884639430 1024 -1
15434716884639430 1024 -1
15434716884639990 1024 -1
15434716884639990 1024 -1
15434716884639990 1024 -1
15434716884641408 1024 -1
15434716884642010 1024 -1
15434716884642010 1024 -1
15434716884642010 1024 -1
15434716884642010 1024 -1
15434716884642510 1024 -1
15434716884642510 1024 -1
15434716884642510 1024 -1
15434716884642510 1024 -1
15434716884643062 1024 -1
15434716884643062 1024 -1
15434716884643062 441 -1
15434716884649250 1024 -1
15434716884649798 1024 -1
15434716884649798 1024 -1
15434716884650360 1024 -1
15434716884650360 1024 -1
15434716884650920 1024 -1
15434716884650920 1024 -1
15434716884650920 1024 -1
15434716884651460 1024 -1
15434716884651460 1024 -1
15434716884651990 1024 -1
15434716884651990 1024 -1
15434716884651990 1024 -1
15434716884726040 1024 -1
15434716884726570 1024 -1
15434716884726570 1024 -1
15434716884727710 1024 -1
15434716884727710 1024 -1
15434716884727710 1024 -1
15434716884727710 1024 -1
15434716884728220 1024 -1
15434716884728220 1024 -1
15434716884728220 1024 -1
15434716884728760 1024 -1
15434716884728760 1024 -1
15434716884736220 1024 -1
15434716884736220 1024 -1
15434716884736750 919 -1
15434716884736750 1024 -1
15434716884736750 1024 -1
15434716884737320 1024 -1
15434716884737320 1024 -1
15434716884737320 1024 -1
15434716884737320 1024 -1
15434716884737862 1024 -1
15434716884737862 1024 -1
15434716884743390 1024 -1
15434716884743390 1024 -1
15434716884743390 1024 -1
15434716884743978 1024 -1
15434716884743978 1024 -1
15434716884743978 1024 -1
15434716884743978 1024 -1
15434716884744540 1024 -1
15434716884744540 1024 -1
15434716884744540 1024 -1
15434716884744540 1024 -1
15434716884745080 1024 -1
15434716884745080 1024 -1
15434716884750170 1024 -1
15434716884750170 1024 -1
15434716884750170 1024 -1
15434716884750630 1024 -1
15434716884750630 1024 -1
15434716884751192 1024 -1
15434716884751192 919 -1
15434716884751192 1024 -1
15434716884751890 1024 -1
15434716884751890 1024 -1
15434716884751890 1024 -1
15434716884751890 1024 -1
15434716884751890 1024 -1
15434716884751890 1024 -1
15434716884758270 1024 -1
15434716884758270 1024 -1
15434716884758680 1024 -1
15434716884759670 1024 -1
15434716884759670 1024 -1
15434716884760200 1024 -1
15434716884760200 1024 -1
15434716884760200 1024 -1
15434716884760200 1024 -1
15434716884760758 1024 -1
15434716884760758 1024 -1
15434716884760758 1024 -1
15434716884760758 1024 -1
15434716884761340 1024 -1
15434716884761340 1024 -1
15434716884761340 1024 -1
15434716884761888 1024 -1
15434716884761888 1024 -1
15434716884761888 1024 -1
15434716884762450 1024 -1
15434716884763010 919 -1
15434716884769412 1024 -1
15434716884769412 1024 -1
15434716884770000 1024 -1
15434716884770000 1024 -1
15434716884770000 1024 -1
15434716884770000 1024 -1
15434716884770500 1024 -1
15434716884770500 1024 -1
15434716884770500 1024 -1
15434716884771050 1024 -1
15434716884771050 1024 -1
15434716884771050 1024 -1
15434716884771050 1024 -1
15434716884771580 1024 -1
15434716884771580 1024 -1
15434716884771580 1024 -1
15434716884772120 1024 -1
15434716884816490 1024 -1
15434716884816990 1024 -1
15434716884816990 1024 -1
15434716884816990 1024 -1
15434716884816990 1024 -1
15434716884825740 1024 -1
15434716884825740 1024 -1
15434716884826232 1024 -1
15434716884826232 1024 -1
15434716884826232 1024 -1
15434716884826232 919 -1
15434716884826700 1024 -1
15434716884826700 1024 -1
15434716884826700 1024 -1
15434716884826700 1024 -1
15434716884827250 1024 -1
15434716884827250 1024 -1
15434716884827250 1024 -1
15434716884827772 1024 -1
15434716884827772 1024 -1
15434716884827772 1024 -1
15434716884827772 1024 -1
15434716884828320 1024 -1
15434716884828320 1024 -1
15434716884828320 1024 -1
15434716884828320 1024 -1
15434716884828860 1024 -1
15434716884828860 1024 -1
15434716884830660 1024 -1
15434716884831210 1024 -1
15434716884831210 1024 -1
15434716884831210 1024 -1
15434716884831210 1024 -1
15434716884831770 1024 -1
15434716884831770 1024 -1
15434716884831770 1024 -1
15434716884831770 1024 -1
15434716884832280 1024 -1
15434716884832280 919 -1
15434716884832280 1024 -1
15434716884832808 1024 -1
15434716884832808 1024 -1
15434716884832808 1024 -1
15434716884832808 1024 -1
15434716884833360 1024 -1
15434716884833360 1024 -1
15434716884833360 1024 -1
15434716884839680 1024 -1
15434716884840210 1024 -1
15434716884840210 1024 -1
15434716884840210 1024 -1
15434716884840210 1024 -1
15434716884840760 1024 -1
15434716884840760 1024 -1
15434716884840760 1024 -1
15434716884840760 1024 -1
15434716884840760 1024 -1
15434716884841240 1024 -1
15434716884841240 1024 -1
15434716884841790 1024 -1
15434716884841790 1024 -1
15434716884841790 1024 -1
15434716884841790 1024 -1
15434716884842310 1024 -1
15434716884842310 1024 -1
15434716884842310 1024 -1
15434716884842852 919 -1
15434716884842852 1024 -1
15434716884842852 1024 -1
15434716884842852 1024 -1
15434716884843410 1024 -1
15434716884843410 1024 -1
15434716884849110 1024 -1
15434716884849670 1024 -1
15434716884849670 1024 -1
15434716884849670 1024 -1
15434716884850220 1024 -1
15434716884851150 1024 -1
15434716884851150 1024 -1
15434716884851720 1024 -1
15434716884851720 1024 -1
15434716884852272 1024 -1
15434716884852272 1024 -1
15434716884852272 1024 -1
15434716884852272 1024 -1
15434716884852272 1024 -1
15434716884852272 1024 -1
15434716884852810 1024 -1
15434716884852810 943 -1
15434716889854730 399 1
15434716889957150 1024 -1
15434716889957300 1024 -1
15434716889958230 1024 -1
15434716889958798 1024 -1
15434716889958798 749 -1
15434716894959800 78 1
15434716895060598 1024 -1
15434716895060780 1024 -1
15434716895061110 1024 -1
15434716895061670 16 -1
15434716900062662 59 1
15434716900168632 1024 -1
15434716900168820 1024 -1
15434716900169170 1024 -1
15434716900169170 1024 -1
15434716900169730 1024 -1
15434716900169730 1024 -1
15434716900171160 1024 -1
15434716900171700 1024 -1
15434716900171700 1024 -1
15434716900171700 1024 -1
15434716900171700 1024 -1
15434716900172250 1024 -1
15434716900172250 1024 -1
15434716900172250 1024 -1
15434716900180590 1024 -1
15434716900181120 1024 -1
15434716900181120 1024 -1
15434716900181120 1024 -1
15434716900181120 1024 -1
15434716900181660 1024 -1
15434716900181660 1024 -1
15434716900181660 1024 -1
15434716900189290 1024 -1
15434716900189290 1024 -1
15434716900189290 1024 -1
15434716900189810 820 -1
15434716900189810 1024 -1
15434716900189810 1024 -1
15434716900190370 1024 -1
15434716900190370 1024 -1
15434716900198150 1024 -1
15434716900198150 1024 -1
15434716900198678 1024 -1
15434716900198678 1024 -1
15434716900198678 1024 -1
15434716900198678 1024 -1
15434716900199220 1024 -1
15434716900199220 1024 -1
15434716900199220 1024 -1
15434716900207570 1024 -1
15434716900207570 1024 -1
15434716900208180 1024 -1
15434716900208180 1024 -1
15434716900259390 1024 -1
15434716900259900 1024 -1
15434716900259900 1024 -1
15434716900260438 1024 -1
15434716900260980 1024 -1
15434716900260980 1024 -1
15434716900260980 1024 -1
15434716900260980 1024 -1
15434716900261480 1024 -1
15434716900261480 1024 -1
15434716900261480 919 -1
15434716900261480 1024 -1
15434716900268790 1024 -1
15434716900268790 1024 -1
15434716900269352 1024 -1
15434716900269352 1024 -1
15434716900269352 1024 -1
15434716900269352 1024 -1
15434716900269870 1024 -1
15434716900269870 1024 -1
15434716900269870 1024 -1
15434716900269870 1024 -1
15434716900270410 1024 -1
15434716900279250 1024 -1
15434716900279250 1024 -1
15434716900279780 1024 -1
15434716900279780 1024 -1
15434716900279780 1024 -1
15434716900279780 1024 -1
15434716900280290 1024 -1
15434716900280290 1024 -1
15434716900280290 1024 -1
15434716900280880 1024 -1
15434716900284760 1024 -1
15434716900285290 1024 -1
15434716900285290 1024 -1
15434716900285290 1024 -1
15434716900285290 1024 -1
15434716900285290 919 -1
15434716900285840 1024 -1
15434716900285840 1024 -1
15434716900285840 1024 -1
15434716900285840 1024 -1
15434716900286390 1024 -1
15434716900286960 1024 -1
15434716900286960 1024 -1
15434716900286960 1024 -1
15434716900294002 1024 -1
15434716900294570 1024 -1
15434716900294570 1024 -1
15434716900296208 1024 -1
15434716900296770 1024 -1
15434716900296770 1024 -1
15434716900296770 1024 -1
15434716900296770 1024 -1
15434716900297280 1024 -1
15434716900297280 1024 -1
15434716900297280 1024 -1
15434716900297820 1024 -1
15434716900297820 1024 -1
15434716900297820 1024 -1
15434716900297820 1024 -1
15434716900298368 1024 -1
15434716900304520 1024 -1
15434716900304520 1024 -1
15434716900305050 1024 -1
15434716900305950 919 -1
15434716900305950 1024 -1
15434716900306510 1024 -1
15434716900306510 1024 -1
15434716900306510 1024 -1
15434716900306510 1024 -1
15434716900307068 1024 -1
15434716900307068 1024 -1
15434716900307068 1024 -1
15434716900307068 1024 -1
15434716900307550 1024 -1
15434716900307550 1024 -1
15434716900307550 1024 -1
15434716900308070 1024 -1
15434716900308070 1024 -1
15434716900308070 1024 -1
15434716900308070 1024 -1
15434716900349750 1024 -1
15434716900349750 1024 -1
15434716900349750 1024 -1
15434716900349750 1024 -1
15434716900350490 1024 -1
15434716900350490 1024 -1
15434716900350490 1024 -1
15434716900350490 1024 -1
15434716900352600 1024 -1
15434716900353140 1024 -1
15434716900353140 1024 -1
15434716900353140 919 -1
15434716900353810 1024 -1
15434716900353810 1018 -1
15434716905364360 77 1
15434716906618280 1024 -1
15434716906618440 1024 -1
15434716906619720 854 -1
15434716911620318 58 1
15434716911725100 1024 -1
15434716911725190 1024 -1
15434716911725230 1024 -1
15434716911725920 1024 -1
15434716911725920 1024 -1
15434716911725920 1024 -1
15434716911727280 1024 -1
15434716911727800 1024 -1
15434716911727800 1024 -1
15434716911727800 1024 -1
15434716911727800 1024 -1
15434716911728352 1024 -1
15434716911734340 1024 -1
15434716911734860 1024 -1
15434716911734860 1024 -1
15434716911734860 1024 -1
15434716911734860 1024 -1
15434716911735390 1024 -1
15434716911735390 1024 -1
15434716911735390 1024 -1
15434716911743742 1024 -1
15434716911743742 1024 -1
15434716911743742 1024 -1
15434716911744248 1024 -1
15434716911744248 1024 -1
15434716911744248 973 -1
15434716911744248 1024 -1
15434716911744810 1024 -1
15434716911753370 1024 -1
15434716911753370 1024 -1
15434716911753370 1024 -1
15434716911753860 1024 -1
15434716911753860 1024 -1
15434716911753860 1024 -1
15434716911754430 1024 -1
15434716911754430 1024 -1
15434716911762860 1024 -1
15434716911762860 1024 -1
15434716911762860 1024 -1
15434716911763502 1024 -1
15434716911763502 1024 -1
15434716911763502 1024 -1
15434716911814000 1024 -1
15434716911814000 1024 -1
15434716911814000 1024 -1
15434716911815980 1024 -1
15434716911815980 1024 -1
15434716911816550 1024 -1
15434716911816550 1024 -1
15434716911816550 1024 -1
15434716911816550 1024 -1
15434716911817090 1024 -1
15434716911817090 1024 -1
15434716911817090 919 -1
15434716911824738 1024 -1
15434716911824738 1024 -1
15434716911825230 1024 -1
15434716911825230 1024 -1
15434716911825230 1024 -1
15434716911825230 1024 -1
15434716911825790 1024 -1
15434716911825790 1024 -1
15434716911825790 1024 -1
15434716911825790 1024 -1
15434716911826342 1024 -1
15434716911833890 1024 -1
15434716911833890 1024 -1
15434716911834410 1024 -1
15434716911834410 1024 -1
15434716911834950 1024 -1
15434716911834950 1024 -1
15434716911834950 1024 -1
15434716911835498 1024 -1
15434716911835498 1024 -1
15434716911835498 1024 -1
15434716911835498 1024 -1
15434716911836030 1024 -1
15434716911836030 1024 -1
15434716911842548 1024 -1
15434716911843070 1024 -1
15434716911843070 1024 -1
15434716911843070 919 -1
15434716911843070 1024 -1
15434716911843620 1024 -1
15434716911843620 1024 -1
15434716911844170 1024 -1
15434716911844170 1024 -1
15434716911844730 1024 -1
15434716911844730 1024 -1
15434716911845282 1024 -1
15434716911845850 1024 -1
15434716911845850 1024 -1
15434716911852490 1024 -1
15434716911853040 1024 -1
15434716911853040 1024 -1
15434716911853040 1024 -1
15434716911853590 1024 -1
15434716911853590 1024 -1
15434716911856440 1024 -1
15434716911856440 1024 -1
15434716911857000 1024 -1
15434716911857000 1024 -1
15434716911857000 1024 -1
15434716911857610 1024 -1
15434716911857610 1024 -1
15434716911857610 1024 -1
15434716911857610 1024 -1
15434716911858038 1024 -1
15434716911858038 1024 -1
15434716911858570 919 -1
15434716911858570 1024 -1
15434716911858570 1024 -1
15434716911859118 1024 -1
15434716911859118 1024 -1
15434716911865590 1024 -1
15434716911866160 1024 -1
15434716911866160 1024 -1
15434716911866160 1024 -1
15434716911866160 1024 -1
15434716911866680 1024 -1
15434716911866680 1024 -1
15434716911866680 1024 -1
15434716911867240 1024 -1
15434716911867240 1024 -1
15434716911867240 1024 -1
15434716911871992 1024 -1
15434716911872510 1024 -1
15434716911873100 1024 -1
15434716911873100 1024 -1
15434716911873100 1024 -1
15434716911904358 1024 -1
15434716911904358 1024 -1
15434716911904358 1024 -1
15434716911904960 1024 -1
15434716911904960 1024 -1
15434716911904960 1024 -1
15434716911906732 1024 -1
15434716911906732 919 -1
15434716911907200 1024 -1
15434716911907200 1024 -1
15434716911907200 1024 -1
15434716911907762 1024 -1
15434716911907762 1024 -1
15434716911907762 1024 -1
15434716911907762 1024 -1
15434716911908370 1024 -1
15434716911908370 1024 -1
15434716911908370 1024 -1
15434716911908370 1024 -1
15434716911915318 1024 -1
15434716911915318 1024 -1
15434716911915842 1024 -1
15434716911915842 1024 -1
15434716911915842 1024 -1
15434716911915842 1024 -1
15434716911916380 958 -1
15434716916917650 78 1
15434716917016880 1024 -1
15434716917017022 1024 -1
15434716917018890 1024 -1
15434716917018890 905 -1
15434716922019702 58 1
15434716922158610 1024 -1
15434716922158812 1024 -1
15434716922160160 1024 -1
15434716922160160 1024 -1
15434716922160160 1024 -1
15434716922160160 1024 -1
15434716922160658 1024 -1
15434716922161240 1024 -1
15434716922161240 1024 -1
15434716922161240 1024 -1
15434716922161810 1024 -1
15434716922161810 1024 -1
15434716922161810 1024 -1
15434716922161810 1024 -1
15434716922162350 1024 -1
15434716922169280 1024 -1
15434716922169840 1024 -1
15434716922169840 1024 -1
15434716922169840 1024 -1
15434716922169840 1024 -1
15434716922170370 1024 -1
15434716922170370 1024 -1
15434716922170370 1024 -1
15434716922170370 1024 -1
15434716922179288 1024 -1
15434716922179288 1024 -1
15434716922179800 748 -1
15434716922179800 1024 -1
15434716922179800 1024 -1
15434716922179800 1024 -1
15434716922180340 1024 -1
15434716922180340 1024 -1
15434716922180340 1024 -1
15434716922180340 1024 -1
15434716922189360 1024 -1
15434716922189888 1024 -1
15434716922189888 1024 -1
15434716922189888 1024 -1
15434716922189888 1024 -1
15434716922189888 1024 -1
15434716922190430 1024 -1
15434716922190430 1024 -1
15434716922250030 1024 -1
15434716922250030 1024 -1
15434716922250030 1024 -1
15434716922251452 1024 -1
15434716922252058 1024 -1
15434716922252058 1024 -1
15434716922252640 1024 -1
15434716922252640 1024 -1
15434716922252640 1024 -1
15434716922253140 1024 -1
15434716922253140 1024 -1
15434716922253690 1024 -1
15434716922253690 919 -1
15434716922259510 1024 -1
15434716922260038 1024 -1
15434716922260038 1024 -1
15434716922260038 1024 -1
15434716922260038 1024 -1
15434716922260590 1024 -1
15434716922260590 1024 -1
15434716922260590 1024 -1
15434716922261160 1024 -1
15434716922261160 1024 -1
15434716922261160 1024 -1
15434716922267820 1024 -1
15434716922268370 1024 -1
15434716922268370 1024 -1
15434716922268370 1024 -1
15434716922268370 1024 -1
15434716922269002 1024 -1
15434716922269002 1024 -1
15434716922269002 1024 -1
15434716922269002 1024 -1
15434716922269470 1024 -1
15434716922269470 943 -1
15434716927270460 78 1
15434716927401940 1024 -1
15434716927402410 1024 -1
15434716927402490 574 -1
15434716932405600 87 1
15434716932514880 1024 -1
15434716932515090 1024 -1
15434716932515150 1024 -1
15434716932515950 1024 -1
15434716932515950 1024 -1
15434716932515950 1024 -1
15434716932517400 1024 -1
15434716932517950 1024 -1
15434716932517950 1024 -1
15434716932517950 1024 -1
15434716932517950 1024 -1
15434716932518490 1024 -1
15434716932518490 1024 -1
15434716932518490 1024 -1
15434716932526850 1024 -1
15434716932526850 1024 -1
15434716932526850 1024 -1
15434716932527380 1024 -1
15434716932527380 1024 -1
15434716932527380 1024 -1
15434716932527380 1024 -1
15434716932527900 1024 -1
15434716932536240 1024 -1
15434716932536240 1024 -1
15434716932536240 1024 -1
15434716932536760 255 -1
15434716932536760 1024 -1
15434716932536760 1024 -1
15434716932536760 1024 -1
15434716932536760 1024 -1
15434716932537270 1024 -1
15434716932546000 1024 -1
15434716932546520 1024 -1
15434716932546520 1024 -1
15434716932546520 1024 -1
15434716932546520 1024 -1
15434716932547060 1024 -1
15434716932547060 1024 -1
15434716932547060 1024 -1
15434716932555310 1024 -1
15434716932555310 1024 -1
15434716932555310 1024 -1
15434716932555758 1024 -1
15434716932605910 1024 -1
15434716932605910 1024 -1
15434716932605910 1024 -1
15434716932607250 1024 -1
15434716932607250 1024 -1
15434716932607250 1024 -1
15434716932607250 1024 -1
15434716932607790 1024 -1
15434716932607790 1024 -1
15434716932607790 1024 -1
15434716932607790 919 -1
15434716932608340 1024 -1
15434716932608340 1024 -1
15434716932615160 1024 -1
15434716932615710 1024 -1
15434716932615710 1024 -1
15434716932615710 1024 -1
15434716932615710 1024 -1
15434716932616220 1024 -1
15434716932616220 1024 -1
15434716932616220 1024 -1
15434716932616220 1024 -1
15434716932616780 1024 -1
15434716932616780 1024 -1
15434716932624070 1024 -1
15434716932624620 1024 -1
15434716932624620 1024 -1
15434716932624620 1024 -1
15434716932624620 1024 -1
15434716932625170 1024 -1
15434716932625170 958 -1
15434716937625950 59 1
15434716937737460 1024 -1
15434716937737670 1024 -1
15434716937739120 1024 -1
15434716937739120 1024 -1
15434716937739120 1024 -1
15434716937739120 1024 -1
15434716937739270 1024 -1
15434716937739270 1024 -1
15434716937739270 1024 -1
15434716937739270 1024 -1
15434716937739270 1024 -1
15434716937739270 1024 -1
15434716937739570 1024 -1
15434716937739570 1024 -1
15434716937742168 1024 -1
15434716937742320 1024 -1
15434716937742320 1024 -1
15434716937742320 1024 -1
15434716937742320 1024 -1
15434716937742320 1024 -1
15434716937742320 1024 -1
15434716937742320 1024 -1
15434716937742320 1024 -1
15434716937742320 1024 -1
15434716937743412 1024 -1
15434716937743412 1024 -1
15434716937743412 448 -1
15434716937743412 1024 -1
15434716937743412 1024 -1
15434716937743412 1024 -1
15434716937743412 1024 -1
15434716937743412 1024 -1
15434716937743412 1024 -1
15434716937746060 1024 -1
15434716937746060 1024 -1
15434716937748712 1024 -1
15434716937748712 1024 -1
15434716937749880 1024 -1
15434716937749880 1024 -1
15434716937749880 1024 -1
15434716937749880 1024 -1
15434716937827590 1024 -1
15434716937827590 1024 -1
15434716937827590 1024 -1
15434716937829380 1024 -1
15434716937829380 1024 -1
15434716937829940 1024 -1
15434716937829940 1024 -1
15434716937829940 1024 -1
15434716937829940 1024 -1
15434716937830500 1024 -1
15434716937830500 1024 -1
15434716937831060 1024 -1
15434716937831060 1024 -1
15434716937839300 919 -1
15434716937839830 1024 -1
15434716937839830 1024 -1
15434716937839830 1024 -1
15434716937839830 1024 -1
15434716937840418 1024 -1
15434716937840418 1024 -1
15434716937840418 1024 -1
15434716937840418 1024 -1
15434716937840940 1024 -1
15434716937840940 1024 -1
15434716937845830 1024 -1
15434716937846370 1024 -1
15434716937846370 1024 -1
15434716937846370 1024 -1
15434716937846370 1024 -1
15434716937846920 1024 -1
15434716937846920 1024 -1
15434716937846920 1024 -1
15434716937846920 1024 -1
15434716937847430 1024 -1
15434716937847430 1024 -1
15434716937847430 1024 -1
15434716937847980 1024 -1
15434716937847980 1024 -1
15434716937853920 1024 -1
15434716937854460 1024 -1
15434716937854460 1024 -1
15434716937854460 919 -1
15434716937854460 1024 -1
15434716937855010 1024 -1
15434716937855010 1024 -1
15434716937855010 1024 -1
15434716937855010 1024 -1
15434716937855560 1024 -1
15434716937855560 1024 -1
15434716937855560 1024 -1
15434716937856110 1024 -1
15434716937862270 1024 -1
15434716937862270 1024 -1
15434716937862840 1024 -1
15434716937862840 1024 -1
15434716937862840 1024 -1
15434716937863410 1024 -1
15434716937863410 1024 -1
15434716937863410 1024 -1
15434716937863410 1024 -1
15434716937863410 1024 -1
15434716937863938 1024 -1
15434716937867920 1024 -1
15434716937867920 1024 -1
15434716937868490 1024 -1
15434716937868490 1024 -1
15434716937868490 1024 -1
15434716937868490 1024 -1
15434716937868490 1024 -1
15434716937869000 919 -1
15434716937869000 1024 -1
15434716937869000 1024 -1
15434716937869520 1024 -1
15434716937869520 1024 -1
15434716937869520 1024 -1
15434716937869520 1024 -1
15434716937870050 1024 -1
15434716937870050 1024 -1
15434716937870050 1024 -1
15434716937876850 988 -1
