### "'25392 124702 16298 8138 8593 58084 32324 105463 72746 164215 223711 79462 141534 108718 59538'"
0 0 0
15434194322926490 148 1
15434194322926490 204 1
15434194322926870 39 -1
15434194322926910 13 -1
15434194322981460 9 -1
15434194322988740 311 -1
15434194322988790 9 -1
15434194322990370 1959 -1
0 0 0
15434194330008770 148 1
15434194330008770 219 1
15434194330008820 39 -1
15434194330009110 13 -1
15434194330063770 9 -1
15434194330068770 343 -1
15434194330069320 9 -1
15434194330071490 16298 -1
15434194335072190 78 1
15434194335134410 147 -1
15434194335134490 9 -1
15434194335135290 2973 -1
15434194340135910 78 1
15434194340196240 170 -1
15434194340196350 9 -1
15434194340197320 3151 -1
15434194345198140 78 1
15434194345261490 177 -1
15434194345261610 9 -1
15434194345262548 2617 -1
15434194350263200 78 1
15434194350331170 171 -1
15434194350331690 9 -1
15434194350332280 2973 -1
15434194355333158 63 1
15434194355397490 131 -1
15434194355397980 9 -1
15434194355399070 6474 -1
15434194360400800 9 1
15434194365400870 66 1
15434194365461090 139 -1
15434194365461180 9 -1
15434194365463810 6295 -1
15434194370464498 63 1
15434194370527080 152 -1
15434194370527200 9 -1
15434194370527880 6137 -1
15434194375528860 63 1
15434194375592340 128 -1
15434194375592470 9 -1
15434194375594160 7491 -1
15434194380594972 63 1
15434194380659202 222 -1
15434194380659390 9 -1
15434194380661950 8138 -1
15434194385662640 63 1
15434194385724550 158 -1
15434194385724730 9 -1
15434194385726240 8593 -1
15434194391074020 78 1
15434194391135380 171 -1
15434194391135500 9 -1
15434194391135940 2973 -1
15434194396137062 58 1
15434194396199738 55 -1
15434194396199860 9 -1
15434194396202330 16383 -1
15434194396202350 1 -1
15434194396202350 9 -1
15434194396205040 16382 -1
15434194396205040 2 -1
15434194396205040 9 -1
15434194396255310 16381 -1
15434194396255310 3 -1
15434194396255310 9 -1
15434194396256340 8932 -1
15434194401257530 59 1
15434194401323490 95 -1
15434194401324010 9 -1
15434194401326180 16383 -1
15434194401326200 1 -1
15434194401326740 9 -1
15434194401328980 15940 -1
15434194406329620 77 1
15434194406389840 149 -1
15434194406390360 9 -1
15434194406391490 2617 -1
15434194411392118 78 1
15434194411452720 210 -1
15434194411453250 9 -1
15434194411454940 4041 -1
15434194416455532 77 1
15434194416518410 149 -1
15434194416518590 9 -1
15434194416520100 3151 -1
15434194421520880 77 1
15434194421585190 95 -1
15434194421585460 9 -1
15434194421586930 2035 -1
15434194426587610 78 1
15434194426649730 72 -1
15434194426649890 9 -1
15434194426650260 2035 -1
15434194431651580 78 1
15434194431712640 169 -1
15434194431712790 9 -1
15434194431713750 2973 -1
15434194436714550 88 1
15434194436775500 231 -1
15434194436775630 9 -1
15434194436779980 16383 -1
15434194436780022 1 -1
15434194436780550 9 -1
15434194436782730 16383 -1
15434194436782760 1 -1
15434194436783300 9 -1
15434194436786010 16382 -1
15434194436786010 2 -1
15434194436786010 9 -1
15434194436788210 16381 -1
15434194436788210 3 -1
15434194436788210 9 -1
15434194436790422 16380 -1
15434194436790422 4 -1
15434194436790422 9 -1
15434194436830922 16379 -1
15434194436830922 5 -1
15434194436830922 9 -1
15434194436831952 7159 -1
15434194441832690 77 1
15434194441893100 199 -1
15434194441893260 9 -1
15434194441894218 2083 -1
15434194446895102 59 1
15434194446956220 125 -1
15434194446956760 9 -1
15434194446959510 16383 -1
15434194446959540 1 -1
15434194446959550 9 -1
15434194446962258 16383 -1
15434194446962300 1 -1
15434194446962340 9 -1
15434194446965010 16382 -1
15434194446965060 2 -1
15434194446965088 9 -1
15434194446967800 16381 -1
15434194446967850 3 -1
15434194446967890 9 -1
15434194446969430 7210 -1
15434194451970580 78 1
15434194452033890 199 -1
15434194452034130 9 -1
15434194452034990 2795 -1
15434194457035830 78 1
15434194457097040 148 -1
15434194457097148 9 -1
15434194457097730 3507 -1
15434194462098710 58 1
15434194462160160 153 -1
15434194462160298 9 -1
15434194462162910 16383 -1
15434194462163460 1 -1
15434194462163510 9 -1
15434194462165700 16383 -1
15434194462166250 1 -1
15434194462166310 9 -1
15434194462168378 16382 -1
15434194462168890 2 -1
15434194462168940 9 -1
15434194462171618 16381 -1
15434194462171670 3 -1
15434194462171710 9 -1
15434194462174340 16380 -1
15434194462174390 4 -1
15434194462174410 9 -1
15434194462177050 16379 -1
15434194462177082 5 -1
15434194462177560 9 -1
15434194462179730 16383 -1
15434194462180290 1 -1
15434194462180310 9 -1
15434194462216060 16382 -1
15434194462216540 2 -1
15434194462216570 9 -1
15434194462219240 16381 -1
15434194462219320 3 -1
15434194462219350 9 -1
15434194462222030 16380 -1
15434194462222090 4 -1
15434194462222120 9 -1
15434194462222560 375 -1
15434194467223440 59 1
15434194467286610 130 -1
15434194467287150 9 -1
15434194467289390 16383 -1
15434194467289432 1 -1
15434194467289500 9 -1
15434194467292140 16382 -1
15434194467292690 2 -1
15434194467292740 9 -1
15434194467294930 16383 -1
15434194467294980 1 -1
15434194467295010 9 -1
15434194467297708 16382 -1
15434194467297760 2 -1
15434194467297780 9 -1
15434194467300430 16381 -1
15434194467300480 3 -1
15434194467300500 9 -1
15434194467303140 16380 -1
15434194467303690 4 -1
15434194467303720 9 -1
15434194467305880 16379 -1
15434194467306490 5 -1
15434194467306510 9 -1
15434194467309188 16378 -1
15434194467309220 6 -1
15434194467309238 9 -1
15434194467311370 16377 -1
15434194467311910 7 -1
15434194467311940 9 -1
15434194467314090 16376 -1
15434194467314640 8 -1
15434194467314670 9 -1
15434194467317390 16375 -1
15434194467317420 9 -1
15434194467317440 9 -1
15434194467319580 16374 -1
15434194467320140 10 -1
15434194467320170 9 -1
15434194467322350 16383 -1
15434194467322890 1 -1
15434194467322920 9 -1
15434194467324582 10719 -1
15434194472325490 58 1
15434194472387140 153 -1
15434194472387300 9 -1
15434194472389860 16383 -1
15434194472389910 1 -1
15434194472389950 9 -1
15434194472392590 16382 -1
15434194472392640 2 -1
15434194472392680 9 -1
15434194472395280 16383 -1
15434194472395830 1 -1
15434194472395880 9 -1
15434194472398080 16382 -1
15434194472398620 2 -1
15434194472398670 9 -1
15434194472400840 13926 -1
15434194477401640 59 1
15434194477463890 126 -1
15434194477464430 9 -1
15434194477467100 16383 -1
15434194477467130 1 -1
15434194477467160 9 -1
15434194477469872 16382 -1
15434194477470428 2 -1
15434194477470480 9 -1
15434194477473130 16381 -1
15434194477473190 3 -1
15434194477473220 9 -1
15434194477475330 16380 -1
15434194477475842 4 -1
15434194477475880 9 -1
15434194477478560 16383 -1
15434194477478600 1 -1
15434194477478630 9 -1
15434194477481300 16382 -1
15434194477481338 2 -1
15434194477481862 9 -1
15434194477484030 16381 -1
15434194477484550 3 -1
15434194477484600 9 -1
15434194477487230 16380 -1
15434194477487250 4 -1
15434194477487270 9 -1
15434194477489430 10462 -1
15434194482490302 58 1
15434194482551550 154 -1
15434194482552372 9 -1
15434194482555520 16383 -1
15434194482555550 1 -1
15434194482555570 9 -1
15434194482558260 16383 -1
15434194482558802 1 -1
15434194482558848 9 -1
15434194482560990 16382 -1
15434194482561520 2 -1
15434194482561560 9 -1
15434194482563670 16381 -1
15434194482564198 3 -1
15434194482564220 9 -1
15434194482566900 16383 -1
15434194482566920 1 -1
15434194482566940 9 -1
15434194482569670 16382 -1
15434194482569700 2 -1
15434194482569708 9 -1
15434194482571250 10414 -1
15434194487572082 58 1
15434194487634050 201 -1
15434194487634170 9 -1
15434194487636430 16383 -1
15434194487636458 1 -1
15434194487636490 9 -1
15434194487639288 16383 -1
15434194487639338 1 -1
15434194487639370 9 -1
15434194487642520 16382 -1
15434194487642550 2 -1
15434194487642560 9 -1
15434194487644178 10386 -1
15434194492645030 59 1
15434194492708040 167 -1
15434194492708190 9 -1
15434194492710710 16383 -1
15434194492710750 1 -1
15434194492710782 9 -1
15434194492713460 16382 -1
15434194492713490 2 -1
15434194492713500 9 -1
15434194492715130 8617 -1
15434194497715890 86 1
15434194497785730 161 -1
15434194497785850 9 -1
15434194497788210 16383 -1
15434194497788250 1 -1
15434194497788280 9 -1
15434194497790950 16383 -1
15434194497791510 1 -1
15434194497791550 9 -1
15434194497794180 16382 -1
15434194497794190 2 -1
15434194497794210 9 -1
15434194497796910 16381 -1
15434194497796960 3 -1
15434194497796978 9 -1
15434194497799590 16383 -1
15434194497799620 1 -1
15434194497800150 9 -1
15434194497800180 120 -1
15434194502800460 88 1
15434194502862110 182 -1
15434194502862260 9 -1
15434194502864620 16383 -1
15434194502864658 1 -1
15434194502864690 9 -1
15434194502867342 16383 -1
15434194502867890 1 -1
15434194502867940 9 -1
15434194502870070 16382 -1
15434194502870610 2 -1
15434194502870628 9 -1
15434194502873350 16381 -1
15434194502873400 3 -1
15434194502873420 9 -1
15434194502876092 16380 -1
15434194502876120 4 -1
15434194502876640 9 -1
15434194502878280 9533 -1
15434194507878910 59 1
15434194507939392 130 -1
15434194507939940 9 -1
15434194507943240 16383 -1
15434194507943800 1 -1
15434194507943840 9 -1
15434194507946488 16383 -1
15434194507946520 1 -1
15434194507946550 9 -1
15434194507949210 16382 -1
15434194507949260 2 -1
15434194507949280 9 -1
15434194507951900 16381 -1
15434194507951952 3 -1
15434194507951970 9 -1
15434194507955170 16380 -1
15434194507955192 4 -1
15434194507955210 9 -1
15434194507956820 11024 -1
15434194512959480 58 1
15434194513023390 153 -1
15434194513023530 9 -1
15434194513025990 16383 -1
15434194513026020 1 -1
15434194513026550 9 -1
15434194513027670 8568 -1
15434194518028368 59 1
15434194518092350 125 -1
15434194518092502 9 -1
15434194518095610 16383 -1
15434194518095630 1 -1
15434194518095660 9 -1
15434194518098380 16383 -1
15434194518098430 1 -1
15434194518098472 9 -1
15434194518101170 16382 -1
15434194518101220 2 -1
15434194518101240 9 -1
15434194518102870 8751 -1
15434194523103672 58 1
15434194523166960 153 -1
15434194523167080 9 -1
15434194523170158 16383 -1
15434194523170190 1 -1
15434194523170230 9 -1
15434194523172910 16382 -1
15434194523172938 2 -1
15434194523172970 9 -1
15434194523175640 16383 -1
15434194523175660 1 -1
15434194523176178 9 -1
15434194523176730 4085 -1
15434194528178050 58 1
15434194528239650 130 -1
15434194528239830 9 -1
15434194528243530 16383 -1
15434194528243590 1 -1
15434194528243620 9 -1
15434194528245740 16383 -1
15434194528245780 1 -1
15434194528246300 9 -1
15434194528248510 14219 -1
15434194533249180 59 1
15434194533313560 150 -1
15434194533313702 9 -1
15434194533316730 16383 -1
15434194533316770 1 -1
15434194533316800 9 -1
15434194533319440 16382 -1
15434194533319470 2 -1
15434194533319500 9 -1
15434194533322110 16381 -1
15434194533322670 3 -1
15434194533322690 9 -1
15434194533325428 16383 -1
15434194533325470 1 -1
15434194533325500 9 -1
15434194533328190 16382 -1
15434194533328732 2 -1
15434194533328750 9 -1
15434194533329850 5383 -1
15434194538332400 58 1
15434194538397190 201 -1
15434194538397360 9 -1
15434194538399670 16383 -1
15434194538400220 1 -1
15434194538400260 9 -1
15434194538402560 16383 -1
15434194538402640 1 -1
15434194538402670 9 -1
15434194538405140 16382 -1
15434194538405690 2 -1
15434194538405730 9 -1
15434194538406780 9441 -1
15434194543408170 78 1
15434194543468790 236 -1
15434194543469000 9 -1
15434194543470430 3685 -1
0 0 0
15434194322796770 148 1
15434194322796770 198 1
0 0 0
15434194322913548 148 1
15434194322913548 204 1
15434194322913600 39 -1
15434194322913930 13 -1
15434194322968400 9 -1
15434194322978720 311 -1
15434194322979250 9 -1
15434194322979820 2795 -1
0 0 0
15434194323640460 148 1
15434194323640460 215 1
0 0 0
15434194322944450 148 1
15434194322944450 184 1
15434194322944540 39 -1
15434194322944570 13 -1
15434194322993370 9 -1
15434194322998180 293 -1
15434194322998240 9 -1
15434194323001050 16383 -1
15434194323001590 1 -1
15434194323001620 9 -1
15434194323004350 16383 -1
15434194323004890 1 -1
15434194323046392 9 -1
15434194323049050 16382 -1
15434194323049050 2 -1
15434194323049050 9 -1
15434194323051210 16381 -1
15434194323051210 3 -1
15434194323051210 9 -1
15434194323053852 16383 -1
15434194323053852 1 -1
15434194323053852 9 -1
15434194323055980 16382 -1
15434194323055980 2 -1
15434194323055980 9 -1
15434194323058742 16381 -1
15434194323058742 3 -1
15434194323058742 9 -1
15434194323096140 10014 -1
0 0 0
15434194322816470 39 -1
15434194322817020 13 -1
15434194322954650 148 1
15434194322954650 204 1
15434194323002680 9 -1
15434194323008690 311 -1
15434194323008750 9 -1
15434194323009680 2035 -1
0 0 0
15434194322950150 148 1
15434194322950150 205 1
15434194322950230 39 -1
15434194322950448 13 -1
15434194323005600 9 -1
15434194323012440 312 -1
15434194323013030 9 -1
15434194323015730 16383 -1
15434194323015758 1 -1
15434194323015770 9 -1
15434194323017350 9008 -1
