### "'37836 86443 195542 98289 97604 166690 108653 136475 76069 92144 163032 111831 134499 94156 157160'"
0 0 0
15434727712735710 148 1
15434727712735710 199 1
15434727712735760 39 -1
15434727712736120 13 -1
15434727712784790 9 -1
15434727712791810 308 -1
15434727712791850 9 -1
15434727712794590 16383 -1
15434727712794590 1 -1
15434727712794680 9 -1
15434727712797310 16383 -1
15434727712797310 1 -1
15434727712797310 9 -1
15434727712844070 16382 -1
15434727712844070 2 -1
15434727712844070 9 -1
15434727712846740 16383 -1
15434727712846740 1 -1
15434727712846740 9 -1
15434727712848310 16382 -1
15434727712848310 2 -1
15434727712848310 9 -1
15434727712848850 4523 -1
0 0 0
15434727713208270 39 -1
15434727713208320 13 -1
15434727713270978 148 1
15434727713270978 205 1
15434727713328340 9 -1
15434727713334480 311 -1
15434727713334702 9 -1
15434727713335660 2261 -1
0 0 0
15434727712979610 39 -1
15434727712979660 13 -1
15434727713253520 148 1
15434727713253520 206 1
15434727713301620 9 -1
15434727713310090 311 -1
15434727713310130 9 -1
15434727713310658 3151 -1
0 0 0
15434727712888802 148 1
15434727712888802 206 1
15434727712888860 39 -1
15434727712889190 13 -1
15434727712942800 9 -1
15434727712951200 311 -1
15434727712951300 9 -1
15434727712951660 2111 -1
0 0 0
15434727712768070 148 1
15434727712768070 206 1
15434727712768550 39 -1
15434727712768580 13 -1
15434727712823910 9 -1
15434727712830400 312 -1
15434727712830960 9 -1
15434727712833760 16383 -1
15434727712833760 1 -1
15434727712833760 9 -1
15434727712835950 16382 -1
15434727712835950 2 -1
15434727712835950 9 -1
15434727712847230 5068 -1
15434727717871460 77 1
15434727717933820 147 -1
15434727717933920 9 -1
15434727717934850 1807 -1
15434727722935830 78 1
15434727722997840 171 -1
15434727722997940 9 -1
15434727722999290 3507 -1
15434727727999980 58 1
15434727728063050 129 -1
15434727728063180 9 -1
15434727728066020 16383 -1
15434727728066020 1 -1
15434727728066052 9 -1
15434727728068740 16383 -1
15434727728068740 1 -1
15434727728068740 9 -1
15434727728070900 16382 -1
15434727728070900 2 -1
15434727728070900 9 -1
15434727728073640 16381 -1
15434727728073640 3 -1
15434727728073640 9 -1
15434727728116770 16383 -1
15434727728116770 1 -1
15434727728116770 9 -1
15434727728120050 16369 -1
15434727733120912 58 1
15434727733181570 153 -1
15434727733181692 9 -1
15434727733184900 16383 -1
15434727733184960 1 -1
15434727733184990 9 -1
15434727733187540 16383 -1
15434727733188090 1 -1
15434727733188140 9 -1
15434727733190830 16382 -1
15434727733190860 2 -1
15434727733190880 9 -1
15434727733193560 16381 -1
15434727733194088 3 -1
15434727733194150 9 -1
15434727733196830 16380 -1
15434727733196880 4 -1
15434727733196910 9 -1
15434727733199560 15684 -1
15434727738200210 59 1
15434727738261830 131 -1
15434727738262010 9 -1
15434727738265700 16383 -1
15434727738265728 1 -1
15434727738266310 9 -1
15434727738269032 16383 -1
15434727738269070 1 -1
15434727738269090 9 -1
15434727738271760 16382 -1
15434727738272300 2 -1
15434727738272340 9 -1
15434727738275010 16381 -1
15434727738275040 3 -1
15434727738275060 9 -1
15434727738277700 16383 -1
15434727738278242 1 -1
15434727738278260 9 -1
15434727738280890 16382 -1
15434727738280920 2 -1
15434727738281428 9 -1
15434727738283650 16381 -1
15434727738284112 3 -1
15434727738284130 9 -1
15434727738317980 16380 -1
15434727738318530 4 -1
15434727738318570 9 -1
15434727738321230 16379 -1
15434727738321280 5 -1
15434727738321310 9 -1
15434727738324000 16378 -1
15434727738324530 6 -1
15434727738324562 9 -1
15434727738325100 2850 -1
15434727743326760 59 1
15434727743389420 149 -1
15434727743389600 9 -1
15434727743392110 16383 -1
15434727743392660 1 -1
15434727743392702 9 -1
15434727743395380 16383 -1
15434727743395432 1 -1
15434727743395460 9 -1
15434727743398070 16382 -1
15434727743398622 2 -1
15434727743398640 9 -1
15434727743401280 16383 -1
15434727743401330 1 -1
15434727743401840 9 -1
15434727743404570 16383 -1
15434727743404610 1 -1
15434727743404630 9 -1
15434727743407270 16382 -1
15434727743407290 2 -1
15434727743407770 9 -1
15434727743409390 10349 -1
15434727748410140 58 1
15434727748471020 132 -1
15434727748471150 9 -1
15434727748473950 16383 -1
15434727748474510 1 -1
15434727748474560 9 -1
15434727748477190 16383 -1
15434727748477210 1 -1
15434727748477750 9 -1
15434727748480490 16382 -1
15434727748480520 2 -1
15434727748480540 9 -1
15434727748483200 16381 -1
15434727748483240 3 -1
15434727748483810 9 -1
15434727748486012 16380 -1
15434727748486540 4 -1
15434727748486568 9 -1
15434727748489260 16379 -1
15434727748489270 5 -1
15434727748489810 9 -1
15434727748491970 16378 -1
15434727748492510 6 -1
15434727748492538 9 -1
15434727748495210 16377 -1
15434727748495260 7 -1
15434727748495780 9 -1
15434727748496320 5403 -1
15434727753497250 58 1
15434727753583520 152 -1
15434727753583780 9 -1
15434727753586750 16383 -1
15434727753586782 1 -1
15434727753587310 9 -1
15434727753590100 16382 -1
15434727753590130 2 -1
15434727753590160 9 -1
15434727753592790 16383 -1
15434727753593340 1 -1
15434727753593370 9 -1
15434727753596070 16382 -1
15434727753596100 2 -1
15434727753596120 9 -1
15434727753597750 10533 -1
15434727758598760 58 1
15434727758659360 126 -1
15434727758660110 9 -1
15434727758662920 16383 -1
15434727758662980 1 -1
15434727758663010 9 -1
15434727758666192 16383 -1
15434727758666230 1 -1
15434727758666270 9 -1
15434727758668910 16382 -1
15434727758668972 2 -1
15434727758668990 9 -1
15434727758671638 16381 -1
15434727758672180 3 -1
15434727758672220 9 -1
15434727758674942 16383 -1
15434727758674992 1 -1
15434727758675010 9 -1
15434727758677148 10224 -1
15434727763677740 58 1
15434727763739460 241 -1
15434727763739600 9 -1
15434727763742390 16383 -1
15434727763742950 1 -1
15434727763742990 9 -1
15434727763745760 16383 -1
15434727763745810 1 -1
15434727763745840 9 -1
15434727763748528 16382 -1
15434727763749080 2 -1
15434727763749110 9 -1
15434727763751860 16381 -1
15434727763751920 3 -1
15434727763751932 9 -1
15434727763754670 16383 -1
15434727763754700 1 -1
15434727763755210 9 -1
15434727763757920 16382 -1
15434727763757960 2 -1
15434727763757980 9 -1
15434727763760690 16381 -1
15434727763760728 3 -1
15434727763760750 9 -1
15434727763763390 16380 -1
15434727763763940 4 -1
15434727763763960 9 -1
15434727763766690 16379 -1
15434727763766740 5 -1
15434727763766760 9 -1
15434727763769450 15576 -1
15434727768770170 58 1
15434727768831440 126 -1
15434727768831560 9 -1
15434727768834960 16383 -1
15434727768835030 1 -1
15434727768835060 9 -1
15434727768837280 16383 -1
15434727768837810 1 -1
15434727768837910 9 -1
15434727768840520 16382 -1
15434727768840560 2 -1
15434727768840590 9 -1
15434727768843270 16381 -1
15434727768843820 3 -1
15434727768843890 9 -1
15434727768846530 16383 -1
15434727768846570 1 -1
15434727768847080 9 -1
15434727768849810 16382 -1
15434727768849850 2 -1
15434727768849872 9 -1
15434727768852610 13527 -1
15434727773853390 59 1
15434727773915638 154 -1
15434727773915790 9 -1
15434727773918550 16383 -1
15434727773918610 1 -1
15434727773918640 9 -1
15434727773921500 16383 -1
15434727773922060 1 -1
15434727773922100 9 -1
15434727773924850 16382 -1
15434727773924890 2 -1
15434727773924900 9 -1
15434727773927570 16381 -1
15434727773928120 3 -1
15434727773928152 9 -1
15434727773930882 16383 -1
15434727773930932 1 -1
15434727773931430 9 -1
15434727773933660 16382 -1
15434727773934200 2 -1
15434727773934230 9 -1
15434727773936960 16381 -1
15434727773936980 3 -1
15434727773937540 9 -1
15434727773940280 16380 -1
15434727773940290 4 -1
15434727773940300 9 -1
15434727773940858 3427 -1
15434727778941850 58 1
15434727779001880 129 -1
15434727779001998 9 -1
15434727779005280 16383 -1
15434727779005352 1 -1
15434727779005380 9 -1
15434727779008220 16383 -1
15434727779008260 1 -1
15434727779008290 9 -1
15434727779011000 16382 -1
15434727779011040 2 -1
15434727779011050 9 -1
15434727779013720 16381 -1
15434727779014270 3 -1
15434727779014290 9 -1
15434727779017020 16383 -1
15434727779017040 1 -1
15434727779017580 9 -1
15434727779019238 12236 -1
15434727784020060 58 1
15434727784081680 150 -1
15434727784081810 9 -1
15434727784085030 16383 -1
15434727784085578 1 -1
15434727784085620 9 -1
15434727784088340 16383 -1
15434727784088400 1 -1
15434727784088430 9 -1
15434727784091110 16382 -1
15434727784091690 2 -1
15434727784091720 9 -1
15434727784094378 16381 -1
15434727784094430 3 -1
15434727784094450 9 -1
15434727784097130 16380 -1
15434727784097682 4 -1
15434727784097710 9 -1
15434727784100400 16383 -1
15434727784100450 1 -1
15434727784100470 9 -1
15434727784103128 16382 -1
15434727784103680 2 -1
15434727784103730 9 -1
15434727784106390 16381 -1
15434727784106410 3 -1
15434727784106930 9 -1
15434727784109080 16380 -1
15434727784109640 4 -1
15434727784109672 9 -1
15434727784111290 9704 -1
15434727789113532 59 1
15434727789173970 129 -1
15434727789174500 9 -1
15434727789177770 16383 -1
15434727789177800 1 -1
15434727789178330 9 -1
15434727789180470 16383 -1
15434727789181002 1 -1
15434727789181048 9 -1
15434727789183690 16382 -1
15434727789183732 2 -1
15434727789184250 9 -1
15434727789186570 16381 -1
15434727789187010 3 -1
15434727789187040 9 -1
15434727789189770 16380 -1
15434727789189790 4 -1
15434727789190320 9 -1
15434727789193020 16383 -1
15434727789193038 1 -1
15434727789193050 9 -1
15434727789195818 16382 -1
15434727789195840 2 -1
15434727789195860 9 -1
15434727789198490 13975 -1
15434727794199050 58 1
15434727794260150 153 -1
15434727794260350 9 -1
15434727794262928 16383 -1
15434727794262970 1 -1
15434727794263490 9 -1
15434727794266240 16383 -1
15434727794266290 1 -1
15434727794266328 9 -1
15434727794268980 16382 -1
15434727794269500 2 -1
15434727794269530 9 -1
15434727794272230 16381 -1
15434727794272280 3 -1
15434727794272298 9 -1
15434727794274940 16383 -1
15434727794275470 1 -1
15434727794275500 9 -1
15434727794278180 16382 -1
15434727794278210 2 -1
15434727794278230 9 -1
15434727794280310 9972 -1
15434727799281030 58 1
15434727799342340 125 -1
15434727799342470 9 -1
15434727799346250 16383 -1
15434727799346290 1 -1
15434727799346330 9 -1
15434727799348970 16383 -1
15434727799349520 1 -1
15434727799349570 9 -1
15434727799352270 16382 -1
15434727799352320 2 -1
15434727799352340 9 -1
15434727799355030 16381 -1
15434727799355568 3 -1
15434727799355590 9 -1
15434727799363720 16380 -1
15434727799363780 4 -1
15434727799363812 9 -1
15434727799363912 16383 -1
15434727799363930 1 -1
15434727799363980 9 -1
15434727799364070 16382 -1
15434727799364190 2 -1
15434727799364210 9 -1
15434727799366880 16381 -1
15434727799367940 3 -1
15434727799367970 9 -1
15434727799370590 16380 -1
15434727799370670 4 -1
15434727799370690 9 -1
15434727799374440 16383 -1
15434727799374580 1 -1
15434727799374600 9 -1
15434727799376890 16382 -1
15434727799376978 2 -1
15434727799377000 9 -1
15434727799379510 16381 -1
15434727799379600 3 -1
15434727799379620 9 -1
15434727799382132 3621 -1
15434727804383100 9 1
15434727809383112 81 1
15434727809469560 171 -1
15434727809470150 9 -1
15434727809470698 3151 -1
15434727814471360 78 1
15434727814532608 170 -1
15434727814532750 9 -1
15434727814533700 2617 -1
15434727819534350 78 1
15434727819595150 147 -1
15434727819596250 9 -1
15434727819599062 2439 -1
15434727824599770 78 1
15434727824660210 275 -1
15434727824660800 9 -1
15434727824661350 2973 -1
15434727829662330 78 1
15434727829722350 148 -1
15434727829722510 9 -1
15434727829723470 2617 -1
15434727834724172 63 1
15434727834786250 153 -1
15434727834786380 9 -1
15434727834789550 16383 -1
15434727834790102 1 -1
15434727834790152 9 -1
15434727834792870 16383 -1
15434727834792920 1 -1
15434727834792940 9 -1
15434727834793438 2074 -1
15434727839794530 63 1
15434727839855822 130 -1
15434727839856360 9 -1
15434727839859120 16383 -1
15434727839859180 1 -1
15434727839859230 9 -1
15434727839862380 16382 -1
15434727839862400 2 -1
15434727839862420 9 -1
15434727839863520 3819 -1
15434727844865480 63 1
15434727844928140 147 -1
15434727844928320 9 -1
15434727844929560 4635 -1
15434727849930370 63 1
15434727849991050 130 -1
15434727849991168 9 -1
15434727849993660 16383 -1
15434727849993770 1 -1
15434727849993802 9 -1
15434727849996860 16383 -1
15434727849996900 1 -1
15434727849996930 9 -1
15434727849997972 4291 -1
15434727854998860 63 1
15434727855058870 138 -1
15434727855059020 9 -1
15434727855060330 3757 -1
15434727860061080 63 1
15434727860120960 148 -1
15434727860121110 9 -1
15434727860122330 3372 -1
15434727865122990 406 1
15434727865183690 138 -1
15434727865183830 9 -1
15434727865187140 16383 -1
15434727865187200 1 -1
15434727865187230 9 -1
15434727865189020 10073 -1
0 0 0
15434727713185800 148 1
15434727713185800 187 1
15434727713185850 39 -1
15434727713186210 13 -1
15434727713240080 9 -1
15434727713247880 294 -1
15434727713247920 9 -1
15434727713251532 16383 -1
15434727713251532 1 -1
15434727713251532 9 -1
15434727713254290 16382 -1
15434727713254290 2 -1
15434727713254290 9 -1
15434727713304450 16381 -1
15434727713304450 3 -1
15434727713304450 9 -1
15434727713306680 16380 -1
15434727713306680 4 -1
15434727713306680 9 -1
15434727713308880 16383 -1
15434727713308880 1 -1
15434727713308880 9 -1
15434727713311220 16383 -1
15434727713311220 1 -1
15434727713311220 9 -1
15434727713313370 16382 -1
15434727713313370 2 -1
15434727713313370 9 -1
15434727713356472 16381 -1
15434727713356472 3 -1
15434727713356472 9 -1
15434727713359060 16383 -1
15434727713359060 1 -1
15434727713359060 9 -1
15434727713361190 16382 -1
15434727713361190 2 -1
15434727713361190 9 -1
15434727713363882 16381 -1
15434727713363882 3 -1
15434727713363882 9 -1
15434727713365450 15318 -1
