### "'38312 33620 11997 34328 65841 8348 8710 33620 71580 179237 177539 165873 107870 124888 114774'"
0 0 0
15434749288532620 148 1
15434749288532620 200 1
0 0 0
15434749289524670 148 1
15434749289524670 210 1
15434749289524760 39 -1
15434749289524780 13 -1
15434749289580020 9 -1
15434749289586080 322 -1
15434749289586610 9 -1
15434749289589378 16383 -1
15434749289589880 1 -1
15434749289589910 9 -1
15434749289592640 16383 -1
15434749289593192 1 -1
15434749289639080 9 -1
15434749289639080 852 -1
15434749294641048 86 1
15434749294725700 184 -1
15434749294726190 9 -1
15434749294727840 11997 -1
15434749299729030 89 1
15434749299790120 158 -1
15434749299790248 9 -1
15434749299795238 16383 -1
15434749299795270 1 -1
15434749299795300 9 -1
15434749299796300 16383 -1
15434749299796330 1 -1
15434749299796350 9 -1
15434749299796870 1560 -1
15434749304798430 88 1
15434749304861090 181 -1
15434749304861180 9 -1
15434749304864660 16383 -1
15434749304864740 1 -1
15434749304864750 9 -1
15434749304867080 16383 -1
15434749304867600 1 -1
15434749304867620 9 -1
15434749304870902 16382 -1
15434749304870902 2 -1
15434749304870902 9 -1
15434749304917910 16381 -1
15434749304917910 3 -1
15434749304917910 9 -1
15434749304917910 305 -1
15434749309919260 9 1
15434749314919250 66 1
15434749314981540 147 -1
15434749314982090 9 -1
15434749314983780 8348 -1
15434749319984440 63 1
15434749320073668 152 -1
15434749320073810 9 -1
15434749320077000 7908 -1
15434749325077960 63 1
15434749325138230 115 -1
15434749325138760 9 -1
15434749325140430 7912 -1
15434749330141240 63 1
15434749330201362 135 -1
15434749330201900 9 -1
15434749330203568 8710 -1
15434749335204770 63 1
15434749335265450 125 -1
15434749335266140 9 -1
15434749335268450 7814 -1
15434749340269470 63 1
15434749340330500 152 -1
15434749340330630 9 -1
15434749340332130 7634 -1
15434749345332940 78 1
15434749345397648 253 -1
15434749345398150 9 -1
15434749345398740 3329 -1
15434749350399630 78 1
15434749350460890 166 -1
15434749350461010 9 -1
15434749350461978 2261 -1
15434749355463272 78 1
15434749355522640 146 -1
15434749355523150 9 -1
15434749355523720 3685 -1
15434749360525740 78 1
15434749360585030 171 -1
15434749360585230 9 -1
15434749360586720 2617 -1
15434749365587330 78 1
15434749365647550 149 -1
15434749365648050 9 -1
15434749365649150 4041 -1
15434749370649778 88 1
15434749370711132 182 -1
15434749370711638 9 -1
15434749370714390 16383 -1
15434749370714942 1 -1
15434749370714960 9 -1
15434749370717710 16383 -1
15434749370717730 1 -1
15434749370718260 9 -1
15434749370718290 852 -1
15434749387769188 77 1
15434749387828930 171 -1
15434749387828980 9 -1
15434749387829780 3685 -1
15434749392831718 58 1
15434749392891778 153 -1
15434749392891870 9 -1
15434749392895340 16383 -1
15434749392895420 1 -1
15434749392895430 9 -1
15434749392898070 16383 -1
15434749392898100 1 -1
15434749392898108 9 -1
15434749392901350 16382 -1
15434749392901380 2 -1
15434749392901910 9 -1
15434749392904090 16381 -1
15434749392904630 3 -1
15434749392904652 9 -1
15434749392947180 6044 -1
15434749397947990 58 1
15434749398008922 130 -1
15434749398009040 9 -1
15434749398011430 16383 -1
15434749398012220 1 -1
15434749398012350 9 -1
15434749398014988 16383 -1
15434749398015030 1 -1
15434749398015070 9 -1
15434749398018320 16382 -1
15434749398018350 2 -1
15434749398018370 9 -1
15434749398021590 16381 -1
15434749398021620 3 -1
15434749398021640 9 -1
15434749398024860 16380 -1
15434749398024890 4 -1
15434749398024900 9 -1
15434749398065900 16383 -1
15434749398065900 1 -1
15434749398065900 9 -1
15434749398068110 16382 -1
15434749398068110 2 -1
15434749398068110 9 -1
15434749398070900 16381 -1
15434749398070900 3 -1
15434749398070900 9 -1
15434749398073608 16380 -1
15434749398073608 4 -1
15434749398073608 9 -1
15434749398075768 16379 -1
15434749398075768 5 -1
15434749398075768 9 -1
15434749398078520 15397 -1
15434749403079432 59 1
15434749403143600 154 -1
15434749403143890 9 -1
15434749403146100 16383 -1
15434749403146638 1 -1
15434749403146670 9 -1
15434749403149940 16382 -1
15434749403150000 2 -1
15434749403150030 9 -1
15434749403152380 16381 -1
15434749403152840 3 -1
15434749403152860 9 -1
15434749403155580 16383 -1
15434749403156130 1 -1
15434749403156150 9 -1
15434749403158938 16382 -1
15434749403158970 2 -1
15434749403158988 9 -1
15434749403161672 16381 -1
15434749403162220 3 -1
15434749403162240 9 -1
15434749403164920 16383 -1
15434749403164958 1 -1
15434749403165520 9 -1
15434749403168170 16382 -1
15434749403168200 2 -1
15434749403168220 9 -1
15434749403171470 16383 -1
15434749403171470 1 -1
15434749403171470 9 -1
15434749403201070 16382 -1
15434749403201070 2 -1
15434749403201070 9 -1
15434749403203248 13699 -1
15434749408204082 58 1
15434749408265090 234 -1
15434749408265230 9 -1
15434749408267990 16383 -1
15434749408268030 1 -1
15434749408268060 9 -1
15434749408271280 16382 -1
15434749408271310 2 -1
15434749408271350 9 -1
15434749408274010 16383 -1
15434749408274030 1 -1
15434749408274620 9 -1
15434749408277370 16382 -1
15434749408277420 2 -1
15434749408277480 9 -1
15434749408280712 16383 -1
15434749408280750 1 -1
15434749408280780 9 -1
15434749408283442 16382 -1
15434749408283492 2 -1
15434749408284010 9 -1
15434749408286760 16383 -1
15434749408286800 1 -1
15434749408287370 9 -1
15434749408290140 16382 -1
15434749408290182 2 -1
15434749408290200 9 -1
15434749408292810 16383 -1
15434749408292840 1 -1
15434749408293380 9 -1
15434749408296152 16383 -1
15434749408296180 1 -1
15434749408296710 9 -1
15434749408297278 2033 -1
15434749413298110 59 1
15434749413361350 154 -1
15434749413361462 9 -1
15434749413363978 16383 -1
15434749413364060 1 -1
15434749413364648 9 -1
15434749413366830 16382 -1
15434749413367370 2 -1
15434749413367420 9 -1
15434749413370120 16381 -1
15434749413370162 3 -1
15434749413370668 9 -1
15434749413373380 16380 -1
15434749413373430 4 -1
15434749413373448 9 -1
15434749413376160 16383 -1
15434749413376670 1 -1
15434749413376688 9 -1
15434749413379330 16382 -1
15434749413379878 2 -1
15434749413379900 9 -1
15434749413381470 9566 -1
15434749418382380 59 1
15434749418443730 130 -1
15434749418443962 9 -1
15434749418446960 16383 -1
15434749418447010 1 -1
15434749418447052 9 -1
15434749418450292 16382 -1
15434749418450338 2 -1
15434749418450380 9 -1
15434749418453060 16383 -1
15434749418453080 1 -1
15434749418453610 9 -1
15434749418456350 16382 -1
15434749418456390 2 -1
15434749418456900 9 -1
15434749418459670 16381 -1
15434749418459690 3 -1
15434749418459712 9 -1
15434749418462440 16380 -1
15434749418462460 4 -1
15434749418462990 9 -1
15434749418465720 16383 -1
15434749418465760 1 -1
15434749418465778 9 -1
15434749418467938 10200 -1
15434749423468700 58 1
15434749423530460 150 -1
15434749423530590 9 -1
15434749423533860 16383 -1
15434749423533940 1 -1
15434749423533968 9 -1
15434749423536830 16383 -1
15434749423536870 1 -1
15434749423537390 9 -1
15434749423540102 16382 -1
15434749423540160 2 -1
15434749423540260 9 -1
15434749423543360 16381 -1
15434749423543380 3 -1
15434749423543400 9 -1
15434749423546030 16383 -1
15434749423546570 1 -1
15434749423546590 9 -1
15434749423549312 16382 -1
15434749423549870 2 -1
15434749423549900 9 -1
15434749423552560 16383 -1
15434749423552598 1 -1
15434749423553122 9 -1
15434749423553150 86 -1
15434749428553370 88 1
15434749428615680 159 -1
15434749428616210 9 -1
15434749428618980 16383 -1
15434749428619030 1 -1
15434749428619080 9 -1
15434749428621790 16383 -1
15434749428622370 1 -1
15434749428622480 9 -1
15434749428625090 16382 -1
15434749428625150 2 -1
15434749428625172 9 -1
15434749428626210 1995 -1
15434749433626980 59 1
15434749433687320 149 -1
15434749433687820 9 -1
15434749433690590 16383 -1
15434749433690640 1 -1
15434749433690680 9 -1
15434749433693932 16382 -1
15434749433693970 2 -1
15434749433694010 9 -1
15434749433694500 1933 -1
15434749438695418 88 1
15434749438757270 159 -1
15434749438757830 9 -1
15434749438761110 16383 -1
15434749438761138 1 -1
15434749438761170 9 -1
15434749438764480 16382 -1
15434749438764530 2 -1
15434749438764550 9 -1
15434749438767300 16383 -1
15434749438767330 1 -1
15434749438767350 9 -1
15434749438770630 16382 -1
15434749438770680 2 -1
15434749438770700 9 -1
15434749438773388 16381 -1
15434749438773430 3 -1
15434749438773970 9 -1
15434749438776130 14427 -1
15434749443776880 59 1
15434749443837190 139 -1
15434749443837740 9 -1
15434749443841022 16383 -1
15434749443841050 1 -1
15434749443841578 9 -1
15434749443844240 16383 -1
15434749443844270 1 -1
15434749443844300 9 -1
15434749443847480 15420 -1
15434749448848250 58 1
15434749448907968 130 -1
15434749448908530 9 -1
15434749448911310 16383 -1
15434749448911860 1 -1
15434749448911920 9 -1
15434749448914580 16382 -1
15434749448914630 2 -1
15434749448914670 9 -1
15434749448917880 16383 -1
15434749448917940 1 -1
15434749448917970 9 -1
15434749448920590 16382 -1
15434749448921102 2 -1
15434749448921130 9 -1
15434749448923810 16381 -1
15434749448924350 3 -1
15434749448924380 9 -1
15434749448927100 16380 -1
15434749448927160 4 -1
15434749448927660 9 -1
15434749448930450 16383 -1
15434749448930480 1 -1
15434749448930510 9 -1
15434749448933188 16382 -1
15434749448933238 2 -1
15434749448933750 9 -1
15434749448936450 16381 -1
15434749448936998 3 -1
15434749448937020 9 -1
15434749448939740 16380 -1
15434749448939790 4 -1
15434749448939810 9 -1
15434749448943068 16383 -1
15434749448943120 1 -1
15434749448943150 9 -1
15434749448966600 16382 -1
15434749448966600 2 -1
15434749448966600 9 -1
15434749448966600 352 -1
15434749453968210 58 1
15434749454029410 150 -1
15434749454029930 9 -1
15434749454032690 16383 -1
15434749454032732 1 -1
15434749454032770 9 -1
15434749454036060 16383 -1
15434749454036118 1 -1
15434749454036140 9 -1
15434749454039240 16382 -1
15434749454039290 2 -1
15434749454039320 9 -1
15434749454041950 16381 -1
15434749454042490 3 -1
15434749454042520 9 -1
15434749454045200 16380 -1
15434749454045752 4 -1
15434749454045780 9 -1
15434749454048500 16379 -1
15434749454048550 5 -1
15434749454049050 9 -1
15434749454051800 16378 -1
15434749454051850 6 -1
15434749454051868 9 -1
15434749454054560 16377 -1
15434749454055100 7 -1
15434749454055120 9 -1
15434749454057838 16383 -1
15434749454058390 1 -1
15434749454058420 9 -1
15434749454061110 16382 -1
15434749454061670 2 -1
15434749454061690 9 -1
15434749454064332 16381 -1
15434749454064382 3 -1
15434749454064410 9 -1
15434749454083372 2722 -1
15434749459084498 78 1
15434749459146080 252 -1
15434749459146308 9 -1
15434749459147192 3151 -1
15434749464147890 67 1
15434749464208470 166 -1
15434749464209030 9 -1
15434749464211720 15337 -1
15434749469212250 88 1
15434749469274160 160 -1
15434749469274270 9 -1
15434749469277430 16383 -1
15434749469277502 1 -1
15434749469277530 9 -1
15434749469280190 16382 -1
15434749469280730 2 -1
15434749469280780 9 -1
15434749469283460 16383 -1
15434749469283978 1 -1
15434749469284000 9 -1
15434749469287200 16382 -1
15434749469287230 2 -1
15434749469287260 9 -1
15434749469289948 16381 -1
15434749469290510 3 -1
15434749469290522 9 -1
15434749469293770 16380 -1
15434749469293800 4 -1
15434749469293820 9 -1
15434749469297150 16379 -1
15434749469297200 5 -1
15434749469297220 9 -1
15434749469298220 640 -1
15434749474298862 59 1
15434749474360980 154 -1
15434749474361520 9 -1
15434749474364650 15873 -1
15434749474364690 511 -1
15434749474364720 9 -1
15434749474367490 16383 -1
15434749474367530 1 -1
15434749474367980 9 -1
15434749474370780 16382 -1
15434749474371318 2 -1
15434749474371340 9 -1
15434749474374002 16383 -1
15434749474374520 1 -1
15434749474374550 9 -1
15434749474377820 16382 -1
15434749474377840 2 -1
15434749474377862 9 -1
15434749474380510 16381 -1
15434749474381030 3 -1
15434749474381060 9 -1
15434749474383832 16380 -1
15434749474384388 4 -1
15434749474384420 9 -1
15434749474387130 16383 -1
15434749474387692 1 -1
15434749474387710 9 -1
15434749474390440 16382 -1
15434749474390480 2 -1
15434749474390500 9 -1
15434749474393762 16381 -1
15434749474393800 3 -1
15434749474393820 9 -1
15434749474395390 8605 -1
15434749479396232 58 1
15434749479459110 131 -1
15434749479459210 9 -1
15434749479462010 16383 -1
15434749479462080 1 -1
15434749479462110 9 -1
15434749479465240 16382 -1
15434749479465270 2 -1
15434749479465302 9 -1
15434749479467990 16381 -1
15434749479468020 3 -1
15434749479468550 9 -1
0 0 0
15434749288747900 39 -1
15434749288747950 13 -1
15434749288874900 148 1
15434749288874900 200 1
15434749288928760 9 -1
15434749288941030 312 -1
15434749288941122 9 -1
15434749288944600 16383 -1
15434749288944600 1 -1
15434749288944660 9 -1
15434749288947260 16383 -1
15434749288947260 1 -1
15434749288947260 9 -1
15434749288994580 5544 -1
0 0 0
15434749288568630 148 1
15434749288568630 199 1
15434749288568658 39 -1
15434749288569060 13 -1
15434749288617188 9 -1
15434749288622820 311 -1
15434749288622900 9 -1
15434749288624220 3685 -1
0 0 0
15434749288808370 148 1
15434749288808370 200 1
15434749288808830 39 -1
15434749288808870 13 -1
15434749288857450 9 -1
15434749288863490 311 -1
15434749288863608 9 -1
15434749288864282 2261 -1
0 0 0
15434749288690750 148 1
15434749288690750 199 1
15434749288690800 39 -1
15434749288690870 13 -1
15434749288745540 9 -1
15434749288750610 311 -1
15434749288751162 9 -1
15434749288751718 2263 -1
0 0 0
15434749288382670 148 1
15434749288382670 192 1
