### "'28452 135797 44521 211309 148764 155118 41392 53158 46986 63656 60324 69806 84883 136224 41396'"
0 0 0
15434762814033250 148 1
15434762814033250 196 1
0 0 0
15434762815163332 148 1
15434762815163332 196 1
0 0 0
15434762814221290 148 1
15434762814221290 204 1
15434762814221790 39 -1
15434762814221820 13 -1
15434762814275380 9 -1
15434762814283550 311 -1
15434762814283600 9 -1
15434762814285260 3863 -1
0 0 0
15434762814219350 148 1
15434762814219350 204 1
15434762814219400 39 -1
15434762814219740 13 -1
15434762814274190 9 -1
15434762814277780 311 -1
15434762814278330 9 -1
15434762814279490 3329 -1
0 0 0
15434762822513130 148 1
15434762822513130 204 1
15434762822513180 39 -1
15434762822513570 13 -1
15434762822561892 9 -1
15434762822566820 311 -1
15434762822566950 9 -1
15434762822567912 2973 -1
15434762827568590 78 1
15434762827623370 148 -1
15434762827623460 9 -1
15434762827624660 3151 -1
15434762832625300 78 1
15434762832679500 171 -1
15434762832679580 9 -1
15434762832680262 3329 -1
15434762837680910 78 1
15434762837735022 143 -1
15434762837735100 9 -1
15434762837735720 2617 -1
15434762842736470 63 1
15434762842791482 152 -1
15434762842792020 9 -1
15434762842793150 6225 -1
15434762847793700 63 1
15434762847847950 130 -1
15434762847848060 9 -1
15434762847850740 6716 -1
15434762852851440 63 1
15434762852908680 153 -1
15434762852909210 9 -1
15434762852911410 7734 -1
15434762857912250 63 1
15434762857968358 130 -1
15434762857968832 9 -1
15434762857971080 7253 -1
15434762862972010 63 1
15434762863026372 154 -1
15434762863026518 9 -1
15434762863029620 7823 -1
15434762868030540 63 1
15434762868084890 129 -1
15434762868085020 9 -1
15434762868087630 7995 -1
15434762873088290 9 1
15434762878088320 62 1
15434762878143530 257 -1
15434762878143610 9 -1
15434762878146500 16383 -1
15434762878146500 1 -1
15434762878146530 9 -1
15434762878149240 16383 -1
15434762878149240 1 -1
15434762878149240 9 -1
15434762878192958 11753 -1
15434762889752090 78 1
15434762889808518 172 -1
15434762889808690 9 -1
15434762889809680 3329 -1
15434762894810830 59 1
15434762894865450 155 -1
15434762894865698 9 -1
15434762894868660 16383 -1
15434762894868660 1 -1
15434762894868720 9 -1
15434762894871390 16383 -1
15434762894871390 1 -1
15434762894871440 9 -1
15434762894874092 16382 -1
15434762894874120 2 -1
15434762894874130 9 -1
15434762894877360 16381 -1
15434762894877360 3 -1
15434762894877378 9 -1
15434762894913750 16383 -1
15434762894913750 1 -1
15434762894913750 9 -1
15434762894915928 16382 -1
15434762894915928 2 -1
15434762894915928 9 -1
15434762894918630 16383 -1
15434762894918630 1 -1
15434762894918630 9 -1
15434762894920810 16382 -1
15434762894920810 2 -1
15434762894920810 9 -1
15434762894923090 16381 -1
15434762894923090 3 -1
15434762894923142 9 -1
15434762894925850 16383 -1
15434762894925850 1 -1
15434762894925850 9 -1
15434762894928050 16382 -1
15434762894928050 2 -1
15434762894928050 9 -1
15434762894930760 16381 -1
15434762894930760 3 -1
15434762894930760 9 -1
15434762894932440 14701 -1
15434762899935600 78 1
15434762899993820 147 -1
15434762899993980 9 -1
15434762899994720 2083 -1
15434762904995502 58 1
15434762905052560 156 -1
15434762905052670 9 -1
15434762905054950 16383 -1
15434762905055540 1 -1
15434762905055580 9 -1
15434762905058730 16383 -1
15434762905058810 1 -1
15434762905058840 9 -1
15434762905061380 16382 -1
15434762905061410 2 -1
15434762905061440 9 -1
15434762905064690 16381 -1
15434762905064740 3 -1
15434762905064780 9 -1
15434762905067490 16383 -1
15434762905067560 1 -1
15434762905067610 9 -1
15434762905070340 16382 -1
15434762905070390 2 -1
15434762905070880 9 -1
15434762905073650 16381 -1
15434762905073690 3 -1
15434762905073710 9 -1
15434762905076290 16380 -1
15434762905076850 4 -1
15434762905076880 9 -1
15434762905079120 16383 -1
15434762905079670 1 -1
15434762905079700 9 -1
15434762905080220 1308 -1
15434762910081040 58 1
15434762910138140 155 -1
15434762910138258 9 -1
15434762910141398 16383 -1
15434762910141480 1 -1
15434762910141510 9 -1
15434762910144260 16382 -1
15434762910144330 2 -1
15434762910144360 9 -1
15434762910147300 16383 -1
15434762910147318 1 -1
15434762910147330 9 -1
15434762910149980 16382 -1
15434762910150030 2 -1
15434762910150052 9 -1
15434762910153192 16381 -1
15434762910153210 3 -1
15434762910153230 9 -1
15434762910155920 16380 -1
15434762910155972 4 -1
15434762910156000 9 -1
15434762910158690 16379 -1
15434762910158720 5 -1
15434762910159230 9 -1
15434762910161920 16378 -1
15434762910161942 6 -1
15434762910161960 9 -1
15434762910164740 16377 -1
15434762910164800 7 -1
15434762910164822 9 -1
15434762910166400 7662 -1
15434762915167130 78 1
15434762915221750 144 -1
15434762915221900 9 -1
15434762915223120 3329 -1
15434762920223890 68 1
15434762920278500 167 -1
15434762920279050 9 -1
15434762920281710 16383 -1
15434762920281752 1 -1
15434762920281780 9 -1
15434762920284960 16383 -1
15434762920284988 1 -1
15434762920285020 9 -1
15434762920286580 8624 -1
15434762925287280 58 1
15434762925342842 129 -1
15434762925342970 9 -1
15434762925345440 16383 -1
15434762925346210 1 -1
15434762925346292 9 -1
15434762925348920 16382 -1
15434762925348950 2 -1
15434762925348980 9 -1
15434762925351700 16383 -1
15434762925351720 1 -1
15434762925352210 9 -1
15434762925352768 4006 -1
15434762930353460 59 1
15434762930409860 156 -1
15434762930409998 9 -1
15434762930413100 16383 -1
15434762930413138 1 -1
15434762930413180 9 -1
15434762930415830 16383 -1
15434762930415860 1 -1
15434762930416390 9 -1
15434762930418590 14218 -1
15434762935419800 58 1
15434762935474278 234 -1
15434762935474830 9 -1
15434762935477510 16383 -1
15434762935478070 1 -1
15434762935478120 9 -1
15434762935480772 16383 -1
15434762935480800 1 -1
15434762935480830 9 -1
15434762935483552 16382 -1
15434762935484090 2 -1
15434762935484120 9 -1
15434762935486310 14504 -1
15434762940492230 87 1
15434762940548830 186 -1
15434762940549058 9 -1
15434762940552040 16383 -1
15434762940552090 1 -1
15434762940552170 9 -1
15434762940555338 16383 -1
15434762940555380 1 -1
15434762940555420 9 -1
15434762940558060 16382 -1
15434762940558110 2 -1
15434762940558140 9 -1
15434762940560250 11172 -1
15434762945560960 58 1
15434762945617340 131 -1
15434762945617530 9 -1
15434762945620510 16383 -1
15434762945620552 1 -1
15434762945620580 9 -1
15434762945623820 16383 -1
15434762945623870 1 -1
15434762945623900 9 -1
15434762945626530 16382 -1
15434762945626630 2 -1
15434762945626668 9 -1
15434762945629820 16381 -1
15434762945629840 3 -1
15434762945629850 9 -1
15434762945630920 4270 -1
15434762950632542 58 1
15434762950690890 154 -1
15434762950691460 9 -1
15434762950694210 16383 -1
15434762950694260 1 -1
15434762950694290 9 -1
15434762950697020 16382 -1
15434762950697570 2 -1
15434762950697620 9 -1
15434762950700290 16383 -1
15434762950700318 1 -1
15434762950700340 9 -1
15434762950703010 16382 -1
15434762950703040 2 -1
15434762950703558 9 -1
15434762950706230 16381 -1
15434762950706250 3 -1
15434762950706270 9 -1
15434762950706840 2963 -1
15434762955735150 59 1
15434762955791718 119 -1
15434762955791870 9 -1
15434762955795140 16383 -1
15434762955795700 1 -1
15434762955795760 9 -1
15434762955798380 16382 -1
15434762955798430 2 -1
15434762955798470 9 -1
15434762955801170 16381 -1
15434762955801250 3 -1
15434762955801270 9 -1
15434762955803890 16380 -1
15434762955803918 4 -1
15434762955804440 9 -1
15434762955807170 16383 -1
15434762955807190 1 -1
15434762955807210 9 -1
15434762955809910 16382 -1
15434762955810470 2 -1
15434762955810490 9 -1
15434762955812610 16381 -1
15434762955813160 3 -1
15434762955813190 9 -1
15434762955815940 16380 -1
15434762955815990 4 -1
15434762955816020 9 -1
15434762955817060 5152 -1
15434762960823520 58 1
15434762960878100 140 -1
15434762960878652 9 -1
15434762960881360 16383 -1
15434762960881390 1 -1
15434762960881420 9 -1
15434762960884140 16383 -1
15434762960884190 1 -1
15434762960884200 9 -1
15434762960885810 8628 -1
15434762965886820 58 1
15434762965941710 125 -1
15434762965942270 9 -1
15434762965944992 16383 -1
15434762965945050 1 -1
15434762965945088 9 -1
15434762965947722 16382 -1
15434762965947780 2 -1
15434762965948290 9 -1
15434762965950480 16383 -1
15434762965950510 1 -1
15434762965951040 9 -1
15434762965953190 16382 -1
15434762965953730 2 -1
15434762965953770 9 -1
15434762965956470 16381 -1
15434762965956522 3 -1
15434762965956572 9 -1
15434762965958140 7303 -1
15434762970959410 58 1
15434762971013940 154 -1
15434762971014450 9 -1
15434762971017150 16383 -1
15434762971017180 1 -1
15434762971017712 9 -1
15434762971020420 16383 -1
15434762971020460 1 -1
15434762971020492 9 -1
15434762971022070 6008 -1
15434762976033152 58 1
15434762976114090 131 -1
15434762976114270 9 -1
15434762976117330 16383 -1
15434762976117370 1 -1
15434762976117410 9 -1
15434762976120170 16383 -1
15434762976120210 1 -1
15434762976120232 9 -1
15434762976122870 15511 -1
15434762981124510 86 1
15434762981178898 183 -1
15434762981179440 9 -1
15434762981182170 16383 -1
15434762981182210 1 -1
15434762981182730 9 -1
15434762981185520 16383 -1
15434762981185560 1 -1
15434762981185588 9 -1
15434762981188220 16382 -1
15434762981188250 2 -1
15434762981188260 9 -1
15434762981190960 16381 -1
15434762981191490 3 -1
15434762981191512 9 -1
15434762981194140 16380 -1
15434762981194190 4 -1
15434762981194210 9 -1
15434762981196890 16383 -1
15434762981196940 1 -1
15434762981197440 9 -1
15434762981199592 16382 -1
15434762981200130 2 -1
15434762981200170 9 -1
15434762981201780 7041 -1
15434762986204528 58 1
15434762986259470 234 -1
15434762986259602 9 -1
15434762986262150 16383 -1
15434762986262710 1 -1
15434762986262750 9 -1
15434762986265400 16382 -1
15434762986265440 2 -1
15434762986265480 9 -1
15434762986268160 13289 -1
15434762991269218 86 1
15434762991324220 172 -1
15434762991324420 9 -1
15434762991327400 16383 -1
15434762991327478 1 -1
15434762991327528 9 -1
15434762991330130 16383 -1
15434762991330180 1 -1
15434762991330690 9 -1
15434762991332840 16382 -1
15434762991332870 2 -1
15434762991333390 9 -1
15434762991336150 16381 -1
15434762991336170 3 -1
15434762991336190 9 -1
15434762991338540 12132 -1
15434762996365290 87 1
15434762996419440 161 -1
15434762996419990 9 -1
15434762996422750 16383 -1
15434762996422790 1 -1
15434762996422852 9 -1
15434762996425430 16383 -1
15434762996425468 1 -1
15434762996425992 9 -1
15434762996428710 16382 -1
15434762996428740 2 -1
15434762996428760 9 -1
15434762996431430 16381 -1
15434762996431470 3 -1
15434762996431970 9 -1
15434762996434180 16380 -1
15434762996434690 4 -1
15434762996434730 9 -1
15434762996435822 7079 -1
15434763001448600 58 1
15434763001503570 149 -1
15434763001504058 9 -1
15434763001506750 16383 -1
15434763001506820 1 -1
15434763001506860 9 -1
15434763001509490 16383 -1
15434763001510040 1 -1
15434763001510090 9 -1
15434763001512730 16382 -1
15434763001512762 2 -1
15434763001512780 9 -1
15434763001514380 7433 -1
15434763006532960 59 1
15434763006587902 130 -1
15434763006588020 9 -1
15434763006591070 16383 -1
15434763006591110 1 -1
15434763006591160 9 -1
15434763006594232 16383 -1
15434763006594270 1 -1
15434763006594300 9 -1
15434763006596900 16382 -1
15434763006597410 2 -1
15434763006597430 9 -1
15434763006598530 5972 -1
15434763011600400 59 1
15434763011656110 154 -1
15434763011656302 9 -1
15434763011659328 16383 -1
15434763011659390 1 -1
15434763011659430 9 -1
15434763011662130 16383 -1
15434763011662200 1 -1
15434763011662250 9 -1
15434763011664820 16382 -1
15434763011665370 2 -1
15434763011665400 9 -1
15434763011668110 16381 -1
15434763011668128 3 -1
15434763011668140 9 -1
15434763011671510 16383 -1
15434763011671550 1 -1
15434763011672060 9 -1
15434763011672640 2753 -1
0 0 0
15434762813923600 39 -1
15434762813923660 13 -1
15434762813978050 148 1
15434762813978050 205 1
15434762814033010 9 -1
15434762814038360 311 -1
15434762814038898 9 -1
15434762814041720 16383 -1
15434762814041720 1 -1
15434762814041780 9 -1
15434762814043900 12068 -1
0 0 0
15434762814135352 148 1
15434762814135352 185 1
15434762814135398 39 -1
15434762814135750 13 -1
15434762814183510 9 -1
15434762814188560 294 -1
15434762814188672 9 -1
15434762814192060 16383 -1
15434762814192060 1 -1
15434762814192130 9 -1
15434762814195390 16383 -1
15434762814195390 1 -1
15434762814195390 9 -1
15434762814238600 16382 -1
15434762814238600 2 -1
15434762814238600 9 -1
15434762814241390 16381 -1
15434762814241390 3 -1
15434762814241390 9 -1
15434762814244070 16383 -1
15434762814244070 1 -1
15434762814244070 9 -1
15434762814246860 16382 -1
15434762814246860 2 -1
15434762814246860 9 -1
15434762814249580 16383 -1
15434762814249580 1 -1
15434762814249580 9 -1
15434762814284680 16382 -1
15434762814284680 2 -1
15434762814284680 9 -1
15434762814285310 4725 -1
0 0 0
15434762813944900 148 1
15434762813944900 204 1
