### "'173065 9132 8790 121339 300903 91474 112968 136634 14394 362137 55384 109403 69067 183284 50211'"
0 0 0
15434777062705850 148 1
15434777062705850 198 1
15434777062706180 39 -1
15434777062706230 13 -1
15434777062762050 9 -1
15434777062769370 310 -1
15434777062769890 9 -1
15434777062772620 15853 -1
15434777062772688 531 -1
15434777062773170 9 -1
15434777062775900 15852 -1
15434777062775928 532 -1
15434777062776000 9 -1
15434777062827050 15851 -1
15434777062827670 533 -1
15434777062827670 9 -1
15434777062830270 16383 -1
15434777062830270 1 -1
15434777062830270 9 -1
15434777062832900 16382 -1
15434777062832900 2 -1
15434777062832900 9 -1
15434777062835628 16381 -1
15434777062835628 3 -1
15434777062835628 9 -1
15434777062838450 16380 -1
15434777062838450 4 -1
15434777062838450 9 -1
15434777062880640 16379 -1
15434777062880640 5 -1
15434777062880640 9 -1
15434777062883338 16383 -1
15434777062883338 1 -1
15434777062883338 9 -1
15434777062910380 16382 -1
15434777062910408 2 -1
15434777062910420 9 -1
15434777062912550 9225 -1
0 0 0
15434777063074420 148 1
15434777063074420 205 1
15434777063074960 39 -1
15434777063074980 13 -1
15434777063128582 9 -1
15434777063133450 311 -1
15434777063133540 9 -1
15434777063135030 2617 -1
0 0 0
15434777062801600 148 1
15434777062801600 205 1
0 0 0
15434777070477170 148 1
15434777070477170 205 1
15434777070477230 39 -1
15434777070477520 13 -1
15434777070532240 9 -1
15434777070537870 312 -1
15434777070537900 9 -1
15434777070539000 3151 -1
15434777075539620 78 1
15434777075600970 147 -1
15434777075601490 9 -1
15434777075602068 2439 -1
15434777080602910 78 1
15434777080666110 172 -1
15434777080666650 9 -1
15434777080667220 3151 -1
15434777085668030 78 1
15434777085729480 148 -1
15434777085730050 9 -1
15434777085730540 2973 -1
15434777090731490 63 1
15434777090794720 152 -1
15434777090795270 9 -1
15434777090798640 9132 -1
15434777095799270 63 1
15434777095860072 128 -1
15434777095860620 9 -1
15434777095861730 4628 -1
15434777100862390 63 1
15434777100925560 151 -1
15434777100925750 9 -1
15434777100927802 7515 -1
15434777105928480 63 1
15434777105988880 142 -1
15434777105989398 9 -1
15434777105991110 8790 -1
15434777110992150 63 1
15434777111055110 158 -1
15434777111055232 9 -1
15434777111056730 6992 -1
15434777116057690 62 1
15434777116121160 147 -1
15434777116121690 9 -1
15434777116122798 7866 -1
15434777121124900 9 1
15434777126123850 91 1
15434777126185530 287 -1
15434777126186140 9 -1
15434777126188920 16383 -1
15434777126188920 1 -1
15434777126188920 9 -1
15434777126191680 16382 -1
15434777126191680 2 -1
15434777126191680 9 -1
15434777126240750 16381 -1
15434777126240750 3 -1
15434777126240750 9 -1
15434777126243470 16380 -1
15434777126243470 4 -1
15434777126243470 9 -1
15434777126245620 16383 -1
15434777126245620 1 -1
15434777126245620 9 -1
15434777126247830 16382 -1
15434777126247830 2 -1
15434777126247830 9 -1
15434777126249960 16381 -1
15434777126249960 3 -1
15434777126249960 9 -1
15434777126250998 6651 -1
15434777144918000 78 1
15434777144980740 172 -1
15434777144980920 9 -1
15434777144982440 3685 -1
15434777149983030 58 1
15434777150044110 97 -1
15434777150044270 9 -1
15434777150046820 16383 -1
15434777150046850 1 -1
15434777150046880 9 -1
15434777150049520 16383 -1
15434777150049550 1 -1
15434777150050048 9 -1
15434777150052240 16382 -1
15434777150052270 2 -1
15434777150052800 9 -1
15434777150054970 16381 -1
15434777150054970 3 -1
15434777150055520 9 -1
15434777150058290 16383 -1
15434777150058350 1 -1
15434777150058392 9 -1
15434777150060480 16382 -1
15434777150061040 2 -1
15434777150061590 9 -1
15434777150063770 16381 -1
15434777150063770 3 -1
15434777150063770 9 -1
15434777150100630 16380 -1
15434777150100720 4 -1
15434777150100750 9 -1
15434777150105200 16383 -1
15434777150105290 1 -1
15434777150105320 9 -1
15434777150106370 16382 -1
15434777150106440 2 -1
15434777150106470 9 -1
15434777150108990 16381 -1
15434777150108990 3 -1
15434777150110200 9 -1
15434777150112842 16380 -1
15434777150112842 4 -1
15434777150112842 9 -1
15434777150115440 16379 -1
15434777150115440 5 -1
15434777150115440 9 -1
15434777150118030 16378 -1
15434777150118030 6 -1
15434777150118030 9 -1
15434777150120580 16377 -1
15434777150120580 7 -1
15434777150120580 9 -1
15434777150123078 16376 -1
15434777150123078 8 -1
15434777150123078 9 -1
15434777150125640 16375 -1
15434777150125720 9 -1
15434777150125750 9 -1
15434777150128300 16374 -1
15434777150128300 10 -1
15434777150128300 9 -1
15434777150128300 5991 -1
15434777155129840 59 1
15434777155190480 104 -1
15434777155190630 9 -1
15434777155193480 16383 -1
15434777155193510 1 -1
15434777155194040 9 -1
15434777155196800 16383 -1
15434777155196850 1 -1
15434777155196890 9 -1
15434777155199550 16382 -1
15434777155199658 2 -1
15434777155199690 9 -1
15434777155202350 16381 -1
15434777155202400 3 -1
15434777155202410 9 -1
15434777155205590 16383 -1
15434777155205610 1 -1
15434777155205628 9 -1
15434777155207290 9554 -1
15434777160207952 58 1
15434777160269360 116 -1
15434777160269498 9 -1
15434777160271980 16383 -1
15434777160272800 1 -1
15434777160272870 9 -1
15434777160274970 16382 -1
15434777160275510 2 -1
15434777160275550 9 -1
15434777160278340 16381 -1
15434777160278390 3 -1
15434777160278410 9 -1
15434777160281100 16383 -1
15434777160281652 1 -1
15434777160281680 9 -1
15434777160284318 16382 -1
15434777160284880 2 -1
15434777160284910 9 -1
15434777160287560 16381 -1
15434777160287580 3 -1
15434777160288120 9 -1
15434777160290260 14664 -1
15434777165291020 58 1
15434777165353740 96 -1
15434777165353848 9 -1
15434777165356600 16383 -1
15434777165356660 1 -1
15434777165356690 9 -1
15434777165360100 16382 -1
15434777165360660 2 -1
15434777165360710 9 -1
15434777165362850 16383 -1
15434777165363400 1 -1
15434777165363430 9 -1
15434777165366140 16382 -1
15434777165366200 2 -1
15434777165366220 9 -1
15434777165368850 16381 -1
15434777165369400 3 -1
15434777165369420 9 -1
15434777165372180 16380 -1
15434777165372200 4 -1
15434777165372210 9 -1
15434777165374930 16379 -1
15434777165374970 5 -1
15434777165375500 9 -1
15434777165378240 16378 -1
15434777165378290 6 -1
15434777165378310 9 -1
15434777165379350 5562 -1
15434777176204900 67 1
15434777176265540 166 -1
15434777176265790 9 -1
15434777176268230 14394 -1
15434777181269030 78 1
15434777181330550 171 -1
15434777181330668 9 -1
15434777181331350 2617 -1
15434777186332050 78 1
15434777186394830 147 -1
15434777186394960 9 -1
15434777186395630 2439 -1
15434777191396502 78 1
15434777191457390 172 -1
15434777191457520 9 -1
15434777191459160 3151 -1
15434777196459760 78 1
15434777196521770 148 -1
15434777196521900 9 -1
15434777196522530 3151 -1
15434777201523250 79 1
15434777201583860 275 -1
15434777201584000 9 -1
15434777201586940 2795 -1
15434777206587688 59 1
15434777206649070 130 -1
15434777206649420 9 -1
15434777206652870 16383 -1
15434777206652920 1 -1
15434777206652960 9 -1
15434777206655690 16383 -1
15434777206655760 1 -1
15434777206655800 9 -1
15434777206658400 16382 -1
15434777206658950 2 -1
15434777206658980 9 -1
15434777206661710 16381 -1
15434777206661760 3 -1
15434777206661790 9 -1
15434777206664490 16383 -1
15434777206664550 1 -1
15434777206664570 9 -1
15434777206667370 16382 -1
15434777206667430 2 -1
15434777206667460 9 -1
15434777206670170 16381 -1
15434777206670238 3 -1
15434777206670270 9 -1
15434777206673550 6 -1
15434777206673720 9 -1
15434777206676990 16377 -1
15434777206677120 7 -1
15434777206677230 9 -1
15434777206680360 16376 -1
15434777206680800 8 -1
15434777206681048 9 -1
15434777206683568 16383 -1
15434777206683660 1 -1
15434777206683790 9 -1
15434777206687328 16382 -1
15434777206687370 2 -1
15434777206687410 9 -1
15434777206688380 16381 -1
15434777206688470 3 -1
15434777206690810 9 -1
15434777206691548 16380 -1
15434777206691570 4 -1
15434777206691908 9 -1
15434777206694470 16383 -1
15434777206695590 1 -1
15434777206695622 9 -1
15434777206698260 16383 -1
15434777206698370 1 -1
15434777206698400 9 -1
15434777206699440 1689 -1
15434777206758900 9 -1
15434777211705770 59 1
15434777211767700 154 -1
15434777211767818 9 -1
15434777211770630 16383 -1
15434777211770660 1 -1
15434777211770690 9 -1
15434777211773360 16383 -1
15434777211773390 1 -1
15434777211773910 9 -1
15434777211776618 16382 -1
15434777211776640 2 -1
15434777211776670 9 -1
15434777211778268 6232 -1
15434777216778790 58 1
15434777216850140 126 -1
15434777216850650 9 -1
15434777216853890 16383 -1
15434777216853940 1 -1
15434777216853982 9 -1
15434777216856660 16383 -1
15434777216856710 1 -1
15434777216857222 9 -1
15434777216859990 16382 -1
15434777216860040 2 -1
15434777216860080 9 -1
15434777216862720 16381 -1
15434777216863270 3 -1
15434777216863320 9 -1
15434777216865972 16383 -1
15434777216866022 1 -1
15434777216866060 9 -1
15434777216869280 16382 -1
15434777216869350 2 -1
15434777216869400 9 -1
15434777216871490 11099 -1
15434777221872160 88 1
15434777221933178 178 -1
15434777221933310 9 -1
15434777221936058 16383 -1
15434777221936140 1 -1
15434777221936172 9 -1
15434777221938770 16383 -1
15434777221938800 1 -1
15434777221939340 9 -1
15434777221942060 16382 -1
15434777221942090 2 -1
15434777221942120 9 -1
15434777221944830 16381 -1
15434777221945370 3 -1
15434777221945410 9 -1
15434777221946500 3531 -1
15434777226948040 397 1
15434777227011270 125 -1
15434777227011412 9 -1
15434777227014830 16383 -1
15434777227014870 1 -1
15434777227014900 9 -1
15434777227017990 16382 -1
15434777227018020 2 -1
15434777227018040 9 -1
15434777227020730 16381 -1
15434777227020760 3 -1
15434777227020782 9 -1
15434777227024068 16380 -1
15434777227024090 4 -1
15434777227024118 9 -1
15434777227027350 16383 -1
15434777227027380 1 -1
15434777227027410 9 -1
15434777227030150 16382 -1
15434777227030712 2 -1
15434777227030740 9 -1
15434777227032350 8484 -1
15434777232032880 397 1
15434777232097290 162 -1
15434777232097430 9 -1
15434777232100010 15848 -1
15434777232100070 339 -1
15434777237100890 396 1
15434777237162570 137 -1
15434777237162722 9 -1
15434777237165830 16383 -1
15434777237165870 1 -1
15434777237165900 9 -1
15434777237168592 16382 -1
15434777237169140 2 -1
15434777237169180 9 -1
15434777237171860 16383 -1
15434777237171890 1 -1
15434777237171920 9 -1
15434777237175118 16382 -1
15434777237175150 2 -1
15434777237175180 9 -1
15434777237177810 16381 -1
15434777237178380 3 -1
15434777237178422 9 -1
15434777237181050 16380 -1
15434777237181088 4 -1
15434777237181110 9 -1
15434777237182720 8696 -1
15434777242183430 13 1
15434777247183508 13 1
15434777252183530 13 1
15434777257183520 78 1
15434777257243680 158 -1
15434777257244260 9 -1
15434777257244840 2973 -1
15434777262246480 58 1
15434777262307400 154 -1
15434777262307930 9 -1
15434777262310678 16383 -1
15434777262310720 1 -1
15434777262310740 9 -1
15434777262313470 16383 -1
15434777262313500 1 -1
15434777262314110 9 -1
15434777262316770 16382 -1
15434777262316800 2 -1
15434777262316820 9 -1
15434777262319500 16381 -1
15434777262320060 3 -1
15434777262320080 9 -1
15434777262322782 16383 -1
15434777262322810 1 -1
15434777262323330 9 -1
15434777262325520 16382 -1
15434777262326068 2 -1
15434777262326090 9 -1
15434777262328760 16381 -1
15434777262328810 3 -1
15434777262328830 9 -1
15434777262331960 16380 -1
15434777262331970 4 -1
15434777262331988 9 -1
15434777262334700 16383 -1
15434777262334740 1 -1
15434777262335278 9 -1
15434777262338040 16382 -1
15434777262338070 2 -1
15434777262338080 9 -1
15434777262340710 16381 -1
15434777262340742 3 -1
15434777262340750 9 -1
15434777262341818 3060 -1
15434777267342560 397 1
15434777267405560 242 -1
15434777267405750 9 -1
15434777267408890 11305 -1
15434777272409460 396 1
15434777272471640 160 -1
15434777272471750 9 -1
15434777272474390 9658 -1
15434777277475030 396 1
15434777277537270 138 -1
15434777277537810 9 -1
15434777277540072 16383 -1
15434777277540578 1 -1
15434777277540620 9 -1
15434777277543362 16382 -1
15434777277543408 2 -1
15434777277543450 9 -1
15434777277546142 16383 -1
15434777277546160 1 -1
15434777277546700 9 -1
15434777277549500 16382 -1
15434777277549540 2 -1
15434777277549560 9 -1
15434777277552158 16381 -1
15434777277552710 3 -1
15434777277552732 9 -1
15434777277555440 16380 -1
15434777277555480 4 -1
15434777277555500 9 -1
15434777277557120 6959 -1
15434777282557750 13 1
15434777287557768 13 1
15434777292557868 13 1
15434777297558070 58 1
15434777297645380 153 -1
15434777297645810 9 -1
15434777297648440 15875 -1
15434777297648550 509 -1
15434777297648620 9 -1
15434777297650690 15874 -1
15434777297650830 510 -1
15434777297650890 9 -1
15434777297653502 15873 -1
15434777297653540 511 -1
15434777297654040 9 -1
15434777297654070 1059 -1
15434777302657340 58 1
15434777302720580 183 -1
15434777302720700 9 -1
15434777302723492 16383 -1
15434777302723520 1 -1
15434777302723550 9 -1
15434777302726250 16382 -1
15434777302726280 2 -1
15434777302726318 9 -1
15434777302729520 16383 -1
15434777302729550 1 -1
15434777302729558 9 -1
15434777302732250 16382 -1
15434777302732800 2 -1
15434777302732830 9 -1
15434777302735520 16381 -1
15434777302735540 3 -1
15434777302735560 9 -1
15434777302737740 14153 -1
15434777307738490 59 1
15434777307798450 129 -1
15434777307798570 9 -1
15434777307801970 16383 -1
15434777307802020 1 -1
15434777307802060 9 -1
15434777307804670 16383 -1
15434777307804710 1 -1
15434777307804730 9 -1
15434777307807332 16382 -1
15434777307807370 2 -1
15434777307807382 9 -1
15434777307810080 16381 -1
15434777307810630 3 -1
15434777307810660 9 -1
15434777307811720 8300 -1
15434777312812418 67 1
15434777312874610 180 -1
15434777312874730 9 -1
15434777312877310 16383 -1
15434777312877892 1 -1
15434777312877942 9 -1
15434777312880640 16382 -1
15434777312880680 2 -1
15434777312880722 9 -1
15434777312883920 16381 -1
15434777312883950 3 -1
15434777312883970 9 -1
15434777312886620 16380 -1
15434777312886642 4 -1
15434777312887170 9 -1
15434777312889358 16379 -1
15434777312889890 5 -1
15434777312889910 9 -1
15434777312892662 16383 -1
15434777312892712 1 -1
15434777312892730 9 -1
15434777312893800 1551 -1
15434777317894462 67 1
15434777317956418 142 -1
15434777317956540 9 -1
15434777317959722 16383 -1
15434777317959800 1 -1
15434777317959830 9 -1
15434777317961062 7559 -1
15434777322961690 399 1
15434777323024690 161 -1
15434777323025250 9 -1
15434777323025890 2632 -1
15434777328026710 396 1
15434777328089350 137 -1
15434777328089850 9 -1
15434777328092660 10264 -1
15434777333093260 500 1
15434777333155360 265 -1
15434777333155890 9 -1
15434777333158590 16383 -1
15434777333158620 1 -1
15434777333158650 9 -1
15434777333161290 16383 -1
15434777333161818 1 -1
15434777333161860 9 -1
15434777333164510 16382 -1
15434777333164540 2 -1
15434777333165072 9 -1
15434777333167738 16381 -1
15434777333167770 3 -1
15434777333167780 9 -1
15434777333170490 16380 -1
15434777333171050 4 -1
15434777333171070 9 -1
15434777333173780 16379 -1
15434777333173800 5 -1
15434777333173820 9 -1
15434777333175470 8696 -1
15434777338176070 397 1
15434777338239738 136 -1
15434777338239902 9 -1
15434777338242468 10697 -1
15434777343243110 13 1
15434777348243120 13 1
15434777353243170 13 1
0 0 0
15434777062798860 148 1
15434777062798860 205 1
0 0 0
15434777063007970 39 -1
15434777063008330 13 -1
15434777063012422 148 1
15434777063012422 205 1
15434777063066330 9 -1
15434777063072690 312 -1
15434777063072730 9 -1
15434777063073248 2187 -1
0 0 0
15434777062868030 148 1
15434777062868030 205 1
