### "'77558 122598 8482 8772 35395 111540 195860 83775 77737 48740 214005 117194 164415 52023 67815 240019 199467 28425 149706 112266 67032 73780 24076 173946 45850'"
0 0 0
15439274564548370 148 1
15439274564548370 192 1
15439274564548790 39 -1
15439274564548830 13 -1
15439274564596720 9 -1
15439274564602650 307 -1
15439274564603160 9 -1
15439274564605890 16383 -1
15439274564605890 1 -1
15439274564605940 9 -1
15439274564608600 16383 -1
15439274564608600 1 -1
15439274564608600 9 -1
15439274564652540 16382 -1
15439274564652540 2 -1
15439274564652540 9 -1
15439274564654688 16381 -1
15439274564654688 3 -1
15439274564654688 9 -1
15439274564656270 12022 -1
0 0 0
15439274564828650 148 1
15439274564828650 201 1
15439274564828740 39 -1
15439274564829730 13 -1
15439274564889860 9 -1
15439274564895452 311 -1
15439274564895480 9 -1
15439274564895990 2111 -1
0 0 0
15439274564831880 148 1
15439274564831880 181 1
15439274564832320 39 -1
15439274564832360 13 -1
15439274564887012 9 -1
15439274564893220 295 -1
15439274564893260 9 -1
15439274564896040 16383 -1
15439274564896040 1 -1
15439274564896090 9 -1
15439274564898680 16383 -1
15439274564898680 1 -1
15439274564898680 9 -1
15439274564949638 16382 -1
15439274564949638 2 -1
15439274564949638 9 -1
15439274564951730 16381 -1
15439274564951730 3 -1
15439274564951730 9 -1
15439274564953900 16383 -1
15439274564953900 1 -1
15439274564953900 9 -1
15439274564956090 16382 -1
15439274564956090 2 -1
15439274564956090 9 -1
15439274564958210 16383 -1
15439274564958210 1 -1
15439274564958210 9 -1
15439274565001820 7910 -1
0 0 0
15439274574760190 148 1
15439274574760190 185 1
15439274574760560 39 -1
15439274574760590 13 -1
15439274574809070 9 -1
15439274574815220 292 -1
15439274574815280 9 -1
15439274574818240 7275 -1
15439274578829470 62 1
15439274578888320 129 -1
15439274578888860 9 -1
15439274578892050 7365 -1
15439274582910830 63 1
15439274582965870 152 -1
15439274582966350 9 -1
15439274582969170 8482 -1
15439274586981770 63 1
15439274587036450 127 -1
15439274587036682 9 -1
15439274587038060 8772 -1
15439274591055480 63 1
15439274591136470 129 -1
15439274591136702 9 -1
15439274591139200 5782 -1
15439274595199310 63 1
15439274595253150 106 -1
15439274595253350 9 -1
15439274595255360 7191 -1
15439274599260860 9 1
15439274599260860 81 1
15439274599314320 148 -1
15439274599314540 9 -1
15439274599315400 2973 -1
15439274603326850 78 1
15439274603380300 171 -1
15439274603380540 9 -1
15439274603381350 3685 -1
15439274607396430 79 1
15439274607451900 147 -1
15439274607452150 9 -1
15439274607452930 3151 -1
15439274611462222 78 1
15439274611515990 171 -1
15439274611516180 9 -1
15439274611516500 2261 -1
15439274615530240 78 1
15439274615585498 251 -1
15439274615585720 9 -1
15439274615587170 3329 -1
15439274619594310 407 1
15439274619653480 136 -1
15439274619653708 9 -1
15439274619656270 16383 -1
15439274619656270 1 -1
15439274619656270 9 -1
15439274619658402 16382 -1
15439274619658402 2 -1
15439274619658402 9 -1
15439274619658950 2627 -1
15439274627788600 79 1
15439274627841762 172 -1
15439274627841940 9 -1
15439274627842842 3151 -1
15439274631936070 58 1
15439274631992390 140 -1
15439274631992610 9 -1
15439274631995600 16383 -1
15439274631995640 1 -1
15439274631995640 9 -1
15439274631998350 16382 -1
15439274631998350 2 -1
15439274631998410 9 -1
15439274632001070 16383 -1
15439274632001100 1 -1
15439274632001122 9 -1
15439274632003720 16382 -1
15439274632003720 2 -1
15439274632003750 9 -1
15439274632042370 16381 -1
15439274632042370 3 -1
15439274632042370 9 -1
15439274632044580 16380 -1
15439274632044580 4 -1
15439274632044580 9 -1
15439274632046130 13236 -1
15439274636129480 59 1
15439274636182330 132 -1
15439274636182480 9 -1
15439274636185040 16383 -1
15439274636185090 1 -1
15439274636185580 9 -1
15439274636188220 16383 -1
15439274636188260 1 -1
15439274636188290 9 -1
15439274636190938 16382 -1
15439274636190980 2 -1
15439274636191010 9 -1
15439274636193690 16381 -1
15439274636193740 3 -1
15439274636193780 9 -1
15439274636196452 16383 -1
15439274636196530 1 -1
15439274636196570 9 -1
15439274636199132 16382 -1
15439274636199680 2 -1
15439274636199700 9 -1
15439274636201920 16381 -1
15439274636201940 3 -1
15439274636202450 9 -1
15439274636231990 16380 -1
15439274636232020 4 -1
15439274636232540 9 -1
15439274636234770 16383 -1
15439274636234800 1 -1
15439274636235300 9 -1
15439274636238040 16382 -1
15439274636238070 2 -1
15439274636238090 9 -1
15439274636240758 16381 -1
15439274636240790 3 -1
15439274636240808 9 -1
15439274636243460 15636 -1
15439274640425150 58 1
15439274640481300 152 -1
15439274640481442 9 -1
15439274640484050 16383 -1
15439274640484120 1 -1
15439274640484590 9 -1
15439274640486810 16383 -1
15439274640487340 1 -1
15439274640487380 9 -1
15439274640489530 16382 -1
15439274640490020 2 -1
15439274640490060 9 -1
15439274640492680 16381 -1
15439274640492730 3 -1
15439274640492750 9 -1
15439274640495440 16383 -1
15439274640495460 1 -1
15439274640495998 9 -1
15439274640496560 1855 -1
15439274644602720 59 1
15439274644659628 131 -1
15439274644660170 9 -1
15439274644662920 16383 -1
15439274644662970 1 -1
15439274644663010 9 -1
15439274644665640 16383 -1
15439274644665670 1 -1
15439274644665700 9 -1
15439274644668378 16382 -1
15439274644668400 2 -1
15439274644668420 9 -1
15439274644671020 16381 -1
15439274644671040 3 -1
15439274644671568 9 -1
15439274644673180 12201 -1
15439274648788810 58 1
15439274648842558 131 -1
15439274648842720 9 -1
15439274648845242 16383 -1
15439274648845280 1 -1
15439274648845310 9 -1
15439274648847940 16383 -1
15439274648847980 1 -1
15439274648848022 9 -1
15439274648850660 15972 -1
15439274652899890 59 1
15439274652956910 153 -1
15439274652957448 9 -1
15439274652959650 16383 -1
15439274652959710 1 -1
15439274652959750 9 -1
15439274652962350 16382 -1
15439274652962388 2 -1
15439274652962430 9 -1
15439274652965050 16383 -1
15439274652965080 1 -1
15439274652965100 9 -1
15439274652967802 16382 -1
15439274652967820 2 -1
15439274652967840 9 -1
15439274652970510 16381 -1
15439274652970530 3 -1
15439274652971060 9 -1
15439274652973280 16380 -1
15439274652973310 4 -1
15439274652973330 9 -1
15439274652975978 16379 -1
15439274652976010 5 -1
15439274652976530 9 -1
15439274652978712 16378 -1
15439274652978730 6 -1
15439274652978750 9 -1
15439274652981492 16383 -1
15439274652981542 1 -1
15439274652981570 9 -1
15439274652984180 16383 -1
15439274652984200 1 -1
15439274652984230 9 -1
15439274652986990 16382 -1
15439274652987020 2 -1
15439274652987052 9 -1
15439274652989660 16383 -1
15439274652989700 1 -1
15439274652989718 9 -1
15439274652992420 16383 -1
15439274652992452 1 -1
15439274652992470 9 -1
15439274652992970 1013 -1
15439274657198730 59 1
15439274657254710 131 -1
15439274657254930 9 -1
15439274657257380 16383 -1
15439274657257460 1 -1
15439274657257500 9 -1
15439274657260130 16383 -1
15439274657260190 1 -1
15439274657260260 9 -1
15439274657262910 16382 -1
15439274657262950 2 -1
15439274657263410 9 -1
15439274657265620 16381 -1
15439274657265648 3 -1
15439274657266130 9 -1
15439274657268410 16383 -1
15439274657268450 1 -1
15439274657268930 9 -1
15439274657271180 16382 -1
15439274657271212 2 -1
15439274657271680 9 -1
15439274657273890 16381 -1
15439274657273930 3 -1
15439274657273950 9 -1
15439274657274440 2506 -1
15439274661517310 88 1
15439274661572020 287 -1
15439274661572570 9 -1
15439274661575270 16383 -1
15439274661575330 1 -1
15439274661575370 9 -1
15439274661577960 16383 -1
15439274661578010 1 -1
15439274661578050 9 -1
15439274661580720 16382 -1
15439274661580750 2 -1
15439274661580770 9 -1
15439274661583410 16381 -1
15439274661583440 3 -1
15439274661583940 9 -1
15439274661586080 16380 -1
15439274661586608 4 -1
15439274661586630 9 -1
15439274661589270 16379 -1
15439274661589292 5 -1
15439274661589310 9 -1
15439274661591460 16383 -1
15439274661591480 1 -1
15439274661592010 9 -1
15439274661594780 16382 -1
15439274661594830 2 -1
15439274661594852 9 -1
15439274661596990 16381 -1
15439274661597530 3 -1
15439274661597550 9 -1
15439274661599710 16380 -1
15439274661600260 4 -1
15439274661600290 9 -1
15439274661600310 575 -1
15439274665795990 88 1
15439274665851430 158 -1
15439274665851632 9 -1
15439274665854060 16383 -1
15439274665854600 1 -1
15439274665854640 9 -1
15439274665857360 16382 -1
15439274665857410 2 -1
15439274665857450 9 -1
15439274665860140 16383 -1
15439274665860160 1 -1
15439274665860692 9 -1
15439274665861260 2871 -1
15439274669890562 86 1
15439274669945980 179 -1
15439274669946130 9 -1
15439274669948720 16383 -1
15439274669949270 1 -1
15439274669949340 9 -1
15439274669952000 16383 -1
15439274669952040 1 -1
15439274669952070 9 -1
15439274669954710 16382 -1
15439274669954730 2 -1
15439274669954750 9 -1
15439274669957420 16381 -1
15439274669957440 3 -1
15439274669957950 9 -1
15439274669957970 2279 -1
15439274674060050 78 1
15439274674113850 148 -1
15439274674114398 9 -1
15439274674114950 2439 -1
15439274678126308 78 1
15439274678180180 148 -1
15439274678180750 9 -1
15439274678181300 2261 -1
15439274682188070 58 1
15439274682247180 154 -1
15439274682247360 9 -1
15439274682250400 16383 -1
15439274682250440 1 -1
15439274682250480 9 -1
15439274682253190 16383 -1
15439274682253270 1 -1
15439274682253302 9 -1
15439274682255900 16382 -1
15439274682255930 2 -1
15439274682256442 9 -1
15439274682258660 16381 -1
15439274682258690 3 -1
15439274682259200 9 -1
15439274682261970 16383 -1
15439274682262002 1 -1
15439274682262010 9 -1
15439274682264618 16382 -1
15439274682264640 2 -1
15439274682264650 9 -1
15439274682267260 16381 -1
15439274682267290 3 -1
15439274682267820 9 -1
15439274682269440 3 -1
15439274682269520 9 -1
15439274682271630 10643 -1
15439274686436120 58 1
15439274686491730 132 -1
15439274686491850 9 -1
15439274686494442 16383 -1
15439274686494960 1 -1
15439274686494990 9 -1
15439274686497700 16383 -1
15439274686497728 1 -1
15439274686497770 9 -1
15439274686500400 16382 -1
15439274686500462 2 -1
15439274686500500 9 -1
15439274686503100 16381 -1
15439274686503150 3 -1
15439274686503190 9 -1
15439274686505830 16383 -1
15439274686505870 1 -1
15439274686505908 9 -1
15439274686508580 16382 -1
15439274686509130 2 -1
15439274686509170 9 -1
15439274686511350 16381 -1
15439274686511890 3 -1
15439274686511930 9 -1
15439274686514160 16380 -1
15439274686514190 4 -1
15439274686514708 9 -1
15439274686516932 16379 -1
15439274686517430 5 -1
15439274686517460 9 -1
15439274686519590 16378 -1
15439274686520140 6 -1
15439274686520172 9 -1
15439274686522340 16383 -1
15439274686522880 1 -1
15439274686522910 9 -1
15439274686525130 16382 -1
15439274686525620 2 -1
15439274686525640 9 -1
15439274686526150 2859 -1
15439274690776898 88 1
15439274690831690 183 -1
15439274690831840 9 -1
15439274690835000 16383 -1
15439274690835080 1 -1
15439274690835120 9 -1
15439274690837222 12041 -1
15439274694885480 78 1
15439274694938410 149 -1
15439274694938580 9 -1
15439274694939510 2439 -1
15439274698956030 58 1
15439274699011860 131 -1
15439274699011992 9 -1
15439274699014550 16383 -1
15439274699015110 1 -1
15439274699015140 9 -1
15439274699017320 16382 -1
15439274699017860 2 -1
15439274699017900 9 -1
15439274699020650 16381 -1
15439274699020670 3 -1
15439274699020690 9 -1
15439274699022830 16380 -1
15439274699023350 4 -1
15439274699023380 9 -1
15439274699025490 16383 -1
15439274699026042 1 -1
15439274699026060 9 -1
15439274699028270 16382 -1
15439274699028340 2 -1
15439274699028380 9 -1
15439274699031040 16381 -1
15439274699031060 3 -1
15439274699031560 9 -1
15439274699033730 16380 -1
15439274699033740 4 -1
15439274699034268 9 -1
15439274699036470 16379 -1
15439274699036490 5 -1
15439274699037040 9 -1
15439274699037600 2250 -1
15439274703267870 86 1
15439274703322850 289 -1
15439274703323010 9 -1
15439274703325550 15831 -1
15439274703325580 553 -1
15439274703326098 9 -1
15439274703328320 16383 -1
15439274703328372 1 -1
15439274703328410 9 -1
15439274703331070 16383 -1
15439274703331100 1 -1
15439274703331620 9 -1
15439274703333780 16382 -1
15439274703333800 2 -1
15439274703334320 9 -1
15439274703336490 16381 -1
15439274703337050 3 -1
15439274703337080 9 -1
15439274703339738 16380 -1
15439274703339770 4 -1
15439274703339788 9 -1
15439274703341420 13962 -1
15439274707460908 87 1
15439274707516160 161 -1
15439274707516430 9 -1
15439274707519440 16383 -1
15439274707519482 1 -1
15439274707519510 9 -1
15439274707521600 16382 -1
15439274707522130 2 -1
15439274707522162 9 -1
15439274707524828 16381 -1
15439274707524860 3 -1
15439274707524870 9 -1
15439274707527540 16380 -1
15439274707527570 4 -1
15439274707527590 9 -1
15439274707528120 1496 -1
15439274711639370 59 1
15439274711693050 140 -1
15439274711693202 9 -1
15439274711696350 16383 -1
15439274711696400 1 -1
15439274711696442 9 -1
15439274711699120 16383 -1
15439274711699180 1 -1
15439274711699222 9 -1
15439274711701800 16382 -1
15439274711701830 2 -1
15439274711701850 9 -1
15439274711704480 16381 -1
15439274711704510 3 -1
15439274711705040 9 -1
15439274711706172 8244 -1
15439274715798760 87 1
15439274715854550 158 -1
15439274715854710 9 -1
15439274715857260 16383 -1
15439274715857288 1 -1
15439274715857320 9 -1
15439274715858930 7692 -1
15439274719905050 87 1
15439274719960700 182 -1
15439274719960858 9 -1
15439274719963420 16383 -1
15439274719963980 1 -1
15439274719964020 9 -1
15439274719966150 16382 -1
15439274719966690 2 -1
15439274719966740 9 -1
15439274719969370 16383 -1
15439274719969398 1 -1
15439274719969410 9 -1
15439274719972032 16382 -1
15439274719972050 2 -1
15439274719972070 9 -1
15439274719977310 16381 -1
15439274719977850 3 -1
15439274719977880 9 -1
15439274719980080 16380 -1
15439274719980112 4 -1
15439274719980610 9 -1
15439274719982770 16379 -1
15439274719982810 5 -1
15439274719983340 9 -1
15439274719986050 16378 -1
15439274719986082 6 -1
15439274719986090 9 -1
15439274719988800 16383 -1
15439274719988812 1 -1
15439274719988830 9 -1
15439274719993450 16382 -1
15439274719994010 2 -1
15439274719994040 9 -1
15439274719995640 10106 -1
0 0 0
15439274564536418 148 1
15439274564536418 201 1
0 0 0
15439274564873350 148 1
15439274564873350 201 1
15439274564873400 39 -1
15439274564873720 13 -1
15439274564922080 9 -1
15439274564926390 312 -1
15439274564926950 9 -1
15439274564928050 3151 -1
0 0 0
15439274564828710 148 1
15439274564828710 180 1
