### "'10720 53895 178563 98448 135071 104329 138161 63596 72057 78231 55722 93088 50052 21847 70314 227461 87470 79061 90848 125252 134577 53655 71266 76989 99842 119426 59887'"
0 0 0
15439293407894850 148 1
15439293407894850 205 1
0 0 0
15439293405175250 148 1
15439293405175250 185 1
0 0 0
15439293409024620 148 1
15439293409024620 190 1
15439293409024670 39 -1
15439293409024970 13 -1
15439293409073170 9 -1
15439293409078630 292 -1
15439293409078680 9 -1
15439293409081572 7105 -1
15439293413098600 62 1
15439293413153960 151 -1
15439293413154080 9 -1
15439293413156740 6420 -1
15439293417167890 62 1
15439293417221602 101 -1
15439293417221760 9 -1
15439293417223238 7119 -1
15439293421235760 63 1
15439293421291180 128 -1
15439293421291410 9 -1
15439293421294488 7979 -1
15439293425301240 63 1
15439293425359930 125 -1
15439293425360488 9 -1
15439293425362740 6078 -1
15439293429400070 63 1
15439293430788860 152 -1
15439293430789370 9 -1
15439293430791040 10720 -1
15439293434813750 9 1
15439293450709710 81 1
15439293450764310 171 -1
15439293450764840 9 -1
15439293450765980 3329 -1
15439293454844540 59 1
15439293454900940 130 -1
15439293454901130 9 -1
15439293454903650 15874 -1
15439293454904180 510 -1
15439293454904180 9 -1
15439293454906370 16383 -1
15439293454906370 1 -1
15439293454906420 9 -1
15439293454950590 16383 -1
15439293454950590 1 -1
15439293454950590 9 -1
15439293454950590 4743 -1
15439293458986102 59 1
15439293459041988 131 -1
15439293459042120 9 -1
15439293459044700 16383 -1
15439293459045260 1 -1
15439293459045310 9 -1
15439293459047440 16382 -1
15439293459047490 2 -1
15439293459047530 9 -1
15439293459050080 16381 -1
15439293459050110 3 -1
15439293459050130 9 -1
15439293459052820 16380 -1
15439293459052840 4 -1
15439293459052860 9 -1
15439293459055490 16383 -1
15439293459055510 1 -1
15439293459089848 9 -1
15439293459092520 16382 -1
15439293459092520 2 -1
15439293459092520 9 -1
15439293459094620 16381 -1
15439293459094620 3 -1
15439293459094620 9 -1
15439293459096820 16380 -1
15439293459096820 4 -1
15439293459096820 9 -1
15439293459098930 16379 -1
15439293459098930 5 -1
15439293459098930 9 -1
15439293459101140 16378 -1
15439293459101140 6 -1
15439293459101140 9 -1
15439293459102790 14723 -1
15439293463293760 58 1
15439293463349832 154 -1
15439293463349978 9 -1
15439293463352530 16383 -1
15439293463352570 1 -1
15439293463352612 9 -1
15439293463355210 16383 -1
15439293463355250 1 -1
15439293463355290 9 -1
15439293463358000 16382 -1
15439293463358030 2 -1
15439293463358050 9 -1
15439293463360710 16381 -1
15439293463360730 3 -1
15439293463360750 9 -1
15439293463362898 16383 -1
15439293463363430 1 -1
15439293463363450 9 -1
15439293463366080 16382 -1
15439293463366100 2 -1
15439293463366120 9 -1
15439293463366138 144 -1
15439293467460460 58 1
15439293471459630 58 1
15439293471514310 155 -1
15439293471514890 9 -1
15439293471517040 16383 -1
15439293471517590 1 -1
15439293471517640 9 -1
15439293471519800 16383 -1
15439293471520300 1 -1
15439293471520350 9 -1
15439293471522460 16382 -1
15439293471522998 2 -1
15439293471523020 9 -1
15439293471525230 16381 -1
15439293471525710 3 -1
15439293471525732 9 -1
15439293471528420 16383 -1
15439293471528430 1 -1
15439293471528450 9 -1
15439293471531070 16382 -1
15439293471531100 2 -1
15439293471531620 9 -1
15439293471533800 16381 -1
15439293471533820 3 -1
15439293471534360 9 -1
15439293471536560 16380 -1
15439293471537098 4 -1
15439293471537130 9 -1
15439293471537700 3999 -1
15439293472219060 236 -1
15439293472219220 9 -1
15439293472221680 16383 -1
15439293472221710 1 -1
15439293472222230 9 -1
15439293472224950 16383 -1
15439293472224980 1 -1
15439293472225000 9 -1
15439293472227120 16382 -1
15439293472227150 2 -1
15439293472227650 9 -1
15439293472229828 16381 -1
15439293472230370 3 -1
15439293472230402 9 -1
15439293472232540 16383 -1
15439293472233080 1 -1
15439293472233110 9 -1
15439293472235220 16383 -1
15439293472235780 1 -1
15439293472235810 9 -1
15439293472236890 6025 -1
15439293476371260 59 1
15439293476436952 130 -1
15439293476437490 9 -1
15439293476439660 16383 -1
15439293476440200 1 -1
15439293476440250 9 -1
15439293476442930 16383 -1
15439293476442980 1 -1
15439293476443010 9 -1
15439293476445600 16382 -1
15439293476445640 2 -1
15439293476445660 9 -1
15439293476448310 16381 -1
15439293476448350 3 -1
15439293476448390 9 -1
15439293476451090 16383 -1
15439293476451120 1 -1
15439293476451630 9 -1
15439293476453828 16383 -1
15439293476454380 1 -1
15439293476454430 9 -1
15439293476456550 16382 -1
15439293476457110 2 -1
15439293476457130 9 -1
15439293476459250 16383 -1
15439293476459760 1 -1
15439293476459780 9 -1
15439293476460860 7089 -1
15439293480607020 59 1
15439293480679780 136 -1
15439293480680050 9 -1
15439293480683050 16383 -1
15439293480683128 1 -1
15439293480683170 9 -1
15439293480685760 16383 -1
15439293480685812 1 -1
15439293480685862 9 -1
15439293480688560 16382 -1
15439293480689320 2 -1
15439293480689380 9 -1
15439293480691370 14444 -1
15439293484852750 88 1
15439293484907530 158 -1
15439293484907720 9 -1
15439293484910790 16383 -1
15439293484910840 1 -1
15439293484910880 9 -1
15439293484913458 16382 -1
15439293484913508 2 -1
15439293484913550 9 -1
15439293484916170 16383 -1
15439293484916720 1 -1
15439293484916750 9 -1
15439293484918860 16382 -1
15439293484919400 2 -1
15439293484919410 9 -1
15439293484920530 6521 -1
15439293489009262 88 1
15439293489072450 160 -1
15439293489073010 9 -1
15439293489075698 16383 -1
15439293489075748 1 -1
15439293489075790 9 -1
15439293489078960 16383 -1
15439293489079020 1 -1
15439293489079060 9 -1
15439293489081668 16382 -1
15439293489081690 2 -1
15439293489081710 9 -1
15439293489084440 16381 -1
15439293489084460 3 -1
15439293489084480 9 -1
15439293489086580 12695 -1
15439293493182340 89 1
15439293493264210 181 -1
15439293493264440 9 -1
15439293493266880 16383 -1
15439293493266922 1 -1
15439293493266950 9 -1
15439293493269550 16382 -1
15439293493270090 2 -1
15439293493270130 9 -1
15439293493272290 16383 -1
15439293493272310 1 -1
15439293493272810 9 -1
15439293493273930 6570 -1
15439293497414770 88 1
15439293497470220 159 -1
15439293497470428 9 -1
15439293497472930 16383 -1
15439293497473030 1 -1
15439293497473080 9 -1
15439293497475640 16382 -1
15439293497475690 2 -1
15439293497475728 9 -1
15439293497478350 16383 -1
15439293497478370 1 -1
15439293497478390 9 -1
15439293497481020 16382 -1
15439293497481040 2 -1
15439293497481070 9 -1
15439293497483720 16383 -1
15439293497483750 1 -1
15439293497483758 9 -1
15439293497485960 11168 -1
15439293501629590 58 1
15439293505632010 58 1
15439293505689220 154 -1
15439293505689750 9 -1
15439293505692480 16383 -1
15439293505692540 1 -1
15439293505692590 9 -1
15439293505695168 16383 -1
15439293505695250 1 -1
15439293505695290 9 -1
15439293505697910 16382 -1
15439293505697948 2 -1
15439293505697970 9 -1
15439293505698422 900 -1
15439293509786590 58 1
15439293513812270 406 1
15439293513869450 160 -1
15439293513869988 9 -1
15439293513872190 16383 -1
15439293513872730 1 -1
15439293513872790 9 -1
15439293513873300 5463 -1
15439293517916970 58 1
15439293517974000 130 -1
15439293517974278 9 -1
15439293517976698 16383 -1
15439293517977250 1 -1
15439293517977330 9 -1
15439293517980060 16382 -1
15439293517980120 2 -1
15439293517980160 9 -1
15439293517982800 16381 -1
15439293517982832 3 -1
15439293517983320 9 -1
15439293517986022 16383 -1
15439293517986050 1 -1
15439293517986072 9 -1
15439293517987160 4778 -1
15439293522118440 59 1
15439293522173670 257 -1
15439293522173840 9 -1
15439293522176430 16383 -1
15439293522176970 1 -1
15439293522177000 9 -1
15439293522179730 16383 -1
15439293522179780 1 -1
15439293522179820 9 -1
15439293522182478 16382 -1
15439293522182520 2 -1
15439293522183030 9 -1
15439293522185150 16381 -1
15439293522185170 3 -1
15439293522185700 9 -1
15439293522187840 16383 -1
15439293522188390 1 -1
15439293522188420 9 -1
15439293522191040 16382 -1
15439293522191070 2 -1
15439293522191090 9 -1
15439293522194280 16381 -1
15439293522194322 3 -1
15439293522194340 9 -1
15439293522196460 16380 -1
15439293522197000 4 -1
15439293522197020 9 -1
15439293522199730 16379 -1
15439293522199760 5 -1
15439293522199790 9 -1
15439293522202380 16378 -1
15439293522202410 6 -1
15439293522202930 9 -1
15439293522205100 16383 -1
15439293522205132 1 -1
15439293522205638 9 -1
15439293522207760 16382 -1
15439293522208322 2 -1
15439293522208340 9 -1
15439293522222710 16381 -1
15439293522223188 3 -1
15439293522223210 9 -1
15439293522225360 14469 -1
15439293526595880 58 1
15439293526652082 130 -1
15439293526652320 9 -1
15439293526654780 16383 -1
15439293526654840 1 -1
15439293526654930 9 -1
15439293526657528 16383 -1
15439293526657590 1 -1
15439293526657838 9 -1
15439293526660300 16382 -1
15439293526660860 2 -1
15439293526660882 9 -1
15439293526663030 16381 -1
15439293526663070 3 -1
15439293526663540 9 -1
15439293526666240 16383 -1
15439293526666260 1 -1
15439293526666278 9 -1
15439293526667358 5550 -1
15439293531155060 58 1
15439293531209310 139 -1
15439293531209560 9 -1
15439293531212050 16383 -1
15439293531212590 1 -1
15439293531212650 9 -1
15439293531214790 16383 -1
15439293531215330 1 -1
15439293531215380 9 -1
15439293531218050 16382 -1
15439293531218090 2 -1
15439293531218122 9 -1
15439293531220180 16381 -1
15439293531220720 3 -1
15439293531220760 9 -1
15439293531222910 13525 -1
15439293535297370 59 1
15439293535351670 108 -1
15439293535351902 9 -1
15439293535354360 16383 -1
15439293535354910 1 -1
15439293535354960 9 -1
15439293535357180 16382 -1
15439293535357770 2 -1
15439293535357910 9 -1
15439293535360488 16383 -1
15439293535360510 1 -1
15439293535360538 9 -1
15439293535363172 16382 -1
15439293535363200 2 -1
15439293535363222 9 -1
15439293535365840 16381 -1
15439293535366390 3 -1
15439293535366440 9 -1
15439293535368120 8928 -1
15439293539594570 58 1
15439293539649790 108 -1
15439293539650020 9 -1
15439293539652450 16383 -1
15439293539652970 1 -1
15439293539653050 9 -1
15439293539655700 16383 -1
15439293539655780 1 -1
15439293539655818 9 -1
15439293539658420 16382 -1
15439293539658480 2 -1
15439293539658502 9 -1
15439293539661240 16381 -1
15439293539661780 3 -1
15439293539661810 9 -1
15439293539664450 16380 -1
15439293539664480 4 -1
15439293539664500 9 -1
15439293539667180 16383 -1
15439293539667202 1 -1
15439293539667220 9 -1
15439293539669860 16382 -1
15439293539669880 2 -1
15439293539669900 9 -1
15439293539672050 10564 -1
15439293544182752 58 1
15439293544239760 150 -1
15439293544239990 9 -1
15439293544242960 16383 -1
15439293544243010 1 -1
15439293544243050 9 -1
15439293544245610 16383 -1
15439293544245670 1 -1
15439293544245720 9 -1
15439293544248380 16382 -1
15439293544248418 2 -1
15439293544248920 9 -1
15439293544251130 16381 -1
15439293544251670 3 -1
15439293544251708 9 -1
15439293544253920 16383 -1
15439293544253960 1 -1
15439293544254380 9 -1
15439293544257100 16382 -1
15439293544257140 2 -1
15439293544257160 9 -1
15439293544259800 16381 -1
15439293544259830 3 -1
15439293544260340 9 -1
15439293544262540 16380 -1
15439293544262568 4 -1
15439293544262590 9 -1
15439293544263670 3505 -1
15439293548888422 59 1
15439293548943120 131 -1
15439293548943350 9 -1
15439293548945848 16383 -1
15439293548945920 1 -1
15439293548945960 9 -1
15439293548948532 16383 -1
15439293548948590 1 -1
15439293548948628 9 -1
15439293548951250 16382 -1
15439293548951790 2 -1
15439293548951818 9 -1
15439293548952392 4503 -1
15439293553038440 59 1
15439293553564500 154 -1
15439293553564660 9 -1
15439293553567222 16383 -1
15439293553567780 1 -1
15439293553567870 9 -1
15439293553569920 16383 -1
15439293553570470 1 -1
15439293553570530 9 -1
15439293553572650 16382 -1
15439293553573192 2 -1
15439293553573220 9 -1
15439293553575398 16381 -1
15439293553575950 3 -1
15439293553575980 9 -1
15439293553577030 5730 -1
15439293557959810 58 1
15439293561963640 59 1
15439293562398720 153 -1
15439293562398910 9 -1
15439293562401390 16383 -1
15439293562401450 1 -1
15439293562401490 9 -1
15439293562404160 16382 -1
15439293562404220 2 -1
15439293562404270 9 -1
15439293562406940 16383 -1
15439293562406970 1 -1
15439293562406990 9 -1
15439293562409648 16382 -1
15439293562409680 2 -1
15439293562409710 9 -1
15439293562411880 11453 -1
15439293566801660 58 1
15439293567323850 131 -1
15439293567324030 9 -1
15439293567327148 16383 -1
15439293567327210 1 -1
15439293567327240 9 -1
15439293567329870 16382 -1
15439293567329920 2 -1
15439293567329950 9 -1
15439293567332590 16383 -1
15439293567332620 1 -1
15439293567332650 9 -1
15439293567335278 16382 -1
15439293567335848 2 -1
15439293567335880 9 -1
15439293567338008 16383 -1
15439293567338582 1 -1
15439293567338610 9 -1
15439293567340760 16382 -1
15439293567341310 2 -1
15439293567341340 9 -1
15439293567341890 1538 -1
0 0 0
15439293405028960 148 1
15439293405028960 197 1
0 0 0
15439293404629210 148 1
15439293404629210 185 1
0 0 0
15439293404783440 39 -1
15439293404784000 13 -1
15439293404784720 148 1
15439293404784720 205 1
15439293404833160 9 -1
15439293404841400 311 -1
15439293404841490 9 -1
15439293404842492 3329 -1
0 0 0
15439293404779120 148 1
15439293404779120 205 1
15439293404779500 39 -1
15439293404779540 13 -1
15439293404827420 9 -1
15439293404831810 310 -1
15439293404831930 9 -1
15439293404832570 2263 -1
0 0 0
15439293405294722 148 1
15439293405294722 206 1
