### "'22524 47051 114479 931463 1206374 16298 44043 49888 22847 33100 101916 102030 38190 95849 79679'"
0 0 0
15434207239386470 39 -1
15434207239386520 13 -1
15434207239635702 148 1
15434207239635702 207 1
15434207239684000 9 -1
15434207239690240 312 -1
15434207239690290 9 -1
15434207239693590 16383 -1
15434207239693590 1 -1
15434207239693590 9 -1
15434207239694160 6140 -1
15434207244957190 59 1
15434207245032010 162 -1
15434207245032150 9 -1
15434207245035170 16383 -1
15434207245035170 1 -1
15434207245035170 9 -1
15434207245037438 16382 -1
15434207245037438 2 -1
15434207245037520 9 -1
15434207245041670 16383 -1
15434207245041670 1 -1
15434207245041670 9 -1
15434207245081990 16382 -1
15434207245081990 2 -1
15434207245081990 9 -1
15434207245085690 16381 -1
15434207245085690 3 -1
15434207245085690 9 -1
15434207245088292 16380 -1
15434207245088292 4 -1
15434207245088292 9 -1
15434207245088292 16379 -1
15434207245088292 5 -1
15434207245088292 9 -1
15434207245090850 16378 -1
15434207245090850 6 -1
15434207245090850 9 -1
15434207245093300 16383 -1
15434207245093300 1 -1
15434207245093300 9 -1
15434207245128980 16382 -1
15434207245128980 2 -1
15434207245128980 9 -1
15434207245131832 16381 -1
15434207245131832 3 -1
15434207245131832 9 -1
15434207245135370 16380 -1
15434207245135370 4 -1
15434207245135370 9 -1
15434207245137848 16379 -1
15434207245137848 5 -1
15434207245137848 9 -1
15434207245137848 16378 -1
15434207245137848 6 -1
15434207245137848 9 -1
15434207245140610 16377 -1
15434207245140610 7 -1
15434207245140610 9 -1
15434207245143090 16376 -1
15434207245143090 8 -1
15434207245143090 9 -1
15434207245145680 16375 -1
15434207245145680 9 -1
15434207245145680 9 -1
15434207245148380 16374 -1
15434207245148380 10 -1
15434207245148380 9 -1
15434207245150790 16373 -1
15434207245150790 11 -1
15434207245150790 9 -1
15434207245153580 16372 -1
15434207245153580 12 -1
15434207245153580 9 -1
15434207245155880 16371 -1
15434207245155880 13 -1
15434207245155880 9 -1
15434207245158530 16370 -1
15434207245158530 14 -1
15434207245158530 9 -1
15434207245160990 16369 -1
15434207245160990 15 -1
15434207245160990 9 -1
15434207245178580 16368 -1
15434207245178580 16 -1
15434207245178580 9 -1
15434207245180450 16383 -1
15434207245180450 1 -1
15434207245180450 9 -1
15434207245183170 16382 -1
15434207245183170 2 -1
15434207245183170 9 -1
15434207245185410 16381 -1
15434207245185410 3 -1
15434207245185410 9 -1
15434207245187630 16380 -1
15434207245187630 4 -1
15434207245187630 9 -1
15434207245190360 16379 -1
15434207245190360 5 -1
15434207245190360 9 -1
15434207245192630 16378 -1
15434207245192630 6 -1
15434207245192630 9 -1
15434207245195342 16377 -1
15434207245195342 7 -1
15434207245195342 9 -1
15434207245197548 16376 -1
15434207245197548 8 -1
15434207245197548 9 -1
15434207245199720 16375 -1
15434207245199720 9 -1
15434207245199720 9 -1
15434207245202510 16374 -1
15434207245202510 10 -1
15434207245202510 9 -1
15434207245204210 16373 -1
15434207245204210 11 -1
15434207245204210 9 -1
15434207245206910 16372 -1
15434207245206910 12 -1
15434207245206910 9 -1
15434207245209090 16371 -1
15434207245209090 13 -1
15434207245209090 9 -1
15434207250280080 9 1
15434207255280140 82 1
15434207255334940 172 -1
15434207255335060 9 -1
15434207255335910 1905 -1
15434207260336650 77 1
15434207260410932 198 -1
15434207260411090 9 -1
15434207260411820 3863 -1
15434207265412950 78 1
15434207265478370 135 -1
15434207265478630 9 -1
15434207265479410 3329 -1
15434207270480660 87 1
15434207270560860 167 -1
15434207270561020 9 -1
15434207270565240 16298 -1
15434207275565838 78 1
15434207275642650 148 -1
15434207275642800 9 -1
15434207275645110 2439 -1
15434207280645720 63 1
15434207280702320 154 -1
15434207280702460 9 -1
15434207280705080 16383 -1
15434207280705112 1 -1
15434207280705140 9 -1
15434207280707820 16382 -1
15434207280708370 2 -1
15434207280708410 9 -1
15434207280709990 11275 -1
15434207285710640 63 1
15434207285765070 128 -1
15434207285765210 9 -1
15434207285767880 5845 -1
15434207290768490 63 1
15434207290822850 158 -1
15434207290823030 9 -1
15434207290826070 16383 -1
15434207290826622 1 -1
15434207290826660 9 -1
15434207290829370 16383 -1
15434207290829420 1 -1
15434207290829460 9 -1
15434207290832200 16382 -1
15434207290832250 2 -1
15434207290832300 9 -1
15434207290832350 736 -1
15434207295834032 64 1
15434207295890300 170 -1
15434207295890470 9 -1
15434207295893422 7307 -1
15434207300894130 63 1
15434207300948290 151 -1
15434207300948442 9 -1
15434207300950940 6639 -1
15434207305951600 64 1
15434207306006220 128 -1
15434207306006430 9 -1
15434207306007810 5321 -1
15434207311008602 406 1
15434207311063700 146 -1
15434207311064040 9 -1
15434207311066900 16383 -1
15434207311066940 1 -1
15434207311066990 9 -1
15434207311068038 6463 -1
15434207316069010 397 1
15434207316148670 137 -1
15434207316148838 9 -1
15434207316151910 16383 -1
15434207316151928 1 -1
15434207316151960 9 -1
15434207316154650 16382 -1
15434207316155220 2 -1
15434207316155260 9 -1
15434207316155270 332 -1
15434207321156140 78 1
15434207321208660 170 -1
15434207321208820 9 -1
15434207321209580 2973 -1
15434207326210238 59 1
15434207326266552 68 -1
15434207326266680 9 -1
15434207326270000 16383 -1
15434207326270070 1 -1
15434207326270102 9 -1
15434207326272730 16383 -1
15434207326272780 1 -1
15434207326272790 9 -1
15434207326275530 16382 -1
15434207326275580 2 -1
15434207326275620 9 -1
15434207326278820 16381 -1
15434207326278870 3 -1
15434207326278910 9 -1
15434207326281610 16380 -1
15434207326281660 4 -1
15434207326281690 9 -1
15434207326284370 16379 -1
15434207326284410 5 -1
15434207326284450 9 -1
15434207326285460 3612 -1
15434207331286170 79 1
15434207331340680 172 -1
15434207331340850 9 -1
15434207331340890 1905 -1
15434207336342020 58 1
15434207336395230 69 -1
15434207336395360 9 -1
15434207336397650 16383 -1
15434207336398380 1 -1
15434207336398448 9 -1
15434207336400910 16383 -1
15434207336400960 1 -1
15434207336400970 9 -1
15434207336403640 16382 -1
15434207336403670 2 -1
15434207336404190 9 -1
15434207336406370 16383 -1
15434207336406950 1 -1
15434207336406980 9 -1
15434207336409130 16382 -1
15434207336409660 2 -1
15434207336409690 9 -1
15434207336412380 16381 -1
15434207336412430 3 -1
15434207336412448 9 -1
15434207336413490 3726 -1
15434207341414152 59 1
15434207341500558 83 -1
15434207341500772 9 -1
15434207341503250 16383 -1
15434207341503830 1 -1
15434207341503920 9 -1
15434207341506590 16382 -1
15434207341506640 2 -1
15434207341506710 9 -1
15434207341507658 5422 -1
15434207346508580 58 1
15434207346652920 125 -1
15434207346653110 9 -1
15434207346655490 15875 -1
15434207346655530 509 -1
15434207346655550 9 -1
15434207346658360 16383 -1
15434207346658412 1 -1
15434207346658450 9 -1
15434207346661150 16382 -1
15434207346661710 2 -1
15434207346661730 9 -1
15434207346664410 16383 -1
15434207346664482 1 -1
15434207346664500 9 -1
15434207346667760 16382 -1
15434207346667780 2 -1
15434207346667800 9 -1
15434207346670020 13929 -1
15434207351671200 78 1
15434207351748250 234 -1
15434207351748468 9 -1
15434207351749958 3507 -1
15434207356750710 58 1
15434207356804750 171 -1
15434207356804970 9 -1
15434207356807600 16383 -1
15434207356808060 1 -1
15434207356808100 9 -1
15434207356810802 16383 -1
15434207356811350 1 -1
15434207356811400 9 -1
15434207356814042 16382 -1
15434207356814088 2 -1
15434207356814110 9 -1
15434207356816840 16381 -1
15434207356817410 3 -1
15434207356817440 9 -1
15434207356819610 14143 -1
15434207361820450 78 1
15434207361874290 159 -1
15434207361874480 9 -1
15434207361875400 2795 -1
15434207366876330 397 1
15434207366977810 72 -1
15434207366977990 9 -1
15434207366980988 16383 -1
15434207366981030 1 -1
15434207366981070 9 -1
15434207366983710 16382 -1
15434207366983760 2 -1
15434207366983800 9 -1
15434207366984260 332 -1
15434207371985322 13 1
15434207376985410 58 1
15434207377038620 140 -1
15434207377038720 9 -1
15434207377041340 16383 -1
15434207377041900 1 -1
15434207377041950 9 -1
15434207377044590 16383 -1
15434207377044620 1 -1
15434207377044650 9 -1
15434207377046750 12823 -1
15434207382047688 78 1
15434207382100958 172 -1
15434207382101490 9 -1
15434207382102630 2083 -1
15434207387103282 78 1
15434207387157070 149 -1
15434207387157250 9 -1
15434207387158570 2973 -1
15434207392159200 77 1
15434207392212820 172 -1
15434207392213020 9 -1
15434207392214400 3151 -1
15434207397215040 88 1
15434207397269260 141 -1
15434207397269800 9 -1
15434207397270370 1626 -1
15434207402270970 79 1
15434207402350630 171 -1
15434207402351192 9 -1
15434207402352322 3507 -1
0 0 0
15434207239668838 148 1
15434207239668838 206 1
15434207239669030 39 -1
15434207239669190 13 -1
15434207239717300 9 -1
15434207239725450 311 -1
15434207239725950 9 -1
15434207239726530 2111 -1
0 0 0
15434207239487860 39 -1
15434207239488270 13 -1
15434207239675030 148 1
15434207239675030 200 1
15434207239723238 9 -1
15434207239730812 309 -1
15434207239731380 9 -1
15434207239735100 16383 -1
15434207239735100 1 -1
15434207239735100 9 -1
15434207239738800 16382 -1
15434207239738800 2 -1
15434207239738800 9 -1
15434207239780170 14283 -1
0 0 0
15434207239742070 148 1
15434207239742070 206 1
15434207239742520 39 -1
15434207239742538 13 -1
15434207239799718 9 -1
15434207239806810 311 -1
15434207239806920 9 -1
15434207239807898 2973 -1
0 0 0
15434207239478100 39 -1
15434207239478180 13 -1
15434207239623800 148 1
15434207239623800 186 1
15434207239672598 9 -1
15434207239679660 294 -1
15434207239679770 9 -1
15434207239682880 15874 -1
15434207239682880 510 -1
15434207239682880 9 -1
15434207239685100 15873 -1
15434207239685660 511 -1
15434207239685660 9 -1
15434207239728680 15872 -1
15434207239728680 512 -1
15434207239728680 9 -1
15434207239731450 15871 -1
15434207239731450 513 -1
15434207239731450 9 -1
15434207239734530 16383 -1
15434207239734530 1 -1
15434207239734530 9 -1
15434207239738310 16382 -1
15434207239738310 2 -1
15434207239738310 9 -1
15434207239741982 16175 -1
0 0 0
15434207239548900 39 -1
15434207239548950 13 -1
15434207239674348 148 1
15434207239674348 186 1
15434207239723320 9 -1
15434207239731350 294 -1
15434207239731410 9 -1
15434207239737200 16383 -1
15434207239737200 1 -1
15434207239737200 9 -1
15434207239740378 16382 -1
15434207239740378 2 -1
15434207239740378 9 -1
15434207239781270 16381 -1
15434207239781270 3 -1
15434207239781270 9 -1
15434207239783950 16383 -1
15434207239783950 1 -1
15434207239783950 9 -1
15434207239786170 16382 -1
15434207239786170 2 -1
15434207239786170 9 -1
15434207239788808 16381 -1
15434207239788808 3 -1
15434207239788808 9 -1
15434207239790980 16380 -1
15434207239790980 4 -1
15434207239790980 9 -1
15434207239828330 16379 -1
15434207239828360 5 -1
15434207239828360 9 -1
15434207239830520 16383 -1
15434207239830520 1 -1
15434207239830520 9 -1
15434207239956852 16382 -1
15434207239956852 2 -1
15434207239956852 9 -1
15434207239959550 16381 -1
15434207239959550 3 -1
15434207239959550 9 -1
15434207239961750 16380 -1
15434207239961750 4 -1
15434207239961750 9 -1
15434207239964440 16379 -1
15434207239964440 5 -1
15434207239964470 9 -1
15434207239966600 16378 -1
15434207239967150 6 -1
15434207239967180 9 -1
15434207240004790 16377 -1
15434207240004790 7 -1
15434207240004790 9 -1
15434207240057650 16376 -1
15434207240057650 8 -1
15434207240057650 9 -1
15434207240060288 16375 -1
15434207240060288 9 -1
15434207240060288 9 -1
15434207240106740 16374 -1
15434207240106740 10 -1
15434207240106740 9 -1
15434207240200870 16373 -1
15434207240200870 11 -1
15434207240200870 9 -1
15434207240203640 16372 -1
15434207240203640 12 -1
15434207240203640 9 -1
15434207240244140 16371 -1
15434207240244140 13 -1
15434207240244140 9 -1
15434207240246850 16370 -1
15434207240246850 14 -1
15434207240246850 9 -1
15434207240277830 16369 -1
15434207240277830 15 -1
15434207240277830 9 -1
15434207240280160 16368 -1
15434207240280160 16 -1
15434207240280160 9 -1
15434207240282940 16367 -1
15434207240282940 17 -1
15434207240282940 9 -1
15434207240290900 16366 -1
15434207240290900 9 -1
15434207240293118 16383 -1
15434207240293200 1 -1
15434207240293670 9 -1
15434207240295910 16382 -1
15434207240295948 2 -1
15434207240296460 9 -1
15434207240299140 16381 -1
15434207240299180 3 -1
15434207240299190 9 -1
15434207240301810 16380 -1
15434207240302370 4 -1
15434207240302400 9 -1
15434207240305050 16379 -1
15434207240305090 5 -1
15434207240305110 9 -1
15434207240307760 16378 -1
15434207240307788 6 -1
15434207240307810 9 -1
15434207240310430 16377 -1
15434207240310978 7 -1
15434207240311010 9 -1
15434207240313730 16376 -1
15434207240313730 8 -1
15434207240313730 9 -1
15434207240315960 16375 -1
15434207240315960 9 -1
15434207240315960 9 -1
15434207240327420 16374 -1
15434207240327420 10 -1
15434207240327420 9 -1
15434207240329600 16373 -1
15434207240329600 11 -1
15434207240329600 9 -1
15434207240331800 16372 -1
15434207240331800 12 -1
15434207240331800 9 -1
15434207240334610 16371 -1
15434207240334610 13 -1
15434207240334610 9 -1
15434207240336780 16370 -1
15434207240336780 14 -1
15434207240336780 9 -1
15434207240338982 16369 -1
15434207240339020 15 -1
15434207240339020 9 -1
15434207240341330 16368 -1
15434207240341330 16 -1
15434207240341330 9 -1
15434207240343420 16367 -1
15434207240343420 17 -1
15434207240343420 9 -1
15434207240346180 16366 -1
15434207240346180 9 -1
15434207240348340 16383 -1
15434207240348340 1 -1
15434207240348340 9 -1
15434207240350570 16382 -1
15434207240350570 2 -1
15434207240350570 9 -1
15434207240381980 16381 -1
15434207240381980 3 -1
15434207240381980 9 -1
15434207240384110 16380 -1
15434207240384110 4 -1
15434207240384110 9 -1
15434207240386742 16379 -1
15434207240386742 5 -1
15434207240386742 9 -1
15434207240388898 16378 -1
15434207240388930 6 -1
15434207240388948 9 -1
15434207240391610 16377 -1
15434207240391640 7 -1
15434207240391660 9 -1
15434207240394350 16376 -1
15434207240394860 8 -1
15434207240394880 9 -1
15434207240397602 16375 -1
15434207240397630 9 -1
15434207240398150 9 -1
15434207240400300 16374 -1
15434207240400332 10 -1
15434207240400860 9 -1
15434207240403572 16373 -1
15434207240403600 11 -1
15434207240403618 9 -1
15434207240406250 16372 -1
15434207240406250 12 -1
15434207240406250 9 -1
15434207240408462 13995 -1
