### "'153137 158222 135041 121424 238908 40991 145933 156867 42387 125544 127681 63149 43893 49252 31034 22586 70550 8063 8099 8518'"
0 0 0
15439315602211152 148 1
15439315602211152 204 1
15439315602211202 39 -1
15439315602211580 13 -1
15439315602261290 9 -1
15439315602268780 311 -1
15439315602269320 9 -1
15439315602270470 2263 -1
0 0 0
15439315602272620 148 1
15439315602272620 204 1
15439315602272690 39 -1
15439315602272940 13 -1
15439315602330580 9 -1
15439315602333420 311 -1
15439315602333460 9 -1
15439315602335690 3151 -1
0 0 0
15439315602028770 148 1
15439315602028770 205 1
0 0 0
15439315602101140 148 1
15439315602101140 185 1
0 0 0
15439315602034130 148 1
15439315602034130 204 1
0 0 0
15439315601768770 39 -1
15439315601769320 13 -1
15439315601798360 148 1
15439315601798360 197 1
15439315601854860 9 -1
15439315601863300 307 -1
15439315601863360 9 -1
15439315601865620 4795 -1
15439315606005420 59 1
15439315606071488 131 -1
15439315606072010 9 -1
15439315606079510 16383 -1
15439315606079510 1 -1
15439315606079568 9 -1
15439315606082160 16383 -1
15439315606082160 1 -1
15439315606082160 9 -1
15439315606131320 16382 -1
15439315606131320 2 -1
15439315606131320 9 -1
15439315606134860 16381 -1
15439315606134860 3 -1
15439315606134860 9 -1
15439315606137640 16383 -1
15439315606137640 1 -1
15439315606137640 9 -1
15439315606139720 16382 -1
15439315606139720 2 -1
15439315606139720 9 -1
15439315606141902 16381 -1
15439315606141902 3 -1
15439315606141902 9 -1
15439315606183490 16380 -1
15439315606183490 4 -1
15439315606183490 9 -1
15439315606200350 16379 -1
15439315606200350 5 -1
15439315606200350 9 -1
15439315606202062 5681 -1
15439315610459570 78 1
15439315610527620 170 -1
15439315610527812 9 -1
15439315610528810 3685 -1
15439315614861150 58 1
15439315614926440 118 -1
15439315614926620 9 -1
15439315614929080 15873 -1
15439315614929112 511 -1
15439315614929130 9 -1
15439315614931810 15872 -1
15439315614931828 512 -1
15439315614931850 9 -1
15439315614934540 15871 -1
15439315614934558 513 -1
15439315614934580 9 -1
15439315614936780 15870 -1
15439315614936810 514 -1
15439315614937330 9 -1
15439315614939490 16383 -1
15439315614939520 1 -1
15439315614940040 9 -1
15439315614942710 16382 -1
15439315614942740 2 -1
15439315614942760 9 -1
15439315614945518 16381 -1
15439315614945560 3 -1
15439315614945580 9 -1
15439315614983870 16380 -1
15439315614983930 4 -1
15439315614983960 9 -1
15439315614986730 16379 -1
15439315614986802 5 -1
15439315614986830 9 -1
15439315614988502 10766 -1
15439315619200680 59 1
15439315619262250 130 -1
15439315619262400 9 -1
15439315619264900 16383 -1
15439315619264938 1 -1
15439315619265440 9 -1
15439315619267630 16382 -1
15439315619267680 2 -1
15439315619268170 9 -1
15439315619270320 16383 -1
15439315619270850 1 -1
15439315619270880 9 -1
15439315619273592 16382 -1
15439315619273610 2 -1
15439315619273630 9 -1
15439315619276422 16381 -1
15439315619276450 3 -1
15439315619276472 9 -1
15439315619279080 16380 -1
15439315619279120 4 -1
15439315619279630 9 -1
15439315619281740 16383 -1
15439315619282300 1 -1
15439315619282330 9 -1
15439315619285000 16382 -1
15439315619285040 2 -1
15439315619285058 9 -1
15439315619286110 3969 -1
15439315623485320 78 1
15439315623545430 170 -1
15439315623545958 9 -1
15439315623546540 3151 -1
15439315627560880 78 1
15439315627622940 143 -1
15439315627623060 9 -1
15439315627624568 2111 -1
15439315631629620 58 1
15439315631690330 153 -1
15439315631690460 9 -1
15439315631692980 16383 -1
15439315631693038 1 -1
15439315631693100 9 -1
15439315631695710 16383 -1
15439315631695768 1 -1
15439315631695790 9 -1
15439315631698502 16382 -1
15439315631698540 2 -1
15439315631699020 9 -1
15439315631701150 16381 -1
15439315631701180 3 -1
15439315631701730 9 -1
15439315631703810 16383 -1
15439315631704350 1 -1
15439315631704380 9 -1
15439315631707010 16382 -1
15439315631707038 2 -1
15439315631707562 9 -1
15439315631709772 16381 -1
15439315631709800 3 -1
15439315631710310 9 -1
15439315631711422 6736 -1
15439315636768090 59 1
15439315636829360 132 -1
15439315636829560 9 -1
15439315636832030 16383 -1
15439315636832572 1 -1
15439315636832590 9 -1
15439315636835340 16383 -1
15439315636835370 1 -1
15439315636835390 9 -1
15439315636838050 16382 -1
15439315636838080 2 -1
15439315636838100 9 -1
15439315636841240 16381 -1
15439315636841260 3 -1
15439315636841290 9 -1
15439315636843380 16383 -1
15439315636843930 1 -1
15439315636843950 9 -1
15439315636846580 16382 -1
15439315636846610 2 -1
15439315636846630 9 -1
15439315636849390 16381 -1
15439315636849920 3 -1
15439315636849950 9 -1
15439315636852620 16380 -1
15439315636852788 2511 -1
15439315636853002 6 -1
15439315636853230 9 -1
15439315636855360 9532 -1
15439315641679110 58 1
15439315641742430 153 -1
15439315641742762 9 -1
15439315641745120 16383 -1
15439315641745730 1 -1
15439315641745810 9 -1
15439315641748500 16383 -1
15439315641748560 1 -1
15439315641748610 9 -1
15439315641750150 8223 -1
15439315645813100 59 1
15439315645874780 234 -1
15439315645875370 9 -1
15439315645877970 16383 -1
15439315645878530 1 -1
15439315645878580 9 -1
15439315645881230 16383 -1
15439315645881280 1 -1
15439315645881320 9 -1
15439315645883902 16382 -1
15439315645883930 2 -1
15439315645884460 9 -1
15439315645887188 16381 -1
15439315645887220 3 -1
15439315645887238 9 -1
15439315645889990 16380 -1
15439315645890010 4 -1
15439315645890530 9 -1
15439315645893220 16379 -1
15439315645893240 5 -1
15439315645893250 9 -1
15439315645895910 16383 -1
15439315645896462 1 -1
15439315645896490 9 -1
15439315645899210 16382 -1
15439315645899240 2 -1
15439315645899760 9 -1
15439315645901920 14861 -1
15439315650033130 58 1
15439315650093700 154 -1
15439315650094190 9 -1
15439315650096920 16383 -1
15439315650096960 1 -1
15439315650096992 9 -1
15439315650099670 16383 -1
15439315650100200 1 -1
15439315650100250 9 -1
15439315650102990 16382 -1
15439315650103540 2 -1
15439315650103560 9 -1
15439315650106330 16381 -1
15439315650106348 3 -1
15439315650106370 9 -1
15439315650109120 16380 -1
15439315650109680 4 -1
15439315650109702 9 -1
15439315650112380 16383 -1
15439315650112400 1 -1
15439315650112410 9 -1
15439315650115710 16382 -1
15439315650115740 2 -1
15439315650115760 9 -1
15439315650118990 16381 -1
15439315650119010 3 -1
15439315650119030 9 -1
15439315650121760 16380 -1
15439315650121780 4 -1
15439315650122270 9 -1
15439315650123898 9411 -1
15439315654273850 58 1
15439315654341500 118 -1
15439315654341690 9 -1
15439315654344240 15874 -1
15439315654344780 510 -1
15439315654344820 9 -1
15439315654347538 15873 -1
15439315654347580 511 -1
15439315654347610 9 -1
15439315654349200 9619 -1
15439315658417890 59 1
15439315658478770 131 -1
15439315658479012 9 -1
15439315658481510 16383 -1
15439315658482038 1 -1
15439315658482070 9 -1
15439315658488050 16383 -1
15439315658488090 1 -1
15439315658488122 9 -1
15439315658490760 16382 -1
15439315658491312 2 -1
15439315658491330 9 -1
15439315658494030 16381 -1
15439315658494060 3 -1
15439315658494080 9 -1
15439315658496740 16380 -1
15439315658497240 4 -1
15439315658497260 9 -1
15439315658499880 16383 -1
15439315658500430 1 -1
15439315658500450 9 -1
15439315658503120 16382 -1
15439315658503150 2 -1
15439315658503670 9 -1
15439315658505330 10856 -1
15439315662623640 58 1
15439315662685480 154 -1
15439315662685658 9 -1
15439315662688060 16383 -1
15439315662688602 1 -1
15439315662688640 9 -1
15439315662691290 16383 -1
15439315662691340 1 -1
15439315662691390 9 -1
15439315662694150 16382 -1
15439315662694190 2 -1
15439315662694200 9 -1
15439315662697230 16381 -1
15439315662697260 3 -1
15439315662697280 9 -1
15439315662699940 16383 -1
15439315662699968 1 -1
15439315662700490 9 -1
15439315662703130 16382 -1
15439315662703158 2 -1
15439315662703180 9 -1
15439315662705800 16381 -1
15439315662706348 3 -1
15439315662706380 9 -1
15439315662708530 12993 -1
15439315666931200 78 1
15439315666991510 147 -1
15439315666991710 9 -1
15439315666993390 2617 -1
15439315671008060 78 1
15439315671069710 94 -1
15439315671069930 9 -1
15439315671070800 1959 -1
15439315675083712 78 1
15439315675144132 147 -1
15439315675144280 9 -1
15439315675145208 3151 -1
15439315679159820 78 1
15439315679221520 148 -1
15439315679222040 9 -1
15439315679222630 2973 -1
15439315683353470 78 1
15439315683418160 90 -1
15439315683418320 9 -1
15439315683419190 2035 -1
15439315687507300 78 1
15439315687568770 148 -1
15439315687569310 9 -1
15439315687569850 2439 -1
15439315691582810 59 1
15439315691643870 257 -1
15439315691644040 9 -1
15439315691647120 16383 -1
15439315691647210 1 -1
15439315691647250 9 -1
15439315691649740 16382 -1
15439315691650280 2 -1
15439315691650320 9 -1
15439315691652960 16383 -1
15439315691652990 1 -1
15439315691653010 9 -1
15439315691655120 13997 -1
15439315695732570 58 1
15439315695792740 130 -1
15439315695793250 9 -1
15439315695795990 16383 -1
15439315695796030 1 -1
15439315695796052 9 -1
15439315695798690 16383 -1
15439315695798768 1 -1
15439315695799242 9 -1
15439315695800900 11125 -1
15439315699852920 58 1
15439315699914032 125 -1
15439315699914510 9 -1
15439315699917260 16383 -1
15439315699917300 1 -1
15439315699917318 9 -1
15439315699920052 16383 -1
15439315699920080 1 -1
15439315699920110 9 -1
15439315699922840 16382 -1
15439315699923388 2 -1
15439315699923410 9 -1
15439315699923970 100 -1
15439315703969272 58 1
15439315704040160 152 -1
15439315704040690 9 -1
15439315704043378 16383 -1
15439315704043428 1 -1
15439315704043470 9 -1
15439315704046120 14650 -1
15439315708087690 78 1
15439315708150452 71 -1
15439315708150580 9 -1
15439315708150970 1883 -1
15439315712163410 9 1
15439315712163410 92 1
15439315716161612 67 1
15439315716222250 179 -1
15439315716222830 9 -1
15439315716225570 16383 -1
15439315716225620 1 -1
15439315716225660 9 -1
15439315716227240 6202 -1
15439315720263520 77 1
15439315720325150 210 -1
15439315720325690 9 -1
15439315720327410 2617 -1
15439315724337330 78 1
15439315724398028 148 -1
15439315724398570 9 -1
15439315724399140 2617 -1
15439315728406630 79 1
15439315728468590 148 -1
15439315728468800 9 -1
15439315728470750 2973 -1
15439315732482150 78 1
15439315732542910 167 -1
15439315732543480 9 -1
15439315732543990 3151 -1
15439315736560010 79 1
15439315736622180 252 -1
15439315736622320 9 -1
15439315736623270 2617 -1
15439315740634400 63 1
15439315740721460 151 -1
15439315740721980 9 -1
15439315740723110 5037 -1
15439315744746360 63 1
15439315744809502 129 -1
15439315744809648 9 -1
15439315744811120 5628 -1
15439315748822360 63 1
15439315748849000 160 -1
15439315748849550 9 -1
15439315748852840 16383 -1
15439315748852890 1 -1
15439315748852910 9 -1
15439315748855570 16383 -1
15439315748856102 1 -1
15439315748856130 9 -1
15439315748858830 16382 -1
15439315748858850 2 -1
15439315748858870 9 -1
15439315748861590 16381 -1
15439315748862130 3 -1
15439315748862160 9 -1
15439315748862700 5014 -1
15439315748883390 129 -1
15439315748883510 9 -1
15439315748886320 7531 -1
15439315752942180 63 1
15439315753002880 138 -1
15439315753003358 9 -1
15439315753004480 7564 -1
15439315757023138 63 1
15439315757084820 129 -1
15439315757085030 9 -1
15439315757086470 8063 -1
15439315761103180 63 1
15439315761163370 153 -1
15439315761163900 9 -1
15439315761165030 8099 -1
15439315765193110 398 1
15439315765254460 124 -1
15439315765254992 9 -1
15439315765256110 8518 -1
