### "'16298 9133 80988 116590 113559 114357 94955 59031 193536 89123 95267 27225 100496 69090 65946'"
0 0 0
15433528967291990 39 -1
15433528967292350 13 -1
15433528967317250 148 1
15433528967317250 204 1
15433528967365410 9 -1
15433528967371810 309 -1
15433528967371830 9 -1
15433528967372388 1883 -1
0 0 0
15433528967453220 148 1
15433528967453220 186 1
0 0 0
15433528967316820 148 1
15433528967316820 205 1
0 0 0
15433528967496830 148 1
15433528967496830 204 1
0 0 0
15433528967270090 148 1
15433528967270090 198 1
0 0 0
15433528975013220 148 1
15433528975013220 205 1
15433528975013640 39 -1
15433528975013670 13 -1
15433528975068810 9 -1
15433528975100080 311 -1
15433528975100620 9 -1
15433528975102028 3151 -1
15433528980102660 78 1
15433528980163350 172 -1
15433528980163490 9 -1
15433528980166230 2795 -1
15433528985167220 88 1
15433528985238490 151 -1
15433528985238600 9 -1
15433528985241130 16298 -1
15433528990241800 77 1
15433528990304130 170 -1
15433528990304660 9 -1
15433528990304710 2261 -1
15433528995305870 77 1
15433528995368120 147 -1
15433528995368200 9 -1
15433528995369010 3507 -1
15433529000369750 62 1
15433529002120920 158 -1
15433529002120990 9 -1
15433529002123320 5106 -1
15433529007124072 9 1
15433529012124110 66 1
15433529013688828 151 -1
15433529013688900 9 -1
15433529013690260 9133 -1
15433529018690888 63 1
15433529020428980 152 -1
15433529020429070 9 -1
15433529020431840 7390 -1
15433529025432450 63 1
15433529027617300 127 -1
15433529027617390 9 -1
15433529027618950 7320 -1
15433529032620440 63 1
15433529034205990 218 -1
15433529034206510 9 -1
15433529034207562 7468 -1
15433529039208560 63 1
15433529041019590 175 -1
15433529041020132 9 -1
15433529041020680 6394 -1
15433529046022078 77 1
15433529046091340 157 -1
15433529046091860 9 -1
15433529046092420 2439 -1
15433529051093230 77 1
15433529051154320 80 -1
15433529051154530 9 -1
15433529051155400 1883 -1
15433529056156280 59 1
15433529056223800 131 -1
15433529056224050 9 -1
15433529056226570 16383 -1
15433529056226570 1 -1
15433529056226620 9 -1
15433529056228800 16383 -1
15433529056228800 1 -1
15433529056228800 9 -1
15433529056279610 16382 -1
15433529056279610 2 -1
15433529056279610 9 -1
15433529056281778 16381 -1
15433529056281778 3 -1
15433529056281778 9 -1
15433529056283938 15452 -1
15433529061284910 78 1
15433529061374550 170 -1
15433529061374782 9 -1
15433529061375700 2973 -1
15433529066376460 58 1
15433529066453500 132 -1
15433529066454020 9 -1
15433529066456780 16383 -1
15433529066457340 1 -1
15433529066457390 9 -1
15433529066459580 16383 -1
15433529066459640 1 -1
15433529066460140 9 -1
15433529066462350 16382 -1
15433529066462390 2 -1
15433529066462440 9 -1
15433529066465030 16381 -1
15433529066465080 3 -1
15433529066465130 9 -1
15433529066467270 16380 -1
15433529066467270 4 -1
15433529066467308 9 -1
15433529066469942 16383 -1
15433529066469942 1 -1
15433529066469988 9 -1
15433529066510000 16382 -1
15433529066510000 2 -1
15433529066510000 9 -1
15433529066510000 1902 -1
15433529071511850 59 1
15433529071576480 132 -1
15433529071576620 9 -1
15433529071579152 16383 -1
15433529071579710 1 -1
15433529071579760 9 -1
15433529071581870 16382 -1
15433529071582430 2 -1
15433529071582480 9 -1
15433529071584620 16383 -1
15433529071585168 1 -1
15433529071585200 9 -1
15433529071587390 16382 -1
15433529071587460 2 -1
15433529071587530 9 -1
15433529071590130 16381 -1
15433529071590200 3 -1
15433529071590240 9 -1
15433529071592870 16380 -1
15433529071592900 4 -1
15433529071592930 9 -1
15433529071595040 15255 -1
15433529076595680 58 1
15433529076664860 91 -1
15433529076665420 9 -1
15433529076667590 16383 -1
15433529076667622 1 -1
15433529076667650 9 -1
15433529076670310 16382 -1
15433529076670360 2 -1
15433529076670390 9 -1
15433529076673070 16381 -1
15433529076673120 3 -1
15433529076673140 9 -1
15433529076675690 16383 -1
15433529076675740 1 -1
15433529076675748 9 -1
15433529076678432 16382 -1
15433529076678460 2 -1
15433529076678510 9 -1
15433529076681120 16381 -1
15433529076681680 3 -1
15433529076681710 9 -1
15433529076683850 16053 -1
15433529081684660 59 1
15433529081753270 154 -1
15433529081753400 9 -1
15433529081756330 15874 -1
15433529081756390 510 -1
15433529081756420 9 -1
15433529081758700 15873 -1
15433529081758750 511 -1
15433529081758780 9 -1
15433529081760932 15872 -1
15433529081761480 512 -1
15433529081761510 9 -1
15433529081763670 15871 -1
15433529081763720 513 -1
15433529081764210 9 -1
15433529081766340 16383 -1
15433529081766370 1 -1
15433529081766850 9 -1
15433529081768488 13035 -1
15433529086770060 58 1
15433529086842452 131 -1
15433529086842580 9 -1
15433529086845688 16383 -1
15433529086845720 1 -1
15433529086845750 9 -1
15433529086848422 16383 -1
15433529086848460 1 -1
15433529086848480 9 -1
15433529086851160 16382 -1
15433529086851180 2 -1
15433529086851202 9 -1
15433529086852760 9879 -1
15433529091853700 58 1
15433529091914502 221 -1
15433529091914610 9 -1
15433529091917160 16383 -1
15433529091917232 1 -1
15433529091917260 9 -1
15433529091919510 16383 -1
15433529091920070 1 -1
15433529091920130 9 -1
15433529091922210 16382 -1
15433529091922750 2 -1
15433529091922770 9 -1
15433529091925450 16381 -1
15433529091925470 3 -1
15433529091925500 9 -1
15433529091928160 16383 -1
15433529091928200 1 -1
15433529091928220 9 -1
15433529091930780 16382 -1
15433529091930810 2 -1
15433529091930830 9 -1
15433529091933460 16381 -1
15433529091934010 3 -1
15433529091934040 9 -1
15433529091971200 16383 -1
15433529091971260 1 -1
15433529091971272 9 -1
15433529091973870 16382 -1
15433529091973930 2 -1
15433529091973950 9 -1
15433529091976630 16381 -1
15433529091976650 3 -1
15433529091977180 9 -1
15433529091979430 16380 -1
15433529091979498 4 -1
15433529091979520 9 -1
15433529091982270 13312 -1
15433529096983900 58 1
15433529097055340 141 -1
15433529097055440 9 -1
15433529097057530 16383 -1
15433529097058320 1 -1
15433529097058380 9 -1
15433529097060480 16382 -1
15433529097060512 2 -1
15433529097060540 9 -1
15433529097062690 16381 -1
15433529097063220 3 -1
15433529097063250 9 -1
15433529097065410 16383 -1
15433529097065452 1 -1
15433529097065930 9 -1
15433529097068120 16382 -1
15433529097068190 2 -1
15433529097068670 9 -1
15433529097069750 7203 -1
15433529102070560 58 1
15433529102136130 169 -1
15433529102136280 9 -1
15433529102139968 16383 -1
15433529102140010 1 -1
15433529102140030 9 -1
15433529102142270 16383 -1
15433529102142300 1 -1
15433529102142760 9 -1
15433529102144940 16382 -1
15433529102145490 2 -1
15433529102145510 9 -1
15433529102147670 16381 -1
15433529102148230 3 -1
15433529102148250 9 -1
15433529102150490 16380 -1
15433529102150540 4 -1
15433529102150560 9 -1
15433529102152690 13347 -1
15433529107153562 58 1
15433529107237410 130 -1
15433529107237540 9 -1
15433529107240540 16383 -1
15433529107240600 1 -1
15433529107240630 9 -1
15433529107242178 10841 -1
15433529112242880 58 1
15433529112319360 151 -1
15433529112319592 9 -1
15433529112321890 16383 -1
15433529112321930 1 -1
15433529112322430 9 -1
15433529112324550 16383 -1
15433529112324582 1 -1
15433529112325070 9 -1
15433529112327300 16382 -1
15433529112327340 2 -1
15433529112327350 9 -1
15433529112329978 16381 -1
15433529112330000 3 -1
15433529112330020 9 -1
15433529112332730 16383 -1
15433529112332750 1 -1
15433529112332758 9 -1
15433529112334950 16382 -1
15433529112335492 2 -1
15433529112335520 9 -1
15433529112336070 2192 -1
15433529117336990 58 1
15433529117431460 130 -1
15433529117431632 9 -1
15433529117434198 16383 -1
15433529117434230 1 -1
15433529117434260 9 -1
15433529117436430 16383 -1
15433529117436960 1 -1
15433529117437010 9 -1
15433529117439130 16382 -1
15433529117439690 2 -1
15433529117439712 9 -1
15433529117441850 16383 -1
15433529117442400 1 -1
15433529117442430 9 -1
15433529117442980 3554 -1
15433529122443890 58 1
15433529122514840 136 -1
15433529122514970 9 -1
15433529122517560 16383 -1
15433529122517590 1 -1
15433529122518120 9 -1
15433529122520320 16383 -1
15433529122520350 1 -1
15433529122520400 9 -1
15433529122523070 16382 -1
15433529122523078 2 -1
15433529122523610 9 -1
15433529122525840 16381 -1
15433529122525890 3 -1
15433529122525908 9 -1
15433529122525920 410 -1
15433529127527040 59 1
15433529127602630 127 -1
15433529127602798 9 -1
15433529127605360 16383 -1
15433529127605410 1 -1
15433529127605450 9 -1
15433529127608060 16383 -1
15433529127608110 1 -1
15433529127608150 9 -1
15433529127610750 16382 -1
15433529127610800 2 -1
15433529127610810 9 -1
15433529127613520 16381 -1
15433529127613562 3 -1
15433529127613570 9 -1
15433529127616240 16383 -1
15433529127616260 1 -1
15433529127616280 9 -1
15433529127618440 16383 -1
15433529127618950 1 -1
15433529127618980 9 -1
15433529127620612 9448 -1
15433529132621510 58 1
15433529132690060 149 -1
15433529132690180 9 -1
15433529132692720 16383 -1
15433529132692800 1 -1
15433529132692830 9 -1
15433529132695010 16383 -1
15433529132695570 1 -1
15433529132695620 9 -1
15433529132697750 15965 -1
15433529137698510 58 1
15433529137787130 117 -1
15433529137787250 9 -1
15433529137790230 16383 -1
15433529137790288 1 -1
15433529137790320 9 -1
15433529137792460 16382 -1
15433529137792500 2 -1
15433529137792530 9 -1
15433529137795178 16381 -1
15433529137795200 3 -1
15433529137795220 9 -1
15433529137797950 16380 -1
15433529137797970 4 -1
15433529137797990 9 -1
15433529137800118 13430 -1
15433529142800820 79 1
15433529142863430 201 -1
15433529142863570 9 -1
15433529142864290 2439 -1
15433529147864990 58 1
15433529147939330 196 -1
15433529147939430 9 -1
15433529147942560 16383 -1
15433529147942590 1 -1
15433529147942610 9 -1
15433529147944780 16383 -1
15433529147945330 1 -1
15433529147945380 9 -1
15433529147947590 16382 -1
15433529147947680 2 -1
15433529147948060 9 -1
15433529147950240 16381 -1
15433529147950790 3 -1
15433529147950820 9 -1
15433529147952970 16380 -1
15433529147953538 4 -1
15433529147953560 9 -1
15433529147954100 2798 -1
15433529152955070 58 1
15433529153024312 178 -1
15433529153024430 9 -1
15433529153026860 16383 -1
15433529153027420 1 -1
15433529153027452 9 -1
15433529153030150 16383 -1
15433529153030190 1 -1
15433529153030220 9 -1
15433529153031810 9017 -1
15433529158032560 58 1
15433529158100900 146 -1
15433529158101038 9 -1
15433529158103390 16383 -1
15433529158103430 1 -1
15433529158103950 9 -1
15433529158106160 16382 -1
15433529158106200 2 -1
15433529158106238 9 -1
15433529158109470 16383 -1
15433529158109500 1 -1
15433529158109520 9 -1
15433529158111710 16382 -1
15433529158111760 2 -1
15433529158111780 9 -1
15433529158114430 16381 -1
15433529158114470 3 -1
15433529158114500 9 -1
15433529158116100 8372 -1
15433529163117060 58 1
15433529163187850 153 -1
15433529163187980 9 -1
15433529163191170 16383 -1
15433529163191240 1 -1
15433529163191270 9 -1
15433529163193830 16383 -1
15433529163193870 1 -1
15433529163193892 9 -1
15433529163194430 2544 -1
15433529168195500 59 1
15433529168267230 131 -1
15433529168267370 9 -1
15433529168270130 16383 -1
15433529168270170 1 -1
15433529168270882 9 -1
15433529168273410 16383 -1
15433529168273440 1 -1
15433529168273470 9 -1
15433529168276160 16382 -1
15433529168276190 2 -1
15433529168276210 9 -1
15433529168278380 10648 -1
0 0 0
15433528967603610 148 1
15433528967603610 185 1
