### "'23593 9925 8188 23850 134515 143765 93575 87735 102508 141523 121380 121986 127021 117675 127661 79878 134701 112318 131986 186282 237134 115658 142076 147753'"
0 0 0
15439437263953720 39 -1
15439437263953750 13 -1
15439437264106150 148 1
15439437264106150 207 1
15439437264154400 9 -1
15439437264160090 311 -1
15439437264160380 9 -1
15439437264160480 2111 -1
0 0 0
15439437264060500 39 -1
15439437264061060 13 -1
15439437264084620 148 1
15439437264084620 196 1
15439437264139780 9 -1
15439437264145082 320 -1
15439437264145610 9 -1
15439437264148368 16383 -1
15439437264148368 1 -1
15439437264148368 9 -1
15439437264149448 7209 -1
0 0 0
15439437263871120 148 1
15439437263871120 200 1
0 0 0
15439437273204690 148 1
15439437273204690 207 1
15439437273204740 39 -1
15439437273205050 13 -1
15439437273253090 9 -1
15439437273257770 310 -1
15439437273258318 9 -1
15439437273258870 2795 -1
15439437277289010 78 1
15439437277347692 147 -1
15439437277347910 9 -1
15439437277348210 2617 -1
15439437281356512 78 1
15439437281410590 170 -1
15439437281411140 9 -1
15439437281411660 2439 -1
15439437285429210 79 1
15439437285482460 148 -1
15439437285483000 9 -1
15439437285483580 2973 -1
15439437289492510 78 1
15439437289546102 147 -1
15439437289546270 9 -1
15439437289547210 2973 -1
15439437293556932 9 1
15439437293556932 66 1
15439437293611800 146 -1
15439437293612310 9 -1
15439437293613390 9925 -1
15439437297636180 63 1
15439437297691440 107 -1
15439437297691650 9 -1
15439437297693030 7749 -1
15439437301702810 63 1
15439437301758410 129 -1
15439437301758570 9 -1
15439437301761140 6704 -1
15439437305774428 63 1
15439437305829950 102 -1
15439437305830470 9 -1
15439437305833300 8188 -1
15439437309842820 64 1
15439437309898300 125 -1
15439437309898860 9 -1
15439437309901660 7978 -1
15439437313910690 63 1
15439437313966538 153 -1
15439437313966670 9 -1
15439437313968740 5916 -1
15439437317979990 78 1
15439437318034060 252 -1
15439437318034560 9 -1
15439437318035700 3329 -1
15439437322041440 67 1
15439437322095880 179 -1
15439437322096050 9 -1
15439437322099000 16383 -1
15439437322099000 1 -1
15439437322099000 9 -1
15439437322099530 7466 -1
15439437326125770 59 1
15439437326181222 132 -1
15439437326181720 9 -1
15439437326183920 16383 -1
15439437326183920 1 -1
15439437326184462 9 -1
15439437326186640 16383 -1
15439437326186680 1 -1
15439437326186710 9 -1
15439437326228990 16382 -1
15439437326228990 2 -1
15439437326228990 9 -1
15439437326231640 16381 -1
15439437326231640 3 -1
15439437326231640 9 -1
15439437326233800 16383 -1
15439437326233800 1 -1
15439437326233800 9 -1
15439437326235970 16382 -1
15439437326235970 2 -1
15439437326235970 9 -1
15439437326238640 16381 -1
15439437326238640 3 -1
15439437326238640 9 -1
15439437326240758 16380 -1
15439437326240758 4 -1
15439437326240758 9 -1
15439437326241320 3443 -1
15439437330348430 59 1
15439437330402802 96 -1
15439437330402940 9 -1
15439437330405980 16383 -1
15439437330406020 1 -1
15439437330406088 9 -1
15439437330408670 16383 -1
15439437330408700 1 -1
15439437330408720 9 -1
15439437330411410 16382 -1
15439437330411962 2 -1
15439437330412000 9 -1
15439437330414628 16381 -1
15439437330414660 3 -1
15439437330414680 9 -1
15439437330417340 16380 -1
15439437330417370 4 -1
15439437330417390 9 -1
15439437330420060 16383 -1
15439437330420092 1 -1
15439437330420610 9 -1
15439437330422730 16382 -1
15439437330423270 2 -1
15439437330423300 9 -1
15439437330452772 16381 -1
15439437330452800 3 -1
15439437330452818 9 -1
15439437330455010 12693 -1
15439437334480870 59 1
15439437334537088 72 -1
15439437334537580 9 -1
15439437334539840 16383 -1
15439437334539900 1 -1
15439437334540380 9 -1
15439437334542580 16382 -1
15439437334543180 2 -1
15439437334543250 9 -1
15439437334545290 16383 -1
15439437334545880 1 -1
15439437334545938 9 -1
15439437334548572 16382 -1
15439437334548622 2 -1
15439437334548660 9 -1
15439437334551310 16381 -1
15439437334551352 3 -1
15439437334551380 9 -1
15439437334553530 11655 -1
15439437338711290 59 1
15439437338766962 107 -1
15439437338767500 9 -1
15439437338769742 15874 -1
15439437338769792 510 -1
15439437338769830 9 -1
15439437338772430 15873 -1
15439437338772460 511 -1
15439437338772490 9 -1
15439437338775150 15872 -1
15439437338775188 512 -1
15439437338775230 9 -1
15439437338777850 16383 -1
15439437338777880 1 -1
15439437338778378 9 -1
15439437338780540 16383 -1
15439437338780560 1 -1
15439437338781090 9 -1
15439437338782170 5815 -1
15439437342884180 58 1
15439437342939460 154 -1
15439437342939990 9 -1
15439437342942190 16383 -1
15439437342942710 1 -1
15439437342942760 9 -1
15439437342945350 16382 -1
15439437342945400 2 -1
15439437342945440 9 -1
15439437342948130 16381 -1
15439437342948160 3 -1
15439437342948180 9 -1
15439437342950900 16383 -1
15439437342951440 1 -1
15439437342951470 9 -1
15439437342954140 16382 -1
15439437342954170 2 -1
15439437342954190 9 -1
15439437342956780 16381 -1
15439437342956810 3 -1
15439437342956830 9 -1
15439437342957910 4204 -1
15439437347111060 58 1
15439437347166620 95 -1
15439437347167130 9 -1
15439437347169390 16383 -1
15439437347169940 1 -1
15439437347170010 9 -1
15439437347172680 16383 -1
15439437347172730 1 -1
15439437347172770 9 -1
15439437347175390 16382 -1
15439437347175410 2 -1
15439437347175428 9 -1
15439437347178112 16381 -1
15439437347178130 3 -1
15439437347178650 9 -1
15439437347180800 16380 -1
15439437347181352 4 -1
15439437347181370 9 -1
15439437347183558 16383 -1
15439437347184070 1 -1
15439437347184090 9 -1
15439437347186770 16382 -1
15439437347186790 2 -1
15439437347186800 9 -1
15439437347189500 16381 -1
15439437347189528 3 -1
15439437347190052 9 -1
15439437347191710 10451 -1
15439437351223112 59 1
15439437351278492 153 -1
15439437351278638 9 -1
15439437351281190 16383 -1
15439437351281732 1 -1
15439437351281770 9 -1
15439437351284480 16383 -1
15439437351284520 1 -1
15439437351284550 9 -1
15439437351287200 16382 -1
15439437351287230 2 -1
15439437351287250 9 -1
15439437351289870 16381 -1
15439437351290420 3 -1
15439437351290440 9 -1
15439437351293130 16380 -1
15439437351293160 4 -1
15439437351293170 9 -1
15439437351295790 16383 -1
15439437351295810 1 -1
15439437351295828 9 -1
15439437351298500 16382 -1
15439437351299040 2 -1
15439437351299060 9 -1
15439437351300220 6692 -1
15439437355432430 59 1
15439437355487558 107 -1
15439437355487772 9 -1
15439437355490250 16383 -1
15439437355490292 1 -1
15439437355490790 9 -1
15439437355492930 16383 -1
15439437355493460 1 -1
15439437355493510 9 -1
15439437355496220 16382 -1
15439437355496250 2 -1
15439437355496262 9 -1
15439437355498930 16381 -1
15439437355498950 3 -1
15439437355499480 9 -1
15439437355501640 16383 -1
15439437355502182 1 -1
15439437355502210 9 -1
15439437355504910 16382 -1
15439437355504940 2 -1
15439437355504950 9 -1
15439437355507560 16381 -1
15439437355507590 3 -1
15439437355507610 9 -1
15439437355509210 7298 -1
15439437359664760 59 1
15439437359720710 102 -1
15439437359720880 9 -1
15439437359723890 16383 -1
15439437359723920 1 -1
15439437359723958 9 -1
15439437359726060 16382 -1
15439437359726580 2 -1
15439437359726620 9 -1
15439437359729310 16383 -1
15439437359729340 1 -1
15439437359729360 9 -1
15439437359732000 16382 -1
15439437359732030 2 -1
15439437359732050 9 -1
15439437359734660 16381 -1
15439437359735220 3 -1
15439437359735240 9 -1
15439437359737890 16380 -1
15439437359737920 4 -1
15439437359737940 9 -1
15439437359740600 16379 -1
15439437359740620 5 -1
15439437359740642 9 -1
15439437359742760 12333 -1
15439437363856500 59 1
15439437363912380 130 -1
15439437363912600 9 -1
15439437363915600 16383 -1
15439437363915660 1 -1
15439437363915700 9 -1
15439437363918350 16382 -1
15439437363918400 2 -1
15439437363918430 9 -1
15439437363921080 16381 -1
15439437363921620 3 -1
15439437363921658 9 -1
15439437363924330 16380 -1
15439437363924360 4 -1
15439437363924380 9 -1
15439437363927040 16383 -1
15439437363927600 1 -1
15439437363927628 9 -1
15439437363929760 16382 -1
15439437363929790 2 -1
15439437363930308 9 -1
15439437363933042 16381 -1
15439437363933080 3 -1
15439437363933092 9 -1
15439437363933610 2987 -1
15439437368076520 78 1
15439437368131950 238 -1
15439437368132082 9 -1
15439437368133090 2439 -1
15439437372138730 58 1
15439437372195352 154 -1
15439437372195480 9 -1
15439437372198090 16383 -1
15439437372198630 1 -1
15439437372198670 9 -1
15439437372200798 16383 -1
15439437372201350 1 -1
15439437372201390 9 -1
15439437372204040 16382 -1
15439437372204070 2 -1
15439437372204090 9 -1
15439437372206790 16381 -1
15439437372206820 3 -1
15439437372207300 9 -1
15439437372209498 16380 -1
15439437372209530 4 -1
15439437372209548 9 -1
15439437372212210 16383 -1
15439437372212760 1 -1
15439437372212780 9 -1
15439437372215430 16382 -1
15439437372215450 2 -1
15439437372215468 9 -1
15439437372217578 12973 -1
15439437376394010 79 1
15439437376452590 148 -1
15439437376453120 9 -1
15439437376453700 2973 -1
15439437380465040 59 1
15439437380519170 152 -1
15439437380519670 9 -1
15439437380522370 16383 -1
15439437380522410 1 -1
15439437380522440 9 -1
15439437380525082 16383 -1
15439437380525128 1 -1
15439437380525150 9 -1
15439437380527840 16382 -1
15439437380527870 2 -1
15439437380528390 9 -1
15439437380530550 16381 -1
15439437380530570 3 -1
15439437380531110 9 -1
15439437380533270 14342 -1
15439437384582350 59 1
15439437384636970 108 -1
15439437384637510 9 -1
15439437384639708 16383 -1
15439437384640250 1 -1
15439437384640290 9 -1
15439437384642980 16383 -1
15439437384643030 1 -1
15439437384643070 9 -1
15439437384645620 16382 -1
15439437384645640 2 -1
15439437384645660 9 -1
15439437384648380 16381 -1
15439437384648400 3 -1
15439437384648900 9 -1
15439437384651590 16380 -1
15439437384651610 4 -1
15439437384651630 9 -1
15439437384653700 16379 -1
15439437384654270 5 -1
15439437384654300 9 -1
15439437384656940 16383 -1
15439437384656960 1 -1
15439437384656970 9 -1
15439437384659640 16382 -1
15439437384659660 2 -1
15439437384660190 9 -1
15439437384660770 3629 -1
15439437388808400 59 1
15439437388863950 131 -1
15439437388864100 9 -1
15439437388867260 16383 -1
15439437388867322 1 -1
15439437388867380 9 -1
15439437388870010 16383 -1
15439437388870060 1 -1
15439437388870110 9 -1
15439437388872780 16382 -1
15439437388872818 2 -1
15439437388873300 9 -1
15439437388875490 16381 -1
15439437388875520 3 -1
15439437388876040 9 -1
15439437388878220 16383 -1
15439437388878260 1 -1
15439437388878788 9 -1
15439437388880940 16382 -1
15439437388881480 2 -1
15439437388881500 9 -1
15439437388883678 14014 -1
15439437393029330 59 1
15439437393083730 154 -1
15439437393083870 9 -1
15439437393087020 16383 -1
15439437393087090 1 -1
15439437393087130 9 -1
15439437393089700 16382 -1
15439437393089750 2 -1
15439437393089790 9 -1
15439437393092452 16383 -1
15439437393092470 1 -1
15439437393092490 9 -1
15439437393095140 16382 -1
15439437393095160 2 -1
15439437393095680 9 -1
15439437393097798 16381 -1
15439437393098340 3 -1
15439437393098360 9 -1
15439437393100550 16380 -1
15439437393101090 4 -1
15439437393101110 9 -1
15439437393103780 16383 -1
15439437393103790 1 -1
15439437393103810 9 -1
15439437393106480 16382 -1
15439437393106502 2 -1
15439437393106510 9 -1
15439437393107000 914 -1
15439437397300830 59 1
15439437397355480 131 -1
15439437397356030 9 -1
15439437397358790 16383 -1
15439437397358870 1 -1
15439437397358912 9 -1
15439437397361500 16383 -1
15439437397361550 1 -1
15439437397361578 9 -1
15439437397364190 16382 -1
15439437397364212 2 -1
15439437397364230 9 -1
15439437397366850 16381 -1
15439437397367410 3 -1
15439437397367440 9 -1
15439437397370100 16380 -1
15439437397370120 4 -1
15439437397370132 9 -1
15439437397372820 16383 -1
15439437397372848 1 -1
15439437397372870 9 -1
15439437397375560 16382 -1
15439437397375578 2 -1
15439437397376110 9 -1
15439437397378320 16381 -1
15439437397378350 3 -1
15439437397378870 9 -1
15439437397381050 16380 -1
15439437397381590 4 -1
15439437397381598 9 -1
15439437397384260 16379 -1
15439437397384282 5 -1
15439437397384290 9 -1
15439437397386930 16378 -1
15439437397386980 6 -1
15439437397386990 9 -1
15439437397388598 6058 -1
15439437401543050 77 1
15439437401596790 171 -1
15439437401597330 9 -1
15439437401597900 3329 -1
15439437405612330 397 1
15439437405677820 138 -1
15439437405678340 9 -1
15439437405680550 13292 -1
15439437409693260 397 1
15439437409887130 240 -1
15439437409887310 9 -1
15439437409890420 13205 -1
15439437413912460 59 1
15439437413967970 156 -1
15439437413968510 9 -1
15439437413971200 16383 -1
15439437413971240 1 -1
15439437413971270 9 -1
15439437413973948 16383 -1
15439437413974490 1 -1
15439437413974522 9 -1
15439437413977170 16382 -1
15439437413977190 2 -1
15439437413977200 9 -1
15439437413979910 16381 -1
15439437413979940 3 -1
15439437413980442 9 -1
15439437413982648 16383 -1
15439437413982680 1 -1
15439437413983210 9 -1
15439437413985390 16383 -1
15439437413985410 1 -1
15439437413985930 9 -1
15439437413988112 16382 -1
15439437413988140 2 -1
15439437413988650 9 -1
15439437413991020 3 -1
15439437413991088 9 -1
15439437413993000 7758 -1
15439437418279660 58 1
15439437418337740 119 -1
15439437418337892 9 -1
15439437418340990 16383 -1
15439437418341032 1 -1
15439437418341070 9 -1
15439437418344290 16383 -1
15439437418344330 1 -1
15439437418344368 9 -1
15439437418347052 16382 -1
15439437418347080 2 -1
15439437418347098 9 -1
15439437418350338 16381 -1
15439437418350360 3 -1
15439437418350370 9 -1
15439437418353040 16380 -1
15439437418353068 4 -1
15439437418353090 9 -1
15439437418355852 16379 -1
15439437418356400 5 -1
15439437418356430 9 -1
15439437418359080 16378 -1
15439437418359100 6 -1
15439437418359630 9 -1
15439437418359650 970 -1
15439437422598218 58 1
15439437422664300 127 -1
15439437422664850 9 -1
15439437422667530 16383 -1
15439437422667570 1 -1
15439437422668090 9 -1
15439437422670838 16383 -1
15439437422670888 1 -1
15439437422670920 9 -1
15439437422674020 16382 -1
15439437422674040 2 -1
15439437422674060 9 -1
15439437422676712 16383 -1
15439437422677260 1 -1
15439437422677290 9 -1
15439437422679920 16382 -1
15439437422679940 2 -1
15439437422679960 9 -1
0 0 0
15439437263935410 148 1
15439437263935410 207 1
15439437263935810 39 -1
15439437263935840 13 -1
15439437263991290 9 -1
15439437263995308 311 -1
15439437263995420 9 -1
15439437263995832 3329 -1
0 0 0
15439437264107038 148 1
15439437264107038 207 1
15439437264108282 39 -1
15439437264108830 13 -1
15439437264155310 9 -1
15439437264162012 309 -1
15439437264162130 9 -1
15439437264163230 4041 -1
0 0 0
15439437264104422 148 1
15439437264104422 208 1
0 0 0
15439437264567320 148 1
15439437264567320 196 1
