### "'56110 31380 41175 150831 180810 76611 46144 76851 94027 67904 64934 16298 16298 8490 9163 8077'"
0 0 0
15439514379944780 148 1
15439514379944780 184 1
15439514379944820 39 -1
15439514379944850 13 -1
15439514380000090 9 -1
15439514380007140 292 -1
15439514380007410 9 -1
15439514380010778 16383 -1
15439514380010778 1 -1
15439514380010840 9 -1
15439514380013010 16382 -1
15439514380013010 2 -1
15439514380013010 9 -1
15439514380062330 8407 -1
0 0 0
15439514379368760 148 1
15439514379368760 204 1
15439514379369820 39 -1
15439514379370338 13 -1
15439514379424130 9 -1
15439514379429988 312 -1
15439514379430030 9 -1
15439514379433160 16383 -1
15439514379433160 1 -1
15439514379433160 9 -1
15439514379435880 14996 -1
0 0 0
15439514379833240 39 -1
15439514379833332 13 -1
15439514379863030 148 1
15439514379863030 203 1
15439514379911252 9 -1
15439514379943590 312 -1
15439514379944120 9 -1
15439514379945230 2973 -1
0 0 0
15439514379480010 148 1
15439514379480010 203 1
0 0 0
15439514379806110 39 -1
15439514379806490 13 -1
15439514379935320 148 1
15439514379935320 204 1
15439514379990870 9 -1
15439514379997900 311 -1
15439514379998030 9 -1
15439514379998940 2261 -1
0 0 0
15439514379354270 148 1
15439514379354270 196 1
15439514379354342 39 -1
15439514379354370 13 -1
15439514379409298 9 -1
15439514379415740 309 -1
15439514379415780 9 -1
15439514379418760 16383 -1
15439514379418760 1 -1
15439514379418790 9 -1
15439514379421502 16383 -1
15439514379421502 1 -1
15439514379421502 9 -1
15439514379471300 16382 -1
15439514379471300 2 -1
15439514379471300 9 -1
15439514379473520 6958 -1
15439514383753260 59 1
15439514383815330 153 -1
15439514383815442 9 -1
15439514383818030 16383 -1
15439514383818030 1 -1
15439514383818030 9 -1
15439514383820650 16382 -1
15439514383820650 2 -1
15439514383820650 9 -1
15439514383823400 16381 -1
15439514383823400 3 -1
15439514383823400 9 -1
15439514383825000 16380 -1
15439514383825000 4 -1
15439514383825532 9 -1
15439514383827710 16383 -1
15439514383827710 1 -1
15439514383827710 9 -1
15439514383870038 16382 -1
15439514383870038 2 -1
15439514383870038 9 -1
15439514383872780 16381 -1
15439514383872780 3 -1
15439514383872780 9 -1
15439514383874920 16380 -1
15439514383874920 4 -1
15439514383874920 9 -1
15439514383877090 16379 -1
15439514383877170 5 -1
15439514383877640 9 -1
15439514383877640 3375 -1
15439514387923970 59 1
15439514387986218 130 -1
15439514387986340 9 -1
15439514387989048 16383 -1
15439514387989162 1 -1
15439514387989212 9 -1
15439514387991900 16382 -1
15439514387992042 2 -1
15439514387992080 9 -1
15439514387994760 16381 -1
15439514387994900 3 -1
15439514387994940 9 -1
15439514387998062 16380 -1
15439514387998130 4 -1
15439514387998170 9 -1
15439514388000792 16383 -1
15439514388000870 1 -1
15439514388000910 9 -1
15439514388003572 16382 -1
15439514388003622 2 -1
15439514388003660 9 -1
15439514388005920 16381 -1
15439514388006360 3 -1
15439514388006440 9 -1
15439514388008690 16380 -1
15439514388009210 4 -1
15439514388009270 9 -1
15439514388011920 16379 -1
15439514388011980 5 -1
15439514388012012 9 -1
15439514388014560 16378 -1
15439514388015110 6 -1
15439514388015140 9 -1
15439514388017840 16377 -1
15439514388017868 7 -1
15439514388017890 9 -1
15439514388018400 586 -1
15439514392316110 78 1
15439514392376260 169 -1
15439514392376800 9 -1
15439514392377360 2973 -1
15439514396384370 59 1
15439514396449580 130 -1
15439514396450130 9 -1
15439514396452350 16383 -1
15439514396452890 1 -1
15439514396452950 9 -1
15439514396455040 16383 -1
15439514396455590 1 -1
15439514396455610 9 -1
15439514396458312 16382 -1
15439514396458330 2 -1
15439514396458350 9 -1
15439514396460970 16381 -1
15439514396460990 3 -1
15439514396461010 9 -1
15439514396463150 11075 -1
15439514400540550 77 1
15439514400601160 170 -1
15439514400601690 9 -1
15439514400602810 3685 -1
15439514404610670 59 1
15439514404672900 130 -1
15439514404673008 9 -1
15439514404675560 16383 -1
15439514404675580 1 -1
15439514404676070 9 -1
15439514404678190 16383 -1
15439514404678720 1 -1
15439514404678750 9 -1
15439514404680930 13376 -1
15439514408715960 58 1
15439514408798202 129 -1
15439514408798310 9 -1
15439514408801370 16383 -1
15439514408801910 1 -1
15439514408801940 9 -1
15439514408804100 16383 -1
15439514408804650 1 -1
15439514408804670 9 -1
15439514408807320 16382 -1
15439514408807350 2 -1
15439514408807370 9 -1
15439514408810070 16381 -1
15439514408810100 3 -1
15439514408810620 9 -1
15439514408812302 11315 -1
15439514412925870 9 1
15439514412925870 91 1
15439514412991310 183 -1
15439514412991440 9 -1
15439514412994658 16383 -1
15439514412994690 1 -1
15439514412994720 9 -1
15439514412997330 16383 -1
15439514412997360 1 -1
15439514412997380 9 -1
15439514413000080 16382 -1
15439514413000620 2 -1
15439514413000650 9 -1
15439514413003380 16381 -1
15439514413003408 3 -1
15439514413003932 9 -1
15439514413006100 16383 -1
15439514413006130 1 -1
15439514413006660 9 -1
15439514413008348 12107 -1
15439514417211710 88 1
15439514417276240 159 -1
15439514417276750 9 -1
15439514417279430 16383 -1
15439514417279460 1 -1
15439514417279980 9 -1
15439514417282670 16382 -1
15439514417282700 2 -1
15439514417282720 9 -1
15439514417285380 16381 -1
15439514417285400 3 -1
15439514417285920 9 -1
15439514417288680 16380 -1
15439514417288712 4 -1
15439514417288730 9 -1
15439514417289250 2368 -1
15439514421353158 88 1
15439514421417520 285 -1
15439514421418040 9 -1
15439514421420240 16383 -1
15439514421420800 1 -1
15439514421420820 9 -1
15439514421423460 16382 -1
15439514421423480 2 -1
15439514421424020 9 -1
15439514421426230 16383 -1
15439514421426740 1 -1
15439514421426762 9 -1
15439514421428910 15782 -1
15439514425481630 73 1
15439514425543030 130 -1
15439514425543530 9 -1
15439514425546320 16298 -1
15439514429561670 80 1
15439514429636410 119 -1
15439514429636518 9 -1
15439514429639600 16298 -1
15439514433650538 78 1
15439514433711988 171 -1
15439514433712520 9 -1
15439514433713650 2617 -1
15439514437726040 77 1
15439514437786118 135 -1
15439514437786210 9 -1
15439514437787148 2795 -1
15439514441799480 78 1
15439514441867790 170 -1
15439514441867910 9 -1
15439514441868840 3151 -1
15439514445879000 63 1
15439514445940080 124 -1
15439514445940630 9 -1
15439514445941760 4014 -1
15439514449950572 63 1
15439514450012370 153 -1
15439514450012920 9 -1
15439514450014020 4870 -1
15439514454025960 63 1
15439514454090840 129 -1
15439514454091320 9 -1
15439514454093600 8490 -1
15439514458108360 63 1
15439514458169898 116 -1
15439514458170430 9 -1
15439514458173190 9163 -1
15439514462187350 63 1
15439514462287682 151 -1
15439514462287878 9 -1
15439514462290462 5958 -1
15439514466305850 63 1
15439514466368980 233 -1
15439514466369080 9 -1
15439514466371090 8077 -1
