### "'99922 15539 97072 280755 145038 89567 100737 42779 42571 88112 20727 46000 59985 106162 9463 9444 8317 20727'"
0 0 0
15439574182914842 148 1
15439574182914842 208 1
15439574182915340 39 -1
15439574182915370 13 -1
15439574182970520 9 -1
15439574182977222 310 -1
15439574182977950 9 -1
15439574182978520 1883 -1
0 0 0
15439574183003220 39 -1
15439574183003250 13 -1
15439574183090400 148 1
15439574183090400 208 1
15439574183145910 9 -1
15439574183150130 311 -1
15439574183150200 9 -1
15439574183152370 3151 -1
0 0 0
15439574183072742 148 1
15439574183072742 189 1
0 0 0
15439574183292730 148 1
15439574183292730 208 1
15439574183293250 39 -1
15439574183293290 13 -1
15439574183349062 9 -1
15439574183362960 311 -1
15439574183363472 9 -1
15439574183364028 2973 -1
0 0 0
15439574182912080 148 1
15439574182912080 209 1
15439574182912460 39 -1
15439574182913010 13 -1
15439574182968080 9 -1
15439574182971398 311 -1
15439574182971440 9 -1
15439574182974940 15539 -1
0 0 0
15439574182922210 148 1
15439574182922210 200 1
15439574182922270 39 -1
15439574182922600 13 -1
15439574182976380 9 -1
15439574182999452 307 -1
15439574182999940 9 -1
15439574183002630 16383 -1
15439574183002630 1 -1
15439574183002630 9 -1
15439574183005290 16382 -1
15439574183005290 2 -1
15439574183005290 9 -1
15439574183054960 16381 -1
15439574183054960 3 -1
15439574183054960 9 -1
15439574183057690 16380 -1
15439574183057690 4 -1
15439574183057690 9 -1
15439574183059780 16383 -1
15439574183059780 1 -1
15439574183059780 9 -1
15439574183062552 16382 -1
15439574183062552 2 -1
15439574183062552 9 -1
15439574183062552 1618 -1
15439574187494870 78 1
15439574187554560 147 -1
15439574187555030 9 -1
15439574187555600 2617 -1
15439574191564900 78 1
15439574191625208 170 -1
15439574191625360 9 -1
15439574191626320 2617 -1
15439574195640440 78 1
15439574195710362 147 -1
15439574195711470 9 -1
15439574195713180 2795 -1
15439574199723092 58 1
15439574201575698 153 -1
15439574201576180 9 -1
15439574201578910 16383 -1
15439574201578980 1 -1
15439574201579010 9 -1
15439574201581650 16383 -1
15439574201582180 1 -1
15439574201582220 9 -1
15439574201584900 16382 -1
15439574201585450 2 -1
15439574201585482 9 -1
15439574201588212 16381 -1
15439574201588240 3 -1
15439574201588262 9 -1
15439574201591490 16383 -1
15439574201591520 1 -1
15439574201591540 9 -1
15439574201594250 15152 -1
15439574205670600 58 1
15439574205732902 131 -1
15439574205733470 9 -1
15439574205736800 16383 -1
15439574205736850 1 -1
15439574205736880 9 -1
15439574205740090 16382 -1
15439574205740130 2 -1
15439574205740160 9 -1
15439574205742860 16381 -1
15439574205742920 3 -1
15439574205742960 9 -1
15439574205746120 16383 -1
15439574205746182 1 -1
15439574205746250 9 -1
15439574205748830 16382 -1
15439574205748898 2 -1
15439574205749400 9 -1
15439574205752180 16381 -1
15439574205752230 3 -1
15439574205752270 9 -1
15439574205755090 16380 -1
15439574205755640 4 -1
15439574205755660 9 -1
15439574205788800 16379 -1
15439574205788838 5 -1
15439574205789362 9 -1
15439574205792100 16378 -1
15439574205792130 6 -1
15439574205792160 9 -1
15439574205796462 16383 -1
15439574205796500 1 -1
15439574205796520 9 -1
15439574205798060 16382 -1
15439574205798140 2 -1
15439574205798170 9 -1
15439574205801340 16381 -1
15439574205801380 3 -1
15439574205801900 9 -1
15439574205804550 16380 -1
15439574205804570 4 -1
15439574205805120 9 -1
15439574205807260 16379 -1
15439574205807290 5 -1
15439574205807810 9 -1
15439574205810562 16378 -1
15439574205810590 6 -1
15439574205810608 9 -1
15439574205813860 16377 -1
15439574205813890 7 -1
15439574205813900 9 -1
15439574205816570 16376 -1
15439574205817102 8 -1
15439574205817130 9 -1
15439574205817670 2227 -1
15439574209994832 58 1
15439574210069100 140 -1
15439574210069640 9 -1
15439574210072940 16383 -1
15439574210072990 1 -1
15439574210073030 9 -1
15439574210076190 16383 -1
15439574210076230 1 -1
15439574210076260 9 -1
15439574210078990 16382 -1
15439574210079550 2 -1
15439574210079580 9 -1
15439574210082190 16381 -1
15439574210082210 3 -1
15439574210082740 9 -1
15439574210085480 16380 -1
15439574210085500 4 -1
15439574210085520 9 -1
15439574210088170 16383 -1
15439574210088200 1 -1
15439574210088720 9 -1
15439574210091432 16382 -1
15439574210091460 2 -1
15439574210091490 9 -1
15439574210094100 16381 -1
15439574210094640 3 -1
15439574210094668 9 -1
15439574210096778 13966 -1
15439574214143800 58 1
15439574214210860 130 -1
15439574214211410 9 -1
15439574214214110 16383 -1
15439574214214150 1 -1
15439574214214180 9 -1
15439574214216900 16382 -1
15439574214217442 2 -1
15439574214217492 9 -1
15439574214219640 16383 -1
15439574214220180 1 -1
15439574214220230 9 -1
15439574214222970 16382 -1
15439574214223020 2 -1
15439574214223520 9 -1
15439574214225700 16381 -1
15439574214226220 3 -1
15439574214226260 9 -1
15439574214227840 7647 -1
15439574218318270 58 1
15439574218390760 131 -1
15439574218391330 9 -1
15439574218394610 16383 -1
15439574218394650 1 -1
15439574218394680 9 -1
15439574218397310 16383 -1
15439574218397830 1 -1
15439574218397920 9 -1
15439574218400580 16382 -1
15439574218400620 2 -1
15439574218400650 9 -1
15439574218403290 16381 -1
15439574218403320 3 -1
15439574218403820 9 -1
15439574218406652 16380 -1
15439574218406710 4 -1
15439574218406740 9 -1
15439574218409500 16379 -1
15439574218410110 5 -1
15439574218410190 9 -1
15439574218410612 2433 -1
15439574222559840 79 1
15439574222631310 158 -1
15439574222631820 9 -1
15439574222632400 3151 -1
15439574226641550 58 1
15439574226711308 230 -1
15439574226711850 9 -1
15439574226714600 16383 -1
15439574226715118 1 -1
15439574226715160 9 -1
15439574226718150 16383 -1
15439574226718212 1 -1
15439574226718240 9 -1
15439574226720108 10011 -1
15439574230814732 59 1
15439574230892070 153 -1
15439574230892610 9 -1
15439574230894780 15874 -1
15439574230894850 510 -1
15439574230895340 9 -1
15439574230898070 15873 -1
15439574230898120 511 -1
15439574230898170 9 -1
15439574230899720 9803 -1
15439574234975210 58 1
15439574235046050 131 -1
15439574235046210 9 -1
15439574235048800 16383 -1
15439574235049282 1 -1
15439574235049310 9 -1
15439574235052012 16383 -1
15439574235052062 1 -1
15439574235052090 9 -1
15439574235054728 16382 -1
15439574235055260 2 -1
15439574235055280 9 -1
15439574235057960 16381 -1
15439574235057982 3 -1
15439574235058520 9 -1
15439574235060690 16380 -1
15439574235061240 4 -1
15439574235061260 9 -1
15439574235062390 6192 -1
15439574239142910 9 1
15439574239142910 70 1
15439574239207470 157 -1
15439574239208010 9 -1
15439574239211860 16383 -1
15439574239211890 1 -1
15439574239211920 9 -1
15439574239213000 4343 -1
15439574243238520 88 1
15439574243301560 180 -1
15439574243301712 9 -1
15439574243304810 16383 -1
15439574243304852 1 -1
15439574243304880 9 -1
15439574243307660 16383 -1
15439574243307720 1 -1
15439574243307740 9 -1
15439574243309742 13232 -1
15439574247346520 66 1
15439574247418070 156 -1
15439574247418210 9 -1
15439574247421290 16383 -1
15439574247421340 1 -1
15439574247421392 9 -1
15439574247424080 16382 -1
15439574247424140 2 -1
15439574247424180 9 -1
15439574247426770 16383 -1
15439574247426800 1 -1
15439574247427310 9 -1
15439574247428960 10833 -1
15439574251479570 88 1
15439574251551730 181 -1
15439574251552250 9 -1
15439574251554920 16383 -1
15439574251554958 1 -1
15439574251555000 9 -1
15439574251557650 16382 -1
15439574251558210 2 -1
15439574251558260 9 -1
15439574251560928 16383 -1
15439574251560970 1 -1
15439574251561480 9 -1
15439574251564200 16382 -1
15439574251564250 2 -1
15439574251564280 9 -1
15439574251566890 16381 -1
15439574251566910 3 -1
15439574251567450 9 -1
15439574251569632 16380 -1
15439574251570180 4 -1
15439574251570200 9 -1
15439574251571300 7858 -1
15439574255707322 78 1
15439574255765368 134 -1
15439574255765520 9 -1
15439574255766448 2439 -1
15439574259773510 79 1
15439574259834470 148 -1
15439574259834620 9 -1
15439574259835560 2973 -1
15439574263842640 78 1
15439574263902710 171 -1
15439574263903260 9 -1
15439574263904380 3329 -1
15439574267912930 78 1
15439574267973620 234 -1
15439574267973772 9 -1
15439574267974680 2795 -1
15439574271985330 78 1
15439574272048100 170 -1
15439574272048622 9 -1
15439574272049748 2973 -1
15439574276063530 62 1
15439574276138238 129 -1
15439574276138440 9 -1
15439574276139860 6374 -1
15439574280157300 62 1
15439574280229558 151 -1
15439574280230050 9 -1
15439574280231690 9463 -1
15439574284251030 63 1
15439574284320500 129 -1
15439574284320700 9 -1
15439574284323102 9444 -1
15439574288338370 63 1
15439574288399960 131 -1
15439574288400480 9 -1
15439574288402150 8317 -1
15439574292424460 63 1
15439574292488370 153 -1
15439574292488540 9 -1
15439574292490570 4431 -1
15439574296503070 63 1
15439574296745610 129 -1
15439574296745852 9 -1
15439574296747950 4100 -1
15439574300773630 67 1
15439574300835360 180 -1
15439574300835940 9 -1
15439574300838630 16383 -1
15439574300839180 1 -1
15439574300839220 9 -1
15439574300839750 4343 -1
