### "'56337 58419 8313 30746 58017 8209 83710 106020 240325 22203 158527 132172 73649 47281 32021 18998'"
0 0 0
15439593700874610 148 1
15439593700874610 207 1
15439593700874970 39 -1
15439593700875000 13 -1
15439593700922830 9 -1
15439593700928430 311 -1
15439593700928510 9 -1
15439593700929540 2795 -1
0 0 0
15439593700572140 148 1
15439593700572140 208 1
0 0 0
15439593700604380 148 1
15439593700604380 207 1
15439593700604848 39 -1
15439593700605422 13 -1
15439593700659270 9 -1
15439593700665330 311 -1
15439593700666460 9 -1
15439593700667080 1959 -1
0 0 0
15439593700489440 148 1
15439593700489440 201 1
15439593700489830 39 -1
15439593700489882 13 -1
15439593700537970 9 -1
15439593700542950 309 -1
15439593700543448 9 -1
15439593700545640 16383 -1
15439593700545640 1 -1
15439593700546170 9 -1
15439593700548370 16383 -1
15439593700590620 1 -1
15439593700590620 9 -1
15439593700592730 16382 -1
15439593700592730 2 -1
15439593700592730 9 -1
15439593700593830 9267 -1
15439593704635640 78 1
15439593704768860 156 -1
15439593704768970 9 -1
15439593704771840 8313 -1
15439593708786768 78 1
15439593708864100 147 -1
15439593708864232 9 -1
15439593708865140 2795 -1
15439593712872340 78 1
15439593712926270 95 -1
15439593712926740 9 -1
15439593712926770 1731 -1
15439593716933250 78 1
15439593716995900 147 -1
15439593716996440 9 -1
15439593716997002 2083 -1
15439593721007970 58 1
15439593721074008 153 -1
15439593721074110 9 -1
15439593721076780 16383 -1
15439593721076820 1 -1
15439593721076838 9 -1
15439593721079000 14362 -1
15439593725123740 78 1
15439593725179510 73 -1
15439593725179998 9 -1
15439593725180040 1579 -1
15439593729191350 9 1
15439593729191350 90 1
15439593729245680 160 -1
15439593729246220 9 -1
15439593729248940 16383 -1
15439593729248970 1 -1
15439593729249480 9 -1
15439593729251640 16382 -1
15439593729251658 2 -1
15439593729251670 9 -1
15439593729254292 16383 -1
15439593729254310 1 -1
15439593729254330 9 -1
15439593729255920 8865 -1
15439593733303830 78 1
15439593733356710 171 -1
15439593733357250 9 -1
15439593733357288 2795 -1
15439593737376800 77 1
15439593737431222 148 -1
15439593737431740 9 -1
15439593737432260 2973 -1
15439593741438090 78 1
15439593741493700 170 -1
15439593741494250 9 -1
15439593741494300 2973 -1
15439593745501740 77 1
15439593745556510 252 -1
15439593745557050 9 -1
15439593745557620 3151 -1
15439593749564518 78 1
15439593749624920 147 -1
15439593749625462 9 -1
15439593749626010 2795 -1
15439593753635390 63 1
15439593753690482 148 -1
15439593753690670 9 -1
15439593753693450 7217 -1
15439593757702250 63 1
15439593761701970 62 1
15439593761757710 151 -1
15439593761758252 9 -1
15439593761761230 8209 -1
15439593764820790 130 -1
15439593764821280 9 -1
15439593764824060 7598 -1
15439593768836120 63 1
15439593768892160 125 -1
15439593768892692 9 -1
15439593768894948 7965 -1
15439593772902720 63 1
15439593772960980 148 -1
15439593772961522 9 -1
15439593772962080 3970 -1
15439593776968820 63 1
15439593777023088 129 -1
15439593777023600 9 -1
15439593777025280 6112 -1
15439593783829538 78 1
15439593783883728 158 -1
15439593783884290 9 -1
15439593783884800 2795 -1
15439593787899340 78 1
15439593787952990 59 -1
15439593787953510 9 -1
15439593787954100 1959 -1
15439593791960880 59 1
15439593792015582 149 -1
15439593792016110 9 -1
15439593792018260 16383 -1
15439593792018830 1 -1
15439593792018860 9 -1
15439593792021598 16383 -1
15439593792021620 1 -1
15439593792021640 9 -1
15439593792023780 16382 -1
15439593792024332 2 -1
15439593792024360 9 -1
15439593792026570 16381 -1
15439593792026588 3 -1
15439593792027120 9 -1
15439593792029272 16380 -1
15439593792029290 4 -1
15439593792029840 9 -1
15439593792030398 1790 -1
15439593796151530 59 1
15439593796206680 142 -1
15439593796207212 9 -1
15439593796209380 16383 -1
15439593796209920 1 -1
15439593796209940 9 -1
15439593796212110 16383 -1
15439593796212658 1 -1
15439593796212670 9 -1
15439593796214840 16383 -1
15439593796214860 1 -1
15439593796215380 9 -1
15439593796217540 16383 -1
15439593796217560 1 -1
15439593796218090 9 -1
15439593796220282 16382 -1
15439593796220300 2 -1
15439593796220840 9 -1
15439593796223012 16381 -1
15439593796223030 3 -1
15439593796223050 9 -1
15439593796224610 7716 -1
15439593800359280 58 1
15439593800414700 125 -1
15439593800414800 9 -1
15439593800417920 16383 -1
15439593800417950 1 -1
15439593800417970 9 -1
15439593800420620 16383 -1
15439593800420640 1 -1
15439593800420660 9 -1
15439593800422800 16382 -1
15439593800423360 2 -1
15439593800423378 9 -1
15439593800425560 16381 -1
15439593800425590 3 -1
15439593800425610 9 -1
15439593800428240 16383 -1
15439593800428268 1 -1
15439593800428770 9 -1
15439593800430960 16382 -1
15439593800431010 2 -1
15439593800431420 9 -1
15439593800433550 16381 -1
15439593800433568 3 -1
15439593800434100 9 -1
15439593800463820 16383 -1
15439593800464360 1 -1
15439593800464390 9 -1
15439593800469270 16382 -1
15439593800469288 2 -1
15439593800469310 9 -1
15439593800469552 16381 -1
15439593800469580 3 -1
15439593800469630 9 -1
15439593800472168 16383 -1
15439593800472200 1 -1
15439593800472692 9 -1
15439593800474870 16382 -1
15439593800475410 2 -1
15439593800475440 9 -1
15439593800477632 16381 -1
15439593800477660 3 -1
15439593800477682 9 -1
15439593800480340 16380 -1
15439593800480370 4 -1
15439593800480880 9 -1
15439593800482510 10949 -1
15439593804730050 405 1
15439593804784740 124 -1
15439593804785250 9 -1
15439593804787440 16383 -1
15439593804787460 1 -1
15439593804787992 9 -1
15439593804789100 5819 -1
15439593813598520 78 1
15439593813652630 202 -1
15439593813652780 9 -1
15439593813654252 3863 -1
15439593817671750 58 1
15439593817725790 117 -1
15439593817726330 9 -1
15439593817728470 16383 -1
15439593817729010 1 -1
15439593817729030 9 -1
15439593817731230 16383 -1
15439593817731760 1 -1
15439593817731790 9 -1
15439593817733942 16382 -1
15439593817733970 2 -1
15439593817734490 9 -1
15439593817736730 16381 -1
15439593817737260 3 -1
15439593817737278 9 -1
15439593817739490 16383 -1
15439593817740040 1 -1
15439593817740058 9 -1
15439593817742218 16382 -1
15439593817742770 2 -1
15439593817742792 9 -1
15439593817745420 16381 -1
15439593817745450 3 -1
15439593817745460 9 -1
15439593817748080 16380 -1
15439593817748100 4 -1
15439593817748630 9 -1
15439593817750740 16379 -1
15439593817751278 5 -1
15439593817751300 9 -1
15439593817752920 11071 -1
15439593821880510 58 1
15439593821935250 96 -1
15439593821935350 9 -1
15439593821938510 16383 -1
15439593821938570 1 -1
15439593821938592 9 -1
15439593821941250 16383 -1
15439593821941290 1 -1
15439593821941308 9 -1
15439593821943930 16382 -1
15439593821943960 2 -1
15439593821944480 9 -1
15439593821946722 16381 -1
15439593821947260 3 -1
15439593821947278 9 -1
15439593821949450 16383 -1
15439593821950000 1 -1
15439593821950020 9 -1
15439593821952730 16382 -1
15439593821952760 2 -1
15439593821952780 9 -1
15439593821955410 16381 -1
15439593821955430 3 -1
15439593821955440 9 -1
15439593821958170 16380 -1
15439593821958200 4 -1
15439593821958690 9 -1
15439593821958700 1100 -1
15439593826191940 78 1
15439593826246570 134 -1
15439593826247100 9 -1
15439593826248210 3151 -1
15439593830258510 78 1
15439593830314460 171 -1
15439593830314620 9 -1
15439593830315530 3329 -1
15439593834325510 79 1
15439593834379680 148 -1
15439593834380200 9 -1
15439593834380770 2973 -1
15439593838389140 88 1
15439593838446218 159 -1
15439593838446450 9 -1
15439593838448960 16383 -1
15439593838449470 1 -1
15439593838449550 9 -1
15439593838452188 16382 -1
15439593838452230 2 -1
15439593838452270 9 -1
15439593838454890 16381 -1
15439593838454930 3 -1
15439593838455420 9 -1
15439593838457590 16380 -1
15439593838457630 4 -1
15439593838458140 9 -1
15439593838459230 8113 -1
15439593843930380 59 1
15439593843985210 148 -1
15439593843985760 9 -1
15439593843987940 16383 -1
15439593843988490 1 -1
15439593843988530 9 -1
15439593843991200 16383 -1
15439593843991250 1 -1
15439593843991290 9 -1
15439593843993968 14513 -1
15439593848251430 78 1
15439593852251250 58 1
15439593852304770 154 -1
15439593852305350 9 -1
15439593852308050 16383 -1
15439593852308100 1 -1
15439593852308130 9 -1
15439593852310800 15637 -1
15439593856351020 407 1
15439593856407170 241 -1
15439593856407700 9 -1
15439593856410460 16383 -1
15439593856410502 1 -1
15439593856410520 9 -1
15439593856411040 2614 -1
15439593858938028 147 -1
15439593858938170 9 -1
15439593858939100 3329 -1
0 0 0
15439593700647940 148 1
15439593700647940 188 1
15439593700648410 39 -1
15439593700648430 13 -1
15439593700702630 9 -1
15439593700710540 293 -1
15439593700710620 9 -1
15439593700713130 16383 -1
15439593700713130 1 -1
15439593700713180 9 -1
15439593700715850 16382 -1
15439593700715850 2 -1
15439593700715850 9 -1
15439593700766820 16381 -1
15439593700766820 3 -1
15439593700766820 9 -1
15439593700767320 7185 -1
0 0 0
15439593700946960 148 1
15439593700946960 207 1
15439593700947020 39 -1
15439593700947060 13 -1
15439593700995590 9 -1
15439593701001630 311 -1
15439593701002172 9 -1
15439593701002728 3329 -1
