### "'127408 29018 152168 156316 152609 82114 102553 219840 124644 122874 106359 166324 222146 255475 39176 70476 21300 152199 20832 68407 91803 82689 31323'"
0 0 0
15439657733892990 39 -1
15439657733893020 13 -1
15439657734116830 148 1
15439657734116830 194 1
15439657734125610 13 -1
15439657734165040 9 -1
15439657734170560 308 -1
15439657734170640 9 -1
15439657734173840 16383 -1
15439657734173840 1 -1
15439657734173910 9 -1
15439657734176568 16383 -1
15439657734176568 1 -1
15439657734176568 9 -1
15439657734219820 16382 -1
15439657734219820 2 -1
15439657734219820 9 -1
15439657734222560 16381 -1
15439657734222560 3 -1
15439657734222560 9 -1
15439657734224680 16383 -1
15439657734224680 1 -1
15439657734224680 9 -1
15439657734226820 16382 -1
15439657734226820 2 -1
15439657734226820 9 -1
15439657734229010 16383 -1
15439657734229010 1 -1
15439657734229010 9 -1
15439657734265050 12720 -1
15439657738739172 58 1
15439657738792810 130 -1
15439657738793020 9 -1
15439657738796042 16383 -1
15439657738796080 1 -1
15439657738796598 9 -1
15439657738798770 16383 -1
15439657738799310 1 -1
15439657738799360 9 -1
15439657738801990 16382 -1
15439657738802030 2 -1
15439657738802062 9 -1
15439657738804700 16381 -1
15439657738804728 3 -1
15439657738804750 9 -1
15439657738807930 16383 -1
15439657738807960 1 -1
15439657738807982 9 -1
15439657738810640 16382 -1
15439657738810670 2 -1
15439657738810690 9 -1
15439657738813290 16381 -1
15439657738813320 3 -1
15439657738813332 9 -1
15439657738841770 16380 -1
15439657738842320 4 -1
15439657738842350 9 -1
15439657738845010 16379 -1
15439657738845028 5 -1
15439657738845560 9 -1
15439657738846108 4712 -1
15439657742867950 58 1
15439657742922550 154 -1
15439657742923018 9 -1
15439657742925090 16383 -1
15439657742925640 1 -1
15439657742925720 9 -1
15439657742927820 16383 -1
15439657742928290 1 -1
15439657742928340 9 -1
15439657742931010 16383 -1
15439657742931048 1 -1
15439657742931080 9 -1
15439657742933770 16383 -1
15439657742933820 1 -1
15439657742933860 9 -1
15439657742936460 16383 -1
15439657742937000 1 -1
15439657742937050 9 -1
15439657742939730 16383 -1
15439657742939770 1 -1
15439657742939810 9 -1
15439657742942450 16382 -1
15439657742942500 2 -1
15439657742942540 9 -1
15439657742944900 16381 -1
15439657742945148 3 -1
15439657742945690 9 -1
15439657742947870 16383 -1
15439657742948430 1 -1
15439657742948452 9 -1
15439657742950060 8860 -1
15439657747104370 58 1
15439657747158790 127 -1
15439657747159310 9 -1
15439657747161490 16383 -1
15439657747162020 1 -1
15439657747162060 9 -1
15439657747164732 16383 -1
15439657747164790 1 -1
15439657747164832 9 -1
15439657747167480 16382 -1
15439657747167540 2 -1
15439657747167580 9 -1
15439657747170160 16381 -1
15439657747170710 3 -1
15439657747170770 9 -1
15439657747172890 16380 -1
15439657747173430 4 -1
15439657747173470 9 -1
15439657747176198 16379 -1
15439657747176220 5 -1
15439657747176240 9 -1
15439657747178910 16378 -1
15439657747178940 6 -1
15439657747179460 9 -1
15439657747181650 16377 -1
15439657747181680 7 -1
15439657747182200 9 -1
15439657747184450 16383 -1
15439657747184970 1 -1
15439657747185010 9 -1
15439657747186090 5153 -1
15439657751386420 58 1
15439657751440930 153 -1
15439657751441160 9 -1
15439657751443570 16383 -1
15439657751444110 1 -1
15439657751444200 9 -1
15439657751446900 16383 -1
15439657751446960 1 -1
15439657751447010 9 -1
15439657751449630 16382 -1
15439657751449690 2 -1
15439657751449720 9 -1
15439657751452350 16381 -1
15439657751452898 3 -1
15439657751452920 9 -1
15439657751455600 16380 -1
15439657751455628 4 -1
15439657751455650 9 -1
15439657751456160 194 -1
15439657755510240 58 1
15439657755567370 131 -1
15439657755567880 9 -1
15439657755570058 16383 -1
15439657755570610 1 -1
15439657755570660 9 -1
15439657755573298 16383 -1
15439657755573340 1 -1
15439657755573370 9 -1
15439657755576040 16382 -1
15439657755576060 2 -1
15439657755576590 9 -1
15439657755579260 16381 -1
15439657755579290 3 -1
15439657755579300 9 -1
15439657755581940 16380 -1
15439657755581970 4 -1
15439657755581990 9 -1
15439657755584670 16379 -1
15439657755584690 5 -1
15439657755584710 9 -1
15439657755585820 4249 -1
15439657759634490 59 1
15439657759689470 118 -1
15439657759690010 9 -1
15439657759692690 16383 -1
15439657759692730 1 -1
15439657759692770 9 -1
15439657759695420 16382 -1
15439657759695960 2 -1
15439657759696000 9 -1
15439657759698160 16383 -1
15439657759698710 1 -1
15439657759698730 9 -1
15439657759701450 16382 -1
15439657759701468 2 -1
15439657759701490 9 -1
15439657759704120 16383 -1
15439657759704152 1 -1
15439657759704170 9 -1
15439657759706882 16382 -1
15439657759706910 2 -1
15439657759707430 9 -1
15439657759709530 16381 -1
15439657759710080 3 -1
15439657759710100 9 -1
15439657759712750 16380 -1
15439657759712770 4 -1
15439657759712790 9 -1
15439657759715450 16383 -1
15439657759715480 1 -1
15439657759715500 9 -1
15439657759718160 16382 -1
15439657759718190 2 -1
15439657759718680 9 -1
15439657759721438 16381 -1
15439657759721460 3 -1
15439657759721480 9 -1
15439657759723630 16380 -1
15439657759724172 4 -1
15439657759724200 9 -1
15439657759726440 16379 -1
15439657759726980 5 -1
15439657759727010 9 -1
15439657759728050 6848 -1
15439657763867340 58 1
15439657763921658 150 -1
15439657763922210 9 -1
15439657763924400 16383 -1
15439657763924912 1 -1
15439657763924970 9 -1
15439657763927710 16383 -1
15439657763927750 1 -1
15439657763927792 9 -1
15439657763930430 16382 -1
15439657763930450 2 -1
15439657763930470 9 -1
15439657763933130 16381 -1
15439657763933150 3 -1
15439657763933170 9 -1
15439657763935840 16380 -1
15439657763935850 4 -1
15439657763935872 9 -1
15439657763938560 16383 -1
15439657763938580 1 -1
15439657763939108 9 -1
15439657763941250 16382 -1
15439657763941800 2 -1
15439657763941820 9 -1
15439657763943440 9956 -1
15439657768036190 58 1
15439657768092280 131 -1
15439657768092490 9 -1
15439657768094972 16383 -1
15439657768095060 1 -1
15439657768095510 9 -1
15439657768098270 16383 -1
15439657768098360 1 -1
15439657768098390 9 -1
15439657768100960 16382 -1
15439657768100980 2 -1
15439657768101000 9 -1
15439657768104260 16383 -1
15439657768104290 1 -1
15439657768104310 9 -1
15439657768106930 16382 -1
15439657768106950 2 -1
15439657768107008 9 -1
15439657768109600 16383 -1
15439657768110140 1 -1
15439657768110170 9 -1
15439657768112860 16382 -1
15439657768112890 2 -1
15439657768112910 9 -1
15439657768114470 8186 -1
15439657772132370 59 1
15439657772186870 149 -1
15439657772187040 9 -1
15439657772190148 16383 -1
15439657772190198 1 -1
15439657772190240 9 -1
15439657772192890 16383 -1
15439657772193450 1 -1
15439657772193490 9 -1
15439657772196130 16382 -1
15439657772196150 2 -1
15439657772196168 9 -1
15439657772199400 16383 -1
15439657772199420 1 -1
15439657772199440 9 -1
15439657772201632 16382 -1
15439657772202110 2 -1
15439657772202138 9 -1
15439657772204760 16383 -1
15439657772204780 1 -1
15439657772205310 9 -1
15439657772206380 8055 -1
15439657776292630 58 1
15439657776371610 131 -1
15439657776372148 9 -1
15439657776374878 16383 -1
15439657776374928 1 -1
15439657776374960 9 -1
15439657776377600 16382 -1
15439657776377650 2 -1
15439657776377680 9 -1
15439657776380320 16383 -1
15439657776380920 1 -1
15439657776380940 9 -1
15439657776383600 16382 -1
15439657776383628 2 -1
15439657776383650 9 -1
15439657776386290 16381 -1
15439657776386312 3 -1
15439657776386810 9 -1
15439657776389620 16380 -1
15439657776389640 4 -1
15439657776389660 9 -1
15439657776392332 16379 -1
15439657776392350 5 -1
15439657776392370 9 -1
15439657776395010 16383 -1
15439657776395040 1 -1
15439657776395540 9 -1
15439657776397830 16382 -1
15439657776397910 2 -1
15439657776397930 9 -1
15439657776401070 16381 -1
15439657776401090 3 -1
15439657776401110 9 -1
15439657776401588 2484 -1
15439657780550100 58 1
15439657780603982 254 -1
15439657780604500 9 -1
15439657780606670 16383 -1
15439657780607200 1 -1
15439657780607240 9 -1
15439657780609370 16383 -1
15439657780609920 1 -1
15439657780609970 9 -1
15439657780612650 16382 -1
15439657780612680 2 -1
15439657780612700 9 -1
15439657780615348 16381 -1
15439657780615370 3 -1
15439657780615390 9 -1
15439657780618060 16383 -1
15439657780618082 1 -1
15439657780618580 9 -1
15439657780620760 16382 -1
15439657780621318 2 -1
15439657780621340 9 -1
15439657780623510 16381 -1
15439657780623540 3 -1
15439657780624040 9 -1
15439657780626220 16380 -1
15439657780626750 4 -1
15439657780626770 9 -1
15439657780628980 16379 -1
15439657780629480 5 -1
15439657780629498 9 -1
15439657780632150 16378 -1
15439657780632170 6 -1
15439657780632680 9 -1
15439657780634840 16383 -1
15439657780635380 1 -1
15439657780635400 9 -1
15439657780638070 16382 -1
15439657780638102 2 -1
15439657780638120 9 -1
15439657780640770 16381 -1
15439657780640800 3 -1
15439657780641320 9 -1
15439657780642950 9154 -1
15439657784739600 58 1
15439657784794100 130 -1
15439657784794590 9 -1
15439657784796792 16383 -1
15439657784797298 1 -1
15439657784797340 9 -1
15439657784799990 16383 -1
15439657784800040 1 -1
15439657784800070 9 -1
15439657784802720 16383 -1
15439657784802770 1 -1
15439657784803250 9 -1
15439657784805930 16383 -1
15439657784805952 1 -1
15439657784805970 9 -1
15439657784808630 16383 -1
15439657784808650 1 -1
15439657784808670 9 -1
15439657784811380 16382 -1
15439657784811830 2 -1
15439657784811860 9 -1
15439657784814550 16383 -1
15439657784814580 1 -1
15439657784814600 9 -1
15439657784817780 1 -1
15439657784818298 9 -1
15439657784820982 16382 -1
15439657784821060 2 -1
15439657784821140 9 -1
15439657784823110 9715 -1
15439657789036910 9 1
15439657789036910 91 1
15439657789091070 159 -1
15439657789091610 9 -1
15439657789094370 16383 -1
15439657789094410 1 -1
15439657789094440 9 -1
15439657789097100 16383 -1
15439657789097140 1 -1
15439657789097158 9 -1
15439657789098780 6408 -1
15439657793133150 88 1
15439657793189120 183 -1
15439657793189660 9 -1
15439657793192370 16383 -1
15439657793192400 1 -1
15439657793192912 9 -1
15439657793195610 16382 -1
15439657793195700 2 -1
15439657793195730 9 -1
15439657793198300 16383 -1
15439657793198850 1 -1
15439657793198860 9 -1
15439657793201590 16382 -1
15439657793201640 2 -1
15439657793202140 9 -1
15439657793203270 4940 -1
15439657797292010 88 1
15439657797346540 158 -1
15439657797346790 9 -1
15439657797349750 16383 -1
15439657797349802 1 -1
15439657797349830 9 -1
15439657797351438 4916 -1
15439657801370152 88 1
15439657801424470 182 -1
15439657801425030 9 -1
15439657801427830 16383 -1
15439657801427860 1 -1
15439657801428380 9 -1
15439657801431120 16383 -1
15439657801431180 1 -1
15439657801431210 9 -1
15439657801433790 16382 -1
15439657801434340 2 -1
15439657801434370 9 -1
15439657801436998 16381 -1
15439657801437020 3 -1
15439657801437530 9 -1
15439657801440220 16380 -1
15439657801440238 4 -1
15439657801440260 9 -1
15439657801442880 16379 -1
15439657801443428 5 -1
15439657801443450 9 -1
15439657801446300 16383 -1
15439657801446322 1 -1
15439657801446340 9 -1
15439657801449100 16382 -1
15439657801449130 2 -1
15439657801449658 9 -1
15439657801452460 16381 -1
15439657801452500 3 -1
15439657801452990 9 -1
15439657801453510 4743 -1
15439657805546240 88 1
15439657805607110 145 -1
15439657805607620 9 -1
15439657805610300 16383 -1
15439657805610340 1 -1
15439657805610400 9 -1
15439657805611410 4448 -1
15439657809630160 89 1
15439657809684752 159 -1
15439657809684898 9 -1
15439657809688030 16383 -1
15439657809688580 1 -1
15439657809688630 9 -1
15439657809691310 16383 -1
15439657809691350 1 -1
15439657809691380 9 -1
15439657809694540 16382 -1
15439657809694560 2 -1
15439657809694582 9 -1
15439657809697822 16381 -1
15439657809697840 3 -1
15439657809697860 9 -1
15439657809698370 2871 -1
15439657813757442 87 1
15439657813811760 166 -1
15439657813812302 9 -1
15439657813815032 16383 -1
15439657813815070 1 -1
15439657813815100 9 -1
15439657813817812 16383 -1
15439657813818350 1 -1
15439657813818390 9 -1
15439657813821070 16382 -1
15439657813821090 2 -1
15439657813821110 9 -1
15439657813823710 16381 -1
15439657813824260 3 -1
15439657813824280 9 -1
15439657813826972 16380 -1
15439657813826990 4 -1
15439657813827000 9 -1
15439657813828580 9883 -1
15439657817926540 86 1
15439657817981200 160 -1
15439657817981730 9 -1
15439657817984450 16383 -1
15439657817984490 1 -1
15439657817984520 9 -1
15439657817987220 16383 -1
15439657817987260 1 -1
15439657817987298 9 -1
15439657817989950 16383 -1
15439657817990500 1 -1
15439657817990530 9 -1
15439657817993200 16383 -1
15439657817993210 1 -1
15439657817993230 9 -1
15439657817995980 16383 -1
15439657817996530 1 -1
15439657817996550 9 -1
15439657817996572 769 -1
15439657822067922 88 1
15439657822123520 281 -1
15439657822124060 9 -1
15439657822126780 16383 -1
15439657822126840 1 -1
15439657822126880 9 -1
15439657822129540 14939 -1
15439657826152390 78 1
15439657826205950 148 -1
15439657826206480 9 -1
15439657826207040 2261 -1
15439657830214580 77 1
15439657830269238 170 -1
15439657830269762 9 -1
15439657830269830 2617 -1
15439657834277390 78 1
15439657834331570 147 -1
15439657834332120 9 -1
15439657834332660 4041 -1
15439657838340620 78 1
15439657838392970 148 -1
15439657838393510 9 -1
15439657838394070 3329 -1
15439657842403410 78 1
15439657842458760 171 -1
15439657842459322 9 -1
15439657842459890 2617 -1
15439657846469830 63 1
15439657846524210 129 -1
15439657846524580 9 -1
15439657846525450 5226 -1
15439657850543280 63 1
15439657850597380 152 -1
15439657850597510 9 -1
15439657850599030 5321 -1
15439657854608610 62 1
15439657854662680 130 -1
15439657854663170 9 -1
15439657854664832 4679 -1
15439657858679258 62 1
15439657858740470 129 -1
15439657858741010 9 -1
15439657858743250 5994 -1
15439657862747750 63 1
15439657862801690 256 -1
15439657862801830 9 -1
15439657862803340 5570 -1
15439657866814230 63 1
15439657866870640 124 -1
15439657866870820 9 -1
15439657866873360 7707 -1
0 0 0
15439657734162070 39 -1
15439657734162130 13 -1
15439657734310740 148 1
15439657734310740 202 1
15439657734364970 9 -1
15439657734370440 312 -1
15439657734370530 9 -1
15439657734373150 16383 -1
15439657734373150 1 -1
15439657734373710 9 -1
15439657734375998 12634 -1
0 0 0
15439657734685928 148 1
15439657734685928 182 1
0 0 0
15439657734520270 148 1
15439657734520270 182 1
0 0 0
15439657734051722 39 -1
15439657734052132 13 -1
15439657734088810 148 1
15439657734088810 201 1
15439657734143150 9 -1
15439657734148790 310 -1
15439657734148850 9 -1
15439657734149430 1883 -1
0 0 0
15439657733979148 39 -1
15439657733979180 13 -1
15439657734075338 148 1
15439657734075338 201 1
15439657734123312 9 -1
15439657734127690 310 -1
15439657734127740 9 -1
15439657734129160 2617 -1
