### "'317831 131057 223180 158453 112228 11077 16298 8233 8429 8270 8234 50855 184216 128280 147690 61012 223658 46611 11077'"
0 0 0
15439985917645910 148 1
15439985917645910 201 1
0 0 0
15439985917138560 39 -1
15439985917139102 13 -1
15439985917165750 148 1
15439985917165750 202 1
15439985917217320 9 -1
15439985917221240 311 -1
15439985917221292 9 -1
15439985917221510 4319 -1
15439985921245430 58 1
15439985921298270 154 -1
15439985921298810 9 -1
15439985921301530 16383 -1
15439985921301530 1 -1
15439985921301580 9 -1
15439985921304268 16383 -1
15439985921304268 1 -1
15439985921304268 9 -1
15439985921348180 16382 -1
15439985921348180 2 -1
15439985921348180 9 -1
15439985921350328 16381 -1
15439985921350328 3 -1
15439985921350328 9 -1
15439985921352438 16383 -1
15439985921352438 1 -1
15439985921352438 9 -1
15439985921354720 16382 -1
15439985921354720 2 -1
15439985921354720 9 -1
15439985921357350 16381 -1
15439985921357350 3 -1
15439985921357350 9 -1
15439985921394930 16383 -1
15439985921394930 1 -1
15439985921394930 9 -1
15439985921397670 16382 -1
15439985921397670 2 -1
15439985921397670 9 -1
15439985921399820 16381 -1
15439985921399820 3 -1
15439985921399820 9 -1
15439985921401940 16380 -1
15439985921401940 4 -1
15439985921401940 9 -1
15439985921404582 16379 -1
15439985921404582 5 -1
15439985921404582 9 -1
15439985921406742 16378 -1
15439985921406742 6 -1
15439985921406742 9 -1
15439985921407830 10188 -1
15439985925583178 78 1
15439985925636750 143 -1
15439985925637090 9 -1
15439985925637168 2439 -1
15439985929652560 58 1
15439985929708540 131 -1
15439985929709070 9 -1
15439985929711310 16383 -1
15439985929711360 1 -1
15439985929711850 9 -1
15439985929714060 16383 -1
15439985929714570 1 -1
15439985929714602 9 -1
15439985929717320 16382 -1
15439985929717350 2 -1
15439985929717370 9 -1
15439985929720110 16381 -1
15439985929720140 3 -1
15439985929720160 9 -1
15439985929722828 16383 -1
15439985929722870 1 -1
15439985929722890 9 -1
15439985929725550 16382 -1
15439985929725580 2 -1
15439985929726100 9 -1
15439985929728320 16381 -1
15439985929728870 3 -1
15439985929728890 9 -1
15439985929731620 16380 -1
15439985929731640 4 -1
15439985929731660 9 -1
15439985929734320 16379 -1
15439985929734380 5 -1
15439985929734400 9 -1
15439985929735880 10997 -1
15439985933885600 78 1
15439985933939300 171 -1
15439985933939828 9 -1
15439985933941490 3863 -1
15439985937957530 78 1
15439985938010718 135 -1
15439985938011260 9 -1
15439985938011840 3329 -1
15439985942020560 79 1
15439985942075470 157 -1
15439985942075980 9 -1
15439985942076020 1807 -1
15439985946100120 58 1
15439985946154520 131 -1
15439985946155050 9 -1
15439985946157260 16383 -1
15439985946157820 1 -1
15439985946157840 9 -1
15439985946159930 16382 -1
15439985946160470 2 -1
15439985946160500 9 -1
15439985946163148 16381 -1
15439985946163170 3 -1
15439985946163180 9 -1
15439985946165870 16383 -1
15439985946165890 1 -1
15439985946166430 9 -1
15439985946168662 16382 -1
15439985946168680 2 -1
15439985946169150 9 -1
15439985946171320 16381 -1
15439985946171860 3 -1
15439985946171880 9 -1
15439985946174070 13924 -1
15439985950301760 9 1
15439985950301760 61 1
15439985950355880 154 -1
15439985950356380 9 -1
15439985950358018 11077 -1
15439985954375690 76 1
15439985954429670 142 -1
15439985954429790 9 -1
15439985954432370 16298 -1
15439985958442750 79 1
15439985958497810 252 -1
15439985958498350 9 -1
15439985958498920 3151 -1
15439985962512130 78 1
15439985962570550 178 -1
15439985962570660 9 -1
15439985962571722 5465 -1
15439985966584070 78 1
15439985966638920 146 -1
15439985966639472 9 -1
15439985966639990 2261 -1
15439985970652880 78 1
15439985970704450 170 -1
15439985970704990 9 -1
15439985970705560 2439 -1
15439985974721848 62 1
15439985974795580 129 -1
15439985974796140 9 -1
15439985974797202 7476 -1
15439985978812600 63 1
15439985978866780 129 -1
15439985978867330 9 -1
15439985978869988 8233 -1
15439985982891660 63 1
15439985982945830 152 -1
15439985982945930 9 -1
15439985982947920 8429 -1
15439985986969190 64 1
15439985987022992 157 -1
15439985987023100 9 -1
15439985987025180 8270 -1
15439985991046482 63 1
15439985991100970 152 -1
15439985991101500 9 -1
15439985991104410 8234 -1
15439985995119880 62 1
15439985995174652 129 -1
15439985995174748 9 -1
15439985995176280 7796 -1
15439985999191620 406 1
15439985999247250 240 -1
15439985999247450 9 -1
15439985999250560 16383 -1
15439985999250590 1 -1
15439985999250610 9 -1
15439985999253180 16383 -1
15439985999253200 1 -1
15439985999253220 9 -1
15439985999255828 16382 -1
15439985999255850 2 -1
15439985999256380 9 -1
15439985999256410 1703 -1
15439986007222782 78 1
15439986007278200 154 -1
15439986007278340 9 -1
15439986007278700 2261 -1
15439986011326038 58 1
15439986011380990 95 -1
15439986011381112 9 -1
15439986011383750 16383 -1
15439986011383780 1 -1
15439986011384260 9 -1
15439986011386458 16383 -1
15439986011387010 1 -1
15439986011387032 9 -1
15439986011389680 16382 -1
15439986011389710 2 -1
15439986011389730 9 -1
15439986011392410 16381 -1
15439986011392450 3 -1
15439986011392470 9 -1
15439986011395120 16383 -1
15439986011395140 1 -1
15439986011395162 9 -1
15439986011397860 16382 -1
15439986011397892 2 -1
15439986011398410 9 -1
15439986011400570 16381 -1
15439986011400590 3 -1
15439986011401132 9 -1
15439986011403862 16380 -1
15439986011403880 4 -1
15439986011403890 9 -1
15439986011406560 16383 -1
15439986011406590 1 -1
15439986011406600 9 -1
15439986011409270 16382 -1
15439986011427888 2 -1
15439986011427980 9 -1
15439986011431150 16381 -1
15439986011431640 3 -1
15439986011431670 9 -1
15439986011432180 3992 -1
15439986015673580 87 1
15439986015730870 161 -1
15439986015731400 9 -1
15439986015733572 16383 -1
15439986015733600 1 -1
15439986015734110 9 -1
15439986015736300 16382 -1
15439986015736830 2 -1
15439986015736850 9 -1
15439986015739060 16381 -1
15439986015739090 3 -1
15439986015739600 9 -1
15439986015741860 16380 -1
15439986015742290 4 -1
15439986015742310 9 -1
15439986015744960 16383 -1
15439986015744988 1 -1
15439986015745010 9 -1
15439986015747660 16382 -1
15439986015748200 2 -1
15439986015748220 9 -1
15439986015750890 16381 -1
15439986015750908 3 -1
15439986015750930 9 -1
15439986015753110 13592 -1
15439986020027290 58 1
15439986020086610 154 -1
15439986020087080 9 -1
15439986020089280 16383 -1
15439986020089840 1 -1
15439986020089870 9 -1
15439986020092040 16383 -1
15439986020092470 1 -1
15439986020092490 9 -1
15439986020095180 16382 -1
15439986020095200 2 -1
15439986020095690 9 -1
15439986020097880 16381 -1
15439986020098450 3 -1
15439986020098482 9 -1
15439986020100580 16380 -1
15439986020101120 4 -1
15439986020101140 9 -1
15439986020103828 16379 -1
15439986020103850 5 -1
15439986020104390 9 -1
15439986020106580 16383 -1
15439986020107132 1 -1
15439986020107150 9 -1
15439986020109330 16382 -1
15439986020109880 2 -1
15439986020109900 9 -1
15439986020112050 16381 -1
15439986020112590 3 -1
15439986020112620 9 -1
15439986020112640 234 -1
15439986024250590 86 1
15439986024305090 161 -1
15439986024305640 9 -1
15439986024308320 16383 -1
15439986024308350 1 -1
15439986024308370 9 -1
15439986024311030 16382 -1
15439986024311060 2 -1
15439986024311580 9 -1
15439986024313750 16383 -1
15439986024314290 1 -1
15439986024314310 9 -1
15439986024316550 11860 -1
15439986028368840 86 1
15439986028424010 161 -1
15439986028424550 9 -1
15439986028427210 16383 -1
15439986028427228 1 -1
15439986028427770 9 -1
15439986028430480 16383 -1
15439986028430500 1 -1
15439986028430520 9 -1
15439986028433180 16382 -1
15439986028433198 2 -1
15439986028433730 9 -1
15439986028436400 16381 -1
15439986028436420 3 -1
15439986028436450 9 -1
15439986028439072 16383 -1
15439986028439620 1 -1
15439986028439650 9 -1
15439986028442290 16382 -1
15439986028442308 2 -1
15439986028442820 9 -1
15439986028445550 16381 -1
15439986028445580 3 -1
15439986028445590 9 -1
15439986028448228 16380 -1
15439986028448250 4 -1
15439986028448770 9 -1
15439986028451560 16383 -1
15439986028451590 1 -1
15439986028451610 9 -1
15439986028454290 16382 -1
15439986028454320 2 -1
15439986028454340 9 -1
15439986028457020 16381 -1
15439986028457040 3 -1
15439986028457530 9 -1
15439986028460190 16380 -1
15439986028460218 4 -1
15439986028460240 9 -1
15439986028462860 16379 -1
15439986028463420 5 -1
15439986028463450 9 -1
15439986028465100 10666 -1
15439986032824070 406 1
15439986032878780 146 -1
15439986032878980 9 -1
15439986032881970 16383 -1
15439986032882000 1 -1
15439986032882020 9 -1
15439986032884710 16383 -1
15439986032885252 1 -1
15439986032885270 9 -1
15439986032887462 13843 -1
15439986037002840 58 1
15439986037059040 131 -1
15439986037061610 9 -1
15439986037061680 11077 -1
0 0 0
15439985917244060 148 1
15439985917244060 201 1
15439985917244530 39 -1
15439985917244570 13 -1
15439985917299358 9 -1
15439985917306020 310 -1
15439985917306048 9 -1
15439985917307240 2617 -1
0 0 0
15439985917500740 39 -1
15439985917501120 13 -1
15439985917528260 148 1
15439985917528260 201 1
15439985917578930 9 -1
15439985917581140 311 -1
15439985917581698 9 -1
15439985917582272 2261 -1
0 0 0
15439985917249530 148 1
15439985917249530 193 1
15439985917249990 39 -1
15439985917250020 13 -1
15439985917305510 9 -1
15439985917311370 307 -1
15439985917311420 9 -1
15439985917314170 16383 -1
15439985917314170 1 -1
15439985917314220 9 -1
15439985917316920 16383 -1
15439985917316920 1 -1
15439985917316920 9 -1
15439985917368150 16382 -1
15439985917368150 2 -1
15439985917368150 9 -1
15439985917370710 16383 -1
15439985917370710 1 -1
15439985917370710 9 -1
15439985917372790 16383 -1
15439985917372790 1 -1
15439985917372790 9 -1
15439985917373878 16383 -1
15439985917373878 1 -1
15439985917373878 9 -1
15439985917375988 16383 -1
15439985917375988 1 -1
15439985917375988 9 -1
15439985917422978 16382 -1
15439985917422978 2 -1
15439985917422978 9 -1
15439985917425120 16383 -1
15439985917425120 1 -1
15439985917425120 9 -1
15439985917427822 16382 -1
15439985917427822 2 -1
15439985917427822 9 -1
15439985917429450 16381 -1
15439985917429450 3 -1
15439985917429450 9 -1
15439985917431600 16380 -1
15439985917431600 4 -1
15439985917431600 9 -1
15439985917479280 16379 -1
15439985917479280 5 -1
15439985917479280 9 -1
15439985917481370 16378 -1
15439985917481370 6 -1
15439985917481370 9 -1
15439985917503920 16377 -1
15439985917503920 7 -1
15439985917503920 9 -1
15439985917535710 16376 -1
15439985917535710 8 -1
15439985917535710 9 -1
15439985917593970 16375 -1
15439985917593970 9 -1
15439985917593970 9 -1
15439985917796740 16374 -1
15439985917796740 10 -1
15439985917796740 9 -1
15439985917974200 16373 -1
15439985917974200 11 -1
15439985917974200 9 -1
15439985917975932 6535 -1
0 0 0
15439985917241540 148 1
15439985917241540 182 1
15439985917241610 39 -1
15439985917241660 13 -1
15439985917297050 9 -1
15439985917303532 295 -1
15439985917303590 9 -1
15439985917307140 16383 -1
15439985917307210 1 -1
15439985917307260 9 -1
15439985917309880 16382 -1
15439985917309920 2 -1
15439985917359290 9 -1
15439985917361470 16383 -1
15439985917361470 1 -1
15439985917361470 9 -1
15439985917363760 16382 -1
15439985917363760 2 -1
15439985917363760 9 -1
15439985917366460 16381 -1
15439985917366460 3 -1
15439985917366460 9 -1
15439985917369080 16380 -1
15439985917369080 4 -1
15439985917369080 9 -1
15439985917414000 16379 -1
15439985917414000 5 -1
15439985917414000 9 -1
15439985917416160 16369 -1
