### "'113439 101921 176717 48663 120418 134068 36106 65261 61937 91177 222784 70531 72956 64488 172336 155584 16298 269316 202795 58097 39828 28517 46341 9144 9646 9005'"
0 0 0
15440017703892820 148 1
15440017703892820 185 1
15440017703892890 39 -1
15440017703892920 13 -1
15440017703950310 9 -1
15440017703956500 295 -1
15440017703957040 9 -1
15440017703959200 16383 -1
15440017703959200 1 -1
15440017703959740 9 -1
15440017703962470 16383 -1
15440017703962470 1 -1
15440017703962470 9 -1
15440017704012490 16382 -1
15440017704012490 2 -1
15440017704012490 9 -1
15440017704015220 16381 -1
15440017704015220 3 -1
15440017704015220 9 -1
15440017704017410 16383 -1
15440017704017410 1 -1
15440017704017410 9 -1
15440017704019520 16382 -1
15440017704019520 2 -1
15440017704019520 9 -1
15440017704022240 16381 -1
15440017704022240 3 -1
15440017704022240 9 -1
15440017704066588 16383 -1
15440017704066588 1 -1
15440017704066588 9 -1
15440017704068760 16382 -1
15440017704068780 2 -1
15440017704069290 9 -1
15440017704072240 16381 -1
15440017704072240 3 -1
15440017704072240 9 -1
15440017704097130 12877 -1
0 0 0
15440017703848820 148 1
15440017703848820 205 1
15440017703848850 39 -1
15440017703849280 13 -1
15440017703903740 9 -1
15440017703910440 310 -1
15440017703910510 9 -1
15440017703911530 2415 -1
0 0 0
15440017703743880 148 1
15440017703743880 205 1
0 0 0
15440017703390530 148 1
15440017703390530 206 1
15440017703390770 39 -1
15440017703390800 13 -1
15440017703445960 9 -1
15440017703450930 311 -1
15440017703450980 9 -1
15440017703454310 16383 -1
15440017703454310 1 -1
15440017703454340 9 -1
15440017703457100 16383 -1
15440017703457100 1 -1
15440017703457100 9 -1
15440017703508470 15895 -1
0 0 0
15440017703380908 39 -1
15440017703381450 13 -1
15440017703556080 148 1
15440017703556080 197 1
15440017703603890 13 -1
15440017703610640 9 -1
15440017703616820 307 -1
15440017703617360 9 -1
15440017703620620 16383 -1
15440017703620620 1 -1
15440017703620620 9 -1
15440017703623270 16382 -1
15440017703623270 2 -1
15440017703623322 9 -1
15440017703673760 16383 -1
15440017703673760 1 -1
15440017703673760 9 -1
15440017703676500 16382 -1
15440017703676500 2 -1
15440017703676500 9 -1
15440017703679190 16381 -1
15440017703679190 3 -1
15440017703679190 9 -1
15440017703681890 16380 -1
15440017703681890 4 -1
15440017703681890 9 -1
15440017703684080 15135 -1
15440017707688570 78 1
15440017707749160 148 -1
15440017707749370 9 -1
15440017707750180 2795 -1
15440017711766870 59 1
15440017711830720 153 -1
15440017711830968 9 -1
15440017711833860 16383 -1
15440017711833910 1 -1
15440017711834050 9 -1
15440017711837130 16383 -1
15440017711837190 1 -1
15440017711837230 9 -1
15440017711839970 16382 -1
15440017711840040 2 -1
15440017711840520 9 -1
15440017711843222 16383 -1
15440017711843780 1 -1
15440017711843842 9 -1
15440017711846500 16383 -1
15440017711846550 1 -1
15440017711846580 9 -1
15440017711849850 16383 -1
15440017711849930 1 -1
15440017711849980 9 -1
15440017711852770 16382 -1
15440017711852838 2 -1
15440017711853320 9 -1
15440017711885120 5730 -1
15440017715963320 77 1
15440017716024448 147 -1
15440017716024980 9 -1
15440017716025560 2261 -1
15440017720037890 58 1
15440017720098820 155 -1
15440017720099360 9 -1
15440017720102110 16383 -1
15440017720102160 1 -1
15440017720102190 9 -1
15440017720105420 16383 -1
15440017720105460 1 -1
15440017720105500 9 -1
15440017720108240 16382 -1
15440017720108790 2 -1
15440017720108820 9 -1
15440017720111548 16381 -1
15440017720111580 3 -1
15440017720111598 9 -1
15440017720114750 16383 -1
15440017720114780 1 -1
15440017720114800 9 -1
15440017720117990 16382 -1
15440017720118020 2 -1
15440017720118042 9 -1
15440017720121150 16381 -1
15440017720121170 3 -1
15440017720121182 9 -1
15440017720124440 16380 -1
15440017720124472 4 -1
15440017720124490 9 -1
15440017720124990 2996 -1
15440017724222910 58 1
15440017724284220 129 -1
15440017724284400 9 -1
15440017724287440 16383 -1
15440017724287490 1 -1
15440017724287520 9 -1
15440017724290782 16383 -1
15440017724290832 1 -1
15440017724290860 9 -1
15440017724291920 3338 -1
15440017728315270 87 1
15440017728380950 149 -1
15440017728381460 9 -1
15440017728384240 16383 -1
15440017728384290 1 -1
15440017728384330 9 -1
15440017728387590 16383 -1
15440017728387640 1 -1
15440017728387670 9 -1
15440017728390290 16382 -1
15440017728390830 2 -1
15440017728390852 9 -1
15440017728394050 16109 -1
15440017732416090 78 1
15440017732476340 170 -1
15440017732476900 9 -1
15440017732477470 2439 -1
15440017736492090 58 1
15440017736686900 131 -1
15440017736687090 9 -1
15440017736690150 16383 -1
15440017736690180 1 -1
15440017736690710 9 -1
15440017736693440 16382 -1
15440017736693490 2 -1
15440017736693512 9 -1
15440017736696720 16383 -1
15440017736696752 1 -1
15440017736696760 9 -1
15440017736699490 12785 -1
15440017740742710 77 1
15440017740805140 170 -1
15440017740805680 9 -1
15440017740806242 3151 -1
15440017744816800 58 1
15440017744877200 221 -1
15440017744877420 9 -1
15440017744880530 16383 -1
15440017744880580 1 -1
15440017744880630 9 -1
15440017744883770 16383 -1
15440017744883822 1 -1
15440017744883860 9 -1
15440017744887062 16382 -1
15440017744887090 2 -1
15440017744887112 9 -1
15440017744890330 16381 -1
15440017744890360 3 -1
15440017744890380 9 -1
15440017744893020 16383 -1
15440017744893040 1 -1
15440017744893570 9 -1
15440017744895280 9257 -1
15440017748977280 78 1
15440017749038110 134 -1
15440017749038650 9 -1
15440017749039208 2617 -1
15440017753045750 78 1
15440017753106990 170 -1
15440017753107500 9 -1
15440017753108080 3329 -1
15440017757120220 58 1
15440017757180650 129 -1
15440017757181210 9 -1
15440017757183400 16383 -1
15440017757183930 1 -1
15440017757183970 9 -1
15440017757186648 16383 -1
15440017757186690 1 -1
15440017757186720 9 -1
15440017757189900 16382 -1
15440017757189920 2 -1
15440017757189940 9 -1
15440017757193170 16381 -1
15440017757193192 3 -1
15440017757193210 9 -1
15440017757195930 16383 -1
15440017757196478 1 -1
15440017757196510 9 -1
15440017757199170 16382 -1
15440017757199190 2 -1
15440017757199212 9 -1
15440017761382420 58 1
15440017761443560 148 -1
15440017761444098 9 -1
15440017761446870 16383 -1
15440017761446928 1 -1
15440017761446970 9 -1
15440017761449600 16383 -1
15440017761450140 1 -1
15440017761450190 9 -1
15440017761452342 16382 -1
15440017761452370 2 -1
15440017761452898 9 -1
15440017761455140 16381 -1
15440017761455180 3 -1
15440017761455200 9 -1
15440017761456180 4995 -1
15440017765546360 58 1
15440017765606770 130 -1
15440017765606940 9 -1
15440017765609540 16383 -1
15440017765610080 1 -1
15440017765610130 9 -1
15440017765612770 16382 -1
15440017765612790 2 -1
15440017765612810 9 -1
15440017765615500 16383 -1
15440017765615540 1 -1
15440017765615562 9 -1
15440017765618250 16382 -1
15440017765618270 2 -1
15440017765618290 9 -1
15440017765619320 7420 -1
15440017769683790 58 1
15440017769743950 129 -1
15440017769744452 9 -1
15440017769747170 16383 -1
15440017769747232 1 -1
15440017769747270 9 -1
15440017769749910 16383 -1
15440017769749960 1 -1
15440017769750460 9 -1
15440017769752632 16382 -1
15440017769752660 2 -1
15440017769753170 9 -1
15440017769755370 15336 -1
15440017773815300 78 1
15440017773875660 157 -1
15440017773875840 9 -1
15440017773876670 2973 -1
15440017777888910 79 1
15440017777952220 148 -1
15440017777952740 9 -1
15440017777953930 2617 -1
15440017781968852 59 1
15440017782048530 155 -1
15440017782048668 9 -1
15440017782051302 15873 -1
15440017782051360 511 -1
15440017782051402 9 -1
15440017782053968 15872 -1
15440017782054010 512 -1
15440017782054520 9 -1
15440017782056710 15871 -1
15440017782056730 513 -1
15440017782056748 9 -1
15440017782059410 15870 -1
15440017782059440 514 -1
15440017782059460 9 -1
15440017782062090 15869 -1
15440017782062110 515 -1
15440017782062130 9 -1
15440017782064290 15868 -1
15440017782064310 516 -1
15440017782064790 9 -1
15440017782066920 15867 -1
15440017782066938 517 -1
15440017782067440 9 -1
15440017782069560 15866 -1
15440017782069590 518 -1
15440017782070090 9 -1
15440017782072280 15865 -1
15440017782072310 519 -1
15440017782072330 9 -1
15440017782075018 15864 -1
15440017782075040 520 -1
15440017782075068 9 -1
15440017782076650 8496 -1
15440017786188120 78 1
15440017786247440 149 -1
15440017786247980 9 -1
15440017786248528 2617 -1
15440017790255250 77 1
15440017790317560 274 -1
15440017790318100 9 -1
15440017790318670 4041 -1
15440017794332750 59 1
15440017794395350 132 -1
15440017794395530 9 -1
15440017794397950 16383 -1
15440017794398000 1 -1
15440017794398500 9 -1
15440017794400820 16383 -1
15440017794400858 1 -1
15440017794400900 9 -1
15440017794403470 16382 -1
15440017794404020 2 -1
15440017794404048 9 -1
15440017794406220 16381 -1
15440017794406240 3 -1
15440017794406260 9 -1
15440017794408970 16383 -1
15440017794408988 1 -1
15440017794409010 9 -1
15440017794411718 16382 -1
15440017794411750 2 -1
15440017794412260 9 -1
15440017794414480 16381 -1
15440017794414502 3 -1
15440017794414520 9 -1
15440017794417232 16380 -1
15440017794417260 4 -1
15440017794417770 9 -1
15440017794420020 16379 -1
15440017794420050 5 -1
15440017794420070 9 -1
15440017794421680 8128 -1
15440017798556030 70 1
15440017798617940 150 -1
15440017798618130 9 -1
15440017798620542 16298 -1
15440017802634810 58 1
15440017802909970 150 -1
15440017802910190 9 -1
15440017802912620 16383 -1
15440017802912660 1 -1
15440017802912690 9 -1
15440017802915370 16383 -1
15440017802915420 1 -1
15440017802915470 9 -1
15440017802918040 16382 -1
15440017802918070 2 -1
15440017802918090 9 -1
15440017802920770 16381 -1
15440017802920800 3 -1
15440017802920820 9 -1
15440017802923510 16383 -1
15440017802923580 1 -1
15440017802923630 9 -1
15440017802926190 16382 -1
15440017802926208 2 -1
15440017802926230 9 -1
15440017802928860 16381 -1
15440017802928900 3 -1
15440017802928930 9 -1
15440017802931550 16380 -1
15440017802931580 4 -1
15440017802931610 9 -1
15440017802934280 16383 -1
15440017802934320 1 -1
15440017802934340 9 -1
15440017802937040 16382 -1
15440017802937080 2 -1
15440017802937100 9 -1
15440017802939790 16383 -1
15440017802939820 1 -1
15440017802939848 9 -1
15440017802942750 16382 -1
15440017802942800 2 -1
15440017802942820 9 -1
15440017802945520 16383 -1
15440017802945570 1 -1
15440017802945600 9 -1
15440017802947720 16382 -1
15440017802948288 2 -1
15440017802948350 9 -1
15440017802950980 16381 -1
15440017802951018 3 -1
15440017802951050 9 -1
15440017802953330 16383 -1
15440017802953752 1 -1
15440017802953780 9 -1
15440017802965130 7172 -1
15440017807179192 58 1
15440017807239512 131 -1
15440017807239658 9 -1
15440017807242240 16383 -1
15440017807242780 1 -1
15440017807242830 9 -1
15440017807244990 16383 -1
15440017807245532 1 -1
15440017807245570 9 -1
15440017807248290 16382 -1
15440017807248340 2 -1
15440017807248380 9 -1
15440017807251030 16381 -1
15440017807251070 3 -1
15440017807251100 9 -1
15440017807253758 16380 -1
15440017807253800 4 -1
15440017807253830 9 -1
15440017807255960 16379 -1
15440017807256480 5 -1
15440017807256530 9 -1
15440017807259160 16378 -1
15440017807259210 6 -1
15440017807259240 9 -1
15440017807261920 16383 -1
15440017807261950 1 -1
15440017807261980 9 -1
15440017807264640 16382 -1
15440017807264668 2 -1
15440017807264690 9 -1
15440017807267290 16381 -1
15440017807267320 3 -1
15440017807267352 9 -1
15440017807269990 16380 -1
15440017807270020 4 -1
15440017807270040 9 -1
15440017807272710 16379 -1
15440017807272730 5 -1
15440017807272740 9 -1
15440017807273820 6187 -1
15440017811469008 58 1
15440017811530470 153 -1
15440017811530650 9 -1
15440017811533160 16383 -1
15440017811533230 1 -1
15440017811533720 9 -1
15440017811536450 16383 -1
15440017811536510 1 -1
15440017811536550 9 -1
15440017811539130 16382 -1
15440017811539170 2 -1
15440017811539200 9 -1
15440017811541330 8945 -1
15440017815580690 9 1
15440017815580690 92 1
15440017815645260 162 -1
15440017815645800 9 -1
15440017815648020 16383 -1
15440017815648570 1 -1
15440017815648620 9 -1
15440017815650780 16382 -1
15440017815651340 2 -1
15440017815651382 9 -1
15440017815652470 7060 -1
15440017819679200 86 1
15440017819744250 155 -1
15440017819744790 9 -1
15440017819747010 16383 -1
15440017819747050 1 -1
15440017819747090 9 -1
15440017819749200 12133 -1
15440017823769820 89 1
15440017823833340 182 -1
15440017823833870 9 -1
15440017823836070 16383 -1
15440017823836580 1 -1
15440017823836630 9 -1
15440017823838810 16382 -1
15440017823838850 2 -1
15440017823838890 9 -1
15440017823841510 13573 -1
15440017827876812 78 1
15440017827937610 147 -1
15440017827938148 9 -1
15440017827939280 2617 -1
15440017831947870 78 1
15440017832009140 275 -1
15440017832009280 9 -1
15440017832010210 2617 -1
15440017836019430 77 1
15440017836081410 147 -1
15440017836081560 9 -1
15440017836082480 2439 -1
15440017840093902 78 1
15440017840154992 171 -1
15440017840155560 9 -1
15440017840156130 2617 -1
15440017844161540 78 1
15440017844225472 137 -1
15440017844225618 9 -1
15440017844225978 2261 -1
15440017848233020 63 1
15440017848300410 130 -1
15440017848300660 9 -1
15440017848302578 9144 -1
15440017852318380 63 1
15440017852392370 151 -1
15440017852392920 9 -1
15440017852394040 6445 -1
15440017856405930 63 1
15440017856467140 129 -1
15440017856467700 9 -1
15440017856468230 5509 -1
15440017860483000 63 1
15440017860552750 153 -1
15440017860553278 9 -1
15440017860556850 7873 -1
15440017864579270 63 1
15440017864674620 130 -1
15440017864675168 9 -1
15440017864676810 9646 -1
15440017868693430 63 1
15440017868755332 129 -1
15440017868755520 9 -1
15440017868758050 9005 -1
0 0 0
15440017703632628 39 -1
15440017703632670 13 -1
15440017703634800 148 1
15440017703634800 185 1
15440017703690460 9 -1
15440017703699580 293 -1
15440017703700110 9 -1
15440017703703990 16383 -1
15440017703703990 1 -1
15440017703703990 9 -1
15440017703706160 16382 -1
15440017703706160 2 -1
15440017703706210 9 -1
15440017703757430 16383 -1
15440017703757430 1 -1
15440017703757430 9 -1
15440017703760160 16382 -1
15440017703760160 2 -1
15440017703760160 9 -1
15440017703762382 16381 -1
15440017703762382 3 -1
15440017703762382 9 -1
15440017703764510 16380 -1
15440017703764510 4 -1
15440017703764510 9 -1
15440017703765090 3617 -1
