### "'158353 18292 11368 127447 51900 79460 35833 90779 98042 76366 75313 57847 33634 68599 33634 68599 177231 102990 250641 200069 236812 24627'"
0 0 0
15440083706226910 39 -1
15440083706226950 13 -1
15440083706265010 148 1
15440083706265010 197 1
15440083706315178 9 -1
15440083706320210 308 -1
15440083706320730 9 -1
15440083706323472 16383 -1
15440083706323472 1 -1
15440083706323510 9 -1
15440083706326252 16383 -1
15440083706326290 1 -1
15440083706326290 9 -1
15440083706370202 16382 -1
15440083706370202 2 -1
15440083706370202 9 -1
15440083706372920 16381 -1
15440083706372920 3 -1
15440083706372920 9 -1
15440083706375640 16380 -1
15440083706375640 4 -1
15440083706375640 9 -1
15440083706378428 16379 -1
15440083706378428 5 -1
15440083706378428 9 -1
15440083706380570 16383 -1
15440083706380570 1 -1
15440083706380570 9 -1
15440083706417570 16382 -1
15440083706417570 2 -1
15440083706417570 9 -1
15440083706420260 16381 -1
15440083706420260 3 -1
15440083706420260 9 -1
15440083706495290 10897 -1
15440083710906178 79 1
15440083710960610 171 -1
15440083710961000 9 -1
15440083710961720 3329 -1
15440083714965990 67 1
15440083715019218 156 -1
15440083715019450 9 -1
15440083715021440 11368 -1
15440083719031848 78 1
15440083719087018 148 -1
15440083719087240 9 -1
15440083719088110 3685 -1
15440083723098190 59 1
15440083723152860 154 -1
15440083723153000 9 -1
15440083723156170 16383 -1
15440083723156220 1 -1
15440083723156270 9 -1
15440083723159490 16382 -1
15440083723159540 2 -1
15440083723159590 9 -1
15440083723162820 16383 -1
15440083723162870 1 -1
15440083723162910 9 -1
15440083723165610 16382 -1
15440083723166140 2 -1
15440083723166170 9 -1
15440083723168910 16381 -1
15440083723169470 3 -1
15440083723169560 9 -1
15440083723172172 16380 -1
15440083723172200 4 -1
15440083723172730 9 -1
15440083723175490 16379 -1
15440083723175520 5 -1
15440083723175540 9 -1
15440083723201758 12759 -1
15440083727203550 59 1
15440083727258470 107 -1
15440083727258630 9 -1
15440083727261670 16383 -1
15440083727261750 1 -1
15440083727261780 9 -1
15440083727264900 16383 -1
15440083727264950 1 -1
15440083727265000 9 -1
15440083727268240 16382 -1
15440083727268290 2 -1
15440083727268332 9 -1
15440083727269380 2748 -1
15440083731358590 79 1
15440083731413750 171 -1
15440083731414300 9 -1
15440083731415420 3151 -1
15440083735423840 58 1
15440083735478180 131 -1
15440083735478352 9 -1
15440083735481492 16383 -1
15440083735481550 1 -1
15440083735481620 9 -1
15440083735484690 16383 -1
15440083735484740 1 -1
15440083735485250 9 -1
15440083735488060 16382 -1
15440083735488110 2 -1
15440083735488200 9 -1
15440083735491340 16381 -1
15440083735491372 3 -1
15440083735491390 9 -1
15440083735494080 13924 -1
15440083739802402 88 1
15440083739856560 160 -1
15440083739857150 9 -1
15440083739859840 16383 -1
15440083739859890 1 -1
15440083739859920 9 -1
15440083739863160 16383 -1
15440083739863220 1 -1
15440083739863250 9 -1
15440083739863760 3065 -1
15440083743970740 58 1
15440083744025422 152 -1
15440083744025610 9 -1
15440083744028680 16383 -1
15440083744028740 1 -1
15440083744028780 9 -1
15440083744031430 16383 -1
15440083744031980 1 -1
15440083744032040 9 -1
15440083744034740 16382 -1
15440083744034780 2 -1
15440083744034790 9 -1
15440083744037550 16381 -1
15440083744038100 3 -1
15440083744038140 9 -1
15440083744040812 16383 -1
15440083744041360 1 -1
15440083744041390 9 -1
15440083744043030 8859 -1
15440083748373030 78 1
15440083748426490 251 -1
15440083748426672 9 -1
15440083748427580 2973 -1
15440083752439790 78 1
15440083752493340 172 -1
15440083752493560 9 -1
15440083752494422 2617 -1
15440083756546280 78 1
15440083756600620 144 -1
15440083756600940 9 -1
15440083756601650 2617 -1
15440083760613238 9 1
15440083760613238 62 1
15440083760667520 149 -1
15440083760667720 9 -1
15440083760670790 16383 -1
15440083760670860 1 -1
15440083760670910 9 -1
15440083760674080 16383 -1
15440083760674150 1 -1
15440083760674190 9 -1
15440083760676790 16382 -1
15440083760677330 2 -1
15440083760677360 9 -1
15440083760680038 16381 -1
15440083760680590 3 -1
15440083760680612 9 -1
15440083760683350 16383 -1
15440083760683392 1 -1
15440083760683410 9 -1
15440083760686172 16122 -1
15440083764842240 58 1
15440083764895480 108 -1
15440083764895690 9 -1
15440083764898700 16383 -1
15440083764899250 1 -1
15440083764899300 9 -1
15440083764902020 16383 -1
15440083764902580 1 -1
15440083764902620 9 -1
15440083764905240 16382 -1
15440083764905270 2 -1
15440083764905810 9 -1
15440083764908490 16381 -1
15440083764908522 3 -1
15440083764908540 9 -1
15440083764910740 10830 -1
15440083769035800 78 1
15440083769089470 72 -1
15440083769089690 9 -1
15440083769090490 1883 -1
15440083773125228 77 1
15440083773179210 170 -1
15440083773179440 9 -1
15440083773180280 2617 -1
15440083777193200 78 1
15440083777246960 147 -1
15440083777247150 9 -1
15440083777248002 2083 -1
15440083781257810 79 1
15440083781311180 172 -1
15440083781311368 9 -1
15440083781312840 3507 -1
15440083785321970 88 1
15440083785376730 160 -1
15440083785376920 9 -1
15440083785380060 16383 -1
15440083785380610 1 -1
15440083785380672 9 -1
15440083785383360 16383 -1
15440083785383420 1 -1
15440083785383460 9 -1
15440083785386642 16382 -1
15440083785386670 2 -1
15440083785386692 9 -1
15440083785389900 16381 -1
15440083785389928 3 -1
15440083785389950 9 -1
15440083785392080 9777 -1
15440083789632310 88 1
15440083789686210 160 -1
15440083789686360 9 -1
15440083789688930 16383 -1
15440083789689432 1 -1
15440083789689478 9 -1
15440083789692180 16383 -1
15440083789692730 1 -1
15440083789692780 9 -1
15440083789695430 16382 -1
15440083789695460 2 -1
15440083789695990 9 -1
15440083789697590 8695 -1
15440083793812150 59 1
15440083793866090 256 -1
15440083793866310 9 -1
15440083793869380 16383 -1
15440083793869460 1 -1
15440083793869510 9 -1
15440083793872060 16383 -1
15440083793872610 1 -1
15440083793872672 9 -1
15440083793873190 866 -1
15440083797955760 86 1
15440083798009760 162 -1
15440083798009970 9 -1
15440083798012990 16383 -1
15440083798013042 1 -1
15440083798013080 9 -1
15440083798015770 16383 -1
15440083798015830 1 -1
15440083798016310 9 -1
15440083798019090 16382 -1
15440083798019158 2 -1
15440083798019180 9 -1
15440083798021820 16381 -1
15440083798022360 3 -1
15440083798022380 9 -1
15440083798022930 3063 -1
15440083802083860 78 1
15440083802137230 171 -1
15440083802137430 9 -1
15440083802138290 2617 -1
15440083806140170 77 1
15440083806195640 174 -1
15440083806195840 9 -1
15440083806196680 2617 -1
15440083810199880 78 1
15440083810252932 171 -1
15440083810253230 9 -1
15440083810254012 2795 -1
15440083814266270 79 1
15440083814319150 148 -1
15440083814319370 9 -1
15440083814320210 2617 -1
15440083818334160 78 1
15440083818388540 136 -1
15440083818388770 9 -1
15440083818389590 3329 -1
15440083830599762 59 1
15440083830653018 53 -1
15440083830653240 9 -1
15440083830656240 16383 -1
15440083830656290 1 -1
15440083830656330 9 -1
15440083830659658 16383 -1
15440083830659708 1 -1
15440083830659770 9 -1
15440083830660182 866 -1
15440083834930680 86 1
15440083834985390 30 -1
15440083834985610 9 -1
15440083834988620 16383 -1
15440083834989172 1 -1
15440083834989380 9 -1
15440083834991950 16383 -1
15440083834992040 1 -1
15440083834992098 9 -1
15440083834994840 16382 -1
15440083834994900 2 -1
15440083834995388 9 -1
15440083834998240 16381 -1
15440083834998290 3 -1
15440083834998320 9 -1
15440083834999490 3063 -1
15440083839157810 79 1
15440083839215570 146 -1
15440083839216120 9 -1
15440083839216660 2617 -1
15440083843263350 79 1
15440083843317960 171 -1
15440083843318270 9 -1
15440083843318470 2083 -1
15440083847415530 78 1
15440083847469612 220 -1
15440083847469800 9 -1
15440083847470700 2617 -1
15440083851474440 59 1
15440083851528790 173 -1
15440083851529010 9 -1
15440083851532012 16383 -1
15440083851532070 1 -1
15440083851532112 9 -1
15440083851534770 16383 -1
15440083851535330 1 -1
15440083851535410 9 -1
15440083851538010 16382 -1
15440083851538560 2 -1
15440083851538580 9 -1
15440083851541260 16381 -1
15440083851541280 3 -1
15440083851541790 9 -1
15440083851544458 16383 -1
15440083851544480 1 -1
15440083851545020 9 -1
15440083851547200 16382 -1
15440083851547740 2 -1
15440083851547770 9 -1
15440083851550900 16381 -1
15440083851550930 3 -1
15440083851550952 9 -1
15440083851554160 16380 -1
15440083851554200 4 -1
15440083851554220 9 -1
15440083851556870 16383 -1
15440083851557390 1 -1
15440083851557410 9 -1
15440083851560112 16382 -1
15440083851560130 2 -1
15440083851560680 9 -1
15440083851562870 13391 -1
15440083855800220 78 1
15440083855860560 147 -1
15440083855860780 9 -1
15440083855861640 2083 -1
15440083859871660 79 1
15440083859926270 148 -1
15440083859926450 9 -1
15440083859927310 2261 -1
15440083863941340 78 1
15440083863996338 166 -1
15440083863996530 9 -1
15440083863997390 3329 -1
15440083868004310 58 1
15440083868057730 130 -1
15440083868057950 9 -1
15440083868061020 16383 -1
15440083868061060 1 -1
15440083868061110 9 -1
15440083868064302 16383 -1
15440083868064340 1 -1
15440083868064370 9 -1
15440083868067070 16382 -1
15440083868067100 2 -1
15440083868067610 9 -1
15440083868070380 16381 -1
15440083868070400 3 -1
15440083868070418 9 -1
15440083868073110 16380 -1
15440083868073658 4 -1
15440083868073690 9 -1
15440083868076450 16379 -1
15440083868076480 5 -1
15440083868076500 9 -1
15440083868077560 4686 -1
15440083872414360 78 1
15440083872473990 169 -1
15440083872474210 9 -1
15440083872475060 2973 -1
15440083876483760 58 1
15440083876538250 131 -1
15440083876538442 9 -1
15440083876541510 16383 -1
15440083876541550 1 -1
15440083876541582 9 -1
15440083876544312 16383 -1
15440083876544810 1 -1
15440083876544860 9 -1
15440083876547480 16382 -1
15440083876547510 2 -1
15440083876548030 9 -1
15440083876550738 16381 -1
15440083876550770 3 -1
15440083876551300 9 -1
15440083876554000 16383 -1
15440083876554020 1 -1
15440083876554028 9 -1
15440083876557282 16382 -1
15440083876557310 2 -1
15440083876557360 9 -1
15440083876560070 16381 -1
15440083876560970 6 -1
15440083876561242 9 -1
15440083876564040 16377 -1
15440083876564080 7 -1
15440083876564150 9 -1
15440083876565052 4881 -1
15440083881086710 58 1
15440083881143520 130 -1
15440083881143740 9 -1
15440083881146190 16383 -1
15440083881146240 1 -1
15440083881146740 9 -1
15440083881149490 16382 -1
15440083881149570 2 -1
15440083881149610 9 -1
15440083881152100 16381 -1
15440083881152130 3 -1
15440083881152150 9 -1
15440083881154820 16380 -1
15440083881155390 4 -1
15440083881155420 9 -1
15440083881158120 16383 -1
15440083881158150 1 -1
15440083881158170 9 -1
15440083881160840 16382 -1
15440083881160870 2 -1
15440083881160892 9 -1
15440083881163530 16381 -1
15440083881163558 3 -1
15440083881163580 9 -1
15440083881166310 16380 -1
15440083881166330 4 -1
15440083881166350 9 -1
15440083881169010 16379 -1
15440083881169040 5 -1
15440083881169060 9 -1
15440083881171760 16378 -1
15440083881171790 6 -1
15440083881172320 9 -1
15440083881174468 16377 -1
15440083881174490 7 -1
15440083881175000 9 -1
15440083881177190 16376 -1
15440083881177740 8 -1
15440083881177772 9 -1
15440083881178320 3461 -1
15440083885441990 58 1
15440083885499540 104 -1
15440083885499750 9 -1
15440083885502240 16383 -1
15440083885502290 1 -1
15440083885502360 9 -1
15440083885504962 16382 -1
15440083885505012 2 -1
15440083885505050 9 -1
15440083885507690 16383 -1
15440083885507730 1 -1
15440083885508240 9 -1
15440083885510408 16382 -1
15440083885510440 2 -1
15440083885510982 9 -1
15440083885513142 16383 -1
15440083885513680 1 -1
15440083885513700 9 -1
15440083885516350 16382 -1
15440083885516370 2 -1
15440083885516390 9 -1
15440083885519112 16381 -1
15440083885519130 3 -1
15440083885519150 9 -1
15440083885521430 6 -1
15440083885521550 9 -1
15440083885522972 7436 -1
15440083890010760 78 1
15440083890063770 148 -1
15440083890063960 9 -1
15440083890064330 3329 -1
15440083894112000 68 1
15440083894168140 251 -1
15440083894168360 9 -1
15440083894170800 16383 -1
15440083894171360 1 -1
15440083894171450 9 -1
15440083894172430 8243 -1
0 0 0
15440083706295900 148 1
15440083706295900 206 1
15440083706296402 39 -1
15440083706296440 13 -1
15440083706350852 9 -1
15440083706356580 310 -1
15440083706356640 9 -1
15440083706357350 1883 -1
0 0 0
15440083706808528 148 1
15440083706808528 206 1
0 0 0
15440083707063270 148 1
15440083707063270 205 1
15440083707063350 39 -1
15440083707063388 13 -1
15440083707118918 9 -1
15440083707124742 312 -1
15440083707124830 9 -1
15440083707126560 2263 -1
0 0 0
15440083706577650 39 -1
15440083706577970 13 -1
15440083706785650 148 1
15440083706785650 206 1
15440083706833840 9 -1
15440083706839280 311 -1
15440083706839810 9 -1
15440083706842540 16383 -1
15440083706842540 1 -1
15440083706842540 9 -1
15440083706842540 1908 -1
0 0 0
15440083706781340 39 -1
15440083706781722 13 -1
15440083706830060 148 1
15440083706830060 205 1
15440083706878418 9 -1
15440083706883890 312 -1
15440083706884110 9 -1
15440083706885450 3507 -1
