### "'15679 10491 20766 12737 13289 16465 11219 11827 18392 13516 17752 12648 10566 15378 15355 17456 24853 12195 14844 10020 13245'"
0 0 0
15438337542320982 52 -1
15438337562358230 148 1
15438337562358230 270 1
15438337562358230 9 1
15438337562380080 9 -1
15438337562381958 13 -1
15438337562386280 1500 -1
15438337562387310 6700 -1
15438337562954522 17 -1
0 0 0
15438337542707410 52 -1
15438337562827650 148 1
15438337562827650 270 1
15438337562827650 9 1
15438337562849230 9 -1
15438337562851830 13 -1
15438337562868480 1500 -1
15438337562870988 8000 -1
15438337562876192 7050 -1
15438337562889380 1500 -1
15438337562890510 2891 -1
15438337563059102 17 -1
0 0 0
15438337542550990 52 -1
15438337562722060 148 1
15438337562722060 270 1
15438337562722060 9 1
15438337562743830 9 -1
15438337562746670 13 -1
15438337562751700 1500 -1
15438337562752800 8000 -1
15438337562752820 1152 -1
15438337563056942 17 -1
0 0 0
15438337540386260 52 -1
15438337560688090 148 1
15438337560688090 267 1
15438337560710090 9 -1
15438337560714900 13 -1
15438337560717090 1500 -1
15438337560717090 4018 -1
15438337564811390 124 1
15438337564834940 13 -1
15438337564839980 1500 -1
15438337564841040 8000 -1
15438337564841090 3294 -1
15438337568930480 126 1
15438337568956100 13 -1
15438337568963972 1500 -1
15438337568964490 8000 -1
15438337568967390 3846 -1
15438337572984340 125 1
15438337573009140 13 -1
15438337573015780 1500 -1
15438337573016902 8000 -1
15438337573019040 6964 -1
15438337573019040 90 -1
15438337577093520 125 1
15438337577118380 13 -1
15438337577122950 1500 -1
15438337577123460 8000 -1
15438337577124022 1781 -1
15438337581146340 126 1
15438337581172190 13 -1
15438337581175630 1500 -1
15438337581176620 8000 -1
15438337581179610 2407 -1
15438337585204420 126 1
15438337585228300 13 -1
15438337585232870 1500 -1
15438337585233880 7790 -1
15438337589251240 126 1
15438337589278160 13 -1
15438337589281160 1500 -1
15438337589282210 8000 -1
15438337589283300 6941 -1
15438337589283300 1500 -1
15438337589283300 517 -1
15438337593335170 124 1
15438337593359130 13 -1
15438337593363640 1500 -1
15438337593364130 8000 -1
15438337593365222 4096 -1
15438337597391320 124 1
15438337597418800 13 -1
15438337597422630 1500 -1
15438337597423680 8000 -1
15438337597424850 6941 -1
15438337597424850 1377 -1
15438337601461780 127 1
15438337601486790 13 -1
15438337601490330 1500 -1
15438337601490850 8000 -1
15438337601492938 3228 -1
15438337605501800 125 1
15438337605526020 13 -1
15438337605530090 1500 -1
15438337605530630 8000 -1
15438337605531180 1123 -1
15438337609550810 125 1
15438337609550810 9 1
15438337609575000 13 -1
15438337609584280 1500 -1
15438337609584810 8000 -1
15438337609585878 5935 -1
15438337613606870 127 1
15438337613630920 13 -1
15438337613636010 1500 -1
15438337613636520 8000 -1
15438337613638180 5935 -1
15438337617655940 124 1
15438337617680180 13 -1
15438337617686390 1500 -1
15438337617687530 8000 -1
15438337617689260 6947 -1
15438337617689828 1081 -1
15438337621712040 126 1
15438337621735530 13 -1
15438337621741050 1500 -1
15438337621741530 8000 -1
15438337621743180 6965 -1
15438337621743710 1500 -1
15438337621744230 6978 -1
15438337625788888 125 1
15438337625813602 13 -1
15438337625828290 1500 -1
15438337625829320 8000 -1
15438337625829870 2753 -1
15438337629843720 126 1
15438337629867700 13 -1
15438337629873322 1500 -1
15438337629873970 8000 -1
15438337629874980 5401 -1
15438337633911400 125 1
15438337633977890 13 -1
15438337633978410 1500 -1
15438337633979520 8000 -1
15438337633980070 600 -1
15438337638001900 125 1
15438337638026422 13 -1
15438337638032040 1500 -1
15438337638033112 8000 -1
15438337638033180 3802 -1
0 0 0
15438337542743102 52 -1
15438337578732300 148 1
15438337578732300 270 1
15438337578732300 9 1
15438337578754800 9 -1
15438337578756280 13 -1
15438337578760930 1500 -1
15438337578761490 6605 -1
15438337578954880 17 -1
0 0 0
15438337542758140 52 -1
15438337560511100 148 1
15438337560511100 271 1
15438337560511100 9 1
15438337560533000 9 -1
15438337560535840 13 -1
15438337560540490 1500 -1
15438337560541020 8000 -1
15438337560562410 6339 -1
15438337560686900 17 -1
