### "'26019 30539 30262 25560 35056 14860 23567 13460 15384 31277 21112 40362 35389 24240 25229 12201 22123 39385 28766 22229'"
0 0 0
15436226460129030 52 -1
15436226480202050 148 1
15436226480202050 284 1
15436226480223132 9 -1
15436226480225330 13 -1
15436226480230730 1500 -1
15436226480231258 8000 -1
15436226480250630 7044 -1
15436226480251150 1500 -1
15436226480252800 8000 -1
15436226480256470 4387 -1
15436226480351480 17 -1
0 0 0
15436226460157130 52 -1
15436226496748120 148 1
15436226496748120 284 1
15436226496769920 9 -1
15436226496772490 13 -1
15436226496778330 1500 -1
15436226496779380 8000 -1
15436226496791790 4121 -1
15436226496956280 17 -1
0 0 0
15436226460022710 52 -1
15436226480111712 148 1
15436226480132730 9 -1
15436226480132862 283 1
15436226480155770 13 -1
15436226480160900 1500 -1
15436226480161450 8000 -1
15436226480181450 7044 -1
15436226480181450 1500 -1
15436226480183712 7685 -1
15436226480346050 17 -1
0 0 0
15436226460182878 52 -1
15436226478403640 148 1
15436226478403640 283 1
15436226478425240 9 -1
15436226478427730 13 -1
15436226478442910 1500 -1
15436226478446150 8000 -1
15436226478449070 7045 -1
15436226478463420 1500 -1
15436226478464470 8000 -1
15436226478464470 144 -1
15436226478747770 17 -1
0 0 0
15436226458386920 52 -1
15436226478387300 148 1
15436226478387300 270 1
15436226478408900 9 -1
15436226478410990 13 -1
15436226478415300 1500 -1
15436226478415300 2544 -1
15436226483628630 136 1
15436226483652520 13 -1
15436226483669760 1500 -1
15436226483670220 8000 -1
15436226483690080 6969 -1
15436226483690610 1500 -1
15436226483691720 8000 -1
15436226483696990 6893 -1
15436226483696990 1500 -1
15436226483696990 797 -1
15436226488838192 125 1
15436226488861850 13 -1
15436226488874030 1500 -1
15436226488874540 8000 -1
15436226488875630 5422 -1
15436226493944390 135 1
15436226493967670 13 -1
15436226493976728 1500 -1
15436226493977260 8000 -1
15436226493978930 6964 -1
15436226493978930 1500 -1
15436226493979440 5692 -1
15436226499011468 125 1
15436226499035152 13 -1
15436226499039158 1500 -1
15436226499039878 8000 -1
15436226499040812 5942 -1
15436226504041582 137 1
15436226504065320 13 -1
15436226504086240 1500 -1
15436226504088200 8000 -1
15436226504088690 6965 -1
15436226504089250 1500 -1
15436226504090350 8000 -1
15436226504091420 5402 -1
15436226509092050 137 1
15436226509115920 13 -1
15436226509125280 1500 -1
15436226509125810 8000 -1
15436226509126900 6941 -1
15436226509127460 1500 -1
15436226509128140 3237 -1
15436226514128850 137 1
15436226514152770 13 -1
15436226514163160 1500 -1
15436226514163820 8000 -1
15436226514164938 6964 -1
15436226514164938 1500 -1
15436226514166542 8000 -1
15436226514167630 6893 -1
15436226514167630 1500 -1
15436226514168160 6103 -1
15436226519169240 126 1
15436226519193260 13 -1
15436226519213670 1500 -1
15436226519214410 8000 -1
15436226519215880 6942 -1
15436226519215880 1500 -1
15436226519216950 8000 -1
15436226519218040 6893 -1
15436226519218040 1500 -1
15436226519218040 1130 -1
15436226524219142 136 1
15436226524242660 13 -1
15436226524254230 1500 -1
15436226524255070 8000 -1
15436226524256050 6969 -1
15436226524256050 1500 -1
15436226524257180 6365 -1
15436226529257830 135 1
15436226529281650 13 -1
15436226529297290 1500 -1
15436226529298450 8000 -1
15436226529299550 6941 -1
15436226529299550 1500 -1
15436226529300670 7354 -1
15436226534302170 137 1
15436226534325120 13 -1
15436226534331560 1500 -1
15436226534332212 8000 -1
15436226534332990 2781 -1
15436226539333798 125 1
15436226539357740 13 -1
15436226539363790 1500 -1
15436226539364480 6724 -1
15436226544365200 9 1
15436226549365240 139 1
15436226549389500 13 -1
15436226549399100 1500 -1
15436226549399632 8000 -1
15436226549400750 6964 -1
15436226549400750 1500 -1
15436226549401850 4248 -1
15436226554402780 137 1
15436226554426410 13 -1
15436226554444960 1500 -1
15436226554445510 8000 -1
15436226554446660 6964 -1
15436226554447190 1500 -1
15436226554448270 8000 -1
15436226554449388 6893 -1
15436226554449388 1500 -1
15436226554449962 5126 -1
15436226559450970 137 1
15436226559475320 13 -1
15436226559500870 1500 -1
15436226559501400 8000 -1
15436226559502450 6941 -1
15436226559502450 1500 -1
15436226559503550 8000 -1
15436226559504070 2891 -1
15436226564504890 136 1
15436226564527740 13 -1
15436226564541410 1500 -1
15436226564541932 8000 -1
15436226564542980 6965 -1
15436226564542980 1500 -1
15436226564543550 4354 -1
15436226569544830 136 1
15436226569568660 13 -1
15436226569577120 1500 -1
15436226569577630 8000 -1
15436226569579270 6941 -1
15436226569579270 1500 -1
15436226569579812 4164 -1
15436226574580870 135 1
15436226574604700 13 -1
15436226574614040 1500 -1
15436226574614570 8000 -1
15436226574615670 6964 -1
15436226574615670 1500 -1
15436226574616220 1709 -1
15436226579617010 138 1
15436226579642050 13 -1
15436226579655660 1500 -1
15436226579656200 8000 -1
15436226579657230 6941 -1
15436226579657230 1500 -1
15436226579657782 2148 -1
0 0 0
15436226459954600 52 -1
15436226480002520 148 1
15436226480002520 282 1
15436226480024400 9 -1
15436226480027080 13 -1
15436226480032160 1500 -1
15436226480032720 8000 -1
15436226480052680 7044 -1
15436226480052680 1500 -1
15436226480055000 8000 -1
15436226480057920 4664 -1
15436226480155302 17 -1
