### "'19581 14896 14631 26318 21006 24601 30746 10393 32643 30870 19741 13548 16687 20549 24193 24790 24017 13253 27391 22005'"
0 0 0
15435937785194240 52 -1
15435937805157790 148 1
15435937805179090 9 -1
15435937805285590 281 1
15435937805308890 13 -1
15435937805316182 1500 -1
15435937805317230 8000 -1
15435937805336810 5556 -1
15435937805765600 17 -1
0 0 0
15435937785380730 52 -1
15435937805417900 148 1
15435937805417900 268 1
15435937805439128 9 -1
15435937805442200 13 -1
15435937805449830 1500 -1
15435937805450340 8000 -1
15435937805462870 5291 -1
15435937805836460 17 -1
0 0 0
15435937783587890 52 -1
15435937803752330 148 1
15435937803752330 267 1
15435937803773460 9 -1
15435937803775530 13 -1
15435937803783842 1500 -1
15435937803784400 7780 -1
15435937808952078 137 1
15435937808975502 13 -1
15435937808982080 1500 -1
15435937808983008 8000 -1
15435937808984120 6946 -1
15435937808984120 1500 -1
15435937808984680 3131 -1
15435937814052550 126 1
15435937814075590 13 -1
15435937814085770 1500 -1
15435937814086290 8000 -1
15435937814087390 6964 -1
15435937814087940 1500 -1
15435937814088490 6726 -1
15435937819090000 137 1
15435937819112610 13 -1
15435937819120760 1500 -1
15435937819121310 8000 -1
15435937819122420 6941 -1
15435937819122900 1500 -1
15435937819123970 8000 -1
15435937819124530 4871 -1
15435937824450190 136 1
15435937824475100 13 -1
15435937824503610 1500 -1
15435937824504362 8000 -1
15435937824505890 6969 -1
15435937824505890 1500 -1
15435937824506940 8000 -1
15435937824508070 6768 -1
15435937829508690 127 1
15435937829532270 13 -1
15435937829547370 1500 -1
15435937829548080 8000 -1
15435937829549470 6942 -1
15435937829549470 1500 -1
15435937829550580 8000 -1
15435937829552240 4995 -1
15435937834552830 126 1
15435937834576200 13 -1
15435937834582130 1500 -1
15435937834582830 8000 -1
15435937834583900 6964 -1
15435937834584470 1500 -1
15435937834584470 1866 -1
15435937839585530 137 1
15435937839610370 13 -1
15435937840571070 1500 -1
15435937840571070 1599 -1
15435937840571960 4072 -1
15435937840572450 4072 -1
15435937840572450 2493 -1
15435937845573850 138 1
15435937845597140 13 -1
15435937845604100 1500 -1
15435937845604630 8000 -1
15435937845605700 6941 -1
15435937845605700 312 -1
15435937850606930 126 1
15435937850629910 13 -1
15435937850642820 1500 -1
15435937850643360 8000 -1
15435937850644460 6964 -1
15435937850644980 1500 -1
15435937850644980 2674 -1
15435937855646030 137 1
15435937855669260 13 -1
15435937855679470 1500 -1
15435937855679988 8000 -1
15435937855681060 6941 -1
15435937855681600 1500 -1
15435937855682170 6318 -1
15435937860683050 125 1
15435937860705640 13 -1
15435937861635050 1500 -1
15435937861636150 8000 -1
15435937861637190 7036 -1
15435937861637190 392 -1
15435937861637722 1500 -1
15435937861638240 1500 -1
15435937861638240 3508 -1
15435937861638790 1524 -1
15435937866640050 138 1
15435937866663050 13 -1
15435937866673700 1500 -1
15435937866674740 8000 -1
15435937866675320 6941 -1
15435937866675320 1500 -1
15435937866676372 6142 -1
15435937871677170 9 1
15435937876677188 140 1
15435937876700050 13 -1
15435937877882490 1500 -1
15435937877882490 1565 -1
15435937877883028 4072 -1
15435937877883580 4072 -1
15435937877884130 2196 -1
15435937882885190 138 1
15435937882908500 13 -1
15435937884044680 1500 -1
15435937884045228 8000 -1
15435937884046300 7038 -1
15435937884046300 373 -1
15435937885159300 1500 -1
15435937885159770 1500 -1
15435937885160288 3508 -1
15435937885160850 4072 -1
15435937885160850 72 -1
15435937890163290 138 1
15435937890186132 13 -1
15435937891150430 1500 -1
15435937891150930 8000 -1
15435937891152000 7036 -1
15435937891152000 375 -1
15435937891152560 1500 -1
15435937891153080 1500 -1
15435937891153140 2264 -1
15435937896154140 137 1
15435937896176880 13 -1
15435937899038150 496 -1
15435937899982440 1500 -1
15435937899983448 8000 -1
15435937899984520 6893 -1
15435937899985110 1500 -1
15435937899985110 1500 -1
15435937899985672 3508 -1
15435937899986228 3528 -1
15435937899986228 552 -1
15435937904987690 135 1
15435937905010980 13 -1
15435937906217680 1500 -1
15435937906218720 8000 -1
15435937906219820 7038 -1
15435937906220310 375 -1
15435937906220310 1500 -1
15435937906220310 1500 -1
15435937906221370 3508 -1
15435937906221370 3240 -1
15435937911222470 125 1
15435937911245630 13 -1
15435937912149342 1500 -1
15435937912149910 1583 -1
15435937912150430 4072 -1
15435937912150430 3843 -1
15435937917151880 137 1
15435937917175670 13 -1
15435937918192570 1500 -1
15435937918194180 8000 -1
15435937918194730 7014 -1
15435937918194730 374 -1
15435937918195260 1500 -1
15435937918195820 1500 -1
15435937918195820 3508 -1
15435937918196362 3069 -1
0 0 0
15435937785361380 52 -1
15435937821830160 148 1
15435937821830160 279 1
15435937821851562 9 -1
15435937821854190 13 -1
15435937821864700 1500 -1
15435937821865210 8000 -1
15435937821865780 1053 -1
15435937822106860 17 -1
0 0 0
15435937785383300 52 -1
15435937803689640 148 1
15435937803689640 268 1
15435937803711050 9 -1
15435937803713680 13 -1
15435937803723310 1500 -1
15435937803732390 8000 -1
15435937803743250 7044 -1
15435937803743730 1500 -1
15435937803747790 1706 -1
15435937803979690 17 -1
0 0 0
15435937785319890 52 -1
15435937805381190 148 1
15435937805381190 279 1
15435937805402550 9 -1
15435937805405380 13 -1
15435937805414240 1500 -1
15435937805415370 8000 -1
15435937805426580 7044 -1
15435937805435340 1500 -1
15435937805437000 8000 -1
15435937805437000 443 -1
15435937805833910 17 -1
