### "'15163 18341 18442 19637 20986 22942 16249 27948 27756 22710 15282 13924 24060 27707 14036 17738 15180 29352 29689 13733'"
0 0 0
15436240781911150 52 -1
15436240801824542 148 1
15436240801824542 268 1
15436240801846590 9 -1
15436240801849300 13 -1
15436240802816360 1500 -1
15436240802816360 1698 -1
15436240802816820 4072 -1
15436240802817380 4072 -1
15436240802837710 4072 -1
15436240802837710 20 -1
15436240803247940 17 -1
0 0 0
15436240782065020 52 -1
15436240818342270 148 1
15436240818342270 267 1
15436240818363610 9 -1
15436240818366190 13 -1
15436240819862930 1500 -1
15436240819863410 1500 -1
15436240819863410 1500 -1
15436240819863948 2642 -1
15436240819865980 4072 -1
15436240819884420 4072 -1
15436240819884420 1232 -1
15436240820015040 17 -1
0 0 0
15436240782060750 52 -1
15436240802164540 148 1
15436240802164540 268 1
15436240802185540 9 -1
15436240802188088 13 -1
15436240803542668 1500 -1
15436240803543140 1500 -1
15436240803544270 8000 -1
15436240803563790 5655 -1
15436240803563790 1500 -1
15436240803563790 295 -1
15436240803563790 180 -1
15436240804058790 17 -1
0 0 0
15436240782077140 52 -1
15436240800160800 148 1
15436240800160800 278 1
15436240800182530 9 -1
15436240800185310 13 -1
15436240802863770 641 -1
15436240803744350 1500 -1
15436240803745388 8000 -1
15436240803765510 6893 -1
15436240803766000 1500 -1
15436240803766000 195 -1
15436240804082630 17 -1
0 0 0
15436240781942970 52 -1
15436240801847320 148 1
15436240801868680 9 -1
15436240801904650 278 1
15436240801929810 13 -1
15436240804020180 1500 -1
15436240804020750 1500 -1
15436240804021190 8000 -1
15436240804041728 5654 -1
15436240804041728 1453 -1
15436240804041728 1500 -1
15436240804041728 318 -1
15436240804255190 17 -1
0 0 0
15436240780111030 52 -1
15436240800198350 148 1
15436240800198350 251 1
15436240800219020 9 -1
15436240800221738 13 -1
15436240801350040 1500 -1
15436240801350450 2002 -1
15436240801350450 1969 -1
15436240806615290 126 1
15436240806639990 13 -1
15436240807977430 1500 -1
15436240807978470 8000 -1
15436240807997980 7013 -1
15436240807998030 392 -1
15436240807998620 1500 -1
15436240807998620 1500 -1
15436240807998620 1228 -1
15436240813017370 126 1
15436240813041400 13 -1
15436240814438400 1500 -1
15436240814438400 1500 -1
15436240814439480 8000 -1
15436240814440580 5537 -1
15436240814440580 1500 -1
15436240814440580 295 -1
15436240814441100 1500 -1
15436240814441660 3281 -1
15436240819564620 138 1
15436240819587700 13 -1
15436240820588490 1500 -1
15436240820589600 8000 -1
15436240820591208 7038 -1
15436240820591208 376 -1
15436240820591208 1500 -1
15436240820591782 1500 -1
15436240820592900 3508 -1
15436240820593470 4072 -1
15436240820593470 626 -1
15436240825594440 136 1
15436240825617900 13 -1
15436240826588660 1500 -1
15436240826589760 8000 -1
15436240826590870 7013 -1
15436240826590870 379 -1
15436240826591440 1500 -1
15436240826591440 1500 -1
15436240826591958 3508 -1
15436240826592490 4072 -1
15436240826592490 431 -1
15436240831594060 125 1
15436240831617010 13 -1
15436240833095940 1500 -1
15436240833096458 1500 -1
15436240833097570 8000 -1
15436240833098660 5538 -1
15436240833098660 1453 -1
15436240833098660 1500 -1
15436240833099210 3391 -1
15436240838100510 126 1
15436240838123630 13 -1
15436240839458498 1500 -1
15436240839458498 1556 -1
15436240839459040 4072 -1
15436240839459640 4072 -1
15436240839460160 4072 -1
15436240839460160 139 -1
15436240844461210 135 1
15436240844483970 13 -1
15436240845991048 1500 -1
15436240845991530 1500 -1
15436240845992090 4025 -1
15436240845992620 4072 -1
15436240845993158 2982 -1
15436240850994238 136 1
15436240851018410 13 -1
15436240852605090 1500 -1
15436240852605090 1500 -1
15436240852606470 8000 -1
15436240852607600 5537 -1
15436240852607600 1500 -1
15436240852607600 271 -1
15436240852608160 1500 -1
15436240852608710 3486 -1
15436240852608710 937 -1
15436240857610070 125 1
15436240857632360 13 -1
15436240858998920 1500 -1
15436240858999938 8000 -1
15436240859001020 7018 -1
15436240859001020 391 -1
15436240859002110 1500 -1
15436240859002110 1500 -1
15436240859002680 3508 -1
15436240859003220 4072 -1
15436240859003220 370 -1
15436240864004050 138 1
15436240864028170 13 -1
15436240864889780 516 -1
15436240865729640 1500 -1
15436240865730110 1500 -1
15436240865730680 3626 -1
15436240865731248 4072 -1
15436240865731790 2984 -1
15436240870732610 137 1
15436240870755920 13 -1
15436240871691330 1500 -1
15436240871692910 8000 -1
15436240871694010 7036 -1
15436240871694010 374 -1
15436240871694010 998 -1
15436240876695200 127 1
15436240876718810 13 -1
15436240878348070 1500 -1
15436240878348150 1500 -1
15436240878348640 4000 -1
15436240878349190 4072 -1
15436240878349730 4072 -1
15436240878349730 165 -1
15436240883351070 9 1
15436240888351210 139 1
15436240888375140 13 -1
15436240889550170 1500 -1
15436240889551712 8000 -1
15436240889552230 7037 -1
15436240889552770 374 -1
15436240889552770 1500 -1
15436240889553330 1500 -1
15436240889553330 3508 -1
15436240889554480 4072 -1
15436240889554480 2032 -1
15436240894555622 137 1
15436240894578630 13 -1
15436240895729908 1500 -1
15436240895729908 80 -1
15436240900730870 135 1
15436240900754672 13 -1
15436240902374570 1500 -1
15436240902375410 1500 -1
15436240902375970 8000 -1
15436240902376740 5538 -1
15436240902377240 1500 -1
15436240902377240 281 -1
15436240902377300 1500 -1
15436240902377790 3486 -1
15436240902378910 4072 -1
15436240902378910 2484 -1
15436240907379770 126 1
15436240907403250 13 -1
15436240908954970 493 -1
15436240908956370 1500 -1
15436240908956370 1500 -1
15436240908956872 3626 -1
15436240908958002 4072 -1
15436240908958002 2686 -1
15436240913958982 136 1
15436240913982980 13 -1
15436240916236240 1500 -1
15436240916236240 1500 -1
15436240916237600 8000 -1
15436240916238300 5538 -1
15436240916238840 1453 -1
15436240916238912 1500 -1
15436240916239470 3803 -1
15436240916239470 949 -1
15436240921240662 126 1
15436240921264450 13 -1
15436240922986072 1500 -1
15436240922986072 1500 -1
15436240922987140 8000 -1
15436240922988232 5537 -1
15436240922988232 1453 -1
15436240922988790 1500 -1
15436240922989350 3829 -1
15436240922989900 2529 -1
15436240927990450 126 1
15436240928014150 13 -1
15436240929571720 1500 -1
15436240929572180 1500 -1
15436240929573280 8000 -1
15436240929573810 5512 -1
15436240929574340 1453 -1
15436240929574410 1500 -1
15436240929574922 2902 -1
