### "'16851 11093 14876 21927 12599 19506 26819 12935 22110 17238 24573 20251 15683 16538 14962 22407 28155 24273 13170 15941'"
0 0 0
15436278889541882 52 -1
15436278909691120 148 1
15436278909691120 263 1
15436278909712710 9 -1
15436278909715580 13 -1
15436278909721450 1500 -1
15436278909721962 4115 -1
15436278914896700 126 1
15436278914920440 13 -1
15436278915966310 1500 -1
15436278915966830 1624 -1
15436278915967382 4072 -1
15436278915967938 4072 -1
15436278915967938 1527 -1
15436278920998030 137 1
15436278921022440 13 -1
15436278922223030 1500 -1
15436278922226030 8000 -1
15436278922227970 7038 -1
15436278922227970 374 -1
15436278922227970 1500 -1
15436278922227970 1266 -1
15436278927369360 137 1
15436278927392320 13 -1
15436278928754780 1500 -1
15436278928755270 8000 -1
15436278928756890 7014 -1
15436278928756890 373 -1
15436278928757450 1500 -1
15436278928757450 1500 -1
15436278928759160 3508 -1
15436278928759710 3572 -1
15436278933765150 136 1
15436278933788950 13 -1
15436278934102550 1500 -1
15436278934103450 8000 -1
15436278934104518 7037 -1
15436278934104518 378 -1
15436278934105030 1500 -1
15436278934105030 1500 -1
15436278934105030 2366 -1
15436278939107170 136 1
15436278939130610 13 -1
15436278940133000 1500 -1
15436278940133910 8000 -1
15436278940135360 7037 -1
15436278940135360 378 -1
15436278940135440 494 -1
15436278945136380 126 1
15436278945160140 13 -1
15436278945477180 1500 -1
15436278945477690 8000 -1
15436278945478730 7013 -1
15436278945478730 391 -1
15436278945479290 1500 -1
15436278945479290 1500 -1
15436278945479860 3508 -1
15436278945479860 1308 -1
15436278950481780 136 1
15436278950505960 13 -1
15436278951734850 1500 -1
15436278951735380 8000 -1
15436278951736560 7039 -1
15436278951736560 376 -1
15436278951737060 1500 -1
15436278951737060 1500 -1
15436278951737110 509 -1
15436278956738790 136 1
15436278956763130 13 -1
15436278957733120 1500 -1
15436278957733120 1542 -1
15436278957733640 4072 -1
15436278957734170 4072 -1
15436278957734720 4072 -1
15436278957734720 553 -1
15436278962736520 126 1
15436278962760848 13 -1
15436278963709700 1500 -1
15436278963709700 1582 -1
15436278963710548 4072 -1
15436278963711090 4072 -1
15436278963711650 4072 -1
15436278963711650 1403 -1
15436278963711720 9 -1
15436278968712980 135 1
15436278968737150 13 -1
15436278969673728 1500 -1
15436278969673728 1545 -1
15436278969673728 4072 -1
15436278969674510 4072 -1
15436278969674510 3903 -1
15436278974676180 136 1
15436278974700740 13 -1
15436278975652260 1500 -1
15436278975653340 8000 -1
15436278975654400 7037 -1
15436278975654400 377 -1
15436278975654932 1500 -1
15436278975654932 1500 -1
15436278975655488 2664 -1
15436278980656360 136 1
15436278980680060 13 -1
15436278981860990 1500 -1
15436278981862062 8000 -1
15436278981863180 7038 -1
15436278981863180 376 -1
15436278981863180 1500 -1
15436278981863670 1500 -1
15436278981864200 3508 -1
15436278981864750 4072 -1
15436278981864800 833 -1
15436278986866180 9 1
15436278991866160 139 1
15436278991890320 13 -1
15436278992860620 1500 -1
15436278992861590 8000 -1
15436278992862452 7036 -1
15436278992862452 376 -1
15436278992863250 1500 -1
15436278992863250 1500 -1
15436278992864330 3508 -1
15436278992864330 1023 -1
15436278997865320 136 1
15436278997889140 13 -1
15436278999215770 1500 -1
15436278999216280 1543 -1
15436278999216830 4072 -1
15436278999216830 2615 -1
15436279004218190 135 1
15436279004242520 13 -1
15436279005148170 1500 -1
15436279005148170 1569 -1
15436279005148940 4072 -1
15436279005149460 4072 -1
15436279005149460 2110 -1
15436279010150970 137 1
15436279010174602 13 -1
15436279014244620 522 -1
15436279015593450 1500 -1
15436279015593450 1500 -1
15436279015594298 3626 -1
15436279015594298 4072 -1
15436279015594820 4072 -1
15436279015595360 814 -1
15436279020596700 136 1
15436279020620070 13 -1
15436279021587110 1500 -1
15436279021587638 1567 -1
15436279021588230 4072 -1
15436279021588718 4072 -1
15436279021588718 289 -1
15436279026589710 137 1
15436279026613720 13 -1
15436279027577100 1500 -1
15436279027578120 8000 -1
15436279027579200 7014 -1
15436279027579200 376 -1
15436279027579770 1500 -1
15436279027579770 1500 -1
15436279027580350 3508 -1
15436279027580910 1835 -1
15436279032582770 136 1
15436279032606440 13 -1
15436279033779212 1500 -1
15436279033779212 1566 -1
15436279033780070 4072 -1
15436279033780570 4072 -1
15436279033781280 4072 -1
15436279033781280 849 -1
0 0 0
15436278891289238 52 -1
15436278911461660 148 1
15436278911461660 268 1
15436278911482698 9 -1
15436278911484550 13 -1
15436278911491440 1500 -1
15436278911492410 8000 -1
15436278911505470 5536 -1
15436278911792418 17 -1
0 0 0
15436278891407918 52 -1
15436278927620348 148 1
15436278927620348 278 1
15436278927642510 9 -1
15436278927645300 13 -1
15436278928681670 1500 -1
15436278928682180 1675 -1
15436278928682690 4072 -1
15436278928683230 4072 -1
15436278928683230 1907 -1
15436278928783520 17 -1
0 0 0
15436278891343110 52 -1
15436278911456540 148 1
15436278911478050 9 -1
15436278911504550 277 1
15436278911527470 13 -1
15436278911537430 1500 -1
15436278911537930 8000 -1
15436278911558210 7044 -1
15436278911558210 1500 -1
15436278911558680 4052 -1
15436278911811540 17 -1
0 0 0
15436278891582790 52 -1
15436278909619050 148 1
15436278909619050 268 1
15436278909640100 9 -1
15436278909642388 13 -1
15436278910986700 1500 -1
15436278910987640 8000 -1
15436278911007660 7154 -1
15436278911007660 392 -1
15436278911007660 93 -1
15436278911632978 17 -1
0 0 0
15436278891428872 52 -1
15436278911461970 148 1
15436278911483210 9 -1
15436278911505600 267 1
15436278911528720 13 -1
15436278911536320 1500 -1
15436278911536830 8000 -1
15436278911537370 1753 -1
15436278911709790 17 -1
