### "'19540 23611 35230 28497 12525 28232 30114 32701 33780 31118 32468 29030 26684 29041 21665 31134 32480 29824 29116 30593'"
0 0 0
15436281950698560 52 -1
15436281968534920 148 1
15436281968534920 280 1
15436281968555870 9 -1
15436281968558310 13 -1
15436281968566862 1500 -1
15436281968576410 8000 -1
15436281968587780 7045 -1
15436281968588172 1500 -1
15436281968588172 1665 -1
15436281968646090 17 -1
0 0 0
15436281950484372 52 -1
15436281970554750 148 1
15436281970554750 280 1
15436281970576020 9 -1
15436281970578320 13 -1
15436281970590720 1500 -1
15436281970591208 8000 -1
15436281970599570 7044 -1
15436281970611280 1500 -1
15436281970612950 8000 -1
15436281970614970 2622 -1
15436281971067410 17 -1
0 0 0
15436281948501000 52 -1
15436281968635520 148 1
15436281968635520 254 1
15436281968657430 9 -1
15436281968659800 13 -1
15436281968664300 1500 -1
15436281968664840 6554 -1
15436281973740950 138 1
15436281973765430 13 -1
15436281973773242 1500 -1
15436281973773242 3707 -1
15436281978786010 137 1
15436281978810990 13 -1
15436281978817320 1500 -1
15436281978817320 4857 -1
15436281983860180 137 1
15436281983885290 13 -1
15436281983893060 1500 -1
15436281983893600 6258 -1
15436281988947280 136 1
15436281988971650 13 -1
15436281988995060 1500 -1
15436281988995630 8000 -1
15436281988996670 6941 -1
15436281988999218 1500 -1
15436281989015998 8000 -1
15436281989016550 2357 -1
15436281994017380 136 1
15436281994042600 13 -1
15436281994056950 1500 -1
15436281994058002 8000 -1
15436281994058550 6964 -1
15436281994059110 1500 -1
15436281994060200 8000 -1
15436281994061330 4239 -1
15436281999062080 137 1
15436281999087790 13 -1
15436281999113842 1500 -1
15436281999114390 8000 -1
15436281999115510 6942 -1
15436281999116060 1500 -1
15436281999117170 8000 -1
15436281999118300 6826 -1
15436282004119260 137 1
15436282004143500 13 -1
15436282004165680 1500 -1
15436282004166250 8000 -1
15436282004167320 6964 -1
15436282004167890 1500 -1
15436282004168950 8000 -1
15436282004170060 6893 -1
15436282004170060 1021 -1
15436282009170908 136 1
15436282009196200 13 -1
15436282009205220 1500 -1
15436282009205780 8000 -1
15436282009206900 6941 -1
15436282009207420 1500 -1
15436282009208510 8000 -1
15436282009209640 5243 -1
15436282014210340 137 1
15436282014235070 13 -1
15436282014250060 1500 -1
15436282014251130 8000 -1
15436282014252182 6964 -1
15436282014252182 1500 -1
15436282014253290 8000 -1
15436282014254438 6593 -1
15436282019255140 137 1
15436282019279120 13 -1
15436282019289560 1500 -1
15436282019290070 8000 -1
15436282019291142 6941 -1
15436282019291690 1500 -1
15436282019292880 8000 -1
15436282019293410 3155 -1
15436282024294478 137 1
15436282024319020 13 -1
15436282024332450 1500 -1
15436282024332960 8000 -1
15436282024334030 6964 -1
15436282024334600 1500 -1
15436282024335712 8000 -1
15436282024335712 809 -1
15436282029336510 136 1
15436282029361430 13 -1
15436282029370090 1500 -1
15436282029370648 8000 -1
15436282029371810 6941 -1
15436282029372270 1500 -1
15436282029373360 8000 -1
15436282029373930 3166 -1
15436282034375560 135 1
15436282034400060 13 -1
15436282034445250 1500 -1
15436282034445820 8000 -1
15436282034447442 6964 -1
15436282034447442 1500 -1
15436282034448000 3790 -1
15436282039449160 137 1
15436282039473720 13 -1
15436282039484660 1500 -1
15436282039485180 8000 -1
15436282039486812 6941 -1
15436282039486812 1500 -1
15436282039487930 8000 -1
15436282039488480 5259 -1
15436282044489610 9 1
15436282049489642 140 1
15436282049514260 13 -1
15436282049525710 1500 -1
15436282049526920 8000 -1
15436282049527480 6964 -1
15436282049528010 1500 -1
15436282049529110 8000 -1
15436282049530190 6605 -1
15436282054530800 136 1
15436282054554760 13 -1
15436282055498020 1500 -1
15436282055499100 8000 -1
15436282055499640 7075 -1
15436282055499640 376 -1
15436282055500750 1500 -1
15436282055500750 1500 -1
15436282055501298 3508 -1
15436282055501830 4072 -1
15436282055501830 2502 -1
15436282060503350 136 1
15436282060528560 13 -1
15436282060543680 1500 -1
15436282060544130 8000 -1
15436282060545190 6964 -1
15436282060545740 1500 -1
15436282060546870 8000 -1
15436282060547440 3241 -1
15436282065548470 136 1
15436282065572500 13 -1
15436282065588210 1500 -1
15436282065589300 8000 -1
15436282065589860 6941 -1
15436282065590420 1500 -1
15436282065591490 8000 -1
15436282065592560 4718 -1
15436282070593280 137 1
15436282070619040 13 -1
15436282070637720 1500 -1
15436282070638198 8000 -1
15436282070639290 6964 -1
15436282070639870 1500 -1
15436282070640910 8000 -1
15436282070640950 506 -1
15436282075641790 136 1
15436282075665690 13 -1
15436282075678840 1500 -1
15436282075679440 8000 -1
15436282075681050 6941 -1
15436282075681050 1500 -1
15436282075681600 2727 -1
15436282080682690 135 1
15436282080707200 13 -1
15436282080721070 1500 -1
15436282080722100 8000 -1
15436282080722600 6964 -1
15436282080723140 1352 -1
15436282085725720 136 1
15436282085750110 13 -1
15436282085758728 1500 -1
15436282085759820 8000 -1
15436282085760900 6941 -1
15436282085760900 1500 -1
15436282085762550 8000 -1
15436282085763130 4580 -1
0 0 0
15436281950478858 52 -1
15436281970576360 148 1
15436281970576360 281 1
15436281970598978 9 -1
15436281970602010 13 -1
15436281970610170 1500 -1
15436281970619790 8000 -1
15436281970623210 7045 -1
15436281970630770 1500 -1
15436281970631880 5736 -1
15436281970833420 17 -1
0 0 0
15436281950701398 52 -1
15436281986707240 148 1
15436281986707240 279 1
15436281986729510 9 -1
15436281986732510 13 -1
15436281986740078 1500 -1
15436281986741100 8000 -1
15436281986750520 3185 -1
15436281987038800 17 -1
0 0 0
15436281950486040 52 -1
15436281970664858 148 1
15436281970664858 281 1
15436281970686900 9 -1
15436281970690032 13 -1
15436281970717440 1500 -1
15436281970718492 8000 -1
15436281970739110 7044 -1
15436281970739110 1500 -1
15436281970741610 8000 -1
15436281970746378 6893 -1
15436281970746378 1500 -1
15436281970746378 971 -1
15436281970991290 17 -1
