### "'11587 26238 14397 18044 12296 11906 27109 12497 10034 10417 17407 22513 11990 15558 15201 25873 16840 23503 20075 23470'"
0 0 0
15436288403346580 52 -1
15436288423451380 148 1
15436288423451380 280 1
15436288423473138 9 -1
15436288423475550 13 -1
15436288423482110 1500 -1
15436288423482658 6336 -1
15436288423730440 17 -1
0 0 0
15436288403213090 52 -1
15436288423351140 148 1
15436288423372240 9 -1
15436288423453330 270 1
15436288423476120 13 -1
15436288423485920 1500 -1
15436288423486440 8000 -1
15436288423506948 7050 -1
15436288423507500 1500 -1
15436288423511260 8000 -1
15436288423513380 363 -1
15436288423885332 17 -1
0 0 0
15436288403400700 52 -1
15436288439877940 148 1
15436288439877940 281 1
15436288439899850 9 -1
15436288439902850 13 -1
15436288439910470 1500 -1
15436288439910992 8000 -1
15436288439921060 2566 -1
15436288439979480 17 -1
0 0 0
15436288403414320 52 -1
15436288421735160 148 1
15436288421735160 270 1
15436288421756610 9 -1
15436288421758968 13 -1
15436288421765620 1500 -1
15436288421766150 8000 -1
15436288421766190 240 -1
15436288421927120 17 -1
0 0 0
15436288403218760 52 -1
15436288423473812 148 1
15436288423473812 281 1
15436288423495290 9 -1
15436288423497890 13 -1
15436288423506400 1500 -1
15436288423507450 8000 -1
15436288423516500 2247 -1
15436288423745540 17 -1
0 0 0
15436288401701990 52 -1
15436288421758960 148 1
15436288421758960 253 1
15436288421780260 9 -1
15436288421782780 13 -1
15436288421789210 1500 -1
15436288421789210 1316 -1
15436288426860880 138 1
15436288426884460 13 -1
15436288426891570 1500 -1
15436288426896360 8000 -1
15436288426906450 4959 -1
15436288432061550 125 1
15436288432085208 13 -1
15436288432092370 1500 -1
15436288432093470 8000 -1
15436288432094582 6964 -1
15436288432094582 1500 -1
15436288432094582 169 -1
15436288437155200 136 1
15436288437178610 13 -1
15436288437185250 1500 -1
15436288437186300 8000 -1
15436288437186880 2853 -1
15436288442198660 126 1
15436288442222380 13 -1
15436288442232290 1500 -1
15436288442232800 8000 -1
15436288442234440 6964 -1
15436288442234440 1500 -1
15436288442235480 8000 -1
15436288442236990 1234 -1
15436288447237970 135 1
15436288447261780 13 -1
15436288447267302 1500 -1
15436288447268060 5834 -1
15436288452268680 136 1
15436288452293690 13 -1
15436288452301990 1500 -1
15436288452303130 8000 -1
15436288452303190 3077 -1
15436288457304080 125 1
15436288457327672 13 -1
15436288457333760 1500 -1
15436288457334270 8000 -1
15436288457334350 591 -1
15436288462335392 135 1
15436288462359040 13 -1
15436288462370200 1500 -1
15436288462370730 8000 -1
15436288462371270 997 -1
15436288467372090 126 1
15436288467395750 13 -1
15436288467402092 1500 -1
15436288467402620 6469 -1
15436288472403628 136 1
15436288472428150 13 -1
15436288474278510 1500 -1
15436288474278510 1500 -1
15436288474279280 4039 -1
15436288474279830 4072 -1
15436288474280350 4072 -1
15436288474280900 1500 -1
15436288474280900 929 -1
15436288474280930 9 -1
15436288479282020 136 1
15436288479305540 13 -1
15436288479313130 1500 -1
15436288479314380 8000 -1
15436288479315460 6941 -1
15436288479315460 1500 -1
15436288479316010 4638 -1
15436288484317040 137 1
15436288484340690 13 -1
15436288484348680 1500 -1
15436288484349812 8000 -1
15436288484349890 2570 -1
15436288489350910 9 1
15436288494350930 140 1
15436288494374530 13 -1
15436288494383270 1500 -1
15436288494384350 8000 -1
15436288494385468 6138 -1
15436288499386060 136 1
15436288499409010 13 -1
15436288499416450 1500 -1
15436288499417182 8000 -1
15436288499418148 5758 -1
15436288504418900 134 1
15436288504443632 13 -1
15436288504457840 1500 -1
15436288504459390 8000 -1
15436288504459930 6965 -1
15436288504459930 1500 -1
15436288504461570 7998 -1
15436288509462150 137 1
15436288509485570 13 -1
15436288509494880 1500 -1
15436288509496040 8000 -1
15436288509496530 6941 -1
15436288509497070 465 -1
15436288514499360 124 1
15436288514522892 13 -1
15436288514530770 1500 -1
15436288514531900 8000 -1
15436288514531950 261 -1
15436288519532810 137 1
15436288519556388 13 -1
15436288519561940 1500 -1
15436288519563090 7862 -1
15436288524563790 125 1
15436288524587710 13 -1
15436288524599430 1500 -1
15436288524599928 8000 -1
15436288524601490 6965 -1
15436288524601490 1500 -1
15436288524602550 5628 -1
15436288530887650 125 1
15436288530911190 13 -1
15436288530926458 1500 -1
15436288530928150 8000 -1
15436288530928690 6964 -1
15436288530929220 1500 -1
15436288530929820 2200 -1
15436288535931038 126 1
15436288535954800 13 -1
15436288535963630 1500 -1
15436288535964702 8000 -1
15436288535966380 6941 -1
15436288535966380 1500 -1
15436288535967490 5595 -1
15436288540968080 137 1
15436288540991990 13 -1
15436288541005690 1500 -1
15436288541006760 8000 -1
15436288541007850 6964 -1
15436288541007850 1500 -1
15436288541008890 8000 -1
15436288541010000 3967 -1
15436288546010680 135 1
15436288546036670 13 -1
15436288546043748 1500 -1
15436288546044850 8000 -1
15436288546045930 6941 -1
15436288546045930 1500 -1
15436288546047080 8000 -1
15436288546047600 2311 -1
15436288551048520 135 1
15436288551073780 13 -1
15436288552637050 1500 -1
15436288552637050 1500 -1
15436288552637610 4022 -1
15436288552638162 3489 -1
15436288557638960 135 1
15436288557662620 13 -1
15436288558994310 1500 -1
15436288558994802 1500 -1
15436288558995350 3999 -1
15436288558995910 3465 -1
15436288563996780 125 1
15436288564019590 13 -1
15436288564026598 1500 -1
15436288564027122 8000 -1
15436288564028240 3174 -1
15436288569028900 135 1
15436288569053660 13 -1
15436288569059610 1500 -1
15436288569060180 5850 -1
15436288574060900 135 1
15436288574084060 13 -1
15436288575427780 1500 -1
15436288575427780 1500 -1
15436288575428318 4025 -1
15436288575429480 4072 -1
15436288575429480 4072 -1
15436288575429990 751 -1
15436288580430970 137 1
15436288580454230 13 -1
15436288581879960 1500 -1
15436288581879960 1500 -1
15436288581880490 4019 -1
15436288581880490 1777 -1
