### "'19066 18699 29987 13122 12170 16243 12365 10205 32671 26300 21527 32333 32551 32004 23894 15899 13647 32242 16467 17720'"
0 0 0
15436289847813430 52 -1
15436289867838330 148 1
15436289867859290 9 -1
15436289867887002 268 1
15436289867912468 13 -1
15436289867919440 1500 -1
15436289867920520 8000 -1
15436289867939460 3782 -1
15436289868052000 17 -1
0 0 0
15436289848087822 52 -1
15436289866547730 148 1
15436289866547730 267 1
15436289866568940 9 -1
15436289866571470 13 -1
15436289866581190 1500 -1
15436289866589848 8000 -1
15436289866601910 7044 -1
15436289866601910 1500 -1
15436289866601910 1191 -1
15436289866928670 17 -1
0 0 0
15436289847905080 52 -1
15436289867921050 148 1
15436289867921050 267 1
15436289867942490 9 -1
15436289867947330 13 -1
15436289867956960 1500 -1
15436289867958100 8000 -1
15436289867968810 7044 -1
15436289867977992 1500 -1
15436289867981570 8000 -1
15436289867983540 4112 -1
15436289868042360 17 -1
0 0 0
15436289847800420 52 -1
15436289867719200 148 1
15436289867719200 268 1
15436289867740468 9 -1
15436289867742742 13 -1
15436289867749578 1500 -1
15436289867750680 8000 -1
15436289867770318 7044 -1
15436289867770318 1500 -1
15436289867770318 824 -1
15436289867937860 17 -1
0 0 0
15436289846547460 52 -1
15436289866555310 148 1
15436289866555310 258 1
15436289866576590 9 -1
15436289866578888 13 -1
15436289866583430 1500 -1
15436289866583960 6883 -1
15436289871838190 137 1
15436289871861630 13 -1
15436289871872440 1500 -1
15436289871872972 8000 -1
15436289871875970 2755 -1
15436289876918440 126 1
15436289876941740 13 -1
15436289878310650 1500 -1
15436289878311110 1596 -1
15436289878311620 4072 -1
15436289878312150 4072 -1
15436289878312710 4072 -1
15436289878312710 1103 -1
15436289883343970 137 1
15436289883368700 13 -1
15436289884533120 1500 -1
15436289884533120 1566 -1
15436289884533690 4072 -1
15436289884533690 161 -1
15436289889535540 125 1
15436289889558650 13 -1
15436289889565990 1500 -1
15436289889567550 8000 -1
15436289889567620 762 -1
15436289894568580 127 1
15436289894591980 13 -1
15436289894601850 1500 -1
15436289894603742 8000 -1
15436289894606040 6964 -1
15436289894606610 1500 -1
15436289894607680 8000 -1
15436289894613390 6796 -1
15436289899614338 127 1
15436289899639520 13 -1
15436289899647420 1500 -1
15436289899649128 8000 -1
15436289899649128 6941 -1
15436289899649630 1500 -1
15436289899650682 8000 -1
15436289899650740 425 -1
15436289904651780 126 1
15436289904674900 13 -1
15436289904683670 1500 -1
15436289904684240 8000 -1
15436289904685300 6964 -1
15436289904685820 1500 -1
15436289904686370 3652 -1
15436289909687080 125 1
15436289909712120 13 -1
15436289909726400 1500 -1
15436289909726940 8000 -1
15436289909728560 6941 -1
15436289909728560 1500 -1
15436289909729670 8000 -1
15436289909730740 6458 -1
15436289914731340 126 1
15436289914754930 13 -1
15436289914772078 1500 -1
15436289914772640 8000 -1
15436289914773710 6964 -1
15436289914774240 1500 -1
15436289914775350 8000 -1
15436289914776470 6676 -1
15436289919777310 136 1
15436289919801410 13 -1
15436289921143560 1500 -1
15436289921144610 8000 -1
15436289921145170 7036 -1
15436289921145170 375 -1
15436289921146200 1500 -1
15436289921146200 1500 -1
15436289921146750 3508 -1
15436289921147310 4072 -1
15436289921147880 4072 -1
15436289921147880 611 -1
15436289926149768 126 1
15436289926173502 13 -1
15436289926181080 1500 -1
15436289926182150 8000 -1
15436289926183200 6941 -1
15436289926183200 1500 -1
15436289926184270 6019 -1
15436289931185250 125 1
15436289931209070 13 -1
15436289931217150 1500 -1
15436289931217680 8000 -1
15436289931218780 6479 -1
15436289936219650 9 1
15436289941219690 128 1
15436289941243082 13 -1
15436289941251860 1500 -1
15436289941252380 8000 -1
15436289941253480 4227 -1
15436289946254200 136 1
15436289946278240 13 -1
15436289947213180 1500 -1
15436289947213710 8000 -1
15436289947214790 7014 -1
15436289947214790 378 -1
15436289947215390 1500 -1
15436289947215390 1500 -1
15436289947215870 2720 -1
15436289947216390 4072 -1
15436289947216940 3040 -1
15436289947217510 2666 -1
15436289952219290 127 1
15436289952243630 13 -1
15436289953572480 1500 -1
15436289953572480 1584 -1
15436289953573050 4072 -1
15436289953573050 2419 -1
15436289958574720 125 1
15436289958600308 13 -1
15436289958610762 1500 -1
15436289958611440 8000 -1
15436289958612500 6941 -1
15436289958612500 92 -1
15436289963613380 127 1
15436289963637280 13 -1
15436289964977010 1500 -1
15436289964978052 8000 -1
15436289964979140 7038 -1
15436289964979140 391 -1
15436289964979140 963 -1
15436289969980320 127 1
15436289970003682 13 -1
15436289970025908 1500 -1
15436289970026988 8000 -1
15436289970029490 6941 -1
15436289970030070 1500 -1
15436289970030670 6413 -1
15436289975032440 125 1
15436289975055670 13 -1
15436289975065550 1500 -1
15436289975066080 8000 -1
15436289975067160 6964 -1
15436289975067698 1101 -1
0 0 0
15436289848131290 52 -1
15436289884436520 148 1
15436289884436520 279 1
15436289884458630 9 -1
15436289884461420 13 -1
15436289884471732 1500 -1
15436289884472290 8000 -1
15436289884482040 3025 -1
15436289884552300 17 -1
