### "'16116 22958 16523 25120 20426 23275 28890 18210 31514 34976 38703 16331 24755 31542 27779 28884 24646 25787 28336 32608'"
0 0 0
15436301048885440 52 -1
15436301068971642 148 1
15436301068971642 286 1
15436301068993360 9 -1
15436301068995630 13 -1
15436301069001830 1500 -1
15436301069002850 8000 -1
15436301069022730 7044 -1
15436301069022730 148 -1
15436301069157528 17 -1
0 0 0
15436301048841640 52 -1
15436301068757802 148 1
15436301068757802 286 1
15436301068778680 9 -1
15436301068781530 13 -1
15436301068791380 1500 -1
15436301068799300 8000 -1
15436301068811390 7044 -1
15436301068811390 1500 -1
15436301068813130 5083 -1
15436301069096640 17 -1
0 0 0
15436301048883020 52 -1
15436301085343220 148 1
15436301085364950 9 -1
15436301085365090 286 1
15436301085388290 13 -1
15436301086388690 1500 -1
15436301086389710 8000 -1
15436301086409850 7153 -1
15436301086410370 377 -1
15436301086410370 1467 -1
15436301086795790 17 -1
0 0 0
15436301048839920 52 -1
15436301068821700 148 1
15436301068821700 286 1
15436301068842990 9 -1
15436301068845730 13 -1
15436301071361650 1500 -1
15436301071362700 8000 -1
15436301071383110 7155 -1
15436301071383640 377 -1
15436301071383640 1500 -1
15436301071384180 1500 -1
15436301071384180 3508 -1
15436301071384740 1869 -1
15436301071682230 17 -1
0 0 0
15436301049017690 52 -1
15436301067166110 148 1
15436301067166110 286 1
15436301067194340 9 -1
15436301067197240 13 -1
15436301067208840 1500 -1
15436301067209370 8000 -1
15436301067235000 6776 -1
15436301067420180 17 -1
0 0 0
15436301047182300 52 -1
15436301067210190 148 1
15436301067210190 259 1
15436301067231670 9 -1
15436301067234470 13 -1
15436301067240000 1500 -1
15436301067240550 6418 -1
15436301072398700 136 1
15436301072422900 13 -1
15436301073583428 1500 -1
15436301073585020 8000 -1
15436301073586832 7079 -1
15436301073586832 378 -1
15436301073588728 1500 -1
15436301073589860 1500 -1
15436301073589860 682 -1
15436301078687250 137 1
15436301078710480 13 -1
15436301078719270 1500 -1
15436301078719780 8000 -1
15436301078721982 6947 -1
15436301078721982 1500 -1
15436301078722520 5400 -1
15436301083750430 138 1
15436301083774500 13 -1
15436301083784070 1500 -1
15436301083784580 8000 -1
15436301083786220 6964 -1
15436301083786220 1500 -1
15436301083787310 8000 -1
15436301083789060 3015 -1
15436301088871378 136 1
15436301088895290 13 -1
15436301088904850 1500 -1
15436301088906360 8000 -1
15436301088906880 6941 -1
15436301088906880 1500 -1
15436301088907918 8000 -1
15436301088909020 5639 -1
15436301093909650 136 1
15436301093933170 13 -1
15436301093949030 1500 -1
15436301093949690 8000 -1
15436301093950630 6964 -1
15436301093951180 1500 -1
15436301093952292 8000 -1
15436301093953422 6893 -1
15436301093953422 1500 -1
15436301093953422 717 -1
15436301098954530 136 1
15436301098978300 13 -1
15436301100469850 1500 -1
15436301100469850 1500 -1
15436301100470700 8000 -1
15436301100471808 5537 -1
15436301100471808 1453 -1
15436301100472332 1500 -1
15436301100473470 8000 -1
15436301100474030 6893 -1
15436301100474542 1125 -1
15436301100474600 1500 -1
15436301100474600 1884 -1
15436301105476078 138 1
15436301105501202 13 -1
15436301105508380 1500 -1
15436301105509050 8000 -1
15436301105509120 426 -1
15436301110510040 126 1
15436301110534300 13 -1
15436301110541460 1500 -1
15436301110541970 8000 -1
15436301110543080 6911 -1
15436301115543880 138 1
15436301115568200 13 -1
15436301116907080 1500 -1
15436301116908130 8000 -1
15436301116909240 7013 -1
15436301116909240 372 -1
15436301116909780 1500 -1
15436301116909780 1500 -1
15436301116910310 3508 -1
15436301116910870 1509 -1
15436301121915280 138 1
15436301121938730 13 -1
15436301123304550 1500 -1
15436301123305590 8000 -1
15436301123306690 7039 -1
15436301123306690 374 -1
15436301123307220 1500 -1
15436301123307220 1500 -1
15436301123307770 3508 -1
15436301123308320 4072 -1
15436301123309060 4072 -1
15436301123309060 150 -1
15436301128310320 138 1
15436301128334680 13 -1
15436301129301510 1500 -1
15436301129302030 8000 -1
15436301129303082 7013 -1
15436301129303082 374 -1
15436301129303600 1500 -1
15436301129304140 1500 -1
15436301129304140 3508 -1
15436301129304730 4072 -1
15436301129304730 459 -1
15436301134306350 137 1
15436301134330330 13 -1
15436301134647030 1500 -1
15436301134647980 8000 -1
15436301134649060 7035 -1
15436301134649060 375 -1
15436301134649610 1500 -1
15436301134649610 1500 -1
15436301134650140 3508 -1
15436301134650710 4072 -1
15436301134651310 1563 -1
15436301139652122 9 1
15436301144652180 140 1
15436301144676470 13 -1
15436301146430070 1500 -1
15436301146430560 1500 -1
15436301146431630 8000 -1
15436301146432190 5539 -1
15436301146432190 1453 -1
15436301146432750 1500 -1
15436301146433270 3802 -1
15436301146433270 1525 -1
15436301151434460 136 1
15436301151458262 13 -1
15436301151472960 1500 -1
15436301151473460 8000 -1
15436301151474650 6969 -1
15436301151474650 1500 -1
15436301151475720 7912 -1
15436301156476560 137 1
15436301156500320 13 -1
15436301157884430 1500 -1
15436301157885448 8000 -1
15436301157886540 7014 -1
15436301157886540 375 -1
15436301157887080 1500 -1
15436301157887620 1500 -1
15436301157887620 3508 -1
15436301157888150 4072 -1
15436301157888690 1015 -1
15436301162889472 136 1
15436301162912920 13 -1
15436301164083860 1500 -1
15436301164084890 8000 -1
15436301164086020 7036 -1
15436301164086020 376 -1
15436301164086558 1500 -1
15436301164086558 1500 -1
15436301164087100 3508 -1
15436301164087610 4072 -1
15436301164088150 4072 -1
15436301164088700 1214 -1
15436301169089790 136 1
15436301169113460 13 -1
15436301170094250 1500 -1
15436301170094790 1566 -1
15436301170095320 4072 -1
15436301170095830 4072 -1
15436301170096390 4072 -1
15436301170096390 95 -1
15436301175097490 136 1
15436301175121428 13 -1
15436301176253170 1500 -1
15436301176254252 8000 -1
15436301176255360 7013 -1
15436301176255360 375 -1
15436301176255940 1500 -1
15436301176255940 968 -1
15436301181257020 135 1
15436301181281468 13 -1
15436301182459790 1500 -1
15436301182460820 8000 -1
15436301182461930 7035 -1
15436301182461930 376 -1
15436301182462470 1500 -1
15436301182463000 1500 -1
15436301182463000 3508 -1
15436301182463550 4072 -1
15436301182463550 45 -1
