### "'20391 10041 15575 14769 10139 10552 12560 10215 13796 16092 11617 18874 16267 15719 9992 12612 12053 10860 10851 14476'"
0 0 0
15436302162146110 52 -1
15436302182105740 148 1
15436302182127960 9 -1
15436302182181720 268 1
15436302182207180 13 -1
15436302182211512 1500 -1
15436302182211512 1831 -1
15436302187457560 137 1
15436302187481330 13 -1
15436302188851140 1500 -1
15436302188851510 1583 -1
15436302188851510 2824 -1
15436302193948020 138 1
15436302193971540 13 -1
15436302196099600 1500 -1
15436302196099600 1563 -1
15436302196099600 2833 -1
15436302201121380 137 1
15436302201144980 13 -1
15436302202084910 1500 -1
15436302202084910 1562 -1
15436302202084910 2077 -1
15436302207086380 126 1
15436302207109980 13 -1
15436302207114460 1500 -1
15436302207114962 8000 -1
15436302207131072 5326 -1
15436302212132270 126 1
15436302212155672 13 -1
15436302213156440 1500 -1
15436302213156440 131 -1
15436302218157420 125 1
15436302218180708 13 -1
15436302219384170 1500 -1
15436302219384170 1559 -1
15436302219385850 4072 -1
15436302219385850 3137 -1
15436302224386980 125 1
15436302224410500 13 -1
15436302225584530 1500 -1
15436302225584530 133 -1
15436302230585580 127 1
15436302230608612 13 -1
15436302231957810 1500 -1
15436302231958280 1581 -1
15436302231958900 4072 -1
15436302231959400 3553 -1
15436302236960462 124 1
15436302236983200 13 -1
15436302236993490 1500 -1
15436302236994040 8000 -1
15436302236995252 3117 -1
15436302241995968 126 1
15436302242019840 13 -1
15436302242024520 1500 -1
15436302242025620 8000 -1
15436302242026780 795 -1
15436302247027440 124 1
15436302247050790 13 -1
15436302247059670 1500 -1
15436302247059670 5058 -1
15436302252060790 126 1
15436302252084560 13 -1
15436302252091170 1500 -1
15436302252091170 4892 -1
15436302257092410 126 1
15436302257115350 13 -1
15436302257122240 1500 -1
15436302257122810 5236 -1
15436302262123490 125 1
15436302262147170 13 -1
15436302262154890 1500 -1
15436302262155408 8000 -1
15436302262156520 4376 -1
15436302267157290 9 1
15436302272157320 128 1
15436302272180300 13 -1
15436302272191492 1500 -1
15436302272192580 8000 -1
15436302272193120 6672 -1
15436302277193830 126 1
15436302277217150 13 -1
15436302277226370 1500 -1
15436302277226890 7666 -1
15436302282227650 126 1
15436302282252172 13 -1
15436302282258630 1500 -1
15436302282258630 64 -1
15436302287259360 125 1
15436302287282960 13 -1
15436302287290260 1500 -1
15436302287291320 8000 -1
15436302287291360 2174 -1
15436302292292520 125 1
15436302292316238 13 -1
15436302292321190 1500 -1
15436302292321190 59 -1
15436302297321980 154 1
15436302297347060 13 -1
15436302297360260 1500 -1
15436302297361370 8000 -1
15436302297363040 6941 -1
15436302297363610 1500 -1
15436302297363610 999 -1
15436302302364750 125 1
15436302302388700 13 -1
15436302302402080 1500 -1
15436302302402800 8000 -1
15436302302404460 6847 -1
15436302307404990 125 1
15436302307428542 13 -1
15436302307436370 1500 -1
15436302307437770 8000 -1
15436302307438350 6276 -1
15436302312438980 125 1
15436302312462608 13 -1
15436302312470030 1500 -1
15436302312470030 64 -1
15436302317471170 125 1
15436302317495440 13 -1
15436302317504950 1500 -1
15436302317505578 8000 -1
15436302317506120 548 -1
15436302322506650 126 1
15436302322530488 13 -1
15436302322537710 1500 -1
15436302322537710 59 -1
15436302327538380 125 1
15436302327562180 13 -1
15436302327569430 1500 -1
15436302327570168 8000 -1
15436302327570730 3169 -1
15436302332571420 126 1
15436302332597662 13 -1
15436302332604762 1500 -1
15436302332605910 8000 -1
15436302332606480 2633 -1
15436302337607030 125 1
15436302337631100 13 -1
15436302337641850 1500 -1
15436302337642530 7561 -1
15436302342643440 125 1
15436302342667670 13 -1
15436302342673690 1500 -1
15436302342673690 60 -1
15436302347674388 125 1
15436302347697762 13 -1
15436302347706670 1500 -1
15436302347708312 8000 -1
15436302347708400 1417 -1
15436302352709250 126 1
15436302352733322 13 -1
15436302352740170 1500 -1
15436302352740170 59 -1
15436302357740910 125 1
15436302357764800 13 -1
15436302357772770 1500 -1
15436302357773408 8000 -1
15436302357774560 1409 -1
15436302362775100 126 1
15436302362799520 13 -1
15436302362807720 1500 -1
15436302362808910 8000 -1
15436302362809480 5056 -1
15436302367810140 125 1
15436302367833878 13 -1
15436302367842590 1500 -1
15436302367843810 8000 -1
15436302367844370 1245 -1
15436302372844910 126 1
15436302372868928 13 -1
15436302372875258 1500 -1
15436302372875258 59 -1
15436302377875940 126 1
15436302377899750 13 -1
15436302377906908 1500 -1
15436302377907970 8000 -1
15436302377907990 1231 -1
15436302382908810 126 1
15436302382933080 13 -1
15436302382940250 1500 -1
15436302382940250 59 -1
15436302387940990 125 1
15436302387965320 13 -1
15436302387975170 1500 -1
15436302387976770 8000 -1
15436302387976880 4609 -1
15436302392977860 126 1
15436302393001950 13 -1
15436302393008530 1500 -1
15436302393010130 8000 -1
15436302393010280 2201 -1
15436302398011210 126 1
15436302398035920 13 -1
15436302398045630 1500 -1
15436302398046330 8000 -1
15436302398047410 5884 -1
0 0 0
15436302164510250 52 -1
15436302200313820 148 1
15436302200313820 272 1
15436302200335200 9 -1
15436302200337720 13 -1
15436302200342528 1500 -1
15436302200343030 8000 -1
15436302200364420 6234 -1
15436302200670258 17 -1
0 0 0
15436302164509110 52 -1
15436302184461520 148 1
15436302184461520 271 1
15436302184482800 9 -1
15436302184484870 13 -1
15436302184492970 1500 -1
15436302184494520 8000 -1
15436302184494560 701 -1
15436302184565700 17 -1
0 0 0
15436302164529210 52 -1
15436302182189680 148 1
15436302182189680 272 1
15436302182211410 9 -1
15436302182214962 13 -1
15436302182223870 1500 -1
15436302182232298 8000 -1
15436302182244310 7044 -1
15436302182244310 1500 -1
15436302182245430 2516 -1
15436302182601270 17 -1
0 0 0
15436302164386640 52 -1
15436302184465570 148 1
15436302184465570 272 1
15436302184487230 9 -1
15436302184493420 13 -1
15436302184501842 1500 -1
15436302184501842 139 -1
15436302184561040 17 -1
0 0 0
15436302164189620 52 -1
15436302184259130 148 1
15436302184259130 271 1
15436302184280310 9 -1
15436302184283850 13 -1
15436302184288520 1500 -1
15436302184288520 139 -1
15436302184556962 17 -1
