### "'15818 10769 20893 15831 16337 15506 14518 22975 13646 15291 11775 19693 12621 24999 15183 20320 24874 19327 18330 15392'"
0 0 0
15436312779581830 52 -1
15436312799753590 148 1
15436312799753590 279 1
15436312799775720 9 -1
15436312799779520 13 -1
15436312801432682 1500 -1
15436312801432682 1500 -1
15436312801432682 1500 -1
15436312801433200 2627 -1
15436312801433790 4072 -1
15436312801453450 4072 -1
15436312801453450 829 -1
15436312802106568 17 -1
0 0 0
15436312777901400 52 -1
15436312797937190 148 1
15436312797937190 251 1
15436312797957910 9 -1
15436312797964530 13 -1
15436312797966970 1500 -1
15436312797967450 4781 -1
15436312803293300 136 1
15436312803316550 13 -1
15436312804852950 1500 -1
15436312804852950 1500 -1
15436312804853490 4054 -1
15436312804855170 4072 -1
15436312804855750 4072 -1
15436312804855750 1333 -1
15436312809895110 135 1
15436312809919788 13 -1
15436312811508952 1500 -1
15436312811508952 1500 -1
15436312811509480 4011 -1
15436312811510560 4072 -1
15436312811511120 4072 -1
15436312811511120 505 -1
15436312816559620 136 1
15436312816582230 13 -1
15436312818059052 1500 -1
15436312818059550 1500 -1
15436312818060620 8000 -1
15436312818061162 5512 -1
15436312818061162 1453 -1
15436312818061740 1500 -1
15436312818062292 3656 -1
15436312823063390 136 1
15436312823087872 13 -1
15436312824523600 1500 -1
15436312824523600 1500 -1
15436312824524100 4010 -1
15436312824524620 4072 -1
15436312824524620 2717 -1
15436312829526392 125 1
15436312829551050 13 -1
15436312831137360 1500 -1
15436312831137360 1500 -1
15436312831137890 4027 -1
15436312831137890 764 -1
15436312836139440 135 1
15436312836162160 13 -1
15436312837644210 1500 -1
15436312837644210 1500 -1
15436312837644730 3988 -1
15436312837645280 4072 -1
15436312837645882 4072 -1
15436312837645882 289 -1
15436312842647380 153 1
15436312842670620 13 -1
15436312844096360 1500 -1
15436312844096360 1500 -1
15436312844096900 4026 -1
15436312844097518 4072 -1
15436312844097518 830 -1
15436312849099030 137 1
15436312849122520 13 -1
15436312851059930 1500 -1
15436312851059930 1500 -1
15436312851061010 8000 -1
15436312851061480 5536 -1
15436312851062030 1453 -1
15436312851062080 1500 -1
15436312851062080 374 -1
15436312856064140 136 1
15436312856087300 13 -1
15436312857621040 1500 -1
15436312857621040 1500 -1
15436312857621570 3986 -1
15436312857622120 4072 -1
15436312857622120 1691 -1
15436312862623640 135 1
15436312862647750 13 -1
15436312864732100 1500 -1
15436312864732612 1500 -1
15436312864733730 8000 -1
15436312864734250 5538 -1
15436312864734250 1453 -1
15436312864734768 1500 -1
15436312864735342 3803 -1
15436312864735342 1877 -1
15436312869736680 136 1
15436312869759360 13 -1
15436312872077240 1500 -1
15436312872077240 1500 -1
15436312872077680 4010 -1
15436312872078208 4072 -1
15436312872078208 4072 -1
15436312872078208 183 -1
15436312877080230 127 1
15436312877103930 13 -1
15436312878902882 1500 -1
15436312878902882 1500 -1
15436312878903730 8000 -1
15436312878904830 5514 -1
15436312878904830 1453 -1
15436312878905380 1500 -1
15436312878905380 1001 -1
15436312883906700 9 1
15436312888906830 140 1
15436312888929720 13 -1
15436312890871270 1500 -1
15436312890871270 1500 -1
15436312890871810 8000 -1
15436312890872910 5537 -1
15436312890872910 1500 -1
15436312890872910 270 -1
15436312890873430 1500 -1
15436312890873990 3486 -1
15436312890873990 1752 -1
15436312895875420 154 1
15436312895898480 13 -1
15436312897822950 1500 -1
15436312897823460 1500 -1
15436312897824590 8000 -1
15436312897825060 5513 -1
15436312897825590 1453 -1
15436312897825590 1500 -1
15436312897825590 8 -1
15436312902826770 136 1
15436312902849410 13 -1
15436312904481320 1500 -1
15436312904481840 1500 -1
15436312904482902 8000 -1
15436312904483420 5537 -1
15436312904483420 1500 -1
15436312904483420 272 -1
15436312904483420 192 -1
15436312909484870 136 1
15436312909508110 13 -1
15436312911204850 1500 -1
15436312911204850 1500 -1
15436312911205608 4012 -1
15436312911206160 4072 -1
15436312911206720 4072 -1
15436312911206720 389 -1
15436312916207622 137 1
15436312916230832 13 -1
15436312918465518 1500 -1
15436312918465992 1500 -1
15436312918467060 8000 -1
15436312918467620 5514 -1
15436312918468152 1453 -1
15436312918468220 1500 -1
15436312918468730 3268 -1
15436312923469960 124 1
15436312923493390 13 -1
15436312925059370 1500 -1
15436312925060288 1500 -1
15436312925060740 8000 -1
15436312925061290 5539 -1
15436312925061800 1457 -1
15436312925061870 1500 -1
15436312925062430 3027 -1
15436312925062430 694 -1
15436312930063332 136 1
15436312930087150 13 -1
15436312931830110 1500 -1
15436312931830570 1500 -1
15436312931831592 8000 -1
15436312931832098 5536 -1
15436312931832098 1453 -1
15436312931832660 1500 -1
15436312931832660 2088 -1
0 0 0
15436312779656848 52 -1
15436312816038200 148 1
15436312816059210 9 -1
15436312816067318 279 1
15436312816090282 13 -1
15436312817584888 1500 -1
15436312817585370 1500 -1
15436312817585370 1500 -1
15436312817585940 2627 -1
15436312817586442 4072 -1
15436312817606152 3589 -1
15436312817716970 17 -1
0 0 0
15436312779574640 52 -1
15436312799814020 148 1
15436312799814020 266 1
15436312799835880 9 -1
15436312799839252 13 -1
15436312801392130 1500 -1
15436312801392130 1500 -1
15436312801393240 8000 -1
15436312801412130 5655 -1
15436312801413190 1500 -1
15436312801413190 286 -1
15436312801413760 1500 -1
15436312801413760 1241 -1
15436312802084110 17 -1
0 0 0
15436312779573500 52 -1
15436312799689072 148 1
15436312799689072 278 1
15436312799710960 9 -1
15436312799714078 13 -1
15436312801319850 1500 -1
15436312801319850 1500 -1
15436312801319850 1500 -1
15436312801320390 2629 -1
15436312801320940 3911 -1
15436312801971170 17 -1
0 0 0
15436312779764720 52 -1
15436312797898980 148 1
15436312797920498 9 -1
15436312797937738 267 1
15436312797964670 13 -1
15436312799848210 1500 -1
15436312799848210 548 -1
15436312799849852 1500 -1
15436312799849852 3604 -1
15436312799850430 4072 -1
15436312799868750 4072 -1
15436312799868750 801 -1
15436312800146110 17 -1
