### "'28078 10261 16654 29490 13687 21385 27075 17245 40006 18737 21260 34956 19844 15010 13678 29943 18118 30933 22712 17848'"
0 0 0
15436338940743142 52 -1
15436338960800272 148 1
15436338960800272 265 1
15436338960821090 9 -1
15436338960824070 13 -1
15436338960831320 1500 -1
15436338960831840 6801 -1
15436338965966630 138 1
15436338965990090 13 -1
15436338967125650 1500 -1
15436338967126790 1582 -1
15436338967127358 1857 -1
15436338972163260 135 1
15436338972186460 13 -1
15436338973592380 1500 -1
15436338973592880 1565 -1
15436338973592880 2116 -1
15436338978609230 137 1
15436338978631570 13 -1
15436338979997320 1500 -1
15436338979997808 1537 -1
15436338979998370 4072 -1
15436338979998370 314 -1
15436338985093580 137 1
15436338985116798 13 -1
15436338986245460 1500 -1
15436338986245460 1566 -1
15436338986246040 3112 -1
15436338991247170 137 1
15436338991270140 13 -1
15436338993023760 1500 -1
15436338993024270 1500 -1
15436338993025380 8000 -1
15436338993025890 5538 -1
15436338993025890 1453 -1
15436338993026440 1500 -1
15436338993026990 2066 -1
15436338998027750 136 1
15436338998050900 13 -1
15436338999389320 1500 -1
15436338999389320 1500 -1
15436338999390420 8000 -1
15436338999391552 5514 -1
15436338999391552 1453 -1
15436338999392070 1500 -1
15436338999393210 3814 -1
15436338999393770 3942 -1
15436339004394650 137 1
15436339004417480 13 -1
15436339006574290 1500 -1
15436339006574750 1500 -1
15436339006575300 4007 -1
15436339006575850 4072 -1
15436339006576400 4072 -1
15436339006576960 1500 -1
15436339006576960 755 -1
15436339006577020 9 -1
15436339011578760 136 1
15436339011602262 13 -1
15436339013180310 1500 -1
15436339013180310 1500 -1
15436339013181700 8000 -1
15436339013182220 5538 -1
15436339013182220 1453 -1
15436339013182768 1500 -1
15436339013183940 8000 -1
15436339013185000 6893 -1
15436339013185000 1127 -1
15436339013186140 1500 -1
15436339013186140 2581 -1
15436339013186140 604 -1
15436339018187398 138 1
15436339018210550 13 -1
15436339020512050 1500 -1
15436339020512050 1500 -1
15436339020512950 8000 -1
15436339020514040 5538 -1
15436339020514040 1453 -1
15436339020514090 918 -1
15436339025515130 135 1
15436339025538950 13 -1
15436339027351410 1500 -1
15436339027351912 1500 -1
15436339027353042 8000 -1
15436339027353510 5513 -1
15436339027353510 1453 -1
15436339027354060 1500 -1
15436339027354680 1941 -1
15436339032355270 135 1
15436339032379450 13 -1
15436339033857620 1500 -1
15436339033857620 426 -1
15436339033857770 1500 -1
15436339033859028 8000 -1
15436339033859580 6893 -1
15436339034836450 1500 -1
15436339034837330 8000 -1
15436339034838368 6893 -1
15436339034838368 425 -1
15436339034838418 9 -1
15436339039839360 135 1
15436339039863170 13 -1
15436339041807000 1500 -1
15436339041807498 1500 -1
15436339041808550 8000 -1
15436339041809102 5538 -1
15436339041809102 1453 -1
15436339041809640 1500 -1
15436339041810200 525 -1
15436339046811090 138 1
15436339046836218 13 -1
15436339048410280 1500 -1
15436339048410280 1500 -1
15436339048411150 3992 -1
15436339048411150 4072 -1
15436339048411630 4072 -1
15436339048411630 2 -1
15436339053412890 138 1
15436339053436410 13 -1
15436339055167500 1500 -1
15436339055167990 1500 -1
15436339055168530 4020 -1
15436339055169080 4072 -1
15436339055169080 2740 -1
15436339060170570 9 1
15436339065170650 139 1
15436339065193542 13 -1
15436339066605740 1500 -1
15436339066606210 1500 -1
15436339066607310 8000 -1
15436339066607850 5538 -1
15436339066608378 1453 -1
15436339066608440 1500 -1
15436339066608952 3813 -1
15436339066609490 4072 -1
15436339066610100 2739 -1
15436339071611610 136 1
15436339071634678 13 -1
15436339073856320 1500 -1
15436339073856320 1500 -1
15436339073857420 8000 -1
15436339073857970 5537 -1
15436339073858510 1453 -1
15436339073858560 299 -1
15436339078859540 136 1
15436339078884050 13 -1
15436339081055680 1500 -1
15436339081055680 1500 -1
15436339081056780 8000 -1
15436339081057380 5537 -1
15436339081057380 1453 -1
15436339081057438 1500 -1
15436339081058430 3806 -1
15436339081058950 4072 -1
15436339081059502 3736 -1
15436339086061410 138 1
15436339086084520 13 -1
15436339087923480 1500 -1
15436339087923480 1500 -1
15436339087924550 8000 -1
15436339087925050 5513 -1
15436339087925050 1453 -1
15436339087925570 1500 -1
15436339087926108 3393 -1
15436339092927548 137 1
15436339092952610 13 -1
15436339094836100 1500 -1
15436339094836618 1500 -1
15436339094837680 8000 -1
15436339094838222 5537 -1
15436339094838778 1453 -1
15436339094838820 29 -1
15436339099840080 136 1
15436339099863492 13 -1
15436339101638380 1500 -1
15436339101638380 1500 -1
15436339101639510 8000 -1
15436339101639978 5537 -1
15436339101640640 1500 -1
15436339101640640 271 -1
15436339101640690 1500 -1
15436339101641728 8000 -1
15436339101642790 6893 -1
15436339101642790 796 -1
15436339101643332 1500 -1
15436339101643332 91 -1
15436339106645290 136 1
15436339106667990 13 -1
15436339108808020 1500 -1
15436339108808538 1500 -1
15436339108809670 8000 -1
15436339108810192 5514 -1
15436339108810192 1453 -1
15436339108810800 1500 -1
15436339108811280 3803 -1
15436339108811830 4072 -1
15436339108811830 1008 -1
15436339113813580 136 1
15436339113836930 13 -1
15436339115284268 1500 -1
15436339115284780 1500 -1
15436339115285880 8000 -1
15436339115286390 5538 -1
15436339115286390 1453 -1
15436339115286952 566 -1
15436339120287690 136 1
15436339120310668 13 -1
15436339120970190 1500 -1
15436339120970672 1500 -1
15436339120971240 4021 -1
15436339120971790 4072 -1
15436339120971790 355 -1
0 0 0
15436338942935650 52 -1
15436338962986200 148 1
15436338962986200 278 1
15436338963007760 9 -1
15436338963010230 13 -1
15436338965156570 1500 -1
15436338965156930 1500 -1
15436338965158050 8000 -1
15436338965177990 5655 -1
15436338965177990 1453 -1
15436338965179260 1500 -1
15436338965179830 3803 -1
15436338965180390 4072 -1
15436338965180932 2296 -1
15436338965577630 17 -1
0 0 0
15436338942715920 52 -1
15436338962735210 148 1
15436338962735210 278 1
15436338962757370 9 -1
15436338962761108 13 -1
15436338964267210 1500 -1
15436338964267210 1500 -1
15436338964267210 1500 -1
15436338964267740 2639 -1
15436338964268260 4072 -1
15436338964287720 4072 -1
15436338964287720 1500 -1
15436338964287720 151 -1
15436338964287720 9 -1
15436338964904420 17 -1
0 0 0
15436338942938408 52 -1
15436338960774930 148 1
15436338960774930 278 1
15436338960797228 9 -1
15436338960800460 13 -1
15436338962360830 1500 -1
15436338962361310 1500 -1
15436338962362390 8000 -1
15436338962382450 5654 -1
15436338962382938 1500 -1
15436338962382938 282 -1
15436338962384068 1500 -1
15436338962384660 3486 -1
15436338962385210 4072 -1
15436338962385210 872 -1
15436338962517940 17 -1
0 0 0
15436338942854860 52 -1
15436338978809560 148 1
15436338978809560 279 1
15436338978831660 9 -1
15436338978834022 13 -1
15436338982150360 1500 -1
15436338982150360 1500 -1
15436338982150360 1500 -1
15436338982150870 2633 -1
15436338982151970 4072 -1
15436338982170720 2752 -1
15436338982299860 17 -1
0 0 0
15436338942820402 52 -1
15436338962763370 148 1
15436338962763370 279 1
15436338962784410 9 -1
15436338962787408 13 -1
15436338964522380 1500 -1
15436338964522380 1500 -1
15436338964522380 1500 -1
15436338964522892 2634 -1
15436338964522892 3396 -1
15436338964849840 17 -1
