### "'31617 17789 25306 12983 11481 22978 16689 28261 22355 14263 10579 23131 11692 15829 19601 19054 18828 24815 14502 15030'"
0 0 0
15436371493612540 52 -1
15436371511712330 148 1
15436371511712330 299 1
15436371511733560 9 -1
15436371511736400 13 -1
15436371513360500 1500 -1
15436371513360500 1500 -1
15436371513361640 8000 -1
15436371513382080 5655 -1
15436371513382080 1453 -1
15436371513382630 1500 -1
15436371513382630 3821 -1
15436371513383720 4072 -1
15436371513384270 4072 -1
15436371513385400 333 -1
15436371514180570 17 -1
0 0 0
15436371493335510 52 -1
15436371513372380 148 1
15436371513372380 283 1
15436371513395060 9 -1
15436371513397510 13 -1
15436371515243412 1500 -1
15436371515243412 1500 -1
15436371515243412 1500 -1
15436371515243930 2626 -1
15436371515244442 4072 -1
15436371515264360 4072 -1
15436371515264930 1500 -1
15436371515264930 1299 -1
15436371515264930 9 -1
15436371515815320 17 -1
0 0 0
15436371491701930 52 -1
15436371511690030 148 1
15436371511690030 269 1
15436371511711422 9 -1
15436371511714120 13 -1
15436371513263360 1500 -1
15436371513263360 1500 -1
15436371513263360 1500 -1
15436371513263928 1303 -1
15436371518310640 127 1
15436371518334550 13 -1
15436371519161100 1500 -1
15436371519161540 1500 -1
15436371519166420 8000 -1
15436371519182510 5513 -1
15436371519183040 1453 -1
15436371519183980 1500 -1
15436371519184880 3819 -1
15436371519184880 2168 -1
15436371524290970 135 1
15436371524315000 13 -1
15436371526218318 1500 -1
15436371526218830 1500 -1
15436371526219930 4013 -1
15436371526220470 4072 -1
15436371526220470 2052 -1
15436371531337600 125 1
15436371531361330 13 -1
15436371533313870 1500 -1
15436371533314372 1500 -1
15436371533315598 8000 -1
15436371533316060 5537 -1
15436371533316620 1453 -1
15436371533316670 1500 -1
15436371533317180 3659 -1
15436371538318240 126 1
15436371538341720 13 -1
15436371539783298 1500 -1
15436371539784120 1500 -1
15436371539784120 4003 -1
15436371539784120 520 -1
15436371544785490 125 1
15436371544809170 13 -1
15436371546292680 1500 -1
15436371546293240 1500 -1
15436371546293718 4027 -1
15436371546294250 4072 -1
15436371546294830 4072 -1
15436371546294830 1500 -1
15436371546295310 179 -1
15436371546295360 9 -1
15436371551296200 137 1
15436371551320180 13 -1
15436371553142580 1500 -1
15436371553143060 1500 -1
15436371553144150 8000 -1
15436371553145280 5538 -1
15436371553145280 1453 -1
15436371553145280 1500 -1
15436371553146400 3805 -1
15436371553146970 4072 -1
15436371553147530 1065 -1
15436371558148310 125 1
15436371558171762 13 -1
15436371559779070 1500 -1
15436371559779070 409 -1
15436371559779890 1500 -1
15436371559780440 8000 -1
15436371559781490 6558 -1
15436371559782040 1500 -1
15436371559782610 3033 -1
15436371559782610 3 -1
15436371564783330 126 1
15436371564806900 13 -1
15436371566296570 1500 -1
15436371566297440 1500 -1
15436371566297440 4026 -1
15436371566297970 4072 -1
15436371566298520 3319 -1
15436371571299980 125 1
15436371571323240 13 -1
15436371572966052 1500 -1
15436371572966052 1500 -1
15436371572966558 4026 -1
15436371572967210 3705 -1
15436371577968270 126 1
15436371577992900 13 -1
15436371579472230 1500 -1
15436371579472690 1500 -1
15436371579473800 8000 -1
15436371579474900 5514 -1
15436371579474900 1457 -1
15436371579475430 1500 -1
15436371579475980 3808 -1
15436371584476940 125 1
15436371584500220 13 -1
15436371585933890 1500 -1
15436371585933890 1500 -1
15436371585934720 4025 -1
15436371585935330 4072 -1
15436371585935330 747 -1
15436371590936338 126 1
15436371590960168 13 -1
15436371592677510 1500 -1
15436371592678430 1500 -1
15436371592678430 4026 -1
15436371592679010 4072 -1
15436371592679660 4072 -1
15436371592679660 812 -1
15436371597680760 9 1
15436371602680982 129 1
15436371602705600 13 -1
15436371604399080 1500 -1
15436371604399080 1500 -1
15436371604400170 8000 -1
15436371604401290 5537 -1
15436371604401290 1453 -1
15436371604401830 1500 -1
15436371604401830 282 -1
15436371609403120 135 1
15436371609426392 13 -1
15436371612045950 1500 -1
15436371612045950 1500 -1
15436371612047020 8000 -1
15436371612048090 5545 -1
15436371612048090 1453 -1
15436371612048090 1235 -1
15436371617049250 125 1
15436371617073420 13 -1
15436371619512220 1500 -1
15436371619512220 1500 -1
15436371619513310 8000 -1
15436371619514360 5515 -1
15436371619514360 1453 -1
15436371619514880 1009 -1
15436371624515750 126 1
15436371624539570 13 -1
15436371625988260 1500 -1
15436371625988260 1500 -1
15436371625989280 8000 -1
15436371625990360 5537 -1
15436371625990360 1453 -1
15436371625990920 1500 -1
15436371625991458 3818 -1
15436371625991458 1678 -1
15436371630993062 125 1
15436371631016470 13 -1
15436371632419810 1500 -1
15436371632419810 1500 -1
15436371632420330 4028 -1
15436371632421450 4072 -1
15436371632421450 3554 -1
15436371637422730 125 1
15436371637447400 13 -1
15436371639567102 1500 -1
15436371639567102 1500 -1
15436371639567630 4001 -1
15436371639568240 4072 -1
15436371639568720 4072 -1
15436371639568720 13 -1
15436371644570220 125 1
15436371644594360 13 -1
15436371646270052 1500 -1
15436371646270980 1500 -1
15436371646271430 8000 -1
15436371646272308 5537 -1
15436371646272308 1453 -1
15436371646272840 1500 -1
15436371646272840 1702 -1
0 0 0
15436371493493550 52 -1
15436371513635990 148 1
15436371513635990 283 1
15436371513657520 9 -1
15436371513660350 13 -1
15436371515375150 1500 -1
15436371515375610 1500 -1
15436371515375610 1500 -1
15436371515376160 2626 -1
15436371515376160 40 -1
15436371515742208 17 -1
0 0 0
15436371493541910 52 -1
15436371529933332 148 1
15436371529933332 271 1
15436371529954700 9 -1
15436371529957330 13 -1
15436371531936980 1500 -1
15436371531937480 1500 -1
15436371531937480 1500 -1
15436371531938040 2642 -1
15436371531938580 4072 -1
15436371531938580 537 -1
15436371532011810 17 -1
0 0 0
15436371493420600 52 -1
15436371513632900 148 1
15436371513632900 271 1
15436371513654340 9 -1
15436371513657342 13 -1
15436371515190320 1500 -1
15436371515190820 1500 -1
15436371515190820 1500 -1
15436371515190820 2202 -1
15436371515661660 17 -1
