### "'13157 14106 15046 24010 33634 17865 14129 19001 12989 15443 24682 16265 13807 15222 15557 18521 14737 14465 15835 18226'"
0 0 0
15435952145864830 52 -1
15435952163882870 148 1
15435952163882870 272 1
15435952163905010 9 -1
15435952163907270 13 -1
15435952166112280 1500 -1
15435952166112780 1500 -1
15435952166112780 1500 -1
15435952166113290 2644 -1
15435952166113852 4072 -1
15435952166113852 2212 -1
15435952166403862 17 -1
0 0 0
15435952143827200 52 -1
15435952164060840 148 1
15435952164060840 255 1
15435952164082230 9 -1
15435952164084960 13 -1
15435952165224020 1500 -1
15435952165224480 2003 -1
15435952165225040 4072 -1
15435952165225040 594 -1
15435952170415110 137 1
15435952170438600 13 -1
15435952171803820 1500 -1
15435952171803820 1564 -1
15435952171804740 4019 -1
15435952177038820 136 1
15435952177061940 13 -1
15435952179034610 1500 -1
15435952179034610 1500 -1
15435952179034610 1996 -1
15435952184043090 138 1
15435952184066970 13 -1
15435952185078290 1500 -1
15435952185078750 1558 -1
15435952185079370 4072 -1
15435952185079370 758 -1
15435952190083030 136 1
15435952190106968 13 -1
15435952192469240 1500 -1
15435952192469758 1564 -1
15435952192469758 3928 -1
15435952197471170 126 1
15435952197495862 13 -1
15435952198923530 1500 -1
15435952198923530 1500 -1
15435952198927510 8000 -1
15435952198931230 5514 -1
15435952198944160 1453 -1
15435952198944160 46 -1
15435952203945250 125 1
15435952203968480 13 -1
15435952205453050 1500 -1
15435952205453538 1500 -1
15435952205454090 4026 -1
15435952205454660 4072 -1
15435952205455200 3184 -1
15435952210456480 135 1
15435952210479478 13 -1
15435952213804300 1500 -1
15435952213804300 416 -1
15435952214715130 1500 -1
15435952214716200 8000 -1
15435952214717260 6574 -1
15435952214717820 1182 -1
15435952214717880 9 -1
15435952219718590 125 1
15435952219742550 13 -1
15435952220580740 1500 -1
15435952220580740 1500 -1
15435952220581200 4023 -1
15435952220582300 4072 -1
15435952220582300 2046 -1
15435952225583260 125 1
15435952225607150 13 -1
15435952227286100 1500 -1
15435952227286602 1500 -1
15435952227286602 4001 -1
15435952227287700 4072 -1
15435952227288270 4072 -1
15435952227288270 426 -1
15435952232289100 126 1
15435952232312520 13 -1
15435952234165310 1500 -1
15435952234165310 1500 -1
15435952234166300 8000 -1
15435952234167400 5542 -1
15435952234167400 1457 -1
15435952234167950 1500 -1
15435952234169050 3005 -1
15435952234169050 2354 -1
15435952239170610 125 1
15435952239194630 13 -1
15435952240943480 1500 -1
15435952240943480 1500 -1
15435952240944300 4006 -1
15435952240944810 4072 -1
15435952240944810 4072 -1
15435952240945370 1270 -1
15435952245947248 125 1
15435952245971798 13 -1
15435952247966310 1500 -1
15435952247967200 1500 -1
15435952247967200 4003 -1
15435952247967680 4072 -1
15435952247967680 2862 -1
15435952252969370 138 1
15435952252993720 13 -1
15435952255232950 1500 -1
15435952255232950 1500 -1
15435952255233760 3987 -1
15435952255233760 4072 -1
15435952255234858 4072 -1
15435952255234858 245 -1
15435952260236040 126 1
15435952260260000 13 -1
15435952262348690 1500 -1
15435952262349442 1500 -1
15435952262349442 4014 -1
15435952262349970 4072 -1
15435952262350572 4072 -1
15435952262350572 554 -1
15435952267351850 9 1
15435952272351870 140 1
15435952272374870 13 -1
15435952274946700 1500 -1
15435952274947230 1500 -1
15435952274948310 8000 -1
15435952274948872 5538 -1
15435952274948872 1453 -1
15435952274948918 702 -1
15435952279950110 126 1
15435952279973760 13 -1
15435952281491758 1500 -1
15435952281492280 1500 -1
15435952281492850 4026 -1
15435952281493400 4072 -1
15435952281493960 3792 -1
15435952286494880 126 1
15435952286518590 13 -1
15435952288726298 1500 -1
15435952288726790 1500 -1
15435952288727300 3990 -1
15435952288727810 4072 -1
15435952288728390 3534 -1
15435952293731000 124 1
15435952293754498 13 -1
15435952297071690 1500 -1
15435952297071690 1500 -1
15435952297072580 4002 -1
15435952297073050 4072 -1
15435952297073600 4072 -1
15435952297073600 841 -1
15435952302074410 125 1
15435952302098420 13 -1
15435952307074450 127 1
15435952307098380 13 -1
15435952308334898 1500 -1
15435952308334898 411 -1
15435952309054580 1500 -1
15435952309054580 1500 -1
15435952309055560 8000 -1
15435952309056750 5513 -1
15435952309056750 1453 -1
15435952309056750 407 -1
15435952309344460 1500 -1
15435952309344960 8000 -1
15435952309346280 6893 -1
15435952309346530 1500 -1
15435952309346530 151 -1
15435952314351440 125 1
15435952314374670 13 -1
15435952316363310 1500 -1
15435952316363310 1500 -1
15435952316364182 8000 -1
15435952316365180 5537 -1
15435952316365180 1453 -1
15435952316365180 1134 -1
15435952321366240 137 1
15435952321390640 13 -1
15435952324833410 1500 -1
15435952324833410 1500 -1
15435952324834280 8000 -1
15435952324835638 5539 -1
15435952324835638 1453 -1
15435952324836208 1500 -1
15435952324836760 3779 -1
15435952324837270 4072 -1
15435952324837830 4072 -1
15435952324837830 278 -1
15435952329838532 137 1
15435952329862270 13 -1
15435952331701428 414 -1
15435952331702500 1500 -1
15435952331702500 1500 -1
15435952331704120 8000 -1
15435952331704650 5393 -1
15435952331704650 1500 -1
15435952331704650 9 -1
15435952331705192 1500 -1
15435952331705710 1500 -1
15435952331706230 2718 -1
15435952331706750 4072 -1
15435952331707330 3134 -1
0 0 0
15435952145740030 52 -1
15435952165874420 148 1
15435952165874420 283 1
15435952165895590 9 -1
15435952165897920 13 -1
15435952168591230 1500 -1
15435952168591710 1500 -1
15435952168592250 8000 -1
15435952168612772 5653 -1
15435952168612772 1453 -1
15435952168612772 1500 -1
15435952168613310 3814 -1
15435952168613852 877 -1
15435952168776490 17 -1
0 0 0
15435952145807732 52 -1
15435952165784510 148 1
15435952165784510 271 1
15435952165805990 9 -1
15435952165808650 13 -1
15435952167298860 1500 -1
15435952167299340 1500 -1
15435952167299340 1500 -1
15435952167299870 2643 -1
15435952167300430 4072 -1
15435952167319260 3161 -1
15435952167722868 17 -1
0 0 0
15435952145808310 52 -1
15435952165729858 148 1
15435952165729858 271 1
15435952165751020 9 -1
15435952165753770 13 -1
15435952167677900 1500 -1
15435952167684050 1500 -1
15435952167684050 1500 -1
15435952167684050 2643 -1
15435952167684050 4072 -1
15435952167698820 4072 -1
15435952167698820 29 -1
15435952168007250 17 -1
0 0 0
15435952145999930 52 -1
15435952182123110 148 1
15435952182123110 283 1
15435952182145190 9 -1
15435952182147810 13 -1
15435952184581780 1500 -1
15435952184581780 1500 -1
15435952184582830 8000 -1
15435952184602670 5655 -1
15435952184603220 1453 -1
15435952184603220 1500 -1
15435952184603220 3803 -1
15435952184604370 4072 -1
15435952184604950 4072 -1
15435952184606162 2368 -1
15435952184751510 17 -1
