### "'27894 32657 29758 20608 11560 33777 27123 31382 18635 19574 27330 34213 34628 30498 26445 18862 29141 22777 28172 25136'"
0 0 0
15436382191216890 52 -1
15436382227340220 148 1
15436382227361290 9 -1
15436382227361432 272 1
15436382227384170 13 -1
15436382229464340 1500 -1
15436382229464340 1500 -1
15436382229465330 8000 -1
15436382229485380 5654 -1
15436382229485380 1453 -1
15436382229485920 1500 -1
15436382229485920 3822 -1
15436382229490630 4072 -1
15436382229490630 4072 -1
15436382229499100 2492 -1
15436382229686470 17 -1
0 0 0
15436382191117630 52 -1
15436382211229802 148 1
15436382211229802 286 1
15436382211251120 9 -1
15436382211253300 13 -1
15436382213031400 1500 -1
15436382213031850 1500 -1
15436382213032420 8000 -1
15436382213052450 5653 -1
15436382213052950 1453 -1
15436382213052950 1500 -1
15436382213053500 3801 -1
15436382213054060 4072 -1
15436382213054572 2566 -1
15436382213511820 17 -1
0 0 0
15436382189300398 52 -1
15436382209407930 148 1
15436382209407930 257 1
15436382209429410 9 -1
15436382209431880 13 -1
15436382210368800 1500 -1
15436382210368800 2003 -1
15436382210368800 2580 -1
15436382215446488 137 1
15436382215469980 13 -1
15436382217102680 1500 -1
15436382217103140 1500 -1
15436382217103692 3404 -1
15436382222112140 126 1
15436382222135488 13 -1
15436382224206840 1500 -1
15436382224206840 432 -1
15436382224209130 1500 -1
15436382224211090 3604 -1
15436382224214510 4072 -1
15436382224214510 615 -1
15436382229240460 137 1
15436382229263880 13 -1
15436382231110560 1500 -1
15436382231111090 1500 -1
15436382231112140 8000 -1
15436382231112700 5538 -1
15436382231113220 1453 -1
15436382231113290 1500 -1
15436382231114390 3804 -1
15436382231114940 4000 -1
15436382236115660 138 1
15436382236138940 13 -1
15436382238153910 1500 -1
15436382238154420 1500 -1
15436382238155570 8000 -1
15436382238156070 5513 -1
15436382238156640 1453 -1
15436382238156640 1500 -1
15436382238157150 3810 -1
15436382238157720 4072 -1
15436382238158830 4072 -1
15436382238158830 109 -1
15436382243159562 136 1
15436382243182940 13 -1
15436382244842460 1500 -1
15436382244842970 1500 -1
15436382244844090 8000 -1
15436382244844640 5537 -1
15436382244844640 1453 -1
15436382244845190 816 -1
15436382249846010 135 1
15436382249869500 13 -1
15436382251552890 1500 -1
15436382251552890 1500 -1
15436382251553940 8000 -1
15436382251554490 5537 -1
15436382251555110 1453 -1
15436382251555110 1500 -1
15436382251555110 255 -1
15436382256556840 137 1
15436382256580100 13 -1
15436382258864328 1500 -1
15436382258864328 1500 -1
15436382258865458 8000 -1
15436382258865990 5515 -1
15436382258866530 1453 -1
15436382258867190 1500 -1
15436382258867190 3802 -1
15436382258867650 4072 -1
15436382258867650 137 -1
15436382263869310 137 1
15436382263892642 13 -1
15436382265068000 1500 -1
15436382265068000 1500 -1
15436382265069020 8000 -1
15436382265070130 5536 -1
15436382265070130 1453 -1
15436382265070670 1500 -1
15436382265071830 8000 -1
15436382265072830 6893 -1
15436382265072830 10 -1
15436382265072860 9 -1
15436382270073782 138 1
15436382270097310 13 -1
15436382272078770 1500 -1
15436382272078770 1500 -1
15436382272079840 8000 -1
15436382272080390 5538 -1
15436382272080980 1500 -1
15436382272080980 268 -1
15436382272081500 1500 -1
15436382272082620 8000 -1
15436382272083780 6893 -1
15436382272083780 110 -1
15436382272083860 9 -1
15436382277084580 137 1
15436382277108150 13 -1
15436382279128398 1500 -1
15436382279128880 1500 -1
15436382279129970 8000 -1
15436382279130490 5513 -1
15436382279131020 1453 -1
15436382279131090 1500 -1
15436382279131580 3802 -1
15436382279132130 4072 -1
15436382279132650 3305 -1
15436382284133862 135 1
15436382284157350 13 -1
15436382286448910 1500 -1
15436382286448910 1500 -1
15436382286450018 8000 -1
15436382286450560 5536 -1
15436382286451090 1453 -1
15436382286451090 1500 -1
15436382286451672 3804 -1
15436382286452200 3322 -1
15436382291453372 137 1
15436382291476790 13 -1
15436382293376870 1500 -1
15436382293376870 1500 -1
15436382293377910 8000 -1
15436382293378950 5537 -1
15436382293378950 1453 -1
15436382293378980 1043 -1
15436382298380170 9 1
15436382303380200 139 1
15436382303403512 13 -1
15436382305045430 1500 -1
15436382305045430 1500 -1
15436382305046510 8000 -1
15436382305047640 5538 -1
15436382305047640 1500 -1
15436382305047640 271 -1
15436382305048180 1500 -1
15436382305048730 3486 -1
15436382305049282 4072 -1
15436382305049282 1946 -1
15436382310051270 136 1
15436382310074800 13 -1
15436382312115810 1500 -1
15436382312115810 1500 -1
15436382312116950 8000 -1
15436382312118000 5537 -1
15436382312118000 1453 -1
15436382312118060 1500 -1
15436382312118558 3458 -1
15436382317121430 135 1
15436382317144670 13 -1
15436382319123380 1500 -1
15436382319123380 1500 -1
15436382319124480 8000 -1
15436382319125590 5512 -1
15436382319125590 1500 -1
15436382319125590 270 -1
15436382319126210 1500 -1
15436382319126760 3486 -1
15436382319127290 4072 -1
15436382319127290 978 -1
15436382324128740 125 1
15436382324152040 13 -1
15436382326212680 1500 -1
15436382326213170 1500 -1
15436382326214270 8000 -1
15436382326214860 5537 -1
15436382326215342 1453 -1
15436382326215400 1500 -1
15436382326215910 3820 -1
15436382326216468 1997 -1
15436382331218040 163 1
15436382331241642 13 -1
15436382333094380 1500 -1
15436382333094380 1500 -1
15436382333095450 8000 -1
15436382333096600 5536 -1
15436382333096600 1500 -1
15436382333096600 273 -1
15436382333097082 1500 -1
15436382333097630 3486 -1
15436382333098180 3474 -1
15436382338100030 137 1
15436382338125930 13 -1
15436382339983580 1500 -1
15436382339984410 1500 -1
15436382339984880 8000 -1
15436382339985430 5513 -1
15436382339985960 1453 -1
15436382339986538 1500 -1
15436382339986538 3802 -1
15436382339987090 2918 -1
15436382344988050 136 1
15436382345012920 13 -1
15436382346137890 1500 -1
15436382346137890 1500 -1
15436382346139260 8000 -1
15436382346140038 5536 -1
15436382346140038 1453 -1
15436382346140600 1500 -1
15436382346141210 3802 -1
15436382346141210 4072 -1
15436382346141710 2535 -1
15436382351142710 135 1
15436382351167740 13 -1
15436382352759830 1500 -1
15436382352759830 1500 -1
15436382352760910 8000 -1
15436382352762030 5537 -1
15436382352762030 1453 -1
15436382352762130 1500 -1
15436382352762590 3804 -1
15436382352763150 1761 -1
0 0 0
15436382191095520 52 -1
15436382211139380 148 1
15436382211139380 274 1
15436382211161790 9 -1
15436382211164480 13 -1
15436382213163270 1500 -1
15436382213163270 1500 -1
15436382213164350 8000 -1
15436382213184162 5653 -1
15436382213184640 1453 -1
15436382213185170 1500 -1
15436382213185170 1289 -1
15436382213673028 17 -1
0 0 0
15436382191230660 52 -1
15436382209383120 148 1
15436382209383120 274 1
15436382209404250 9 -1
15436382209407150 13 -1
15436382211185610 1500 -1
15436382211186110 1500 -1
15436382211187180 8000 -1
15436382211206780 5656 -1
15436382211207212 1453 -1
15436382211207212 1500 -1
15436382211207750 3817 -1
15436382211208310 4072 -1
15436382211208310 686 -1
15436382212499260 17 -1
0 0 0
15436382191032730 52 -1
15436382211037500 148 1
15436382211037500 274 1
15436382211059640 9 -1
15436382211061840 13 -1
15436382213324530 1500 -1
15436382213324530 1500 -1
15436382213325620 8000 -1
15436382213345000 5654 -1
15436382213345540 1453 -1
15436382213346110 1500 -1
15436382213346642 3829 -1
15436382213350142 4072 -1
15436382213350740 4072 -1
15436382213350740 1365 -1
15436382213492830 17 -1
