### "'19656 19625 21089 35690 17265 18419 18809 23905 27439 14881 16007 11010 23210 40304 29053 22903 28886 24963 15603 14435'"
0 0 0
15436417617860820 52 -1
15436417638010960 148 1
15436417638010960 269 1
15436417638033170 9 -1
15436417638036620 13 -1
15436417638045220 1500 -1
15436417638045530 3844 -1
15436417643160800 136 1
15436417643184840 13 -1
15436417644909360 1500 -1
15436417644909360 1500 -1
15436417644909890 4063 -1
15436417644911590 4072 -1
15436417644912160 4072 -1
15436417644929690 1500 -1
15436417644929690 762 -1
15436417644929690 9 -1
15436417649952240 137 1
15436417649978098 13 -1
15436417652854240 519 -1
15436417653802320 1500 -1
15436417653802878 8000 -1
15436417653805210 6893 -1
15436417653805780 1500 -1
15436417653805780 177 -1
15436417653805780 9 -1
15436417658860012 137 1
15436417658883950 13 -1
15436417660150540 1500 -1
15436417660151480 8000 -1
15436417660152440 7037 -1
15436417660153000 375 -1
15436417660154510 1500 -1
15436417660154510 1500 -1
15436417660154510 3508 -1
15436417660155060 656 -1
15436417665156340 127 1
15436417665181680 13 -1
15436417666376490 1500 -1
15436417666377340 8000 -1
15436417666378400 7013 -1
15436417666378400 388 -1
15436417666378930 1500 -1
15436417666379560 1500 -1
15436417666379560 3508 -1
15436417666380580 4072 -1
15436417666380580 105 -1
15436417671381310 125 1
15436417671405920 13 -1
15436417672343380 1500 -1
15436417672343832 1582 -1
15436417672344330 4072 -1
15436417672344900 4072 -1
15436417672345418 3808 -1
15436417677347760 125 1
15436417677372530 13 -1
15436417678201750 1500 -1
15436417678201750 1557 -1
15436417678202270 4072 -1
15436417678202820 4072 -1
15436417678203400 4072 -1
15436417678203400 862 -1
15436417683205780 126 1
15436417683230770 13 -1
15436417684227750 1500 -1
15436417684227750 1581 -1
15436417684228270 4072 -1
15436417684228840 4010 -1
15436417689230080 126 1
15436417689254160 13 -1
15436417690649390 1500 -1
15436417690650360 8000 -1
15436417690651470 7039 -1
15436417690651470 389 -1
15436417690652030 1500 -1
15436417690652030 1500 -1
15436417690652570 3455 -1
15436417695653680 124 1
15436417695677650 13 -1
15436417697016520 1500 -1
15436417697017540 8000 -1
15436417697018730 7015 -1
15436417697018730 393 -1
15436417697019150 1500 -1
15436417697020230 8000 -1
15436417697021310 6893 -1
15436417697021310 1500 -1
15436417697021830 818 -1
15436417697021830 1500 -1
15436417697022400 2581 -1
15436417697022400 771 -1
15436417702023720 126 1
15436417702047920 13 -1
15436417702992540 1500 -1
15436417702993640 8000 -1
15436417702995710 7035 -1
15436417702996340 394 -1
15436417702996340 1500 -1
15436417702996340 1500 -1
15436417702996850 3508 -1
15436417702997410 4072 -1
15436417702997410 1713 -1
15436417708001180 126 1
15436417708025580 13 -1
15436417708958520 1500 -1
15436417708959000 1558 -1
15436417708959560 4072 -1
15436417708959560 569 -1
15436417713960670 125 1
15436417713985100 13 -1
15436417715394002 1500 -1
15436417715395140 8000 -1
15436417715396170 7037 -1
15436417715396170 394 -1
15436417715396750 1500 -1
15436417715396750 1500 -1
15436417715397300 3143 -1
15436417720398440 9 1
15436417725398500 130 1
15436417725422708 13 -1
15436417726394840 1500 -1
15436417726395920 8000 -1
15436417726397000 7037 -1
15436417726397000 391 -1
15436417726397570 1500 -1
15436417726397570 1500 -1
15436417726398120 3508 -1
15436417726398662 4072 -1
15436417726398662 1549 -1
15436417731399888 126 1
15436417731424200 13 -1
15436417732619330 1500 -1
15436417732620130 8000 -1
15436417732621170 7038 -1
15436417732621170 389 -1
15436417732621700 1500 -1
15436417732621700 1500 -1
15436417732622240 3508 -1
15436417732622240 1700 -1
15436417737626550 127 1
15436417737651310 13 -1
15436417738681160 1500 -1
15436417738681160 1558 -1
15436417738681650 4072 -1
15436417738682180 4072 -1
15436417738682730 4072 -1
15436417738682730 460 -1
15436417743685160 126 1
15436417743710498 13 -1
15436417744615750 1500 -1
15436417744615750 1581 -1
15436417744616620 4072 -1
15436417744617130 4072 -1
15436417744617130 3362 -1
15436417749618810 125 1
15436417749644160 13 -1
15436417750612422 1500 -1
15436417750612928 1583 -1
15436417750613480 4072 -1
15436417750614430 4072 -1
15436417750614430 3663 -1
15436417755615790 126 1
15436417755640640 13 -1
15436417756614390 1500 -1
15436417756615378 8000 -1
15436417756616300 7012 -1
15436417756616300 389 -1
15436417756616860 1500 -1
15436417756616860 860 -1
15436417761617470 126 1
15436417761642662 13 -1
15436417763036010 1500 -1
15436417763036010 1580 -1
15436417763036520 4072 -1
15436417763036520 856 -1
0 0 0
15436417619899520 52 -1
15436417639697490 148 1
15436417639697490 270 1
15436417639718540 9 -1
15436417639720700 13 -1
15436417641328500 1500 -1
15436417641329520 8000 -1
15436417641349040 7155 -1
15436417641349512 390 -1
15436417641349512 1500 -1
15436417641350060 1500 -1
15436417641350060 1333 -1
15436417641935520 17 -1
0 0 0
15436417619591520 52 -1
15436417639552000 148 1
15436417639552000 283 1
15436417639573210 9 -1
15436417639576190 13 -1
15436417642542680 637 -1
15436417643521650 1500 -1
15436417643522760 8000 -1
15436417643543170 6893 -1
15436417643543170 1500 -1
15436417643544240 8000 -1
15436417643548930 6893 -1
15436417643548930 1500 -1
15436417643549312 1065 -1
15436417643861260 17 -1
0 0 0
15436417619908900 52 -1
15436417638007030 148 1
15436417638007030 271 1
15436417638028280 9 -1
15436417638031110 13 -1
15436417639235410 1500 -1
15436417639235870 8000 -1
15436417639256130 7153 -1
15436417639256130 391 -1
15436417639256650 1500 -1
15436417639256650 1399 -1
15436417639680140 17 -1
0 0 0
15436417619906002 52 -1
15436417639830540 148 1
15436417639830540 281 1
15436417639852100 9 -1
15436417639854432 13 -1
15436417641188290 1500 -1
15436417641189370 8000 -1
15436417641209950 7155 -1
15436417641209950 377 -1
15436417641209950 1500 -1
15436417641209950 1382 -1
15436417641923562 17 -1
0 0 0
15436417619890650 52 -1
15436417656045640 148 1
15436417656045640 269 1
15436417656067250 9 -1
15436417656069940 13 -1
15436417657267470 1500 -1
15436417657268040 8000 -1
15436417657288120 7154 -1
15436417657288620 395 -1
15436417657288620 1500 -1
15436417657288620 548 -1
15436417657468570 17 -1
