### "'29612 27143 24851 26908 25720 26936 34631 21192 24190 21736 15156 14555 19475 30609 27523 17208 28923 33288 25290 27239'"
0 0 0
15436424187398952 52 -1
15436424223746620 148 1
15436424223746620 279 1
15436424223767650 9 -1
15436424223770608 13 -1
15436424225855510 1500 -1
15436424225856010 1500 -1
15436424225857090 8000 -1
15436424225876638 5654 -1
15436424225877240 1453 -1
15436424225877240 1500 -1
15436424225877730 8000 -1
15436424225882440 6893 -1
15436424225882440 428 -1
15436424225882440 9 -1
15436424226221970 17 -1
0 0 0
15436424187411420 52 -1
15436424205448430 148 1
15436424205448430 280 1
15436424205469590 9 -1
15436424205472118 13 -1
15436424206885330 1500 -1
15436424206885330 1500 -1
15436424206886380 8000 -1
15436424206906140 5656 -1
15436424206906140 1500 -1
15436424206906140 281 -1
15436424206906720 1500 -1
15436424206906720 3486 -1
15436424206910998 4072 -1
15436424206910998 2407 -1
15436424207782310 17 -1
0 0 0
15436424187390820 52 -1
15436424207529970 148 1
15436424207529970 280 1
15436424207551560 9 -1
15436424207554280 13 -1
15436424208992570 1500 -1
15436424208992570 1500 -1
15436424208993590 8000 -1
15436424209014280 5653 -1
15436424209014280 1453 -1
15436424209014790 1500 -1
15436424209014790 3813 -1
15436424209019180 4011 -1
15436424209425750 17 -1
0 0 0
15436424187235300 52 -1
15436424207280200 148 1
15436424207280200 280 1
15436424207302520 9 -1
15436424207306330 13 -1
15436424209571870 1500 -1
15436424209572490 1500 -1
15436424209573450 8000 -1
15436424209593320 5655 -1
15436424209593770 1453 -1
15436424209595120 1500 -1
15436424209595700 3815 -1
15436424209596240 3774 -1
15436424210064080 17 -1
0 0 0
15436424185423750 52 -1
15436424205402530 148 1
15436424205402530 267 1
15436424205423990 9 -1
15436424205426250 13 -1
15436424206529270 1500 -1
15436424206529270 1702 -1
15436424206529830 4072 -1
15436424206529830 1130 -1
15436424211700680 136 1
15436424211724228 13 -1
15436424213337780 1500 -1
15436424213337780 1500 -1
15436424213341082 8000 -1
15436424213344260 5537 -1
15436424213344842 1453 -1
15436424213358560 1500 -1
15436424213359650 3814 -1
15436424213359650 2587 -1
15436424218510370 125 1
15436424218533890 13 -1
15436424220071370 1500 -1
15436424220071370 1500 -1
15436424220072120 8000 -1
15436424220073472 5537 -1
15436424220073472 1453 -1
15436424220074020 1500 -1
15436424220075110 3830 -1
15436424220075690 3787 -1
15436424225105660 136 1
15436424225129380 13 -1
15436424226678010 1500 -1
15436424226678010 400 -1
15436424226679620 1500 -1
15436424226680670 8000 -1
15436424226681240 6893 -1
15436424226681810 1500 -1
15436424226681810 1500 -1
15436424226681810 46 -1
15436424231683208 135 1
15436424231706400 13 -1
15436424232452860 1500 -1
15436424232452860 1500 -1
15436424232454000 8000 -1
15436424232454500 5537 -1
15436424232455010 1453 -1
15436424232455070 1500 -1
15436424232455540 3816 -1
15436424232455540 1055 -1
15436424237457170 137 1
15436424237481288 13 -1
15436424238906720 1500 -1
15436424238906720 1500 -1
15436424238907772 8000 -1
15436424238908320 5512 -1
15436424238908852 1457 -1
15436424238908852 1500 -1
15436424238909400 2413 -1
15436424243910900 136 1
15436424243934190 13 -1
15436424245730050 1500 -1
15436424245730050 1500 -1
15436424245730590 4022 -1
15436424245731110 4072 -1
15436424245731680 4072 -1
15436424245731680 144 -1
15436424250733180 137 1
15436424250756790 13 -1
15436424251072950 1500 -1
15436424251073820 1562 -1
15436424251073820 4072 -1
15436424251074300 4072 -1
15436424251074300 3501 -1
15436424256075460 124 1
15436424256099278 13 -1
15436424257599800 1500 -1
15436424257600220 1500 -1
15436424257601308 8000 -1
15436424257601920 5513 -1
15436424257601920 1453 -1
15436424257602450 1500 -1
15436424257602450 156 -1
15436424262603330 137 1
15436424262627620 13 -1
15436424264303670 1500 -1
15436424264304162 1500 -1
15436424264305260 8000 -1
15436424264305820 5537 -1
15436424264306368 1500 -1
15436424264306368 277 -1
15436424264306942 1500 -1
15436424264307498 3486 -1
15436424264307498 4072 -1
15436424264308010 3408 -1
15436424269309152 136 1
15436424269332818 13 -1
15436424270777060 1500 -1
15436424270777550 1500 -1
15436424270778620 8000 -1
15436424270779200 5537 -1
15436424270779728 1500 -1
15436424270779728 281 -1
15436424270779728 1500 -1
15436424270780280 3486 -1
15436424270780830 4072 -1
15436424270780830 318 -1
15436424275782140 124 1
15436424275806730 13 -1
15436424277724790 1500 -1
15436424277725270 1500 -1
15436424277725812 4010 -1
15436424277726368 4072 -1
15436424277726870 4072 -1
15436424277726870 1500 -1
15436424277727398 691 -1
15436424277727460 9 -1
15436424282728428 136 1
15436424282752220 13 -1
15436424284854450 1500 -1
15436424284854980 1500 -1
15436424284856020 8000 -1
15436424284856620 5537 -1
15436424284856620 1453 -1
15436424284857120 1500 -1
15436424284857668 3814 -1
15436424284858250 4072 -1
15436424284858790 1718 -1
15436424289859590 9 1
15436424294859700 140 1
15436424294882510 13 -1
15436424296445140 1500 -1
15436424296445640 1500 -1
15436424296446782 8000 -1
15436424296447330 5538 -1
15436424296447330 1453 -1
15436424296447858 1500 -1
15436424296448410 3812 -1
15436424296448930 4072 -1
15436424296449490 4072 -1
15436424296449490 2013 -1
15436424301450688 125 1
15436424301474540 13 -1
15436424303012550 1500 -1
15436424303012550 1500 -1
15436424303013640 8000 -1
15436424303014180 5538 -1
15436424303014180 1457 -1
15436424303014800 1500 -1
15436424303015260 3824 -1
15436424303015260 2143 -1
15436424308016600 125 1
15436424308040750 13 -1
15436424309259400 1500 -1
15436424309259400 1500 -1
15436424309260790 8000 -1
15436424309261280 5514 -1
15436424309261280 1453 -1
15436424309261810 1500 -1
15436424309262372 3830 -1
15436424309262910 4072 -1
15436424309262910 18 -1
15436424314264090 137 1
15436424314288240 13 -1
15436424316054330 1500 -1
15436424316054330 425 -1
15436424316055460 1500 -1
15436424316055952 8000 -1
15436424316056990 6566 -1
15436424316056990 1241 -1
15436424316057510 1500 -1
15436424316058062 2581 -1
15436424316058062 956 -1
15436424321058980 126 1
15436424321083160 13 -1
15436424322685880 1500 -1
15436424322686440 1500 -1
15436424322686960 8000 -1
15436424322688050 5538 -1
15436424322688050 1457 -1
15436424322688050 842 -1
15436424327689518 137 1
15436424327713550 13 -1
15436424329667470 1500 -1
15436424329667470 1500 -1
15436424329668470 8000 -1
15436424329669400 5514 -1
15436424329669400 1453 -1
15436424329669950 1500 -1
15436424329670480 3814 -1
15436424329671030 4072 -1
15436424329671600 3559 -1
15436424334672370 137 1
15436424334696022 13 -1
15436424336375188 1500 -1
15436424336376008 1500 -1
15436424336376008 4018 -1
15436424336376540 4072 -1
15436424336377562 4072 -1
15436424336377562 59 -1
0 0 0
15436424187066888 52 -1
15436424207111020 148 1
15436424207111020 280 1
15436424207132110 9 -1
15436424207134710 13 -1
15436424208706470 1500 -1
15436424208706470 1500 -1
15436424208707520 8000 -1
15436424208727232 5654 -1
15436424208727720 1453 -1
15436424208728260 1500 -1
15436424208728840 3814 -1
15436424208730550 1718 -1
15436424209423020 17 -1
