### "'26022 14137 26581 14968 9981 10069 14310 27517 32628 21651 11733 31060 32908 20248 30278 25230 24706 30923 23122 23684'"
0 0 0
15436445168408920 52 -1
15436445188558980 148 1
15436445188558980 271 1
15436445188581140 9 -1
15436445188583100 13 -1
15436445188587350 1500 -1
15436445188587350 3485 -1
15436445194022360 136 1
15436445194046530 13 -1
15436445195014852 1500 -1
15436445195014852 1607 -1
15436445195015350 4072 -1
15436445195015910 2996 -1
15436445200031700 137 1
15436445200056140 13 -1
15436445202124880 1500 -1
15436445202124880 1500 -1
15436445202125420 4008 -1
15436445202125420 435 -1
15436445207181398 139 1
15436445207204772 13 -1
15436445208406702 1500 -1
15436445208407190 1538 -1
15436445208407732 4072 -1
15436445208407732 3089 -1
15436445213418118 137 1
15436445213442940 13 -1
15436445214608760 1500 -1
15436445214608760 1564 -1
15436445214608760 2715 -1
15436445219610290 135 1
15436445219633550 13 -1
15436445220688310 1500 -1
15436445220688310 1563 -1
15436445220689412 4072 -1
15436445220689412 566 -1
15436445225690140 137 1
15436445225714272 13 -1
15436445227086870 1500 -1
15436445227086870 1539 -1
15436445227087390 4072 -1
15436445227087390 125 -1
15436445232088460 136 1
15436445232112560 13 -1
15436445233490000 1500 -1
15436445233490000 1565 -1
15436445233490540 3009 -1
15436445238491672 138 1
15436445238515698 13 -1
15436445238832418 1500 -1
15436445238832418 1535 -1
15436445238834010 4072 -1
15436445238834010 568 -1
15436445243834742 137 1
15436445243858180 13 -1
15436445244761490 1500 -1
15436445244764668 8000 -1
15436445244768190 7035 -1
15436445244768788 375 -1
15436445244768788 1500 -1
15436445244768788 1500 -1
15436445244782590 3508 -1
15436445244783080 4072 -1
15436445244783080 196 -1
15436445249784902 138 1
15436445249808820 13 -1
15436445251421010 1500 -1
15436445251421010 423 -1
15436445251421540 1500 -1
15436445251422630 8000 -1
15436445251424280 6568 -1
15436445251424830 1500 -1
15436445251425360 3023 -1
15436445251426460 4072 -1
15436445251427030 3040 -1
15436445251427590 2796 -1
15436445251427590 378 -1
15436445256428320 125 1
15436445256451940 13 -1
15436445257646480 1500 -1
15436445257647460 8000 -1
15436445257648590 7014 -1
15436445257648590 393 -1
15436445257649080 1500 -1
15436445257649080 1500 -1
15436445257649140 1892 -1
15436445262650458 136 1
15436445262674070 13 -1
15436445263960290 1500 -1
15436445263960820 1500 -1
15436445263961310 4020 -1
15436445263961890 4072 -1
15436445263961890 795 -1
15436445268963210 136 1
15436445268986740 13 -1
15436445270439320 1500 -1
15436445270439320 1500 -1
15436445270440380 8000 -1
15436445270441750 5538 -1
15436445270441750 1500 -1
15436445270441750 281 -1
15436445270442222 1500 -1
15436445270443090 3486 -1
15436445270443090 4072 -1
15436445270443430 3855 -1
15436445275444680 126 1
15436445275468870 13 -1
15436445276876740 1500 -1
15436445276876740 1500 -1
15436445276877610 8000 -1
15436445276878890 5510 -1
15436445276878890 1500 -1
15436445276878890 296 -1
15436445276879420 1500 -1
15436445276879980 3486 -1
15436445276880500 4072 -1
15436445276881060 4072 -1
15436445276881608 1616 -1
15436445281882270 125 1
15436445281905610 13 -1
15436445283279650 1500 -1
15436445283280640 1500 -1
15436445283280640 8000 -1
15436445283281650 5537 -1
15436445283281650 1453 -1
15436445283282198 1500 -1
15436445283282198 929 -1
15436445288283190 136 1
15436445288307300 13 -1
15436445289719750 1500 -1
15436445289719750 1500 -1
15436445289720800 8000 -1
15436445289721270 5514 -1
15436445289721980 1453 -1
15436445289721980 1500 -1
15436445289722450 3814 -1
15436445289723188 4072 -1
15436445289723700 3073 -1
15436445294724988 125 1
15436445294748520 13 -1
15436445296564950 1500 -1
15436445296564950 1500 -1
15436445296565750 8000 -1
15436445296566290 5536 -1
15436445296566290 1453 -1
15436445296566870 1500 -1
15436445296566870 3819 -1
15436445296567400 2092 -1
15436445301570490 9 1
15436445306570520 140 1
15436445306593730 13 -1
15436445308261170 1500 -1
15436445308261650 1500 -1
15436445308263250 8000 -1
15436445308263250 5538 -1
15436445308263890 1453 -1
15436445308264000 1500 -1
15436445308264420 3816 -1
15436445308264420 1571 -1
15436445313265980 126 1
15436445313290770 13 -1
15436445314812600 1500 -1
15436445314812600 1500 -1
15436445314813672 8000 -1
15436445314814250 5537 -1
15436445314814250 1453 -1
15436445314814798 1500 -1
15436445314815340 3819 -1
15436445314815850 4072 -1
15436445314816420 3713 -1
15436445319817280 126 1
15436445319841160 13 -1
15436445324263150 1500 -1
15436445324263150 438 -1
15436445325607318 1500 -1
15436445325608130 8000 -1
15436445325609010 6552 -1
15436445325609490 1255 -1
15436445325609560 1500 -1
15436445325610060 2557 -1
15436445330611140 126 1
15436445330635610 13 -1
15436445332033610 1500 -1
15436445332034410 8000 -1
15436445332035970 7037 -1
15436445332035970 391 -1
15436445332035970 1500 -1
15436445332036058 1500 -1
15436445332036510 3508 -1
15436445332036510 419 -1
15436445337038000 125 1
15436445337061430 13 -1
15436445338773280 1500 -1
15436445338773280 1500 -1
15436445338773850 4012 -1
15436445338774290 4072 -1
15436445338774850 4072 -1
15436445338774850 1302 -1
15436445343776210 125 1
15436445343800040 13 -1
15436445344734060 1500 -1
15436445344735020 8000 -1
15436445344736090 7037 -1
15436445344736090 391 -1
15436445344736610 1500 -1
15436445344736610 1500 -1
15436445344737180 3508 -1
15436445344737700 4072 -1
15436445344737700 1229 -1
15436445349739050 125 1
15436445349762102 13 -1
15436445351113470 1500 -1
15436445351114300 1500 -1
15436445351114850 8000 -1
15436445351115680 5537 -1
15436445351115680 1453 -1
15436445351115760 396 -1
15436445356117050 125 1
15436445356140910 13 -1
15436445357967140 1500 -1
15436445357968010 1500 -1
15436445357968010 4002 -1
15436445357968010 4072 -1
15436445357968010 96 -1
15436445362969530 125 1
15436445362994420 13 -1
15436445364095458 1500 -1
15436445364096292 8000 -1
15436445364097350 7036 -1
15436445364097350 389 -1
15436445364097930 1500 -1
15436445364097930 314 -1
15436445369098570 125 1
15436445369121680 13 -1
15436445370670920 1500 -1
15436445370670920 1500 -1
15436445370672222 8000 -1
15436445370672810 5537 -1
15436445370673320 1453 -1
15436445370673410 1500 -1
15436445370673890 3820 -1
15436445370673890 780 -1
0 0 0
15436445170247670 52 -1
15436445190322550 148 1
15436445190322550 283 1
15436445190344542 9 -1
15436445190346740 13 -1
15436445191731170 1500 -1
15436445191731660 1681 -1
15436445191732200 4072 -1
15436445191732850 4072 -1
15436445191752170 3911 -1
15436445192064290 17 -1
0 0 0
15436445170679040 52 -1
15436445188520160 148 1
15436445188520160 273 1
15436445188541852 9 -1
15436445188544260 13 -1
15436445189714790 1500 -1
15436445189716310 8000 -1
15436445189736090 7153 -1
15436445189736090 393 -1
15436445189736090 1500 -1
15436445189736650 1500 -1
15436445189736650 3508 -1
15436445189737170 2755 -1
15436445190502030 17 -1
0 0 0
15436445170583740 52 -1
15436445206683860 148 1
15436445206683860 284 1
15436445206705070 9 -1
15436445206707840 13 -1
15436445208412660 1500 -1
15436445208412660 1500 -1
15436445208412660 1500 -1
15436445208413190 2626 -1
15436445208413720 4072 -1
15436445208432382 3383 -1
15436445208487050 17 -1
0 0 0
15436445170501720 52 -1
15436445190602060 148 1
15436445190602060 282 1
15436445190622980 9 -1
15436445190625710 13 -1
15436445191627840 1500 -1
15436445191629420 8000 -1
15436445191648910 7153 -1
15436445191648910 378 -1
15436445191648910 1500 -1
15436445191649460 1500 -1
15436445191649460 3508 -1
15436445191649940 3329 -1
15436445192121560 17 -1
0 0 0
15436445170338780 52 -1
15436445190344680 148 1
15436445190365470 9 -1
15436445190423210 273 1
15436445190446082 13 -1
15436445190454030 1500 -1
15436445190454540 8000 -1
15436445190473640 4797 -1
15436445190510450 17 -1
