### "'21119 13091 10901 11807 19536 19692 37309 17137 24320 19035 16681 19887 11483 20462 18256 22882 18998 33232 31030 34475'"
0 0 0
15436461577389400 52 -1
15436461597460730 148 1
15436461597460730 272 1
15436461597481530 9 -1
15436461597483708 13 -1
15436461599014960 1500 -1
15436461599015470 1500 -1
15436461599015470 1500 -1
15436461599016010 2651 -1
15436461599016550 4019 -1
15436461599160040 17 -1
0 0 0
15436461577493082 52 -1
15436461597472702 148 1
15436461597472702 271 1
15436461597493730 9 -1
15436461597496200 13 -1
15436461598467260 653 -1
15436461598468930 1500 -1
15436461598468930 1500 -1
15436461598468930 2472 -1
15436461598469580 2822 -1
15436461598854452 17 -1
0 0 0
15436461575534300 52 -1
15436461595598480 148 1
15436461595598480 268 1
15436461595619860 9 -1
15436461595622352 13 -1
15436461596595730 1500 -1
15436461596596220 1707 -1
15436461596596220 1890 -1
15436461601688080 138 1
15436461601712080 13 -1
15436461603103312 515 -1
15436461603104780 1500 -1
15436461603105330 1500 -1
15436461603105330 3626 -1
15436461603105330 1522 -1
15436461608271200 138 1
15436461608295440 13 -1
15436461611325410 516 -1
15436461612306600 1500 -1
15436461612307050 1500 -1
15436461612307560 3626 -1
15436461612308700 4072 -1
15436461612308700 757 -1
15436461617398350 137 1
15436461617421480 13 -1
15436461618356660 1500 -1
15436461618357720 8000 -1
15436461618358810 7013 -1
15436461618358810 377 -1
15436461618359390 1500 -1
15436461618359390 1449 -1
15436461623360720 139 1
15436461623383680 13 -1
15436461624349990 1500 -1
15436461624351080 8000 -1
15436461624352240 7037 -1
15436461624352240 374 -1
15436461624352730 1500 -1
15436461624354898 8000 -1
15436461624355970 6893 -1
15436461624355970 1500 -1
15436461624355970 818 -1
15436461624356520 1500 -1
15436461624356520 376 -1
15436461629357930 137 1
15436461629381400 13 -1
15436461629694860 1500 -1
15436461629696420 8000 -1
15436461629696970 7014 -1
15436461629696970 378 -1
15436461629697508 393 -1
15436461634698680 136 1
15436461634722090 13 -1
15436461636079540 1500 -1
15436461636079540 1500 -1
15436461636080590 8000 -1
15436461636081130 5537 -1
15436461636081632 1453 -1
15436461636081660 1500 -1
15436461636082190 3815 -1
15436461636082190 1186 -1
15436461641083910 125 1
15436461641106660 13 -1
15436461642373390 1500 -1
15436461642373390 1500 -1
15436461642374420 8000 -1
15436461642374958 5536 -1
15436461642375500 1453 -1
15436461642375540 1216 -1
15436461647376670 126 1
15436461647399440 13 -1
15436461648390500 1500 -1
15436461648390500 1553 -1
15436461648391048 4072 -1
15436461648392180 4072 -1
15436461648392180 4072 -1
15436461648392180 1500 -1
15436461648392180 49 -1
15436461648392720 9 -1
15436461653394480 127 1
15436461653417540 13 -1
15436461654412178 1500 -1
15436461654412730 8000 -1
15436461654413850 7037 -1
15436461654414300 389 -1
15436461654414870 1500 -1
15436461654414870 1500 -1
15436461654414870 132 -1
15436461659416220 137 1
15436461659439110 13 -1
15436461659448422 1500 -1
15436461659448970 8000 -1
15436461659449520 2045 -1
15436461664450222 138 1
15436461664474450 13 -1
15436461666552310 1500 -1
15436461666552310 1500 -1
15436461666553380 8000 -1
15436461666554530 5536 -1
15436461666554530 1453 -1
15436461666554580 1500 -1
15436461666554580 1143 -1
15436461671556230 137 1
15436461671579430 13 -1
15436461672778030 1500 -1
15436461672779120 8000 -1
15436461672779660 7036 -1
15436461672779660 375 -1
15436461672780170 1500 -1
15436461672780170 15 -1
15436461677781488 136 1
15436461677804750 13 -1
15436461679170980 1500 -1
15436461679171900 8000 -1
15436461679173390 7013 -1
15436461679173390 377 -1
15436461679173480 1500 -1
15436461679173960 1500 -1
15436461679173960 3139 -1
15436461684175220 9 1
15436461689175430 138 1
15436461689199520 13 -1
15436461690557320 1500 -1
15436461690557880 1500 -1
15436461690558400 8000 -1
15436461690559490 5538 -1
15436461690559490 1453 -1
15436461690559530 1179 -1
15436461695560570 138 1
15436461695584120 13 -1
15436461696489130 1500 -1
15436461696490030 8000 -1
15436461696491100 7012 -1
15436461696491100 372 -1
15436461696491662 1500 -1
15436461696492710 8000 -1
15436461696493290 6893 -1
15436461696493290 110 -1
15436461696493290 9 -1
15436461701494360 136 1
15436461701517848 13 -1
15436461702860670 1500 -1
15436461702860670 1500 -1
15436461702861568 8000 -1
15436461702862590 5535 -1
15436461702863122 1453 -1
15436461702863172 1500 -1
15436461702863690 3814 -1
15436461702864270 4072 -1
15436461702864830 3825 -1
15436461707865720 137 1
15436461707889140 13 -1
15436461709249610 1500 -1
15436461709250620 8000 -1
15436461709251730 7014 -1
15436461709251730 377 -1
15436461709252270 1500 -1
15436461709253718 8000 -1
15436461709254430 6893 -1
15436461709254430 1348 -1
15436461709254520 9 -1
15436461714255740 136 1
15436461714279170 13 -1
15436461715225800 1500 -1
15436461715225800 1567 -1
15436461715225800 4072 -1
15436461715226880 4072 -1
15436461715226880 271 -1
15436461720228000 135 1
15436461720251190 13 -1
15436461721366110 1500 -1
15436461721366110 1565 -1
15436461721366990 4072 -1
15436461721367510 4072 -1
15436461721367510 2012 -1
15436461726368598 135 1
15436461726392450 13 -1
15436461729931230 1500 -1
15436461729931230 1543 -1
15436461729932138 3694 -1
15436461734933280 138 1
15436461734957140 13 -1
15436461737117660 1500 -1
15436461737117660 1500 -1
15436461737118530 8000 -1
15436461737119820 5537 -1
15436461737119820 1453 -1
15436461737120380 1500 -1
15436461737120940 3801 -1
15436461737120940 3279 -1
0 0 0
15436461577355950 52 -1
15436461597296190 148 1
15436461597296190 271 1
15436461597317280 9 -1
15436461597319610 13 -1
15436461598326530 1500 -1
15436461598327032 1698 -1
15436461598327560 4072 -1
15436461598328070 4072 -1
15436461598328070 2020 -1
15436461598795180 17 -1
0 0 0
15436461577835230 52 -1
15436461595613740 148 1
15436461595613740 282 1
15436461595634760 9 -1
15436461595637190 13 -1
15436461597087350 1500 -1
15436461597087820 1500 -1
15436461597088890 8000 -1
15436461597108300 5655 -1
15436461597108300 1453 -1
15436461597108850 1500 -1
15436461597108850 1800 -1
15436461597292190 17 -1
0 0 0
15436461577690908 52 -1
15436461613797960 148 1
15436461613797960 282 1
15436461613819940 9 -1
15436461613823120 13 -1
15436461614754160 638 -1
15436461614755220 1500 -1
15436461614756330 8000 -1
15436461614775990 6893 -1
15436461614775990 1500 -1
15436461614775990 1294 -1
15436461615182890 17 -1
