### "'23074 28517 17059 19674 21711 28818 13216 21833 19121 16975 13059 19546 21820 30500 13821 29535 42940 24841 20971 24942'"
0 0 0
15436482833415990 52 -1
15436482869692780 148 1
15436482869692780 286 1
15436482869714050 9 -1
15436482869716510 13 -1
15436482870708690 1500 -1
15436482870709730 8000 -1
15436482870729620 7153 -1
15436482870729620 374 -1
15436482870729620 1500 -1
15436482870730168 1500 -1
15436482870730168 2093 -1
15436482871094850 17 -1
0 0 0
15436482831591042 52 -1
15436482851565540 148 1
15436482851565540 271 1
15436482851586900 9 -1
15436482851588932 13 -1
15436482851596560 1500 -1
15436482851596560 3111 -1
15436482856651630 137 1
15436482856674350 13 -1
15436482857639750 1500 -1
15436482857640810 8000 -1
15436482857641850 7056 -1
15436482857660800 374 -1
15436482857660800 1500 -1
15436482857661300 1500 -1
15436482857661300 1971 -1
15436482862681060 137 1
15436482862704740 13 -1
15436482863866810 1500 -1
15436482863867890 8000 -1
15436482863868970 7037 -1
15436482863868970 374 -1
15436482863869520 1500 -1
15436482863870120 1500 -1
15436482863870120 3508 -1
15436482863871780 4072 -1
15436482863871780 1498 -1
15436482868894760 136 1
15436482868918400 13 -1
15436482869887580 1500 -1
15436482869888060 1542 -1
15436482869888610 4072 -1
15436482869889160 4072 -1
15436482869889720 2159 -1
15436482874956810 137 1
15436482874980820 13 -1
15436482876150488 1500 -1
15436482876151000 8000 -1
15436482876152110 7036 -1
15436482876152648 375 -1
15436482876152648 1500 -1
15436482876152648 880 -1
15436482881153960 137 1
15436482881177060 13 -1
15436482882111620 1500 -1
15436482882112660 8000 -1
15436482882113730 7036 -1
15436482882113730 374 -1
15436482882114300 235 -1
15436482887115180 136 1
15436482887138260 13 -1
15436482888071800 1500 -1
15436482888072290 1542 -1
15436482888072830 4072 -1
15436482888073370 4072 -1
15436482888073918 2001 -1
15436482893075098 137 1
15436482893098530 13 -1
15436482894457460 1500 -1
15436482894458498 8000 -1
15436482894459010 7038 -1
15436482894459550 373 -1
15436482894459550 1500 -1
15436482894459550 1307 -1
15436482899461410 138 1
15436482899484920 13 -1
15436482900265070 1500 -1
15436482900265470 1500 -1
15436482900266020 3342 -1
15436482905267530 136 1
15436482905291250 13 -1
15436482906122028 1500 -1
15436482906123100 8000 -1
15436482906124160 7013 -1
15436482906124160 377 -1
15436482906124160 1500 -1
15436482906124712 1500 -1
15436482906124712 2077 -1
15436482911126390 136 1
15436482911149458 13 -1
15436482912181520 1500 -1
15436482912182030 8000 -1
15436482912183130 7036 -1
15436482912183130 375 -1
15436482912183630 1500 -1
15436482912184160 1500 -1
15436482912184160 3508 -1
15436482912184840 4072 -1
15436482912185230 3179 -1
15436482917187090 138 1
15436482917210240 13 -1
15436482918689138 1500 -1
15436482918689662 1500 -1
15436482918690168 3993 -1
15436482918690730 4072 -1
15436482918690730 2886 -1
15436482923692150 135 1
15436482923715670 13 -1
15436482924171080 1500 -1
15436482924171600 1568 -1
15436482924172120 3308 -1
15436482929173200 9 1
15436482934173220 140 1
15436482934197130 13 -1
15436482937474288 1500 -1
15436482937474288 1500 -1
15436482937475380 8000 -1
15436482937475910 5543 -1
15436482937476460 1453 -1
15436482937477018 1500 -1
15436482937477018 3780 -1
15436482937477510 4072 -1
15436482937478070 2364 -1
15436482942479150 137 1
15436482942502310 13 -1
15436482944647190 1500 -1
15436482944647650 1500 -1
15436482944648760 8000 -1
15436482944649310 5538 -1
15436482944649840 1453 -1
15436482944649840 1500 -1
15436482944651530 8000 -1
15436482944652070 6893 -1
15436482944652628 1099 -1
15436482944652628 1500 -1
15436482944653160 2581 -1
15436482944653700 3566 -1
15436482949654520 137 1
15436482949677898 13 -1
15436482951397230 1500 -1
15436482951397230 1500 -1
15436482951398330 8000 -1
15436482951398890 5538 -1
15436482951398890 1453 -1
15436482951399440 1500 -1
15436482951399920 3793 -1
15436482951399970 1729 -1
15436482956401220 136 1
15436482956425260 13 -1
15436482957765738 1500 -1
15436482957765738 1500 -1
15436482957767120 8000 -1
15436482957767640 5513 -1
15436482957767640 1453 -1
15436482957768200 1500 -1
15436482957768200 1652 -1
15436482962769498 136 1
15436482962792690 13 -1
15436482965033140 1500 -1
15436482965033140 1500 -1
15436482965034270 8000 -1
15436482965035350 5538 -1
15436482965035350 1453 -1
15436482965035390 1500 -1
15436482965035940 3785 -1
15436482965036500 1838 -1
15436482970037670 138 1
15436482970060950 13 -1
15436482971775220 1500 -1
15436482971775220 1500 -1
15436482971776510 8000 -1
15436482971777030 5538 -1
15436482971777030 1453 -1
15436482972752640 1500 -1
15436482972753150 8000 -1
15436482972754230 6893 -1
15436482972754230 698 -1
15436482972754790 1500 -1
15436482972754790 492 -1
15436482977756060 137 1
15436482977779650 13 -1
15436482978867518 1500 -1
15436482978868020 1520 -1
15436482978868560 4072 -1
15436482978869140 4072 -1
15436482978869660 4072 -1
15436482978869660 689 -1
0 0 0
15436482833387360 52 -1
15436482853337500 148 1
15436482853337500 285 1
15436482853358490 9 -1
15436482853361102 13 -1
15436482854520430 1500 -1
15436482854521410 8000 -1
15436482854540930 7153 -1
15436482854541410 375 -1
15436482854541410 318 -1
15436482854712182 17 -1
0 0 0
15436482833407732 52 -1
15436482851575748 148 1
15436482851596640 9 -1
15436482851627230 284 1
15436482851649758 13 -1
15436482852855930 1500 -1
15436482852856980 8000 -1
15436482852877600 7155 -1
15436482852877600 377 -1
15436482852877600 1500 -1
15436482852878160 1500 -1
15436482852878160 3331 -1
15436482853340002 17 -1
0 0 0
15436482833180038 52 -1
15436482853274360 148 1
15436482853274360 287 1
15436482853295450 9 -1
15436482853298680 13 -1
15436482854276070 1500 -1
15436482854276510 8000 -1
15436482854295880 7154 -1
15436482854298010 372 -1
15436482854298520 1500 -1
15436482854298520 1500 -1
15436482854299070 3508 -1
15436482854301888 4072 -1
15436482854301888 1199 -1
15436482854596650 17 -1
0 0 0
15436482833337300 52 -1
15436482853249460 148 1
15436482853249460 286 1
15436482853270360 9 -1
15436482853273360 13 -1
15436482854241040 1500 -1
15436482854241570 8000 -1
15436482854261570 7154 -1
15436482854261570 375 -1
15436482854261570 1500 -1
15436482854262112 1433 -1
15436482854728128 17 -1
