### "'26493 20721 34214 30043 25793 10382 20136 42514 20256 25791 12827 41121 21594 23021 24396 27840 21965 15183 31921 15278'"
0 0 0
15436514343083900 52 -1
15436514360816000 148 1
15436514360816000 267 1
15436514360837570 9 -1
15436514360840290 13 -1
15436514360854220 1500 -1
15436514360854740 8000 -1
15436514360861760 7045 -1
15436514360874510 1500 -1
15436514360876170 8000 -1
15436514360876170 618 -1
15436514361221500 17 -1
0 0 0
15436514343083240 52 -1
15436514378866830 148 1
15436514378866830 277 1
15436514378888140 9 -1
15436514378891100 13 -1
15436514380366860 1500 -1
15436514380366860 1500 -1
15436514380367880 8000 -1
15436514380387600 5654 -1
15436514380387600 1453 -1
15436514380387600 1500 -1
15436514380388680 3816 -1
15436514380388680 2658 -1
15436514380699540 17 -1
0 0 0
15436514340709470 52 -1
15436514360820270 148 1
15436514360820270 265 1
15436514360841380 9 -1
15436514360843710 13 -1
15436514360847590 1500 -1
15436514360848110 6016 -1
15436514365970430 137 1
15436514365993330 13 -1
15436514365999770 1500 -1
15436514366000300 8000 -1
15436514366000850 308 -1
15436514371031730 138 1
15436514371055190 13 -1
15436514371062360 1500 -1
15436514371062920 7009 -1
15436514376118382 136 1
15436514376141970 13 -1
15436514376148018 1500 -1
15436514376148910 4960 -1
15436514381255440 137 1
15436514381279490 13 -1
15436514382259290 1500 -1
15436514382259778 1598 -1
15436514382260340 4072 -1
15436514382260340 1280 -1
15436514387262060 137 1
15436514387284830 13 -1
15436514387291530 1500 -1
15436514387291530 3208 -1
15436514392292622 139 1
15436514392316260 13 -1
15436514395898550 1500 -1
15436514395898550 1561 -1
15436514395899100 4012 -1
15436514400900200 137 1
15436514400923390 13 -1
15436514401107820 1500 -1
15436514401108200 1564 -1
15436514401108760 4072 -1
15436514401108760 741 -1
15436514406110220 137 1
15436514406133460 13 -1
15436514407501560 1500 -1
15436514407501560 1516 -1
15436514407502130 4072 -1
15436514407502660 3425 -1
15436514412503810 136 1
15436514412527240 13 -1
15436514412539050 1500 -1
15436514412540700 8000 -1
15436514412541850 6964 -1
15436514412541850 1500 -1
15436514412542370 2261 -1
15436514417543510 136 1
15436514417566730 13 -1
15436514417581388 1500 -1
15436514417582450 8000 -1
15436514417583510 6941 -1
15436514417583510 1500 -1
15436514417586650 8000 -1
15436514417587790 6893 -1
15436514417587790 1500 -1
15436514417589400 8000 -1
15436514417589450 255 -1
15436514422590690 137 1
15436514422613512 13 -1
15436514423581910 1500 -1
15436514423582930 8000 -1
15436514423584070 7036 -1
15436514423584558 374 -1
15436514423584558 1500 -1
15436514423585120 1500 -1
15436514423585120 516 -1
15436514428589420 137 1
15436514428612052 13 -1
15436514429782280 1500 -1
15436514429783320 8000 -1
15436514429784430 7013 -1
15436514429784430 376 -1
15436514429784960 1500 -1
15436514429784960 1500 -1
15436514429785480 3508 -1
15436514429785480 2541 -1
15436514434787340 126 1
15436514434811130 13 -1
15436514434826400 1500 -1
15436514434827450 8000 -1
15436514434828032 3407 -1
15436514439828930 135 1
15436514439852600 13 -1
15436514442260520 1500 -1
15436514442260520 1500 -1
15436514442261620 8000 -1
15436514442262640 5538 -1
15436514442262640 1453 -1
15436514442263178 1500 -1
15436514442264250 8000 -1
15436514442265300 6893 -1
15436514442265300 1115 -1
15436514442265820 1500 -1
15436514442265820 2581 -1
15436514442266368 1731 -1
15436514447267620 137 1
15436514447290810 13 -1
15436514448255392 1500 -1
15436514448256850 8000 -1
15436514448258030 7013 -1
15436514448258030 376 -1
15436514448258600 1500 -1
15436514448258600 1500 -1
15436514448258600 1852 -1
15436514453260210 135 1
15436514453283160 13 -1
15436514454262640 1500 -1
15436514454263720 8000 -1
15436514454264792 7037 -1
15436514454264792 376 -1
15436514454265330 1500 -1
15436514454265922 1500 -1
15436514454265922 3279 -1
15436514459267030 136 1
15436514459289830 13 -1
15436514460656828 1500 -1
15436514460658380 8000 -1
15436514460659480 7036 -1
15436514460659480 377 -1
15436514460660068 1500 -1
15436514460660068 1500 -1
15436514460660620 3508 -1
15436514460660620 1145 -1
15436514465661830 9 1
15436514470661880 140 1
15436514470685050 13 -1
15436514471587378 1500 -1
15436514471588308 8000 -1
15436514471589342 7037 -1
15436514471589342 376 -1
15436514471589870 1500 -1
15436514471590430 1500 -1
15436514471590430 3508 -1
15436514471591540 4072 -1
15436514471591540 518 -1
15436514476593500 136 1
15436514476617260 13 -1
15436514476928598 1500 -1
15436514476929490 8000 -1
15436514476930600 7014 -1
15436514476930600 378 -1
15436514476931130 1500 -1
15436514476931130 1500 -1
15436514476931750 2221 -1
15436514481932408 136 1
15436514481955770 13 -1
15436514481966450 1500 -1
15436514481967990 8000 -1
15436514481968090 5763 -1
15436514486969110 136 1
15436514486993042 13 -1
15436514488337410 1500 -1
15436514488338320 8000 -1
15436514488339410 7014 -1
15436514488339410 375 -1
15436514488340002 1500 -1
15436514488340550 1500 -1
15436514488340550 3508 -1
15436514488341100 4072 -1
15436514488341600 4072 -1
15436514488341600 528 -1
15436514493342820 127 1
15436514493369660 13 -1
15436514496841260 1500 -1
15436514496842120 1579 -1
15436514496842120 4072 -1
15436514496842120 1169 -1
15436514501843470 137 1
15436514501867730 13 -1
15436514502872960 521 -1
15436514502873850 1500 -1
15436514502874420 1500 -1
15436514502874420 3626 -1
15436514502875062 4072 -1
15436514502875650 4072 -1
15436514502875650 150 -1
15436514507876862 138 1
15436514507899870 13 -1
15436514508834270 1500 -1
15436514508835240 8000 -1
15436514508836190 7013 -1
15436514508836190 375 -1
15436514508836730 1500 -1
15436514508836730 914 -1
15436514513837590 125 1
15436514513861820 13 -1
15436514513875300 1500 -1
15436514513876450 8000 -1
15436514513877512 6964 -1
15436514513877512 1500 -1
15436514513878050 3978 -1
15436514518879230 125 1
15436514518902420 13 -1
15436514518911180 1500 -1
15436514518912250 8000 -1
15436514518912820 3852 -1
15436514523913400 126 1
15436514523936350 13 -1
15436514523946640 1500 -1
15436514523947762 8000 -1
15436514523948892 6964 -1
15436514523948892 1500 -1
15436514523949440 2086 -1
0 0 0
15436514343074738 52 -1
15436514363023370 148 1
15436514363023370 279 1
15436514363044320 9 -1
15436514363047640 13 -1
15436514363907412 1500 -1
15436514363907918 8000 -1
15436514363927860 7155 -1
15436514363928400 376 -1
15436514363928400 1500 -1
15436514363932600 8000 -1
15436514363935340 6893 -1
15436514363935340 1088 -1
15436514363935340 9 -1
15436514364254510 17 -1
0 0 0
15436514342748498 52 -1
15436514362874280 148 1
15436514362874280 278 1
15436514362895140 9 -1
15436514362897862 13 -1
15436514365323610 1500 -1
15436514365324060 1500 -1
15436514365324060 1500 -1
15436514365324590 1500 -1
15436514365325192 3970 -1
15436514365344480 4072 -1
15436514365344952 2611 -1
15436514365344952 1453 -1
15436514365345550 1500 -1
15436514365345550 3725 -1
15436514365346020 4072 -1
15436514365346580 2927 -1
15436514365993832 17 -1
0 0 0
15436514342845710 52 -1
15436514362878680 148 1
15436514362878680 268 1
15436514362899610 9 -1
15436514362902182 13 -1
15436514362908850 1500 -1
15436514362909370 8000 -1
15436514362928390 7044 -1
15436514362928850 1500 -1
15436514362929968 2846 -1
15436514363611050 17 -1
