### "'13808 19297 20541 22049 10673 14455 19643 25258 23577 19918 24140 19725 12919 24267 14153 14504 12469 14181 37278 16033'"
0 0 0
15436532489587950 52 -1
15436532509742650 148 1
15436532509763550 9 -1
15436532509839730 268 1
15436532509862730 13 -1
15436532511290180 1500 -1
15436532511290180 1500 -1
15436532511291220 8000 -1
15436532511311190 5654 -1
15436532511311190 1453 -1
15436532511311190 1478 -1
15436532511511180 17 -1
0 0 0
15436532489611480 52 -1
15436532526465350 148 1
15436532526465350 268 1
15436532526486500 9 -1
15436532526488710 13 -1
15436532529055830 1500 -1
15436532529056320 1500 -1
15436532529056320 1500 -1
15436532529056830 2624 -1
15436532529057382 4072 -1
15436532529076500 3534 -1
15436532529399020 17 -1
0 0 0
15436532489515728 52 -1
15436532509878090 148 1
15436532509878090 267 1
15436532509935880 9 -1
15436532509948830 13 -1
15436532511643810 1500 -1
15436532511644310 1500 -1
15436532511645390 8000 -1
15436532511665340 5655 -1
15436532511665340 1453 -1
15436532511666720 1500 -1
15436532511666720 1222 -1
15436532511858750 17 -1
0 0 0
15436532487949410 52 -1
15436532508142468 148 1
15436532508142468 266 1
15436532508163620 9 -1
15436532508165920 13 -1
15436532509140610 1500 -1
15436532509140610 1701 -1
15436532509140610 2502 -1
15436532514373282 126 1
15436532514396700 13 -1
15436532515957380 1500 -1
15436532515957380 1500 -1
15436532515958440 8000 -1
15436532515978020 5538 -1
15436532515978020 1500 -1
15436532515978020 285 -1
15436532515978570 1500 -1
15436532515978570 2398 -1
15436532520990232 125 1
15436532521013820 13 -1
15436532522840878 1500 -1
15436532522841380 1500 -1
15436532522841890 4025 -1
15436532522842500 3800 -1
15436532527847430 125 1
15436532527870650 13 -1
15436532531257688 1500 -1
15436532531257688 1500 -1
15436532531258220 4023 -1
15436532531258220 2196 -1
15436532536259660 125 1
15436532536282540 13 -1
15436532537869620 1500 -1
15436532537869620 1500 -1
15436532537870650 8000 -1
15436532537871252 5514 -1
15436532537871730 1453 -1
15436532537871730 1500 -1
15436532537871730 324 -1
15436532542873130 126 1
15436532542896800 13 -1
15436532547685310 1500 -1
15436532547685310 1500 -1
15436532547686370 8000 -1
15436532547686890 5537 -1
15436532547687430 1453 -1
15436532547688020 1500 -1
15436532547688020 3816 -1
15436532547688550 2123 -1
15436532552690092 126 1
15436532552713290 13 -1
15436532553643520 1500 -1
15436532553643520 1500 -1
15436532553644530 8000 -1
15436532553645080 5539 -1
15436532553645630 1453 -1
15436532553646210 1500 -1
15436532553646210 3817 -1
15436532553646210 441 -1
15436532558647500 135 1
15436532558670350 13 -1
15436532560519500 1500 -1
15436532560519500 1500 -1
15436532560520530 8000 -1
15436532560521600 5538 -1
15436532560521600 1453 -1
15436532560522160 1500 -1
15436532560522160 599 -1
15436532565523420 126 1
15436532565546392 13 -1
15436532567909450 1500 -1
15436532567909998 1500 -1
15436532567911078 8000 -1
15436532567911570 5514 -1
15436532567911570 1453 -1
15436532567912090 1500 -1
15436532567912670 3819 -1
15436532567912670 1002 -1
15436532572913990 126 1
15436532572937170 13 -1
15436532574655048 1500 -1
15436532574655580 1500 -1
15436532574656630 8000 -1
15436532574657250 5537 -1
15436532574657680 1500 -1
15436532574657680 284 -1
15436532574657740 1500 -1
15436532574657740 75 -1
15436532579658520 136 1
15436532579682490 13 -1
15436532581242180 1500 -1
15436532581242700 1500 -1
15436532581243200 4012 -1
15436532581243710 4072 -1
15436532581243710 1989 -1
15436532586244782 124 1
15436532586267850 13 -1
15436532587779282 1500 -1
15436532587780170 1500 -1
15436532587780650 8000 -1
15436532587781342 5513 -1
15436532587781342 1500 -1
15436532587781740 285 -1
15436532587781740 1500 -1
15436532587782280 3486 -1
15436532587782280 1130 -1
15436532592783110 124 1
15436532592806320 13 -1
15436532594691210 1500 -1
15436532594692070 1500 -1
15436532594692070 4028 -1
15436532594692600 4072 -1
15436532594693120 3207 -1
15436532599693990 9 1
15436532604694030 128 1
15436532604717072 13 -1
15436532606140820 1500 -1
15436532606140820 1500 -1
15436532606141730 4026 -1
15436532606142200 4072 -1
15436532606142200 3559 -1
15436532611143410 125 1
15436532611167400 13 -1
15436532612754732 1500 -1
15436532612754732 1500 -1
15436532612755548 4028 -1
15436532612756090 4072 -1
15436532612756090 1524 -1
15436532617757558 126 1
15436532617781488 13 -1
15436532619849370 1500 -1
15436532619849370 1500 -1
15436532619850170 4002 -1
15436532619850668 4072 -1
15436532619850668 3237 -1
15436532624852380 127 1
15436532624875330 13 -1
15436532626416308 1500 -1
15436532626416308 1500 -1
15436532626417230 8000 -1
15436532626418410 5538 -1
15436532626418410 1453 -1
15436532626418950 1500 -1
15436532626419480 8000 -1
15436532626420540 6893 -1
15436532626421060 1127 -1
15436532626421060 1500 -1
15436532626421060 457 -1
15436532631422200 155 1
15436532631445600 13 -1
15436532632951470 1500 -1
15436532632951470 1500 -1
15436532632952350 4026 -1
15436532632952890 4072 -1
15436532632953890 4072 -1
15436532632953890 1016 -1
15436532637954990 126 1
15436532637977670 13 -1
15436532639671460 1500 -1
15436532639671460 1500 -1
15436532639672520 8000 -1
15436532639673080 5515 -1
15436532639673590 1453 -1
15436532639673660 1500 -1
15436532639674210 3817 -1
15436532639674708 2144 -1
15436532644676010 125 1
15436532644698990 13 -1
15436532646199278 1500 -1
15436532646199780 1500 -1
15436532646200830 8000 -1
15436532646201370 5537 -1
15436532646201370 1453 -1
15436532646201930 1500 -1
15436532646202480 1844 -1
0 0 0
15436532489646940 52 -1
15436532508126560 148 1
15436532508126560 266 1
15436532508147932 9 -1
15436532508150460 13 -1
15436532510335260 1500 -1
15436532510335760 1500 -1
15436532510335760 1500 -1
15436532510336310 2627 -1
15436532510336310 1514 -1
15436532510865800 17 -1
0 0 0
15436532489436260 52 -1
15436532509484790 148 1
15436532509484790 267 1
15436532509506130 9 -1
15436532509508350 13 -1
15436532510314600 1500 -1
15436532510314600 1500 -1
15436532510314600 1500 -1
15436532510315102 2641 -1
15436532510315680 4072 -1
15436532510334050 2865 -1
15436532510939260 17 -1
