### "'21681 18865 23532 20247 23480 15739 21228 16821 25954 15181 12693 28196 19342 29055 17680 24555 14121 19836 21529 13797'"
0 0 0
15436536528877950 52 -1
15436536548976260 148 1
15436536548976260 272 1
15436536548997992 9 -1
15436536549001328 13 -1
15436536551208962 1500 -1
15436536551208962 1500 -1
15436536551210010 8000 -1
15436536551229840 5661 -1
15436536551229840 1453 -1
15436536551230340 1500 -1
15436536551230340 3795 -1
15436536551230340 418 -1
15436536551888772 17 -1
0 0 0
15436536527300292 52 -1
15436536547422990 148 1
15436536547422990 269 1
15436536547444300 9 -1
15436536547446390 13 -1
15436536547455708 1500 -1
15436536547456250 4827 -1
15436536552757420 126 1
15436536552780350 13 -1
15436536553958850 1500 -1
15436536553958850 1500 -1
15436536553958850 1500 -1
15436536553958850 1344 -1
15436536559078350 125 1
15436536559101738 13 -1
15436536560886080 1500 -1
15436536560886080 1500 -1
15436536560887180 8000 -1
15436536560887720 5535 -1
15436536560888290 1453 -1
15436536560888880 1500 -1
15436536560888880 928 -1
15436536566004282 126 1
15436536566027630 13 -1
15436536567438322 1500 -1
15436536567438322 1500 -1
15436536567439360 8000 -1
15436536567440450 5513 -1
15436536567440450 1453 -1
15436536567441020 1500 -1
15436536567441580 3819 -1
15436536567441580 342 -1
15436536572445950 126 1
15436536572470400 13 -1
15436536574358150 1500 -1
15436536574358150 1500 -1
15436536574359478 8000 -1
15436536574361210 5538 -1
15436536574361210 1453 -1
15436536574361730 1500 -1
15436536574361730 1909 -1
15436536579363070 136 1
15436536579386712 13 -1
15436536580314780 1500 -1
15436536580315230 1500 -1
15436536580315230 1597 -1
15436536585317358 136 1
15436536585341680 13 -1
15436536586842820 1500 -1
15436536586843640 1500 -1
15436536586843640 3996 -1
15436536586844170 4072 -1
15436536586844922 4072 -1
15436536586844922 1500 -1
15436536586844922 318 -1
15436536586845018 9 -1
15436536591846490 136 1
15436536591869840 13 -1
15436536593271800 1500 -1
15436536593271800 1500 -1
15436536593271800 2560 -1
15436536598273700 125 1
15436536598297160 13 -1
15436536599534212 1500 -1
15436536599534212 1500 -1
15436536599535100 3831 -1
15436536604536008 125 1
15436536604559020 13 -1
15436536605990900 1500 -1
15436536605991408 1500 -1
15436536605991408 1961 -1
15436536610992790 126 1
15436536611016290 13 -1
15436536612492098 1500 -1
15436536612492098 430 -1
15436536613372992 1500 -1
15436536613373880 8000 -1
15436536613374950 6560 -1
15436536613374950 1247 -1
15436536613375512 1500 -1
15436536613375512 2581 -1
15436536613376070 2816 -1
15436536618377090 125 1
15436536618400820 13 -1
15436536620045000 1500 -1
15436536620045910 1500 -1
15436536620045910 4037 -1
15436536620046402 4072 -1
15436536620046920 4072 -1
15436536620046920 155 -1
15436536625048260 125 1
15436536625074710 13 -1
15436536626590460 1500 -1
15436536626590460 420 -1
15436536626591330 1500 -1
15436536626591890 3604 -1
15436536626592620 4072 -1
15436536626592620 1735 -1
15436536631593470 9 1
15436536636593512 128 1
15436536636616280 13 -1
15436536638294220 1500 -1
15436536638294770 1500 -1
15436536638295820 8000 -1
15436536638296370 5536 -1
15436536638296918 1453 -1
15436536638296918 1500 -1
15436536638298010 3819 -1
15436536638298572 4072 -1
15436536638298572 986 -1
15436536643299780 126 1
15436536643323140 13 -1
15436536644119390 1500 -1
15436536644119390 1500 -1
15436536644120250 8000 -1
15436536644121330 5538 -1
15436536644121330 1457 -1
15436536644121850 1500 -1
15436536644121850 19 -1
15436536649123320 125 1
15436536649147220 13 -1
15436536650920740 1500 -1
15436536650920740 1500 -1
15436536650922080 8000 -1
15436536650922598 5538 -1
15436536650923160 1500 -1
15436536650923160 286 -1
15436536650923160 1500 -1
15436536650923700 3486 -1
15436536650924260 4072 -1
15436536650924820 1845 -1
15436536655925510 125 1
15436536655950010 13 -1
15436536657790250 1500 -1
15436536657790780 1500 -1
15436536657791830 4002 -1
15436536657791830 4072 -1
15436536657792700 4072 -1
15436536657792700 1500 -1
15436536657792700 1172 -1
15436536657792790 9 -1
15436536662794590 136 1
15436536662819000 13 -1
15436536664267148 1500 -1
15436536664267148 1500 -1
15436536664268020 8000 -1
15436536664269258 5539 -1
15436536664269258 1500 -1
15436536664269258 274 -1
15436536664269750 1500 -1
15436536664270310 3486 -1
15436536664270310 1429 -1
15436536669271482 126 1
15436536669294730 13 -1
15436536670088730 1500 -1
15436536670088730 1500 -1
15436536670089560 4026 -1
15436536670090548 4072 -1
15436536670090548 3177 -1
15436536675091650 125 1
15436536675115420 13 -1
15436536677280778 1500 -1
15436536677281762 1500 -1
15436536677282270 8000 -1
15436536677283030 5513 -1
15436536677283030 1453 -1
15436536677283690 1500 -1
15436536677283690 517 -1
15436536683325160 125 1
15436536683347950 13 -1
15436536684894200 1500 -1
15436536684894200 1500 -1
15436536684895060 8000 -1
15436536684896200 5539 -1
15436536684896200 1453 -1
15436536684896740 1500 -1
15436536684896740 2210 -1
15436536689897872 126 1
15436536689921898 13 -1
15436536691423622 1500 -1
15436536691423622 1500 -1
15436536691424450 4026 -1
15436536691424930 4072 -1
15436536691424930 2853 -1
15436536696426380 136 1
15436536696450440 13 -1
15436536698163682 1500 -1
15436536698163682 1500 -1
15436536698165040 8000 -1
15436536698165550 5513 -1
15436536698165550 1453 -1
15436536698166100 1500 -1
15436536698166670 3805 -1
15436536698166670 1706 -1
15436536703167840 137 1
15436536703191320 13 -1
15436536704646872 1500 -1
15436536704647780 1500 -1
15436536704647780 1162 -1
15436536709648490 126 1
15436536709671618 13 -1
15436536711928940 1500 -1
15436536711929368 1500 -1
15436536711929942 8000 -1
15436536711931018 5538 -1
15436536711931018 1453 -1
15436536711931580 1500 -1
15436536711932180 3820 -1
15436536711932690 4072 -1
15436536711932690 2264 -1
15436536716933890 125 1
15436536716957260 13 -1
15436536718373302 1500 -1
15436536718373820 1500 -1
15436536718374382 8000 -1
15436536718375450 5513 -1
15436536718375450 1453 -1
15436536718376020 1500 -1
15436536718376530 3820 -1
15436536718376588 3298 -1
15436536723377920 126 1
15436536723401180 13 -1
15436536725613640 1500 -1
15436536725614130 1500 -1
15436536725615230 8000 -1
15436536725615750 5537 -1
15436536725615750 1453 -1
15436536726950260 1500 -1
15436536726951120 8000 -1
15436536726952180 6893 -1
15436536726952180 583 -1
15436536726952742 1500 -1
15436536726952742 955 -1
15436536731954070 138 1
15436536731977630 13 -1
15436536734249370 1500 -1
15436536734249370 1500 -1
15436536734250700 8000 -1
15436536734251480 5536 -1
15436536734251480 1453 -1
15436536734251480 169 -1
15436536739252700 125 1
15436536739276440 13 -1
15436536740628670 432 -1
15436536740629570 1500 -1
15436536740629570 1500 -1
15436536740630640 8000 -1
15436536740631170 5393 -1
15436536740631700 1175 -1
15436536740631750 1500 -1
15436536740631750 479 -1
0 0 0
15436536529043180 52 -1
15436536547417070 148 1
15436536547417070 273 1
15436536547439690 9 -1
15436536547441980 13 -1
15436536549330608 1500 -1
15436536549330608 1500 -1
15436536549331700 8000 -1
15436536549351380 5655 -1
15436536549351380 1453 -1
15436536549351380 1500 -1
15436536549351872 2362 -1
15436536549999370 17 -1
0 0 0
15436536528881330 52 -1
15436536548993620 148 1
15436536548993620 273 1
15436536549014608 9 -1
15436536549017020 13 -1
15436536552458300 1500 -1
15436536552458300 1500 -1
15436536552458300 1500 -1
15436536552458810 2549 -1
15436536552799410 17 -1
0 0 0
15436536529071750 52 -1
15436536565718050 148 1
15436536565718050 272 1
15436536565739880 9 -1
15436536565742510 13 -1
15436536567437210 1500 -1
15436536567437210 1500 -1
15436536567437210 1500 -1
15436536567437770 2652 -1
15436536567438810 4072 -1
15436536567457730 4072 -1
15436536567457730 713 -1
15436536567483830 17 -1
0 0 0
15436536529020250 52 -1
15436536549294940 148 1
15436536549294940 283 1
15436536549316298 9 -1
15436536549319320 13 -1
15436536550912400 1500 -1
15436536550912920 1500 -1
15436536550913990 8000 -1
15436536550933380 5655 -1
15436536550933900 1500 -1
15436536550933900 272 -1
15436536550933900 727 -1
15436536551653590 17 -1
