### "'28110 17986 22996 32448 15805 12963 14547 17490 32430 17243 21911 11999 24774 13073 19656 23587 23707 30204 29393 16115'"
0 0 0
15436537418059480 52 -1
15436537438036720 148 1
15436537438036720 268 1
15436537438057972 9 -1
15436537438060150 13 -1
15436537438067820 1500 -1
15436537438068380 5749 -1
15436537443439692 136 1
15436537443462960 13 -1
15436537444620340 1500 -1
15436537444620820 1606 -1
15436537444620820 2656 -1
15436537449653020 135 1
15436537449677260 13 -1
15436537450705810 1500 -1
15436537450705810 1562 -1
15436537450706602 3798 -1
15436537455788750 136 1
15436537455812262 13 -1
15436537457361550 1500 -1
15436537457361550 1500 -1
15436537457361550 3294 -1
15436537462442740 136 1
15436537462467470 13 -1
15436537463901430 1500 -1
15436537463901948 1500 -1
15436537463902490 3964 -1
15436537468903560 136 1
15436537468927870 13 -1
15436537470405590 1500 -1
15436537470406070 1500 -1
15436537470406070 2730 -1
15436537475407520 136 1
15436537475431312 13 -1
15436537475746860 1500 -1
15436537475747362 1540 -1
15436537475747920 4072 -1
15436537475747920 809 -1
15436537480749190 135 1
15436537480772870 13 -1
15436537482315970 1500 -1
15436537482315970 415 -1
15436537482316502 1500 -1
15436537482317020 3604 -1
15436537482317582 1983 -1
15436537487318820 136 1
15436537487342660 13 -1
15436537488876180 1500 -1
15436537488877030 1500 -1
15436537488877030 3497 -1
15436537493878270 126 1
15436537493901610 13 -1
15436537495594340 1500 -1
15436537495595210 1500 -1
15436537495595210 4034 -1
15436537495596860 4072 -1
15436537495596860 4072 -1
15436537495596860 780 -1
15436537500598150 136 1
15436537500622000 13 -1
15436537502514720 1500 -1
15436537502515660 1500 -1
15436537502515660 4011 -1
15436537502516740 4072 -1
15436537502516740 2033 -1
15436537507517670 137 1
15436537507541730 13 -1
15436537509451680 1500 -1
15436537509451680 1500 -1
15436537509452140 3997 -1
15436537509453240 4072 -1
15436537509453800 3608 -1
15436537514454530 126 1
15436537514478600 13 -1
15436537514792270 535 -1
15436537514793360 1500 -1
15436537514795570 8000 -1
15436537514796640 6893 -1
15436537514796640 734 -1
15436537514796640 9 -1
15436537519798182 126 1
15436537519820990 13 -1
15436537520757070 1500 -1
15436537520757640 8000 -1
15436537520759302 7038 -1
15436537520759302 392 -1
15436537520759302 1500 -1
15436537520759302 1500 -1
15436537520760970 3508 -1
15436537520761508 4072 -1
15436537520762070 4072 -1
15436537520762070 1020 -1
15436537525763270 137 1
15436537525787060 13 -1
15436537527148580 1500 -1
15436537527149110 8000 -1
15436537527150208 7012 -1
15436537527150208 378 -1
15436537527150208 499 -1
15436537532151402 125 1
15436537532174590 13 -1
15436537532185850 1500 -1
15436537532186920 8000 -1
15436537532188038 6969 -1
15436537532188038 1500 -1
15436537532188612 4036 -1
15436537537189590 127 1
15436537537213700 13 -1
15436537538579020 1500 -1
15436537538579020 1558 -1
15436537538579860 4072 -1
15436537538580380 4072 -1
15436537538580430 927 -1
15436537543581272 126 1
15436537543605520 13 -1
15436537545382140 1500 -1
15436537545382140 1500 -1
15436537545382950 8000 -1
15436537545383450 5537 -1
15436537545383980 1453 -1
15436537545384040 1500 -1
15436537545384532 3817 -1
15436537545385088 1638 -1
15436537550385950 9 1
15436537555386140 140 1
15436537555409300 13 -1
15436537559967908 1500 -1
15436537559967908 424 -1
15436537561350232 1500 -1
15436537561350830 3604 -1
15436537561351270 4072 -1
15436537561351830 2135 -1
15436537566352920 136 1
15436537566375750 13 -1
15436537568274560 1500 -1
15436537568275030 1500 -1
15436537568276120 8000 -1
15436537568276680 5538 -1
15436537568277170 1453 -1
15436537568277220 1500 -1
15436537568277220 337 -1
15436537573278410 127 1
15436537573301700 13 -1
15436537575004630 1500 -1
15436537575005150 1500 -1
15436537575006240 8000 -1
15436537575006790 5537 -1
15436537575007340 1457 -1
15436537575007442 1500 -1
15436537575007970 3813 -1
15436537575007970 451 -1
15436537580009200 136 1
15436537580033060 13 -1
15436537581561730 1500 -1
15436537581561730 1500 -1
15436537581562830 8000 -1
15436537581563410 5538 -1
15436537581563910 1453 -1
15436537581564470 1500 -1
15436537581564470 3815 -1
15436537581564470 573 -1
15436537586566228 124 1
15436537586590510 13 -1
15436537588261390 1500 -1
15436537588261390 1500 -1
15436537588262460 8000 -1
15436537588263050 5514 -1
15436537588263050 1453 -1
15436537588263550 1500 -1
15436537588264100 3819 -1
15436537588264670 4072 -1
15436537588265160 2994 -1
15436537593267200 136 1
15436537593290182 13 -1
15436537595022510 1500 -1
15436537595022510 1500 -1
15436537595023602 8000 -1
15436537595024180 5538 -1
15436537595024690 1453 -1
15436537595024740 1500 -1
15436537595025230 3806 -1
15436537595025780 4072 -1
15436537595026340 2196 -1
15436537600027890 136 1
15436537600051960 13 -1
15436537601308290 1500 -1
15436537601308290 429 -1
15436537601309330 1500 -1
15436537601309878 3604 -1
15436537601310430 4072 -1
15436537601310970 4072 -1
15436537601311030 1102 -1
15436537606312570 126 1
15436537606336260 13 -1
15436537608699210 1500 -1
15436537608699210 1500 -1
15436537608700270 8000 -1
15436537608700800 5514 -1
15436537608701330 1453 -1
15436537608701910 1500 -1
15436537608701910 3414 -1
15436537613703352 125 1
15436537613727118 13 -1
15436537615271980 1500 -1
15436537615271980 1500 -1
15436537615273030 8000 -1
15436537615273560 5537 -1
15436537615274090 1453 -1
15436537615274190 1500 -1
15436537615274640 3830 -1
15436537615275240 3804 -1
15436537620276870 136 1
15436537620301480 13 -1
15436537622353840 1500 -1
15436537622353840 1500 -1
15436537622354930 8000 -1
15436537622355480 5538 -1
15436537622356000 1453 -1
15436537622356082 1500 -1
15436537622356560 3803 -1
15436537622357120 3193 -1
0 0 0
15436537420231360 52 -1
15436537456302770 148 1
15436537456302770 271 1
15436537456324280 9 -1
15436537456326480 13 -1
15436537457462500 654 -1
15436537457463650 1500 -1
15436537457465250 8000 -1
15436537457485420 6893 -1
15436537457485950 1160 -1
15436537457485950 1500 -1
15436537457486480 2581 -1
15436537457487162 4072 -1
15436537457487710 4072 -1
15436537457488250 2314 -1
15436537457990550 17 -1
0 0 0
15436537420138290 52 -1
15436537440492430 148 1
15436537440492430 271 1
15436537440513720 9 -1
15436537440515990 13 -1
15436537441480070 1500 -1
15436537441480550 1699 -1
15436537441480550 1646 -1
15436537441785728 17 -1
0 0 0
15436537420235340 52 -1
15436537438087190 148 1
15436537438087190 282 1
15436537438108440 9 -1
15436537438110672 13 -1
15436537439298420 1500 -1
15436537439299430 8000 -1
15436537439319580 7154 -1
15436537439319580 374 -1
15436537439319580 1500 -1
15436537439320878 1500 -1
15436537439321490 3508 -1
15436537439321970 4072 -1
15436537439323730 790 -1
15436537439550820 17 -1
0 0 0
15436537420020530 52 -1
15436537440102078 148 1
15436537440102078 280 1
15436537440123300 9 -1
15436537440126150 13 -1
15436537441914300 1500 -1
15436537441914812 1500 -1
15436537441915892 8000 -1
15436537441935300 5655 -1
15436537441935300 1453 -1
15436537441936440 1500 -1
15436537441937030 3677 -1
15436537442146280 17 -1
0 0 0
15436537419949350 52 -1
15436537439981920 148 1
15436537439981920 271 1
15436537440003100 9 -1
15436537440005180 13 -1
15436537440937610 1500 -1
15436537440938662 8000 -1
15436537440958650 7155 -1
15436537440959100 393 -1
15436537440959100 1227 -1
15436537441470398 17 -1
