### "'17182 29777 14967 30326 34675 22840 14043 32035 19908 17628 24702 20666 32205 14051 10078 17467 22276 30412 21784 20699'"
0 0 0
15436550743544518 52 -1
15436550779898260 148 1
15436550779898260 280 1
15436550779919382 9 -1
15436550779922440 13 -1
15436550781341100 1500 -1
15436550781341100 1500 -1
15436550781341100 1500 -1
15436550781341640 2626 -1
15436550781342772 4072 -1
15436550781360700 3114 -1
15436550781576670 17 -1
0 0 0
15436550743278560 52 -1
15436550763509070 148 1
15436550763509070 281 1
15436550763529990 9 -1
15436550763532560 13 -1
15436550765107902 1500 -1
15436550765107902 1500 -1
15436550765108932 8000 -1
15436550765128250 5654 -1
15436550765128250 1500 -1
15436550765128250 270 -1
15436550765128820 1500 -1
15436550765128820 3486 -1
15436550765129312 4072 -1
15436550765129840 2583 -1
15436550765311560 17 -1
0 0 0
15436550741741760 52 -1
15436550761849230 148 1
15436550761849230 267 1
15436550761869760 9 -1
15436550761871950 13 -1
15436550762876660 1500 -1
15436550762877140 1698 -1
15436550762877140 2813 -1
15436550768073030 137 1
15436550768096580 13 -1
15436550769707660 1500 -1
15436550769708158 1500 -1
15436550769709270 8000 -1
15436550769728210 5514 -1
15436550769728710 1453 -1
15436550769728710 1500 -1
15436550769729790 8000 -1
15436550769734390 6893 -1
15436550769734390 472 -1
15436550769734390 9 -1
15436550774736920 126 1
15436550774760612 13 -1
15436550777494640 1500 -1
15436550777495150 1500 -1
15436550777496240 8000 -1
15436550777497870 5542 -1
15436550777498470 1453 -1
15436550777498470 1500 -1
15436550777498970 3521 -1
15436550782510040 136 1
15436550782533218 13 -1
15436550784483530 1500 -1
15436550784484100 1500 -1
15436550784485700 8000 -1
15436550784486790 5536 -1
15436550784486790 1457 -1
15436550784487350 1500 -1
15436550784488440 3799 -1
15436550784489010 4072 -1
15436550784489510 4072 -1
15436550784489510 769 -1
15436550789490500 136 1
15436550789513832 13 -1
15436550791275800 1500 -1
15436550791276320 1500 -1
15436550791277430 8000 -1
15436550791278080 5538 -1
15436550791278080 1453 -1
15436550791278492 1500 -1
15436550791278492 589 -1
15436550796279690 136 1
15436550796303420 13 -1
15436550798644550 1500 -1
15436550798645020 1500 -1
15436550798645548 3985 -1
15436550798646110 4072 -1
15436550798646660 4072 -1
15436550798647220 1500 -1
15436550798647220 1136 -1
15436550798647280 9 -1
15436550803648720 136 1
15436550803672230 13 -1
15436550805640760 1500 -1
15436550805641300 1500 -1
15436550805642400 8000 -1
15436550805642930 5538 -1
15436550805642930 1453 -1
15436550805643498 1500 -1
15436550805644090 3800 -1
15436550805644090 1583 -1
15436550810645550 135 1
15436550810668262 13 -1
15436550812604340 1500 -1
15436550812604830 1500 -1
15436550812605860 8000 -1
15436550812606490 5540 -1
15436550812606490 1453 -1
15436550812607010 1500 -1
15436550812607010 1347 -1
15436550817608240 137 1
15436550817631390 13 -1
15436550819663580 1500 -1
15436550819664200 1500 -1
15436550819665250 8000 -1
15436550819665780 5512 -1
15436550819665780 1453 -1
15436550819666360 1500 -1
15436550819666360 3801 -1
15436550819667448 4072 -1
15436550819667980 4072 -1
15436550819667980 941 -1
15436550824669140 135 1
15436550824692170 13 -1
15436550826543160 1500 -1
15436550826543160 1500 -1
15436550826543710 4014 -1
15436550826544330 4072 -1
15436550826544330 3119 -1
15436550831545670 135 1
15436550831568962 13 -1
15436550833244532 427 -1
15436550833245090 1500 -1
15436550833245090 9 -1
15436550833245612 1500 -1
15436550833245612 2328 -1
15436550833246160 4072 -1
15436550833246160 413 -1
15436550838248032 137 1
15436550838271360 13 -1
15436550839739000 1500 -1
15436550839739530 1500 -1
15436550839740068 3985 -1
15436550839740580 4072 -1
15436550839741180 4072 -1
15436550839741180 1500 -1
15436550839741180 975 -1
15436550839741250 9 -1
15436550844742870 136 1
15436550844766160 13 -1
15436550846764640 1500 -1
15436550846765100 1500 -1
15436550846766210 8000 -1
15436550846766738 5538 -1
15436550846766738 1453 -1
15436550846767290 1500 -1
15436550846767850 2957 -1
15436550851768560 9 1
15436550856768680 139 1
15436550856791330 13 -1
15436550858501840 1500 -1
15436550858502150 1500 -1
15436550858503240 8000 -1
15436550858503780 5538 -1
15436550858504282 1457 -1
15436550858504350 1500 -1
15436550858504910 3800 -1
15436550858505400 4072 -1
15436550858505970 3217 -1
15436550863508050 137 1
15436550863531088 13 -1
15436550865805640 1500 -1
15436550865805640 1500 -1
15436550865806730 8000 -1
15436550865807350 5538 -1
15436550865807820 1453 -1
15436550865807878 1500 -1
15436550865808420 2465 -1
15436550870809450 138 1
15436550870833040 13 -1
15436550872971950 409 -1
15436550872973650 1500 -1
15436550872973650 1500 -1
15436550872974250 8000 -1
15436550872975258 5393 -1
15436550872975258 1196 -1
15436550872975832 1500 -1
15436550872975832 1380 -1
15436550877977468 136 1
15436550878000200 13 -1
15436550879557700 1500 -1
15436550879558210 1500 -1
15436550879558770 8000 -1
15436550879559860 5513 -1
15436550879559860 1453 -1
15436550879560420 1500 -1
15436550879560420 441 -1
15436550884561270 136 1
15436550884584570 13 -1
15436550888485590 1500 -1
15436550888485590 426 -1
15436550889631420 1500 -1
15436550889632270 8000 -1
15436550889633370 6564 -1
15436550889633370 1500 -1
15436550889633880 2905 -1
15436550889634450 1500 -1
15436550889634450 1617 -1
15436550894635350 137 1
15436550894658920 13 -1
15436550896310260 1500 -1
15436550896310260 1500 -1
15436550896311050 4012 -1
15436550896311570 4072 -1
15436550896312110 3916 -1
15436550901312950 136 1
15436550901336400 13 -1
15436550905762960 1500 -1
15436550905762960 414 -1
15436550906907070 1500 -1
15436550906908090 8000 -1
15436550906909740 6577 -1
15436550906909740 1500 -1
15436550906909740 2770 -1
15436550906910282 1007 -1
0 0 0
15436550743540440 52 -1
15436550763475580 148 1
15436550763496800 9 -1
15436550763561160 282 1
15436550763585170 13 -1
15436550765054532 1500 -1
15436550765054942 1500 -1
15436550765054942 1500 -1
15436550765055500 2624 -1
15436550765056080 4072 -1
15436550765075650 4041 -1
15436550765331380 17 -1
0 0 0
15436550743578538 52 -1
15436550763539040 148 1
15436550763539040 280 1
15436550763560400 9 -1
15436550763562910 13 -1
15436550766064000 1500 -1
15436550766064450 1500 -1
15436550766065518 8000 -1
15436550766085810 5653 -1
15436550766085810 1453 -1
15436550766086350 1500 -1
15436550766086910 3803 -1
15436550766087450 4072 -1
15436550766090150 3132 -1
15436550766496580 17 -1
0 0 0
15436550743623120 52 -1
15436550761735180 148 1
15436550761735180 280 1
15436550761756170 9 -1
15436550761759320 13 -1
15436550763481628 1500 -1
15436550763481628 534 -1
15436550763482670 1500 -1
15436550763482670 3604 -1
15436550763483220 4072 -1
15436550763502540 4072 -1
15436550763503060 2179 -1
15436550764156210 17 -1
