### "'11878 10202 19309 13885 22155 12365 14291 10598 14834 14772 11038 19666 18136 21921 14775 15942 20827 18126 10869 13511'"
0 0 0
15436577425971150 52 -1
15436577461735330 148 1
15436577461756420 9 -1
15436577461763610 269 1
15436577461786758 13 -1
15436577461800790 1500 -1
15436577461801382 8000 -1
15436577461821260 4545 -1
15436577462025930 17 -1
0 0 0
15436577425754960 52 -1
15436577445875270 148 1
15436577445875270 269 1
15436577445896480 9 -1
15436577445898630 13 -1
15436577445912930 1500 -1
15436577445917088 8000 -1
15436577445919450 7044 -1
15436577445932570 1500 -1
15436577445933650 1434 -1
15436577446265920 17 -1
0 0 0
15436577425745480 52 -1
15436577445684480 148 1
15436577445684480 269 1
15436577445705960 9 -1
15436577445709700 13 -1
15436577445718510 1500 -1
15436577445718960 8000 -1
15436577445719010 862 -1
15436577446043720 17 -1
0 0 0
15436577425813890 52 -1
15436577445913280 148 1
15436577445913280 269 1
15436577445934790 9 -1
15436577445937590 13 -1
15436577445953300 1500 -1
15436577445954320 7021 -1
15436577446267000 17 -1
0 0 0
15436577423502160 52 -1
15436577443478170 148 1
15436577443499082 9 -1
15436577443767170 259 1
15436577443789770 13 -1
15436577443793560 1500 -1
15436577443794070 2073 -1
15436577448871700 122 1
15436577448894340 13 -1
15436577448901300 1500 -1
15436577448901300 3590 -1
15436577453933440 122 1
15436577453956620 13 -1
15436577453964320 1500 -1
15436577453964320 1630 -1
15436577459053890 122 1
15436577459076810 13 -1
15436577459083660 1500 -1
15436577459083660 2078 -1
15436577464095330 137 1
15436577464118372 13 -1
15436577464125580 1500 -1
15436577464125580 2638 -1
15436577469126640 126 1
15436577469150478 13 -1
15436577469158400 1500 -1
15436577469162058 8000 -1
15436577469178628 6946 -1
15436577469179190 1500 -1
15436577469179190 4280 -1
15436577474180600 126 1
15436577474203090 13 -1
15436577474209910 1500 -1
15436577474211020 8000 -1
15436577474211550 2945 -1
15436577479212470 127 1
15436577479235610 13 -1
15436577479245780 1500 -1
15436577479246290 5779 -1
15436577484246950 126 1
15436577484270690 13 -1
15436577484278140 1500 -1
15436577484278678 8000 -1
15436577484278760 52 -1
15436577489279510 126 1
15436577489302822 13 -1
15436577489315460 1500 -1
15436577489315980 8000 -1
15436577489317170 4848 -1
15436577494318100 127 1
15436577494341200 13 -1
15436577494351070 1500 -1
15436577494351630 7748 -1
15436577499352420 126 1
15436577499375330 13 -1
15436577499383450 1500 -1
15436577499384000 6458 -1
15436577504384760 125 1
15436577504407160 13 -1
15436577504414750 1500 -1
15436577504415280 8000 -1
15436577504415330 1178 -1
15436577509416152 127 1
15436577509438738 13 -1
15436577509446772 1500 -1
15436577509447310 8000 -1
15436577509448410 5391 -1
15436577514449050 127 1
15436577514472050 13 -1
15436577514479640 1500 -1
15436577514480180 8000 -1
15436577514481270 5352 -1
15436577519481918 9 1
15436577524481960 130 1
15436577524504840 13 -1
15436577524512848 1500 -1
15436577524513380 8000 -1
15436577524513960 1618 -1
15436577529514630 125 1
15436577529537240 13 -1
15436577529547500 1500 -1
15436577529548550 8000 -1
15436577529548610 142 -1
15436577534549450 126 1
15436577534572320 13 -1
15436577534589150 1500 -1
15436577534589700 5825 -1
15436577539590440 125 1
15436577539612960 13 -1
15436577540636042 1500 -1
15436577540637090 8000 -1
15436577540639328 7074 -1
15436577540639328 392 -1
15436577540639902 1500 -1
15436577540639902 1408 -1
15436577545640978 124 1
15436577545664120 13 -1
15436577545671340 1500 -1
15436577545671900 6690 -1
15436577550672700 125 1
15436577550695980 13 -1
15436577552061060 1500 -1
15436577552062650 8000 -1
15436577552064340 7037 -1
15436577552064340 388 -1
15436577552064400 1382 -1
15436577557065610 126 1
15436577557089920 13 -1
15436577557098670 1500 -1
15436577557099240 8000 -1
15436577557100230 6941 -1
15436577557100790 1500 -1
15436577557101360 4046 -1
15436577562102110 126 1
15436577562125740 13 -1
15436577566100810 535 -1
15436577567415560 1500 -1
15436577567416150 1500 -1
15436577567416150 3626 -1
15436577567417190 4072 -1
15436577567417750 3705 -1
15436577572418850 136 1
15436577572441790 13 -1
15436577573373850 1500 -1
15436577573373850 1566 -1
15436577573373850 1789 -1
15436577578899000 127 1
15436577578922020 13 -1
15436577579751230 1500 -1
15436577579751230 1557 -1
15436577579752008 4072 -1
15436577579752008 2202 -1
15436577584753240 136 1
15436577584776570 13 -1
15436577585746190 1500 -1
15436577585746190 1568 -1
15436577585746542 4072 -1
15436577585746542 805 -1
15436577590747970 126 1
15436577590771270 13 -1
15436577591727200 1500 -1
15436577591727200 1583 -1
15436577591728060 3199 -1
15436577596729030 124 1
15436577596752210 13 -1
15436577597561140 1500 -1
15436577597561140 1500 -1
15436577597561988 4001 -1
15436577597561988 1430 -1
15436577602563460 136 1
15436577602586710 13 -1
15436577603778890 1500 -1
15436577603778890 1568 -1
15436577603779710 4072 -1
15436577603780190 4072 -1
15436577603781062 4072 -1
15436577603781062 811 -1
15436577608781920 125 1
15436577608805170 13 -1
15436577610178210 1500 -1
15436577610179040 1582 -1
15436577610179040 4072 -1
15436577610179040 1869 -1
15436577615180610 126 1
15436577615203510 13 -1
15436577616202062 1500 -1
15436577616203740 8000 -1
15436577616204490 7013 -1
15436577616204490 392 -1
15436577616204950 1500 -1
15436577616204950 1500 -1
15436577616204950 1069 -1
15436577621206120 125 1
15436577621229300 13 -1
15436577622422950 1500 -1
15436577622423962 8000 -1
15436577622425050 7037 -1
15436577622425050 392 -1
15436577622425050 1368 -1
15436577627426010 126 1
15436577627449880 13 -1
15436577628419940 1500 -1
15436577628420460 1557 -1
15436577628421070 4072 -1
15436577628421070 720 -1
15436577633422280 126 1
15436577633445100 13 -1
15436577634446650 1500 -1
15436577634447160 1585 -1
15436577634447690 4072 -1
15436577634448250 3865 -1
15436577639449710 125 1
15436577639472690 13 -1
15436577640459780 1500 -1
15436577640460320 1586 -1
15436577640460840 4072 -1
15436577640461370 4072 -1
15436577640461370 2435 -1
15436577645462740 127 1
15436577645485250 13 -1
15436577646514890 1500 -1
15436577646515410 1557 -1
15436577646515970 4072 -1
15436577646515970 17 -1
15436577651516810 126 1
15436577651539472 13 -1
15436577652905372 1500 -1
15436577652905870 1579 -1
15436577652906430 4072 -1
15436577652906980 4072 -1
15436577652907520 4072 -1
15436577652907520 973 -1
15436577657908790 125 1
15436577657931830 13 -1
15436577658934550 511 -1
15436577658936710 1500 -1
15436577658936710 1500 -1
15436577658937280 3626 -1
15436577658937810 4072 -1
15436577658938350 4072 -1
15436577658938350 38 -1
15436577663940880 124 1
15436577663963780 13 -1
15436577665159230 1500 -1
15436577665159230 1585 -1
15436577665160080 3003 -1
15436577670161008 126 1
15436577670184100 13 -1
15436577670193560 1500 -1
15436577670194262 7561 -1
15436577675194900 125 1
15436577675218040 13 -1
15436577676542630 1500 -1
15436577676542630 1560 -1
15436577676543190 3206 -1
15436577681544560 125 1
15436577681567900 13 -1
15436577682562720 1500 -1
15436577682562720 1584 -1
15436577682563580 4072 -1
15436577682563580 1989 -1
15436577687564990 154 1
15436577687588320 13 -1
15436577688604180 1500 -1
15436577688604180 1556 -1
15436577688604870 4072 -1
15436577688605412 4072 -1
15436577688606210 4072 -1
15436577688606210 1175 -1
15436577693607020 125 1
15436577693630158 13 -1
15436577694632210 539 -1
15436577694634160 1500 -1
15436577694634850 8000 -1
15436577694635950 6893 -1
15436577694635950 803 -1
15436577694635950 9 -1
15436577699636690 126 1
15436577699660100 13 -1
15436577699669160 1500 -1
15436577699669690 7591 -1
0 0 0
15436577425975770 52 -1
15436577443546240 148 1
15436577443546240 269 1
15436577443567950 9 -1
15436577443570480 13 -1
15436577443578200 1500 -1
15436577443578702 8000 -1
15436577443588650 2538 -1
15436577443899980 17 -1
