### "'29268 37638 22773 24743 36547 34975 21850 30326 22830 29569 37681 18387 30886 29122 28409 23506 34529 24882 25095 24097'"
0 0 0
15436588145721390 52 -1
15436588165764440 148 1
15436588165764440 278 1
15436588165785970 9 -1
15436588165788630 13 -1
15436588165819500 1500 -1
15436588165820000 8000 -1
15436588165840250 7044 -1
15436588165840250 1500 -1
15436588165841370 8000 -1
15436588165843520 6893 -1
15436588165844050 1500 -1
15436588165844050 3379 -1
15436588166362620 17 -1
0 0 0
15436588145943410 52 -1
15436588164337190 148 1
15436588164337190 278 1
15436588164358720 9 -1
15436588164361890 13 -1
15436588164375670 1500 -1
15436588164376220 8000 -1
15436588164382948 7050 -1
15436588164395700 1500 -1
15436588164397350 8000 -1
15436588164401230 3393 -1
15436588164482870 17 -1
0 0 0
15436588145880430 52 -1
15436588165861280 148 1
15436588165861280 267 1
15436588165882520 9 -1
15436588165885760 13 -1
15436588167278010 1500 -1
15436588167278900 8000 -1
15436588167299480 7153 -1
15436588167299932 391 -1
15436588167299932 1500 -1
15436588167300470 1500 -1
15436588167300470 3508 -1
15436588167301070 1478 -1
15436588167555880 17 -1
0 0 0
15436588145901940 52 -1
15436588182534050 148 1
15436588182534050 278 1
15436588182555520 9 -1
15436588182558550 13 -1
15436588182746748 1500 -1
15436588182747610 8000 -1
15436588182767940 7155 -1
15436588182767940 377 -1
15436588182767940 1500 -1
15436588182768468 1500 -1
15436588182768468 3508 -1
15436588182769000 4072 -1
15436588182769560 3003 -1
15436588182982070 17 -1
0 0 0
15436588145728910 52 -1
15436588166007220 148 1
15436588166007220 278 1
15436588166028710 9 -1
15436588166031548 13 -1
15436588166935270 1500 -1
15436588166936318 8000 -1
15436588166956520 7161 -1
15436588166956748 354 -1
15436588166956748 1500 -1
15436588166957942 1500 -1
15436588166958520 2720 -1
15436588166958520 333 -1
15436588167232220 17 -1
0 0 0
15436588144268898 52 -1
15436588164347660 148 1
15436588164347660 263 1
15436588164368520 9 -1
15436588164371318 13 -1
15436588164378942 1500 -1
15436588164378942 1227 -1
15436588169498720 126 1
15436588169522410 13 -1
15436588170457000 1500 -1
15436588170457530 8000 -1
15436588170476980 7080 -1
15436588170478088 390 -1
15436588170478088 1500 -1
15436588170482320 8000 -1
15436588170484910 6893 -1
15436588170486090 1500 -1
15436588170486090 818 -1
15436588170486090 1098 -1
15436588175564662 136 1
15436588175588378 13 -1
15436588176917000 1500 -1
15436588176917520 8000 -1
15436588176919190 7020 -1
15436588176919190 354 -1
15436588176919190 1500 -1
15436588176921430 8000 -1
15436588176922490 6893 -1
15436588176922490 1500 -1
15436588176922490 371 -1
15436588176922490 9 -1
15436588181940392 125 1
15436588181964130 13 -1
15436588182862930 536 -1
15436588182864620 1500 -1
15436588182865140 8000 -1
15436588182866210 6893 -1
15436588182866210 1500 -1
15436588182866750 936 -1
15436588182866750 1500 -1
15436588182867310 1166 -1
15436588187880660 126 1
15436588187904060 13 -1
15436588191339190 536 -1
15436588192476130 1500 -1
15436588192477190 8000 -1
15436588192478280 6893 -1
15436588192478860 1500 -1
15436588192478860 2822 -1
15436588192479400 1749 -1
15436588197480380 125 1
15436588197503950 13 -1
15436588198834140 1500 -1
15436588198834838 8000 -1
15436588198835362 7014 -1
15436588198835362 391 -1
15436588198836228 1500 -1
15436588198836228 1500 -1
15436588198836760 3508 -1
15436588198837308 4072 -1
15436588198837308 2232 -1
15436588203838820 136 1
15436588203861950 13 -1
15436588207954928 498 -1
15436588209309590 1500 -1
15436588209310600 8000 -1
15436588209311308 6893 -1
15436588209311850 1500 -1
15436588209312860 8000 -1
15436588209313450 6893 -1
15436588209717440 1500 -1
15436588209717440 1500 -1
15436588209717440 1579 -1
15436588214719492 126 1
15436588214742880 13 -1
15436588218092370 535 -1
15436588218092920 1500 -1
15436588218094380 8000 -1
15436588218095050 6893 -1
15436588218095050 1500 -1
15436588218095050 131 -1
15436588218095140 9 -1
15436588223095980 125 1
15436588223119490 13 -1
15436588223436130 1500 -1
15436588223437170 8000 -1
15436588223438252 7038 -1
15436588223438252 371 -1
15436588223438870 1500 -1
15436588223438870 1500 -1
15436588223439310 3508 -1
15436588223439888 4072 -1
15436588223441470 3569 -1
15436588228442200 126 1
15436588228464950 13 -1
15436588229629820 1500 -1
15436588229630930 8000 -1
15436588229631450 7014 -1
15436588229631450 393 -1
15436588229631960 1500 -1
15436588229631960 1500 -1
15436588229632512 3508 -1
15436588229633060 4072 -1
15436588229633060 1783 -1
15436588234635140 125 1
15436588234658220 13 -1
15436588236033110 1500 -1
15436588236033680 8000 -1
15436588236034710 7038 -1
15436588236034710 390 -1
15436588236035230 1500 -1
15436588236035230 1500 -1
15436588236036280 3508 -1
15436588236036830 4072 -1
15436588236036830 1073 -1
15436588241038360 127 1
15436588241062880 13 -1
15436588241409240 1500 -1
15436588241410250 8000 -1
15436588241410760 7037 -1
15436588241411300 390 -1
15436588241411300 1500 -1
15436588241411828 1500 -1
15436588241411828 3508 -1
15436588241411828 242 -1
15436588246413640 125 1
15436588246437080 13 -1
15436588247601250 1500 -1
15436588247601250 1556 -1
15436588247601250 1006 -1
15436588252603450 9 1
15436588257603500 127 1
15436588257626300 13 -1
15436588258623340 1500 -1
15436588258624330 8000 -1
15436588258625410 7039 -1
15436588258625970 394 -1
15436588258625970 1500 -1
15436588258627080 8000 -1
15436588258627610 6893 -1
15436588258628150 1385 -1
15436588258628190 9 -1
15436588263629360 137 1
15436588263652630 13 -1
15436588265054280 1500 -1
15436588265055860 8000 -1
15436588265056410 7037 -1
15436588265056920 378 -1
15436588265056980 1500 -1
15436588265057470 1500 -1
15436588265058032 3508 -1
15436588265058032 1630 -1
15436588270059250 136 1
15436588270083940 13 -1
15436588271053280 521 -1
15436588272003100 1500 -1
15436588272004110 8000 -1
15436588272005190 6893 -1
15436588272005190 1500 -1
15436588272005720 936 -1
15436588272006280 1500 -1
15436588272006280 2581 -1
15436588272006280 1844 -1
15436588277008820 137 1
15436588277031910 13 -1
15436588278065080 1500 -1
15436588278065620 8000 -1
15436588278066720 7013 -1
15436588278066720 374 -1
15436588278067360 1500 -1
15436588278067360 1500 -1
15436588278067820 3508 -1
15436588278067820 849 -1
15436588283069150 137 1
15436588283092890 13 -1
15436588284177490 1500 -1
15436588284178590 8000 -1
15436588284179680 7038 -1
15436588284179680 374 -1
15436588284180200 1500 -1
15436588284180200 1500 -1
15436588284180750 3508 -1
15436588284181300 3831 -1
15436588289183158 137 1
15436588289206520 13 -1
15436588290371860 1500 -1
15436588290372410 8000 -1
15436588290373520 7036 -1
15436588290373520 377 -1
15436588290374060 1500 -1
15436588290374630 1500 -1
15436588290374630 1825 -1
15436588295375590 136 1
15436588295399290 13 -1
15436588295585590 497 -1
15436588295752940 1500 -1
15436588295753990 8000 -1
15436588295755090 6893 -1
15436588295755650 1500 -1
15436588295755650 936 -1
15436588295755650 1045 -1
