### "'18565 25684 18785 30192 22564 19142 16888 31642 24357 28654 33783 31899 26332 29045 19026 15805 23956 29155 35097 13980'"
0 0 0
15436610993216742 52 -1
15436611013317420 148 1
15436611013317420 285 1
15436611013338460 9 -1
15436611013341620 13 -1
15436611013349308 1500 -1
15436611013350410 8000 -1
15436611013369250 7044 -1
15436611013369740 1500 -1
15436611013370850 7809 -1
15436611013822410 17 -1
0 0 0
15436610993484170 52 -1
15436611013638080 148 1
15436611013638080 271 1
15436611013662290 9 -1
15436611013668170 13 -1
15436611013678690 1500 -1
15436611013682180 8000 -1
15436611013689858 7045 -1
15436611013698710 1500 -1
15436611013700370 8000 -1
15436611013704570 4317 -1
15436611014063200 17 -1
0 0 0
15436610991828498 52 -1
15436611012069850 148 1
15436611012069850 269 1
15436611012090750 9 -1
15436611012093200 13 -1
15436611012097320 1500 -1
15436611012098420 6916 -1
15436611017367000 135 1
15436611017390890 13 -1
15436611017407930 1500 -1
15436611017408430 8000 -1
15436611017410590 6946 -1
15436611017411170 1500 -1
15436611017411690 4689 -1
15436611022504630 125 1
15436611022527840 13 -1
15436611022531970 1500 -1
15436611022533870 8000 -1
15436611022535550 6968 -1
15436611022535550 1500 -1
15436611022535550 1267 -1
15436611027606550 125 1
15436611027629470 13 -1
15436611027644802 1500 -1
15436611027645350 8000 -1
15436611027646980 6941 -1
15436611027646980 513 -1
15436611032688280 125 1
15436611032711280 13 -1
15436611032723500 1500 -1
15436611032724630 8000 -1
15436611032725150 6964 -1
15436611032725690 1500 -1
15436611032726760 6482 -1
15436611037727880 136 1
15436611037751442 13 -1
15436611037768430 1500 -1
15436611037768990 8000 -1
15436611037771160 6942 -1
15436611037771750 1500 -1
15436611037772790 8000 -1
15436611037772840 2779 -1
15436611042773880 126 1
15436611042797940 13 -1
15436611042812750 1500 -1
15436611042813360 8000 -1
15436611042814340 6964 -1
15436611042814900 1500 -1
15436611042815990 8000 -1
15436611042817070 6893 -1
15436611042817070 1024 -1
15436611047817820 126 1
15436611047841548 13 -1
15436611047846388 1500 -1
15436611047847990 8000 -1
15436611047848480 6941 -1
15436611047848480 1500 -1
15436611047849560 8000 -1
15436611047850670 6024 -1
15436611052851240 137 1
15436611052875472 13 -1
15436611052881340 1500 -1
15436611052882140 8000 -1
15436611052883530 6964 -1
15436611052883530 1500 -1
15436611052884632 8000 -1
15436611052884670 457 -1
15436611057885420 125 1
15436611057909060 13 -1
15436611057929670 1500 -1
15436611057931320 8000 -1
15436611057931880 6941 -1
15436611057932410 1500 -1
15436611057933550 8000 -1
15436611057934110 3170 -1
15436611062934720 135 1
15436611062957580 13 -1
15436611062963058 1500 -1
15436611062963790 8000 -1
15436611062965130 6964 -1
15436611062965130 1500 -1
15436611062965130 1151 -1
15436611067966248 135 1
15436611067989450 13 -1
15436611068001600 1500 -1
15436611068003010 8000 -1
15436611068003090 6362 -1
15436611073004410 136 1
15436611073027912 13 -1
15436611073055270 1500 -1
15436611073056070 8000 -1
15436611073057088 6964 -1
15436611073057088 1500 -1
15436611073058168 6081 -1
15436611078058850 9 1
15436611083058888 128 1
15436611083082560 13 -1
15436611083100420 1500 -1
15436611083101130 8000 -1
15436611083102130 6964 -1
15436611083102670 1500 -1
15436611083103768 8000 -1
15436611083104350 3280 -1
15436611088104948 126 1
15436611088129030 13 -1
15436611088149058 1500 -1
15436611088149800 8000 -1
15436611088151520 6941 -1
15436611088151520 1500 -1
15436611088152620 8000 -1
15436611088153190 6893 -1
15436611088153730 1500 -1
15436611088153730 838 -1
15436611093154680 135 1
15436611093178480 13 -1
15436611093189240 1500 -1
15436611093190290 8000 -1
15436611093190860 4560 -1
15436611098191510 126 1
15436611098214540 13 -1
15436611098224230 1500 -1
15436611098225378 8000 -1
15436611098226950 6941 -1
15436611098226950 1500 -1
15436611098227670 8000 -1
15436611098227798 1808 -1
15436611103229238 127 1
15436611103252860 13 -1
15436611103271920 1500 -1
15436611103272600 8000 -1
15436611103273890 6964 -1
15436611103273890 1500 -1
15436611103275030 6113 -1
15436611108275722 126 1
15436611108299190 13 -1
15436611108307690 1500 -1
15436611108310760 8000 -1
15436611108311860 6941 -1
15436611108312400 1500 -1
15436611108313470 8000 -1
15436611108314040 3711 -1
15436611113314732 126 1
15436611113338240 13 -1
15436611113347450 1500 -1
15436611113348170 8000 -1
15436611113349490 6964 -1
15436611113349490 922 -1
0 0 0
15436610993503480 52 -1
15436611029877910 148 1
15436611029877910 312 1
15436611029899818 9 -1
15436611029903050 13 -1
15436611029940980 1500 -1
15436611029941440 8000 -1
15436611029961970 7044 -1
15436611029962140 1500 -1
15436611029963160 8000 -1
15436611029963550 5767 -1
15436611030153590 17 -1
0 0 0
15436610993578260 52 -1
15436611011958662 148 1
15436611011958662 281 1
15436611011980080 9 -1
15436611011982278 13 -1
15436611011989810 1500 -1
15436611011990340 8000 -1
15436611012010460 7044 -1
15436611012010460 1500 -1
15436611012010460 690 -1
15436611012369120 17 -1
0 0 0
15436610993275558 52 -1
15436611013316180 148 1
15436611013337290 9 -1
15436611013370840 271 1
15436611013393770 13 -1
15436611013403512 1500 -1
15436611013404010 8000 -1
15436611013424630 7044 -1
15436611013424630 1500 -1
15436611013425880 910 -1
15436611013820130 17 -1
