### "'15600 24194 15804 13356 20191 23150 13045 34920 25385 19048 19848 22050 39425 26107 24640 18010 19438 16873 18833 14850'"
0 0 0
15436632642501710 52 -1
15436632662623950 148 1
15436632662623950 270 1
15436632662645750 9 -1
15436632662648010 13 -1
15436632662652150 1500 -1
15436632662653150 4482 -1
15436632667710740 138 1
15436632667735118 13 -1
15436632667741330 1500 -1
15436632667741870 4217 -1
15436632672771100 139 1
15436632672795040 13 -1
15436632672801760 1500 -1
15436632672802848 7777 -1
15436632677842820 138 1
15436632677866508 13 -1
15436632677874980 1500 -1
15436632677875530 6131 -1
15436632683078870 126 1
15436632683102560 13 -1
15436632684238430 1500 -1
15436632684240050 8000 -1
15436632684241100 7074 -1
15436632684241100 390 -1
15436632684242230 1500 -1
15436632684242800 1500 -1
15436632684259980 3394 -1
15436632689261060 125 1
15436632689285020 13 -1
15436632690309770 538 -1
15436632690310870 1500 -1
15436632690310870 1500 -1
15436632690311430 3626 -1
15436632690312620 4072 -1
15436632690313050 1972 -1
15436632695313850 137 1
15436632695337620 13 -1
15436632696496780 1500 -1
15436632696497820 8000 -1
15436632696498950 7014 -1
15436632696499470 376 -1
15436632696499470 1500 -1
15436632696501720 8000 -1
15436632696502760 6893 -1
15436632696503300 1500 -1
15436632696503300 294 -1
15436632696503338 9 -1
15436632701504290 126 1
15436632701529140 13 -1
15436632701846672 1500 -1
15436632701848220 8000 -1
15436632701849320 7037 -1
15436632701849320 393 -1
15436632701849880 1500 -1
15436632701850470 1500 -1
15436632701850470 3508 -1
15436632701851000 2118 -1
15436632706851872 125 1
15436632706875820 13 -1
15436632708273060 1500 -1
15436632708274150 8000 -1
15436632708275260 7014 -1
15436632708275260 392 -1
15436632708275810 1500 -1
15436632708275810 790 -1
15436632713276880 126 1
15436632713300770 13 -1
15436632714462690 1500 -1
15436632714463170 1580 -1
15436632714463740 4072 -1
15436632714464290 2817 -1
15436632719465200 126 1
15436632719489510 13 -1
15436632720423010 1500 -1
15436632720424572 8000 -1
15436632720425702 7036 -1
15436632720425702 389 -1
15436632720426340 1500 -1
15436632720426340 1500 -1
15436632720426340 93 -1
15436632725427620 125 1
15436632725450820 13 -1
15436632726450060 1500 -1
15436632726451660 8000 -1
15436632726452770 7013 -1
15436632726452770 393 -1
15436632726453330 1500 -1
15436632726453890 1500 -1
15436632726453890 2291 -1
15436632731455030 127 1
15436632731478990 13 -1
15436632732474420 1500 -1
15436632732475482 8000 -1
15436632732476630 7038 -1
15436632732476630 390 -1
15436632732477140 1500 -1
15436632732478230 8000 -1
15436632732479848 6893 -1
15436632732479910 1500 -1
15436632732480410 1500 -1
15436632732480410 3285 -1
15436632737482790 126 1
15436632737506420 13 -1
15436632739259250 1500 -1
15436632739260840 8000 -1
15436632739261970 7011 -1
15436632739261970 389 -1
15436632739262540 1500 -1
15436632739262540 1500 -1
15436632739263030 3508 -1
15436632739263590 2844 -1
15436632744265160 125 1
15436632744289730 13 -1
15436632745231280 1500 -1
15436632745232850 8000 -1
15436632745233970 7035 -1
15436632745233970 391 -1
15436632745234530 1500 -1
15436632745235118 1500 -1
15436632745235692 3508 -1
15436632745235692 1375 -1
15436632750236630 9 1
15436632755236710 129 1
15436632755260230 13 -1
15436632756667510 1500 -1
15436632756669180 8000 -1
15436632756670300 7036 -1
15436632756670300 392 -1
15436632756670870 1252 -1
15436632761671500 126 1
15436632761695690 13 -1
15436632763045002 1500 -1
15436632763046660 8000 -1
15436632763047750 7036 -1
15436632763047750 389 -1
15436632763048320 1500 -1
15436632763048320 1183 -1
15436632768049400 126 1
15436632768073750 13 -1
15436632769009622 1500 -1
15436632769011150 8000 -1
15436632769012250 7014 -1
15436632769012250 393 -1
15436632769012330 114 -1
15436632774013110 126 1
15436632774036680 13 -1
15436632774999772 1500 -1
15436632775001290 8000 -1
15436632775002370 7035 -1
15436632775002370 389 -1
15436632775002912 1500 -1
15436632775002912 578 -1
15436632780004310 125 1
15436632780028440 13 -1
15436632781439330 1500 -1
15436632781439330 1580 -1
15436632781439850 4072 -1
15436632781440940 4072 -1
15436632781440940 3779 -1
15436632786442140 127 1
15436632786466442 13 -1
15436632787601450 1500 -1
15436632787603020 8000 -1
15436632787604070 7013 -1
15436632787604070 391 -1
15436632787604720 1500 -1
15436632787604720 568 -1
15436632792605870 126 1
15436632792630960 13 -1
15436632793988970 1500 -1
15436632793989970 8000 -1
15436632793991650 7036 -1
15436632793991650 390 -1
15436632793992210 1500 -1
15436632793992210 587 -1
15436632798993462 154 1
15436632799017610 13 -1
15436632800173572 1500 -1
15436632800174490 1576 -1
15436632800174490 4072 -1
15436632800175518 4072 -1
15436632800175518 2504 -1
0 0 0
15436632644473750 52 -1
15436632664504180 148 1
15436632664504180 271 1
15436632664525690 9 -1
15436632664528450 13 -1
15436632664713430 1500 -1
15436632664713920 1696 -1
15436632664714488 4072 -1
15436632664715020 4072 -1
15436632664734500 4072 -1
15436632664734500 456 -1
15436632665051770 17 -1
0 0 0
15436632644711960 52 -1
15436632680646990 148 1
15436632680646990 282 1
15436632680668610 9 -1
15436632680671402 13 -1
15436632681520400 1500 -1
15436632681520400 1500 -1
15436632681521430 8000 -1
15436632681541180 5655 -1
15436632681541710 1453 -1
15436632681541710 1500 -1
15436632681541710 872 -1
15436632681942580 17 -1
0 0 0
15436632644579420 52 -1
15436632664526040 148 1
15436632664526040 272 1
15436632664546520 9 -1
15436632664549480 13 -1
15436632664862880 1500 -1
15436632664863948 8000 -1
15436632664884068 7154 -1
15436632664884068 394 -1
15436632664884068 1500 -1
15436632664884770 1500 -1
15436632664884770 3508 -1
15436632664885140 926 -1
15436632665529060 17 -1
0 0 0
15436632644793690 52 -1
15436632662609720 148 1
15436632662609720 273 1
15436632662630560 9 -1
15436632662633122 13 -1
15436632665312222 654 -1
15436632666195920 1500 -1
15436632666195920 1500 -1
15436632666196452 3626 -1
15436632666197000 4072 -1
15436632666197550 2282 -1
15436632666623780 17 -1
0 0 0
15436632644660820 52 -1
15436632664715430 148 1
15436632664715430 281 1
15436632664736690 9 -1
15436632664739980 13 -1
15436632665675048 1500 -1
15436632665675508 1687 -1
15436632665676060 4072 -1
15436632665676610 4072 -1
15436632665696220 4072 -1
15436632665696220 673 -1
15436632665845808 17 -1
