### "'11780 11084 10492 12434 10317 17148 10357 10952 10410 16435 12288 11037 11338 10446 11029 14304 12620 16784 16390 13062'"
0 0 0
15436649080563050 52 -1
15436649098791270 148 1
15436649098812612 9 -1
15436649098843780 277 1
15436649098867750 13 -1
15436649102080360 1500 -1
15436649102080860 1500 -1
15436649102080860 1500 -1
15436649102081390 2640 -1
15436649102081390 2011 -1
15436649102444128 17 -1
0 0 0
15436649078822940 52 -1
15436649098994920 148 1
15436649098994920 256 1
15436649099016330 9 -1
15436649099019042 13 -1
15436649099024720 1500 -1
15436649099024720 2861 -1
15436649104175210 134 1
15436649104198970 13 -1
15436649105735440 1500 -1
15436649105735440 1500 -1
15436649105735970 4056 -1
15436649105736510 4072 -1
15436649105736510 1501 -1
15436649110838520 124 1
15436649110862020 13 -1
15436649111868510 1500 -1
15436649111869020 1584 -1
15436649111869560 4072 -1
15436649111869560 3314 -1
15436649116952160 125 1
15436649116975700 13 -1
15436649117911760 1500 -1
15436649117912810 8000 -1
15436649117913900 7013 -1
15436649117914440 392 -1
15436649117914490 390 -1
15436649122945760 135 1
15436649122969552 13 -1
15436649124588252 1500 -1
15436649124588252 1500 -1
15436649124588758 4011 -1
15436649124588758 2953 -1
15436649129590420 125 1
15436649129614120 13 -1
15436649130973580 1500 -1
15436649130974060 1581 -1
15436649130974600 4072 -1
15436649130974600 1925 -1
15436649135976220 135 1
15436649135999690 13 -1
15436649137508170 1500 -1
15436649137508668 1500 -1
15436649137509192 3997 -1
15436649137509740 4072 -1
15436649137509740 12 -1
15436649142510810 124 1
15436649142534740 13 -1
15436649143731092 1500 -1
15436649143731610 1583 -1
15436649143732130 4072 -1
15436649143732700 3410 -1
15436649148733750 126 1
15436649148757320 13 -1
15436649150470210 1500 -1
15436649150470670 1500 -1
15436649150471220 4036 -1
15436649150471730 4072 -1
15436649150472280 4072 -1
15436649150472280 1417 -1
15436649150472340 9 -1
15436649155474260 125 1
15436649155498530 13 -1
15436649156505890 1500 -1
15436649156505890 1557 -1
15436649156506440 4072 -1
15436649156506990 4072 -1
15436649156506990 1215 -1
15436649161508320 127 1
15436649161532050 13 -1
15436649163046510 430 -1
15436649163047668 1500 -1
15436649163048780 1500 -1
15436649163048780 2328 -1
15436649163049310 4072 -1
15436649163049310 1370 -1
15436649168050590 125 1
15436649168074310 13 -1
15436649168975880 1500 -1
15436649168976360 1557 -1
15436649168976910 4072 -1
15436649168977480 4072 -1
15436649168977480 266 -1
15436649173978620 125 1
15436649174002330 13 -1
15436649175705308 1500 -1
15436649175705308 1500 -1
15436649175705820 4025 -1
15436649175706370 3573 -1
15436649180707290 9 1
15436649185707390 129 1
15436649185731190 13 -1
15436649186981140 1500 -1
15436649186981600 1500 -1
15436649186982260 4036 -1
15436649186982260 4072 -1
15436649186982260 75 -1
15436649191983982 126 1
15436649192007320 13 -1
15436649193929890 1500 -1
15436649193930380 1500 -1
15436649193930940 4025 -1
15436649193930940 2482 -1
15436649198934540 126 1
15436649198957990 13 -1
15436649200377390 1500 -1
15436649200377830 1578 -1
15436649200378380 4072 -1
15436649200378950 4072 -1
15436649200379500 3234 -1
15436649205380540 127 1
15436649205404790 13 -1
15436649207164840 1500 -1
15436649207165370 1500 -1
15436649207165870 4011 -1
15436649207166440 4072 -1
15436649207166440 1667 -1
15436649212168010 126 1
15436649212191770 13 -1
15436649213878290 1500 -1
15436649213879390 8000 -1
15436649213880460 7036 -1
15436649213880460 390 -1
15436649213880460 28 -1
15436649218881360 126 1
15436649218905170 13 -1
15436649220148730 1500 -1
15436649220149200 1500 -1
15436649220149760 4035 -1
15436649220150320 4072 -1
15436649220150868 4072 -1
15436649220150868 1374 -1
15436649220150930 9 -1
15436649225152230 126 1
15436649225175940 13 -1
15436649226518828 1500 -1
15436649226519352 1558 -1
15436649226519950 4072 -1
15436649226520390 4072 -1
15436649226520390 1990 -1
0 0 0
15436649080502370 52 -1
15436649117069180 148 1
15436649117069180 295 1
15436649117090198 9 -1
15436649117092940 13 -1
15436649118126780 1500 -1
15436649118127210 1701 -1
15436649118127748 4072 -1
15436649118128300 3353 -1
15436649118292410 17 -1
0 0 0
15436649080533340 52 -1
15436649100476630 148 1
15436649100476630 268 1
15436649100498468 9 -1
15436649100501290 13 -1
15436649101866642 1500 -1
15436649101867148 1697 -1
15436649101867740 4072 -1
15436649101868240 4072 -1
15436649101868240 13 -1
15436649102003650 17 -1
0 0 0
15436649080332860 52 -1
15436649100545300 148 1
15436649100545300 268 1
15436649100566380 9 -1
15436649100569100 13 -1
15436649102349328 1500 -1
15436649102349810 1500 -1
15436649102349810 1500 -1
15436649102350370 2654 -1
15436649102350370 3609 -1
15436649102563310 17 -1
0 0 0
15436649080354360 52 -1
15436649100598050 148 1
15436649100598050 269 1
15436649100619220 9 -1
15436649100621910 13 -1
15436649101804790 1500 -1
15436649101805300 1697 -1
15436649101805810 4072 -1
15436649101806360 4072 -1
15436649101806360 710 -1
15436649101997768 17 -1
