### "'33307 25925 17770 28539 29577 34878 32474 25864 20038 19482 15429 14048 18028 26886 18288 18595 29209 31761 14154 29736'"
0 0 0
15436658911383900 52 -1
15436658931211520 148 1
15436658931211520 278 1
15436658931233302 9 -1
15436658931236020 13 -1
15436658931259010 1500 -1
15436658931259520 8000 -1
15436658931279810 7045 -1
15436658931279810 1500 -1
15436658931283980 8000 -1
15436658931283980 50 -1
15436658931469830 17 -1
0 0 0
15436658911361060 52 -1
15436658931351230 148 1
15436658931351230 280 1
15436658931372400 9 -1
15436658931375250 13 -1
15436658932389760 1500 -1
15436658932390840 8000 -1
15436658932410410 7153 -1
15436658932410820 375 -1
15436658932410820 1500 -1
15436658932411370 1500 -1
15436658932411370 3508 -1
15436658932412460 4072 -1
15436658932412460 1218 -1
15436658932846210 17 -1
0 0 0
15436658911519890 52 -1
15436658929522400 148 1
15436658929522400 279 1
15436658929543610 9 -1
15436658929545950 13 -1
15436658930465500 1500 -1
15436658930466540 8000 -1
15436658930486600 7154 -1
15436658930486600 376 -1
15436658930486600 1500 -1
15436658930488190 8000 -1
15436658930493450 6893 -1
15436658930493450 181 -1
15436658930493450 9 -1
15436658931270650 17 -1
0 0 0
15436658911545360 52 -1
15436658931451650 148 1
15436658931451650 267 1
15436658931472558 9 -1
15436658931475460 13 -1
15436658931491150 1500 -1
15436658931493110 8000 -1
15436658931497682 7044 -1
15436658931511180 1395 -1
15436658931729670 17 -1
0 0 0
15436658911545400 52 -1
15436658947655410 148 1
15436658947655410 267 1
15436658947676700 9 -1
15436658947679320 13 -1
15436658947709680 1500 -1
15436658947710240 8000 -1
15436658947729750 7050 -1
15436658947730300 1500 -1
15436658947734170 8000 -1
15436658947736260 6599 -1
15436658947914628 17 -1
0 0 0
15436658909500720 52 -1
15436658929569840 148 1
15436658929569840 264 1
15436658929591820 9 -1
15436658929594540 13 -1
15436658930926440 1500 -1
15436658930926910 1704 -1
15436658930926910 2160 -1
15436658936103042 137 1
15436658936127010 13 -1
15436658937161290 1500 -1
15436658937161788 8000 -1
15436658937181500 7014 -1
15436658937182010 372 -1
15436658937182010 1500 -1
15436658937182570 1500 -1
15436658937182570 3508 -1
15436658937186980 4072 -1
15436658937186980 2259 -1
15436658942218070 135 1
15436658942242128 13 -1
15436658943618400 1500 -1
15436658943619420 8000 -1
15436658943620520 7037 -1
15436658943620520 377 -1
15436658943621130 1500 -1
15436658943622150 8000 -1
15436658943623230 6893 -1
15436658943623230 1500 -1
15436658943623230 251 -1
15436658943623778 9 -1
15436658948640740 126 1
15436658948665000 13 -1
15436658950061360 1500 -1
15436658950062380 8000 -1
15436658950063440 7036 -1
15436658950063970 391 -1
15436658950064060 1500 -1
15436658950064530 1500 -1
15436658950065082 3508 -1
15436658950065082 2599 -1
15436658955066840 127 1
15436658955090762 13 -1
15436658956002160 1500 -1
15436658956002710 8000 -1
15436658956004320 7015 -1
15436658956004320 390 -1
15436658956004970 1500 -1
15436658956004970 1500 -1
15436658956004970 282 -1
15436658961006400 124 1
15436658961030540 13 -1
15436658961040370 1500 -1
15436658961041570 8000 -1
15436658961042640 6969 -1
15436658961042640 1500 -1
15436658961042640 1607 -1
15436658966044090 137 1
15436658966068370 13 -1
15436658966076090 1500 -1
15436658966076620 8000 -1
15436658966077700 5986 -1
15436658971078538 136 1
15436658971101680 13 -1
15436658971110210 1500 -1
15436658971110700 8000 -1
15436658971111792 4628 -1
15436658976112530 126 1
15436658976137000 13 -1
15436658977142010 495 -1
15436658977143100 1500 -1
15436658977144150 8000 -1
15436658977145218 6893 -1
15436658977145218 1294 -1
15436658977145218 9 -1
15436658982146270 137 1
15436658982170082 13 -1
15436658982197780 1500 -1
15436658982198240 8000 -1
15436658982199280 6964 -1
15436658982199870 1500 -1
15436658982200900 8000 -1
15436658982200950 1011 -1
15436658987202070 134 1
15436658987226720 13 -1
15436658987238430 1500 -1
15436658987238970 8000 -1
15436658987240110 6941 -1
15436658987240680 1500 -1
15436658987240680 413 -1
15436658992241910 138 1
15436658992267038 13 -1
15436658992285080 1500 -1
15436658992286170 8000 -1
15436658992286680 6965 -1
15436658992287240 1500 -1
15436658992287240 720 -1
15436658997288650 135 1
15436658997313280 13 -1
15436658998689360 1500 -1
15436658998690400 8000 -1
15436658998690950 7015 -1
15436658998691480 374 -1
15436658998692060 1500 -1
15436658998692060 1500 -1
15436658998692580 3508 -1
15436658998693130 4072 -1
15436658998693130 1889 -1
15436659003694810 9 1
15436659008694962 140 1
15436659008718730 13 -1
15436659008733290 1500 -1
15436659008734350 8000 -1
15436659008734940 6964 -1
15436659008735430 1500 -1
15436659008736620 8000 -1
15436659008737710 5886 -1
15436659013738648 135 1
15436659013762920 13 -1
15436659013775150 1500 -1
15436659013776190 8000 -1
15436659013776770 4734 -1
15436659018777462 125 1
15436659018801520 13 -1
15436659020133420 1500 -1
15436659020133900 1500 -1
15436659020135010 8000 -1
15436659020135592 5536 -1
15436659020136098 1500 -1
15436659020136098 293 -1
15436659020136690 1500 -1
15436659020136690 3486 -1
15436659020137830 4072 -1
15436659020137830 2519 -1
15436659025139010 134 1
15436659025162820 13 -1
15436659025169250 1500 -1
15436659025169740 8000 -1
15436659025170870 6690 -1
15436659030171640 126 1
15436659030195980 13 -1
15436659030206972 1500 -1
15436659030207520 8000 -1
15436659030208600 6751 -1
15436659035209330 126 1
15436659035235240 13 -1
15436659036198800 1500 -1
15436659036202580 8000 -1
15436659036203650 7015 -1
15436659036203650 369 -1
15436659036204250 1500 -1
15436659036204250 1500 -1
15436659036204750 3508 -1
15436659036205298 2155 -1
15436659041208630 137 1
15436659041232582 13 -1
15436659042588980 1500 -1
15436659042590030 8000 -1
15436659042591110 7037 -1
15436659042591110 375 -1
15436659042591660 1500 -1
15436659042591660 1500 -1
15436659042592160 3508 -1
15436659042592160 1182 -1
