### "'23033 20591 25567 26106 26002 30250 32349 32557 27084 14320 21920 19980 21375 20830 30294 22600 21129 15970 19188 19957'"
0 0 0
15436662727347610 52 -1
15436662747412838 148 1
15436662747412838 268 1
15436662747434060 9 -1
15436662747437200 13 -1
15436662747475430 1500 -1
15436662747476480 5799 -1
15436662752545280 137 1
15436662752568590 13 -1
15436662753894690 1500 -1
15436662753895030 1598 -1
15436662753895030 3603 -1
15436662758954920 135 1
15436662758991540 13 -1
15436662760600570 1500 -1
15436662760601038 1500 -1
15436662760601600 4010 -1
15436662760601600 153 -1
15436662765630218 136 1
15436662765654040 13 -1
15436662766652780 1500 -1
15436662766652780 1538 -1
15436662766652780 2648 -1
15436662771655372 135 1
15436662771678810 13 -1
15436662771865930 1500 -1
15436662771865930 1564 -1
15436662771866428 4072 -1
15436662771866428 575 -1
15436662776868120 138 1
15436662776892080 13 -1
15436662778611180 1500 -1
15436662778611180 1500 -1
15436662778612240 8000 -1
15436662778612760 5515 -1
15436662778632140 1500 -1
15436662778632140 279 -1
15436662778633390 1500 -1
15436662778633960 3486 -1
15436662778634490 4072 -1
15436662778636550 3047 -1
15436662783637240 135 1
15436662783662000 13 -1
15436662785643220 1500 -1
15436662785643220 1500 -1
15436662785644200 8000 -1
15436662785644710 5537 -1
15436662785645280 1453 -1
15436662785645280 1500 -1
15436662785646370 3805 -1
15436662785646910 4072 -1
15436662785647480 4072 -1
15436662785648010 1081 -1
15436662790649200 137 1
15436662790672570 13 -1
15436662792002398 1500 -1
15436662792002910 8000 -1
15436662792004070 7037 -1
15436662792004070 373 -1
15436662793309250 1500 -1
15436662793309250 1500 -1
15436662793309842 3508 -1
15436662793310370 4072 -1
15436662793310910 4072 -1
15436662793310910 1166 -1
15436662798312630 137 1
15436662798336160 13 -1
15436662799283410 1500 -1
15436662799284470 8000 -1
15436662799285670 7014 -1
15436662799285670 376 -1
15436662799286210 1500 -1
15436662799286210 1500 -1
15436662799286730 3508 -1
15436662799287290 3834 -1
15436662804288390 137 1
15436662804311590 13 -1
15436662806842470 1500 -1
15436662806842470 1500 -1
15436662806843030 3988 -1
15436662806843030 4072 -1
15436662806843570 3417 -1
15436662811844960 125 1
15436662811868520 13 -1
15436662812769980 1500 -1
15436662812770440 1500 -1
15436662812771562 8000 -1
15436662812772110 5536 -1
15436662812772660 1453 -1
15436662812772720 1500 -1
15436662812773220 2601 -1
15436662817774210 136 1
15436662817797520 13 -1
15436662820200340 1500 -1
15436662820201262 1500 -1
15436662820201768 8000 -1
15436662820202670 5538 -1
15436662820202670 1453 -1
15436662820202790 1500 -1
15436662820202790 661 -1
15436662825204310 136 1
15436662825228400 13 -1
15436662827151762 1500 -1
15436662827151762 1500 -1
15436662827152700 8000 -1
15436662827153880 5515 -1
15436662827153880 1453 -1
15436662827154440 1500 -1
15436662827154440 2056 -1
15436662832155790 137 1
15436662832180200 13 -1
15436662834303860 1500 -1
15436662834304710 1500 -1
15436662834305292 8000 -1
15436662834306160 5535 -1
15436662834306160 1453 -1
15436662834306632 1500 -1
15436662834306632 1511 -1
15436662839307800 125 1
15436662839331910 13 -1
15436662841297850 1500 -1
15436662841298758 1500 -1
15436662841298758 8000 -1
15436662841299760 5536 -1
15436662841299760 1453 -1
15436662842473960 1500 -1
15436662842474840 3818 -1
15436662842474840 3528 -1
15436662842475360 3629 -1
15436662847476420 9 1
15436662852476480 129 1
15436662852499362 13 -1
15436662854126160 1500 -1
15436662854126160 1500 -1
15436662854127230 8000 -1
15436662854127780 5537 -1
15436662854127780 1453 -1
15436662854128340 1500 -1
15436662854128900 3281 -1
15436662859130040 125 1
15436662859154270 13 -1
15436662861207380 1500 -1
15436662861207380 1500 -1
15436662861208438 8000 -1
15436662861209020 5537 -1
15436662861209490 1453 -1
15436662861209560 1500 -1
15436662861209560 1810 -1
15436662866211300 125 1
15436662866236040 13 -1
15436662867606160 1500 -1
15436662867606160 408 -1
15436662867607930 1500 -1
15436662867607930 3604 -1
15436662867608672 4072 -1
15436662867609170 4072 -1
15436662867609170 953 -1
15436662872610800 125 1
15436662872634080 13 -1
15436662874535320 1500 -1
15436662874535880 1500 -1
15436662874536330 8000 -1
15436662874536900 5538 -1
15436662874537460 1453 -1
15436662874537460 1369 -1
15436662879539800 136 1
15436662879563790 13 -1
15436662881325520 1500 -1
15436662881325520 1500 -1
15436662881326352 8000 -1
15436662881327490 5539 -1
15436662881327490 1453 -1
15436662881328002 1500 -1
15436662881328002 638 -1
15436662886329000 137 1
15436662886352028 13 -1
15436662887293870 1500 -1
15436662887293870 1500 -1
15436662887294760 8000 -1
15436662887295870 5515 -1
15436662887295870 1453 -1
15436662887296420 1500 -1
15436662887296420 3624 -1
15436662892297708 137 1
15436662892321250 13 -1
15436662894247810 1500 -1
15436662894248560 1500 -1
15436662894248560 4009 -1
15436662894249060 4072 -1
15436662894249060 671 -1
15436662899250310 125 1
15436662899273788 13 -1
15436662900612870 1500 -1
15436662900612870 1500 -1
15436662900614172 8000 -1
15436662900614770 5537 -1
15436662900614770 1453 -1
15436662900615290 1500 -1
15436662900615840 1043 -1
15436662905616580 126 1
15436662905639902 13 -1
15436662907308820 1500 -1
15436662907308820 1500 -1
15436662907309690 8000 -1
15436662907311120 5514 -1
15436662907311120 1500 -1
15436662907311120 283 -1
15436662907311120 1500 -1
15436662907311670 1957 -1
0 0 0
15436662729217880 52 -1
15436662749285590 148 1
15436662749285590 270 1
15436662749307110 9 -1
15436662749309170 13 -1
15436662751067110 1500 -1
15436662751067570 1500 -1
15436662751068740 8000 -1
15436662751088892 5653 -1
15436662751088892 1453 -1
15436662751089430 1500 -1
15436662751089960 3818 -1
15436662751090510 2969 -1
15436662751635730 17 -1
0 0 0
15436662729377060 52 -1
15436662749377170 148 1
15436662749398438 9 -1
15436662749469420 280 1
15436662749492440 13 -1
15436662751149540 1500 -1
15436662751150040 1500 -1
15436662751151070 8000 -1
15436662751170930 5655 -1
15436662751170930 1500 -1
15436662751170930 281 -1
15436662751171450 1500 -1
15436662751180260 5797 -1
15436662751180260 123 -1
15436662751592320 17 -1
0 0 0
15436662729470480 52 -1
15436662747352890 148 1
15436662747352890 282 1
15436662747374290 9 -1
15436662747376950 13 -1
15436662749090200 1500 -1
15436662749090700 1500 -1
15436662749091750 8000 -1
15436662749111840 5654 -1
15436662749111840 1500 -1
15436662749111840 280 -1
15436662749113222 1500 -1
15436662749113810 3387 -1
15436662749787760 17 -1
0 0 0
15436662729292690 52 -1
15436662749353610 148 1
15436662749353610 282 1
15436662749374430 9 -1
15436662749376790 13 -1
15436662750703900 1500 -1
15436662750704430 1500 -1
15436662750705020 8000 -1
15436662750724830 5655 -1
15436662750724830 1453 -1
15436662750725990 1500 -1
15436662750725990 1272 -1
15436662750867360 17 -1
0 0 0
15436662729422540 52 -1
15436662765630270 148 1
15436662765630270 271 1
15436662765651040 9 -1
15436662765653470 13 -1
15436662766618112 1500 -1
15436662766618630 8000 -1
15436662766639308 7154 -1
15436662766639308 389 -1
15436662766639308 1500 -1
15436662766639860 1500 -1
15436662766640420 3508 -1
15436662766642700 2739 -1
15436662766856030 17 -1
