### "'13986 25431 18755 24962 14393 23103 21135 24663 19776 19548 23019 19251 11577 19971 27545 18854 35091 13821 16691 18707'"
0 0 0
15436672338701810 52 -1
15436672358789670 148 1
15436672358789670 282 1
15436672358813890 9 -1
15436672358816970 13 -1
15436672358823300 1500 -1
15436672358823820 8000 -1
15436672358843680 7044 -1
15436672358843680 1500 -1
15436672358844770 7556 -1
15436672359022160 17 -1
0 0 0
15436672338625842 52 -1
15436672358609012 148 1
15436672358630310 9 -1
15436672358737190 284 1
15436672358760610 13 -1
15436672358765730 1500 -1
15436672358766810 8000 -1
15436672358786530 7044 -1
15436672358787100 1500 -1
15436672358788990 7087 -1
15436672358984320 17 -1
0 0 0
15436672336588350 52 -1
15436672356620160 148 1
15436672356620160 267 1
15436672356641582 9 -1
15436672356644110 13 -1
15436672356649950 1500 -1
15436672356650500 3695 -1
15436672361816270 137 1
15436672361839818 13 -1
15436672361843830 1500 -1
15436672361844398 6071 -1
15436672366883230 138 1
15436672366907680 13 -1
15436672366911920 1500 -1
15436672366912460 5384 -1
15436672372065440 136 1
15436672372089350 13 -1
15436672372093740 1500 -1
15436672372094310 4517 -1
15436672377168240 138 1
15436672377191520 13 -1
15436672377195430 1500 -1
15436672377195430 3879 -1
15436672382196550 137 1
15436672382222000 13 -1
15436672382228410 1500 -1
15436672382228970 4522 -1
15436672387229700 126 1
15436672387252892 13 -1
15436672387257250 1500 -1
15436672387258380 8000 -1
15436672387260010 4950 -1
15436672392260700 135 1
15436672392284660 13 -1
15436672392293388 1500 -1
15436672392295420 8000 -1
15436672392298080 6965 -1
15436672392298620 1500 -1
15436672392299150 5228 -1
15436672397299970 125 1
15436672397323100 13 -1
15436672397335940 1500 -1
15436672397337010 8000 -1
15436672397338090 6941 -1
15436672397338090 1500 -1
15436672397339200 3260 -1
15436672402339820 154 1
15436672402363510 13 -1
15436672402374750 1500 -1
15436672402375860 8000 -1
15436672402376950 6964 -1
15436672402376950 1500 -1
15436672402378622 6788 -1
15436672407379270 138 1
15436672407403430 13 -1
15436672407409648 1500 -1
15436672407410700 8000 -1
15436672407411800 6941 -1
15436672407411800 1500 -1
15436672407412350 1901 -1
15436672412413120 137 1
15436672412436710 13 -1
15436672412442820 1500 -1
15436672412443890 8000 -1
15436672412444912 6964 -1
15436672412444912 1500 -1
15436672412445468 1673 -1
15436672417446402 136 1
15436672417469460 13 -1
15436672417483448 1500 -1
15436672417484600 8000 -1
15436672417485650 6947 -1
15436672417486220 1500 -1
15436672417486770 5144 -1
15436672422487568 125 1
15436672422511110 13 -1
15436672422515900 1500 -1
15436672422517050 8000 -1
15436672422518088 6964 -1
15436672422518088 1500 -1
15436672422518630 1376 -1
15436672427519830 124 1
15436672427543230 13 -1
15436672427548680 1500 -1
15436672427549710 8000 -1
15436672427549760 2134 -1
15436672432551000 135 1
15436672432574370 13 -1
15436672432586442 1500 -1
15436672432587510 8000 -1
15436672432588580 6964 -1
15436672432588580 1500 -1
15436672432589130 2096 -1
15436672437590310 9 1
15436672442590480 156 1
15436672442613340 13 -1
15436672442625648 1500 -1
15436672442626770 8000 -1
15436672442627830 6964 -1
15436672442627830 1500 -1
15436672442628910 8000 -1
15436672442630050 1670 -1
15436672447631832 125 1
15436672447655720 13 -1
15436672447664470 1500 -1
15436672447665530 8000 -1
15436672447666618 6941 -1
15436672447666618 1500 -1
15436672447667220 979 -1
15436672452668120 137 1
15436672452691810 13 -1
15436672452719030 1500 -1
15436672452720120 8000 -1
15436672452721200 6964 -1
15436672452721200 1500 -1
15436672452722312 8000 -1
15436672452723948 6893 -1
15436672452723948 1500 -1
15436672452723948 832 -1
15436672457725142 135 1
15436672457748570 13 -1
15436672457761750 1500 -1
15436672457762780 8000 -1
15436672457763350 4378 -1
15436672462764260 125 1
15436672462787930 13 -1
15436672462810700 1500 -1
15436672462811760 8000 -1
15436672462812840 6964 -1
15436672462812840 316 -1
15436672467813580 125 1
15436672467837820 13 -1
15436672467849560 1500 -1
15436672467850708 8000 -1
15436672467851770 6941 -1
15436672467851770 1500 -1
15436672467852330 832 -1
15436672472853350 136 1
15436672472876470 13 -1
15436672472885820 1500 -1
15436672472886910 8000 -1
15436672472887470 3448 -1
15436672477888650 134 1
15436672477912210 13 -1
15436672477920650 1500 -1
15436672477921700 8000 -1
15436672477922770 6941 -1
15436672477922770 869 -1
15436672482923610 125 1
15436672482947220 13 -1
15436672482957330 1500 -1
15436672482958440 8000 -1
15436672482959550 6964 -1
15436672482959550 1500 -1
15436672482961270 8000 -1
15436672482961340 2795 -1
0 0 0
15436672339029592 52 -1
15436672356651790 148 1
15436672356651790 272 1
15436672356672880 9 -1
15436672356675530 13 -1
15436672356680650 1500 -1
15436672356681180 8000 -1
15436672356695160 4647 -1
15436672356822970 17 -1
0 0 0
15436672338825330 52 -1
15436672358827360 148 1
15436672358827360 284 1
15436672358848742 9 -1
15436672358851740 13 -1
15436672358859020 1500 -1
15436672358859520 8000 -1
15436672358879148 7044 -1
15436672358879640 1500 -1
15436672358879640 880 -1
15436672359020180 17 -1
0 0 0
15436672338839930 52 -1
15436672374743690 148 1
15436672374743690 273 1
15436672374764720 9 -1
15436672374767420 13 -1
15436672374771790 1500 -1
15436672374772330 5747 -1
15436672375103490 17 -1
