### "'13494 10327 29000 22583 16930 27261 17383 16174 22665 20226 20671 20408 21695 24048 24542 28459 23809 16137 18630 24094'"
0 0 0
15435994814104270 52 -1
15435994834409090 148 1
15435994834409090 277 1
15435994834430360 9 -1
15435994834433530 13 -1
15435994835023560 1500 -1
15435994835023860 1500 -1
15435994835023860 1500 -1
15435994835024418 2636 -1
15435994835024418 3461 -1
15435994835516260 17 -1
0 0 0
15435994812070280 52 -1
15435994832140880 148 1
15435994832162120 9 -1
15435994832245678 264 1
15435994832270420 13 -1
15435994832277820 1500 -1
15435994832278370 5144 -1
15435994837558082 124 1
15435994837581602 13 -1
15435994839229810 1500 -1
15435994839229810 998 -1
15435994844232740 122 1
15435994844256092 13 -1
15435994845867490 1500 -1
15435994845867490 1358 -1
15435994850892090 122 1
15435994850915120 13 -1
15435994852339900 1500 -1
15435994852339900 1500 -1
15435994852339900 126 -1
15435994857341930 138 1
15435994857365698 13 -1
15435994862101660 1500 -1
15435994862101660 395 -1
15435994863080280 1500 -1
15435994863081182 8000 -1
15435994863082600 6893 -1
15435994863101210 1500 -1
15435994863101890 2698 -1
15435994863101890 4072 -1
15435994863101890 881 -1
15435994868103130 126 1
15435994868126882 13 -1
15435994869824892 1500 -1
15435994869825430 1500 -1
15435994869825972 4000 -1
15435994869826520 4072 -1
15435994869827060 4072 -1
15435994869827060 1500 -1
15435994869827060 878 -1
15435994869827098 9 -1
15435994874828660 125 1
15435994874852430 13 -1
15435994875605370 1500 -1
15435994875605370 1500 -1
15435994875606220 4037 -1
15435994875606720 4072 -1
15435994875606720 4072 -1
15435994875607710 1148 -1
15435994880608720 125 1
15435994880632730 13 -1
15435994882454482 1500 -1
15435994882454482 1500 -1
15435994882456890 8000 -1
15435994882456890 5539 -1
15435994882457400 1500 -1
15435994882457400 287 -1
15435994882458500 1500 -1
15435994882458500 3012 -1
15435994887459610 125 1
15435994887483990 13 -1
15435994889211360 1500 -1
15435994889212280 1500 -1
15435994889212280 8000 -1
15435994889213340 5511 -1
15435994889213340 1453 -1
15435994889213910 1500 -1
15435994889213910 907 -1
15435994894214950 126 1
15435994894238310 13 -1
15435994897230130 1500 -1
15435994897230130 1500 -1
15435994897231000 8000 -1
15435994897232260 5537 -1
15435994897232260 1453 -1
15435994897232260 1500 -1
15435994897232260 1352 -1
15435994902233860 135 1
15435994902257112 13 -1
15435994904123830 1500 -1
15435994904123830 1500 -1
15435994904124752 8000 -1
15435994904125910 5537 -1
15435994904125910 1453 -1
15435994904125910 1500 -1
15435994904125910 1089 -1
15435994909127610 125 1
15435994909151630 13 -1
15435994912609530 1500 -1
15435994912609530 1500 -1
15435994912610430 8000 -1
15435994912611660 5538 -1
15435994912611660 1453 -1
15435994912611730 1500 -1
15435994912611730 2376 -1
15435994917613520 135 1
15435994917637538 13 -1
15435994920755980 1500 -1
15435994920755980 1500 -1
15435994920757080 8000 -1
15435994920757530 5537 -1
15435994920758050 1453 -1
15435994920758610 1500 -1
15435994920758610 3804 -1
15435994920758610 925 -1
15435994925759900 126 1
15435994925784330 13 -1
15435994928449440 1500 -1
15435994928449940 1500 -1
15435994928450552 8000 -1
15435994928451610 5514 -1
15435994928451610 1500 -1
15435994928452180 261 -1
15435994928452180 1500 -1
15435994928453280 3486 -1
15435994928453280 1429 -1
15435994933455852 125 1
15435994933479200 13 -1
15435994935349490 1500 -1
15435994935349490 1500 -1
15435994935350550 8000 -1
15435994935351100 5537 -1
15435994935351100 1453 -1
15435994935351630 1500 -1
15435994935352190 3819 -1
15435994935352790 4072 -1
15435994935352790 1249 -1
15435994940353770 9 1
15435994945353820 128 1
15435994945377120 13 -1
15435994947640830 1500 -1
15435994947641320 1500 -1
15435994947641860 8000 -1
15435994947642440 5538 -1
15435994947642920 1453 -1
15435994947643020 1500 -1
15435994947643500 3819 -1
15435994947643500 671 -1
15435994952645990 125 1
15435994952683220 13 -1
15435994954928990 1500 -1
15435994954928990 428 -1
15435994954930310 1500 -1
15435994954930310 3604 -1
15435994954930840 4072 -1
15435994954931950 4072 -1
15435994954931950 1123 -1
15435994959932740 125 1
15435994959956890 13 -1
15435994962598570 1500 -1
15435994962598570 1500 -1
15435994962599650 8000 -1
15435994962600200 5539 -1
15435994962600200 1453 -1
15435994962600750 811 -1
15435994967601668 126 1
15435994967625000 13 -1
15435994969064118 1500 -1
15435994969064118 1500 -1
15435994969065240 8000 -1
15435994969066340 5512 -1
15435994969066340 1453 -1
15435994969066920 1500 -1
15435994969067472 3818 -1
15435994969067472 957 -1
15435994974069108 126 1
15435994974093430 13 -1
15435994977633600 1500 -1
15435994977633600 429 -1
15435994978545160 1500 -1
15435994978546110 8000 -1
15435994978547210 6563 -1
15435994978547750 1500 -1
15435994978547750 1508 -1
15435994978547750 1500 -1
15435994978548310 1943 -1
15435994983550110 126 1
15435994983573648 13 -1
15435994988484090 1500 -1
15435994988484090 425 -1
15435994989837790 1500 -1
15435994989838340 8000 -1
15435994989839420 6564 -1
15435994989839420 1500 -1
15435994989839960 1507 -1
15435994989839960 162 -1
15435994994841450 136 1
15435994994865070 13 -1
15435994996330870 413 -1
15435994996332590 1500 -1
15435994996332590 1500 -1
15435994996332590 2328 -1
15435994996333138 4072 -1
15435994996334218 4072 -1
15435994996334218 850 -1
15435995001335850 124 1
15435995001359100 13 -1
15435995004225660 1500 -1
15435995004225660 1500 -1
15435995004226520 8000 -1
15435995004227632 5538 -1
15435995004227632 1500 -1
15435995004228170 264 -1
15435995004228240 1500 -1
15435995004228740 1804 -1
0 0 0
15435994813928810 52 -1
15435994834005188 148 1
15435994834005188 268 1
15435994834026510 9 -1
15435994834030450 13 -1
15435994835753240 1500 -1
15435994835753720 1500 -1
15435994835754860 8000 -1
15435994835774750 5654 -1
15435994835774750 1500 -1
15435994835774750 285 -1
15435994835775320 1500 -1
15435994835775320 3486 -1
15435994835775860 4072 -1
15435994835779260 1791 -1
15435994836433858 17 -1
0 0 0
15435994814262720 52 -1
15435994850160540 148 1
15435994850181830 9 -1
15435994850245130 266 1
15435994850268380 13 -1
15435994850455288 1500 -1
15435994850475560 8000 -1
15435994850476720 7153 -1
15435994850476720 390 -1
15435994850476720 174 -1
15435994850593880 17 -1
0 0 0
15435994814134000 52 -1
15435994834480680 148 1
15435994834480680 277 1
15435994834501550 9 -1
15435994834504640 13 -1
15435994836559480 1500 -1
15435994836559970 1500 -1
15435994836561028 8000 -1
15435994836580720 5656 -1
15435994836581180 1453 -1
15435994836582400 1500 -1
15435994836582930 3264 -1
15435994836775330 17 -1
0 0 0
15435994814288030 52 -1
15435994832159440 148 1
15435994832159440 277 1
15435994832180810 9 -1
15435994832183400 13 -1
15435994833723380 1500 -1
15435994833723380 530 -1
15435994834635342 1500 -1
15435994834635410 3604 -1
15435994834636450 4072 -1
15435994834636450 2566 -1
15435994835044910 17 -1
