### "'18089 17058 34669 16205 15007 27513 30293 20676 19112 26062 17636 20119 24541 18474 19131 10703 18606 18592 27376 11340'"
0 0 0
15436764226603400 52 -1
15436764246842250 148 1
15436764246842250 259 1
15436764246863990 9 -1
15436764246866290 13 -1
15436764247797598 1500 -1
15436764247798050 1723 -1
15436764247798560 4072 -1
15436764247798560 129 -1
15436764252906950 135 1
15436764252930610 13 -1
15436764252949350 1500 -1
15436764252950448 8000 -1
15436764252956650 5592 -1
15436764258078070 136 1
15436764258102300 13 -1
15436764259100180 1500 -1
15436764259101270 8000 -1
15436764259103250 7013 -1
15436764259103790 377 -1
15436764259103790 1500 -1
15436764259103790 1500 -1
15436764259105630 3508 -1
15436764259106200 4072 -1
15436764259106200 190 -1
15436764264149352 136 1
15436764264172960 13 -1
15436764265365920 1500 -1
15436764265366982 8000 -1
15436764265368600 7038 -1
15436764265368600 375 -1
15436764265368690 1500 -1
15436764265369210 1500 -1
15436764265369210 935 -1
15436764270370318 126 1
15436764270394400 13 -1
15436764270402638 1500 -1
15436764270403760 8000 -1
15436764270404360 6969 -1
15436764270404360 1500 -1
15436764270404860 1237 -1
15436764275405600 136 1
15436764275428750 13 -1
15436764275438010 1500 -1
15436764275438550 8000 -1
15436764275439660 6941 -1
15436764275440280 1500 -1
15436764275440750 8000 -1
15436764275440820 187 -1
15436764280441700 135 1
15436764280465860 13 -1
15436764281802430 1500 -1
15436764281803500 8000 -1
15436764281804590 7038 -1
15436764281804590 381 -1
15436764281805140 889 -1
15436764286806030 137 1
15436764286829110 13 -1
15436764286838170 1500 -1
15436764286838700 8000 -1
15436764286839790 6941 -1
15436764286840342 1500 -1
15436764286840342 2244 -1
15436764291841480 138 1
15436764291865910 13 -1
15436764291880210 1500 -1
15436764291880742 8000 -1
15436764291881810 6964 -1
15436764291881810 1500 -1
15436764291882930 6666 -1
15436764296883660 136 1
15436764296907170 13 -1
15436764297908240 1500 -1
15436764297909240 8000 -1
15436764297910340 7014 -1
15436764297910340 377 -1
15436764297910950 1500 -1
15436764297910950 231 -1
15436764302911912 126 1
15436764302935610 13 -1
15436764302943910 1500 -1
15436764302944390 8000 -1
15436764302945480 6964 -1
15436764302946050 1500 -1
15436764302946050 1256 -1
15436764307947250 137 1
15436764307970920 13 -1
15436764307982200 1500 -1
15436764307983210 8000 -1
15436764307983260 1260 -1
15436764312986190 138 1
15436764313011510 13 -1
15436764313020950 1500 -1
15436764313021430 8000 -1
15436764313022530 6964 -1
15436764313023100 1500 -1
15436764313023100 731 -1
15436764318024230 9 1
15436764323024330 128 1
15436764323047730 13 -1
15436764323055940 1500 -1
15436764323056500 8000 -1
15436764323057662 6964 -1
15436764323058160 1500 -1
15436764323058160 717 -1
15436764328059270 137 1
15436764328082740 13 -1
15436764328090720 1500 -1
15436764328091260 8000 -1
15436764328092350 6941 -1
15436764328092958 1500 -1
15436764328094030 8000 -1
15436764328094600 1501 -1
15436764333095232 138 1
15436764333119360 13 -1
15436764333126640 1500 -1
15436764333127150 8000 -1
15436764333127698 1920 -1
15436764338128380 135 1
15436764338152010 13 -1
15436764338176840 1500 -1
15436764338177372 8000 -1
15436764338178452 6941 -1
15436764338178452 1500 -1
15436764338179570 8000 -1
15436764338180088 1820 -1
15436764343180900 137 1
15436764343205410 13 -1
15436764343215520 1500 -1
15436764343216630 8000 -1
15436764343217760 6964 -1
15436764343217760 1500 -1
15436764343217760 1293 -1
15436764348219030 136 1
15436764348242490 13 -1
15436764349429450 1500 -1
15436764349429930 1546 -1
15436764349430490 4072 -1
15436764349431040 4072 -1
15436764349431630 3746 -1
15436764354432560 126 1
15436764354456502 13 -1
15436764354465930 1500 -1
15436764354467010 8000 -1
15436764354468140 6841 -1
0 0 0
15436764228465700 52 -1
15436764264679040 148 1
15436764264700140 9 -1
15436764264700242 270 1
15436764264723250 13 -1
15436764264751238 1500 -1
15436764264752790 8000 -1
15436764264772470 7045 -1
15436764264772470 1500 -1
15436764264775600 8000 -1
15436764264775930 4418 -1
15436764264850750 17 -1
0 0 0
15436764228341140 52 -1
15436764248678480 148 1
15436764248678480 281 1
15436764248700910 9 -1
15436764248703680 13 -1
15436764248713520 1500 -1
15436764248721900 8000 -1
15436764248734118 7044 -1
15436764248734610 683 -1
15436764249190660 17 -1
0 0 0
15436764228159850 52 -1
15436764248162600 148 1
15436764248162600 281 1
15436764248183760 9 -1
15436764248186160 13 -1
15436764249555100 1500 -1
15436764249555600 1680 -1
15436764249556140 4072 -1
15436764249556702 4072 -1
15436764249575860 4072 -1
15436764249575860 1080 -1
15436764249849650 17 -1
0 0 0
15436764228327460 52 -1
15436764248343050 148 1
15436764248343050 270 1
15436764248364590 9 -1
15436764248367350 13 -1
15436764249574330 1500 -1
15436764249575340 8000 -1
15436764249595050 7153 -1
15436764249595550 391 -1
15436764249595550 1500 -1
15436764249596620 8000 -1
15436764249601980 6893 -1
15436764249602550 1500 -1
15436764249602550 28 -1
15436764249602550 9 -1
15436764249842940 17 -1
0 0 0
15436764228492090 52 -1
15436764246679410 148 1
15436764246679410 270 1
15436764246700680 9 -1
15436764246703480 13 -1
15436764247713940 1500 -1
15436764247714478 8000 -1
15436764247734930 7156 -1
15436764247734930 393 -1
15436764247734930 1330 -1
15436764247924550 17 -1
