### "'25275 24601 14496 27917 24720 26135 19936 29466 10739 19234 18979 24033 24052 29221 22526 26746 16754 11911 29646 17663'"
0 0 0
15436770611482850 52 -1
15436770631742808 148 1
15436770631742808 284 1
15436770631764008 9 -1
15436770631766420 13 -1
15436770631770990 1500 -1
15436770631772520 8000 -1
15436770631791388 7044 -1
15436770631791850 1500 -1
15436770631794150 8000 -1
15436770631794150 2042 -1
15436770632131072 17 -1
0 0 0
15436770611668400 52 -1
15436770648031430 148 1
15436770648031430 284 1
15436770648053492 9 -1
15436770648056150 13 -1
15436770648076400 1500 -1
15436770648076930 8000 -1
15436770648096170 7044 -1
15436770648096170 1500 -1
15436770648097752 8000 -1
15436770648098300 3591 -1
15436770648171142 17 -1
0 0 0
15436770611664190 52 -1
15436770629928240 148 1
15436770629928240 274 1
15436770629949530 9 -1
15436770629951388 13 -1
15436770629967940 1500 -1
15436770629970300 8000 -1
15436770629974710 7044 -1
15436770629988330 1500 -1
15436770629989960 7400 -1
15436770630470380 17 -1
0 0 0
15436770611613490 52 -1
15436770631704510 148 1
15436770631704510 285 1
15436770631726460 9 -1
15436770631729560 13 -1
15436770631741272 1500 -1
15436770631742310 8000 -1
15436770631750100 5156 -1
15436770632078070 17 -1
0 0 0
15436770611465330 52 -1
15436770631586872 148 1
15436770631586872 284 1
15436770631608592 9 -1
15436770631612502 13 -1
15436770631621870 1500 -1
15436770631629160 8000 -1
15436770631633530 7044 -1
15436770631641950 1500 -1
15436770631643040 6726 -1
15436770632068470 17 -1
0 0 0
15436770609821550 52 -1
15436770629953598 148 1
15436770629953598 264 1
15436770629975268 9 -1
15436770629977760 13 -1
15436770629982760 1500 -1
15436770629983290 4627 -1
15436770635180358 136 1
15436770635205410 13 -1
15436770635222640 1500 -1
15436770635225540 8000 -1
15436770635229060 6969 -1
15436770635229580 1500 -1
15436770635242650 6845 -1
15436770640253370 137 1
15436770640276670 13 -1
15436770640295178 1500 -1
15436770640296240 8000 -1
15436770640297890 6965 -1
15436770640297890 1500 -1
15436770640298950 8000 -1
15436770640299460 260 -1
15436770645409802 137 1
15436770645434060 13 -1
15436770645443930 1500 -1
15436770645445048 8000 -1
15436770645445600 6942 -1
15436770645446140 1500 -1
15436770645446140 2061 -1
15436770650476460 125 1
15436770650501090 13 -1
15436770650508260 1500 -1
15436770650508930 8000 -1
15436770650509480 1324 -1
15436770655510590 136 1
15436770655534510 13 -1
15436770655556070 1500 -1
15436770655556870 8000 -1
15436770655557972 6942 -1
15436770655557972 1500 -1
15436770655558500 1359 -1
15436770660559340 136 1
15436770660583420 13 -1
15436770660602210 1500 -1
15436770660603110 8000 -1
15436770660604150 6969 -1
15436770660604150 1500 -1
15436770660604150 1104 -1
15436770665605190 135 1
15436770665630940 13 -1
15436770666564360 1500 -1
15436770666564360 987 -1
15436770671565772 126 1
15436770671589110 13 -1
15436770671608920 1500 -1
15436770671610170 8000 -1
15436770671610702 6964 -1
15436770671611250 1500 -1
15436770671612370 6158 -1
15436770676612950 125 1
15436770676637248 13 -1
15436770676648530 1500 -1
15436770676649600 8000 -1
15436770676650720 6941 -1
15436770676650720 1500 -1
15436770676651840 6177 -1
15436770681652460 126 1
15436770681677800 13 -1
15436770681693460 1500 -1
15436770681694642 8000 -1
15436770681695730 6964 -1
15436770681695730 1500 -1
15436770681696840 8000 -1
15436770681697372 3346 -1
15436770686698000 136 1
15436770686723120 13 -1
15436770686731450 1500 -1
15436770686732640 8000 -1
15436770686734170 6941 -1
15436770686734170 1500 -1
15436770686734828 4651 -1
15436770691735890 138 1
15436770691760650 13 -1
15436770691768400 1500 -1
15436770691769630 8000 -1
15436770691770200 6964 -1
15436770691770740 1500 -1
15436770691771800 8000 -1
15436770691771842 871 -1
15436770696772540 9 1
15436770701772590 140 1
15436770701796090 13 -1
15436770701811530 1500 -1
15436770701812180 8000 -1
15436770701812690 6964 -1
15436770701813530 379 -1
15436770706814188 137 1
15436770706837910 13 -1
15436770706845282 1500 -1
15436770706846840 8000 -1
15436770706846920 2468 -1
15436770711847940 138 1
15436770711872260 13 -1
15436770711881508 1500 -1
15436770711882670 8000 -1
15436770711883740 6970 -1
15436770711883740 1500 -1
15436770711884850 8000 -1
15436770711885418 3771 -1
15436770716886250 135 1
15436770716909930 13 -1
15436770716917730 1500 -1
15436770716918780 8000 -1
15436770716919300 6941 -1
15436770716919300 1288 -1
15436770721920750 136 1
15436770721945200 13 -1
15436770721961860 1500 -1
15436770721963040 8000 -1
15436770721963530 6964 -1
15436770721963530 689 -1
15436770726964910 125 1
15436770726988410 13 -1
15436770726997010 1500 -1
15436770726998110 8000 -1
15436770726999300 6941 -1
15436770726999300 1500 -1
15436770726999300 1079 -1
15436770732000440 137 1
15436770732024350 13 -1
15436770732032900 1500 -1
15436770732034010 8000 -1
15436770732034560 6964 -1
15436770732035150 1500 -1
15436770732036180 6469 -1
