### "'15320 13283 14609 11973 11697 15259 12065 11452 10047 10991 12878 16372 13486 17276 15700 21747 11370 14068 14479 13305'"
0 0 0
15436777952632570 52 -1
15436777989245620 148 1
15436777989245620 269 1
15436777989267240 9 -1
15436777989269720 13 -1
15436777990967620 1500 -1
15436777990967620 1500 -1
15436777990967620 1500 -1
15436777990968160 2642 -1
15436777990968650 4072 -1
15436777990969210 2339 -1
15436777991148788 17 -1
0 0 0
15436777951030300 52 -1
15436777971146700 148 1
15436777971146700 259 1
15436777971167632 9 -1
15436777971170020 13 -1
15436777971176280 1500 -1
15436777971176280 1408 -1
15436777976223700 126 1
15436777976246390 13 -1
15436777978382180 1500 -1
15436777978382180 1500 -1
15436777978382730 3320 -1
15436777983418490 125 1
15436777983442330 13 -1
15436777984837580 1500 -1
15436777984837580 1500 -1
15436777984837580 494 -1
15436777989855918 125 1
15436777989879270 13 -1
15436777992034320 1500 -1
15436777992034320 1500 -1
15436777992035192 4027 -1
15436777992037230 4072 -1
15436777992054550 3663 -1
15436777997055460 125 1
15436777997079238 13 -1
15436777998533600 1500 -1
15436777998534492 1500 -1
15436777998534492 4001 -1
15436777998534990 4072 -1
15436777998534990 1030 -1
15436778003536250 125 1
15436778003559870 13 -1
15436778006472600 1500 -1
15436778006472600 1500 -1
15436778006473560 4027 -1
15436778006474020 4072 -1
15436778006474020 752 -1
15436778011475192 126 1
15436778011498240 13 -1
15436778013497670 1500 -1
15436778013498180 1500 -1
15436778013498722 4025 -1
15436778013499228 4072 -1
15436778013499228 4072 -1
15436778013499780 243 -1
15436778018501010 125 1
15436778018554630 13 -1
15436778020060680 1500 -1
15436778020061080 1500 -1
15436778020061080 2347 -1
15436778025062398 125 1
15436778025086150 13 -1
15436778026809248 1500 -1
15436778026809248 1500 -1
15436778026810638 4006 -1
15436778026810638 4072 -1
15436778026810638 1117 -1
15436778031811900 125 1
15436778031834820 13 -1
15436778033753418 437 -1
15436778033754310 1500 -1
15436778033754850 1500 -1
15436778033754850 1593 -1
15436778038755692 126 1
15436778038779572 13 -1
15436778040573980 1500 -1
15436778040576242 1500 -1
15436778040576242 3045 -1
15436778045577310 126 1
15436778045601050 13 -1
15436778048501150 1500 -1
15436778048501530 1500 -1
15436778048502100 3957 -1
15436778053503240 125 1
15436778053527010 13 -1
15436778055064220 1500 -1
15436778055064220 1500 -1
15436778055064220 1150 -1
15436778060065500 9 1
15436778065065560 129 1
15436778065088930 13 -1
15436778069257610 1500 -1
15436778069257610 1500 -1
15436778069258490 1819 -1
15436778074259610 126 1
15436778074283480 13 -1
15436778075867310 1500 -1
15436778075867780 1500 -1
15436778075867780 1145 -1
15436778080869140 126 1
15436778080893108 13 -1
15436778082761468 1500 -1
15436778082761468 1500 -1
15436778082761468 1751 -1
15436778087763110 126 1
15436778087786440 13 -1
15436778092459240 1500 -1
15436778092459240 1500 -1
15436778092459670 4027 -1
15436778092459670 160 -1
15436778097461390 125 1
15436778097484630 13 -1
15436778100918190 1500 -1
15436778100918190 133 -1
15436778105919450 125 1
15436778105942550 13 -1
15436778107431490 1500 -1
15436778107431490 108 -1
15436778112432530 127 1
15436778112456050 13 -1
15436778113830170 1500 -1
15436778113830170 133 -1
15436778128512400 126 1
15436778128536480 13 -1
15436778130538240 1500 -1
15436778130538240 1500 -1
15436778130539032 4024 -1
15436778130539032 4072 -1
15436778130539032 509 -1
15436778135540610 127 1
15436778135564030 13 -1
15436778137044820 1500 -1
15436778137044820 1500 -1
15436778137045680 4000 -1
15436778137045680 3176 -1
15436778142047430 126 1
15436778142071670 13 -1
15436778143569018 1500 -1
15436778143569018 1500 -1
15436778143569820 4027 -1
15436778143569820 16 -1
15436778148570910 125 1
15436778148593950 13 -1
15436778150251530 1500 -1
15436778150251880 1500 -1
15436778150252500 4026 -1
15436778150252500 4072 -1
15436778150252500 46 -1
15436778155254890 126 1
15436778155278220 13 -1
15436778159625220 1500 -1
15436778159625220 1500 -1
15436778159626090 3115 -1
15436778164627540 125 1
15436778164650890 13 -1
15436778166577330 1500 -1
15436778166577330 1500 -1
15436778166578218 4027 -1
15436778166578218 736 -1
15436778171579700 127 1
15436778171603520 13 -1
15436778173104380 1500 -1
15436778173104380 1500 -1
15436778173105180 4024 -1
15436778173105180 1622 -1
15436778178106670 126 1
15436778178130400 13 -1
15436778179587600 1500 -1
15436778179587600 1500 -1
15436778179588520 3893 -1
15436778184589788 126 1
15436778184612690 13 -1
15436778187655220 1500 -1
15436778187655700 1500 -1
15436778187656240 4026 -1
15436778187656240 2492 -1
15436778192657700 125 1
15436778192682158 13 -1
15436778194249380 1500 -1
15436778194249380 1500 -1
15436778194249790 4028 -1
15436778194250320 4072 -1
15436778194250320 1933 -1
15436778199252040 125 1
15436778199275610 13 -1
15436778200944700 1500 -1
15436778200945230 1500 -1
15436778200945230 1956 -1
15436778205946620 126 1
15436778205970590 13 -1
15436778207602370 1500 -1
15436778207602910 1500 -1
15436778207603450 4000 -1
15436778207603450 2268 -1
15436778212604900 126 1
15436778212628470 13 -1
15436778214258440 1500 -1
15436778214258440 430 -1
15436778214258968 1500 -1
15436778214259530 3604 -1
15436778214260630 4072 -1
15436778214261178 4072 -1
15436778214261178 1357 -1
15436778219262280 126 1
15436778219286130 13 -1
15436778220762100 1500 -1
15436778220762680 1500 -1
15436778220763180 4028 -1
15436778220763180 1074 -1
15436778225764460 125 1
15436778225787030 13 -1
15436778227295870 1500 -1
15436778227295870 1500 -1
15436778227296420 4002 -1
15436778227296420 2282 -1
15436778232297690 126 1
15436778232321460 13 -1
15436778233709040 1500 -1
15436778233709040 1500 -1
15436778233709840 4025 -1
15436778233709840 178 -1
15436778238711000 126 1
15436778238734738 13 -1
15436778240366148 1500 -1
15436778240366148 1500 -1
15436778240366970 3724 -1
15436778245368020 126 1
15436778245391480 13 -1
15436778247384040 1500 -1
15436778247384570 1500 -1
15436778247384570 4004 -1
15436778247385120 1745 -1
15436778252386270 125 1
15436778252409338 13 -1
15436778254469910 1500 -1
15436778254469910 1500 -1
15436778254470798 4032 -1
15436778254471190 4072 -1
15436778254471190 2539 -1
15436778259472440 124 1
15436778259496660 13 -1
15436778261216540 1500 -1
15436778261216540 1500 -1
15436778261217620 4031 -1
15436778261219360 4072 -1
15436778261219360 4072 -1
15436778261220470 1500 -1
15436778261220470 768 -1
15436778261220470 9 -1
15436778266221190 126 1
15436778266245090 13 -1
15436778268810830 1500 -1
15436778268810830 1500 -1
15436778268811710 4005 -1
15436778268812210 4072 -1
15436778268812210 4072 -1
15436778268812922 685 -1
15436778273813940 126 1
15436778273837490 13 -1
15436778275461928 1500 -1
15436778275462862 1500 -1
15436778275464320 8000 -1
15436778275465410 5543 -1
15436778275465410 1453 -1
15436778275465940 1500 -1
15436778275465940 2428 -1
15436778280467228 126 1
15436778280491058 13 -1
15436778282099280 1500 -1
15436778282099280 1500 -1
15436778282099280 2516 -1
15436778287101050 126 1
15436778287124550 13 -1
15436778289145610 1500 -1
15436778289145610 1500 -1
15436778289146560 4009 -1
15436778289146560 765 -1
15436778294147648 126 1
15436778294172170 13 -1
15436778297147090 1500 -1
15436778297147090 1500 -1
15436778297147930 4031 -1
15436778297148480 4072 -1
15436778297148480 427 -1
15436778302149488 126 1
15436778302173160 13 -1
15436778303993630 1500 -1
15436778303993630 1500 -1
15436778303994410 4029 -1
15436778303994930 4072 -1
15436778303994930 3125 -1
15436778308996400 124 1
15436778309019440 13 -1
15436778310604702 1500 -1
15436778310604702 1500 -1
15436778310605560 4035 -1
15436778310606040 4072 -1
15436778310606040 3532 -1
15436778315607450 126 1
15436778315630970 13 -1
15436778318116390 1500 -1
15436778318116390 413 -1
15436778318117910 1500 -1
15436778318119060 3604 -1
15436778318119060 314 -1
15436778323119800 125 1
15436778323143280 13 -1
15436778324796380 1500 -1
15436778324796380 1500 -1
15436778324797248 4035 -1
15436778324797730 4072 -1
15436778324797730 2357 -1
15436778329799190 127 1
15436778329822120 13 -1
15436778332006450 1500 -1
15436778332006450 1500 -1
15436778332007310 4030 -1
15436778332007310 4072 -1
15436778332007310 132 -1
15436778337009190 126 1
15436778337032600 13 -1
15436778338791922 1500 -1
15436778338791922 1500 -1
15436778338792760 4007 -1
15436778338792760 436 -1
15436778343793880 127 1
15436778343817330 13 -1
15436778346153960 1500 -1
15436778346154870 1500 -1
15436778346154870 1515 -1
15436778351155642 127 1
15436778351179120 13 -1
15436778353323670 1500 -1
15436778353324190 1500 -1
15436778353324190 3522 -1
15436778358325510 126 1
15436778358349370 13 -1
15436778359859970 1500 -1
15436778359859970 1500 -1
15436778359860840 4004 -1
15436778359860840 2101 -1
15436778364862260 126 1
15436778364885960 13 -1
15436778368272020 1500 -1
15436778368272020 1500 -1
15436778368272900 2339 -1
0 0 0
15436777952475430 52 -1
15436777972446320 148 1
15436777972467220 9 -1
15436777972566220 268 1
15436777972589460 13 -1
15436777973941080 1500 -1
15436777973941578 1500 -1
15436777973941578 1500 -1
15436777973941578 759 -1
15436777974278740 17 -1
0 0 0
15436777952618930 52 -1
15436777972839090 148 1
15436777972839090 269 1
15436777972860438 9 -1
15436777972862920 13 -1
15436777973978440 1500 -1
15436777973978440 558 -1
15436777974305280 17 -1
0 0 0
15436777952600400 52 -1
15436777972609880 148 1
15436777972609880 269 1
15436777972631360 9 -1
15436777972633550 13 -1
15436777974362522 1500 -1
15436777974363010 1500 -1
15436777974363010 1500 -1
15436777974363540 2642 -1
15436777974363540 3006 -1
15436777974472330 17 -1
0 0 0
15436777952896910 52 -1
15436777971014460 148 1
15436777971014460 268 1
15436777971035500 9 -1
15436777971039010 13 -1
15436777975311610 1500 -1
15436777975311610 1500 -1
15436777975311610 1500 -1
15436777975312130 2641 -1
15436777975312720 4072 -1
15436777975331550 4072 -1
15436777975331550 303 -1
15436777975639020 17 -1
