### "'15355 15862 20935 20025 29544 15124 34798 15504 39169 19247 11022 26754 32135 35606 21474 18668 22723 16705 19158 15589'"
0 0 0
15436779036374158 52 -1
15436779056449360 148 1
15436779056449360 280 1
15436779056470960 9 -1
15436779056473620 13 -1
15436779056485190 1500 -1
15436779056486760 8000 -1
15436779056495320 6015 -1
15436779056855860 17 -1
0 0 0
15436779036334780 52 -1
15436779056201470 148 1
15436779056201470 266 1
15436779056223380 9 -1
15436779056225760 13 -1
15436779057130570 1500 -1
15436779057131180 1701 -1
15436779057131670 4072 -1
15436779057132220 4072 -1
15436779057151890 4072 -1
15436779057151890 716 -1
15436779057552208 17 -1
0 0 0
15436779036046400 52 -1
15436779056003010 148 1
15436779056003010 267 1
15436779056024510 9 -1
15436779056027730 13 -1
15436779057389690 1500 -1
15436779057390330 1700 -1
15436779057390720 3728 -1
15436779057502410 17 -1
0 0 0
15436779034501122 52 -1
15436779054517700 148 1
15436779054517700 257 1
15436779054539110 9 -1
15436779054541790 13 -1
15436779055877910 1500 -1
15436779055878292 1723 -1
15436779055878292 297 -1
15436779060920690 136 1
15436779060943640 13 -1
15436779062846680 1500 -1
15436779062846680 423 -1
15436779062847170 1500 -1
15436779062848238 8000 -1
15436779062867898 6566 -1
15436779062867898 1500 -1
15436779062868440 706 -1
15436779067953460 137 1
15436779067976810 13 -1
15436779069645420 1500 -1
15436779069646340 1500 -1
15436779069646340 8000 -1
15436779069648098 5513 -1
15436779069648098 1453 -1
15436779069649032 1500 -1
15436779069650820 3812 -1
15436779069650820 4072 -1
15436779069651210 2341 -1
15436779074677270 138 1
15436779074701180 13 -1
15436779077682150 1500 -1
15436779077682620 1500 -1
15436779077683730 8000 -1
15436779077684290 5537 -1
15436779077684290 1453 -1
15436779077684850 1500 -1
15436779077685910 8000 -1
15436779077686998 6893 -1
15436779077686998 595 -1
15436779077686998 9 -1
15436779082687860 138 1
15436779082711710 13 -1
15436779086211432 1500 -1
15436779086211432 422 -1
15436779087192590 1500 -1
15436779087193120 3604 -1
15436779087193670 3040 -1
15436779087194180 2796 -1
15436779087194180 2804 -1
15436779092195700 139 1
15436779092218370 13 -1
15436779094777920 1500 -1
15436779094778430 1500 -1
15436779094779530 8000 -1
15436779094780180 5538 -1
15436779094780180 1453 -1
15436779094780650 1500 -1
15436779094781720 8000 -1
15436779094782838 6893 -1
15436779094782838 1121 -1
15436779094783412 1500 -1
15436779094783412 2354 -1
15436779099784610 137 1
15436779099808100 13 -1
15436779101822490 1500 -1
15436779101822900 1500 -1
15436779101823450 8000 -1
15436779101824492 5536 -1
15436779101824492 1453 -1
15436779101825048 1428 -1
15436779106826930 137 1
15436779106850670 13 -1
15436779108292760 1500 -1
15436779108292760 1500 -1
15436779108293240 3993 -1
15436779108293778 4072 -1
15436779108293778 87 -1
15436779113294920 138 1
15436779113319280 13 -1
15436779115203910 1500 -1
15436779115203910 1500 -1
15436779115204990 8000 -1
15436779115205600 5538 -1
15436779115205600 1453 -1
15436779115206180 1500 -1
15436779115206650 3812 -1
15436779115207210 3623 -1
15436779120207940 125 1
15436779120231990 13 -1
15436779120551382 1500 -1
15436779120552330 8000 -1
15436779120553370 7036 -1
15436779120553370 391 -1
15436779120554180 1500 -1
15436779120554180 1500 -1
15436779120554180 3508 -1
15436779120554730 4072 -1
15436779120555840 4072 -1
15436779120555840 726 -1
15436779125556920 137 1
15436779125580380 13 -1
15436779129090372 1500 -1
15436779129090372 404 -1
15436779130033690 1500 -1
15436779130034580 8000 -1
15436779130035670 6563 -1
15436779130035720 1500 -1
15436779130036790 8000 -1
15436779130037910 6893 -1
15436779130037910 1403 -1
15436779135039010 137 1
15436779135062580 13 -1
15436779138292028 1500 -1
15436779138292920 1500 -1
15436779138293440 8000 -1
15436779138294320 5538 -1
15436779138294808 1453 -1
15436779138294900 1500 -1
15436779138294900 2155 -1
15436779143296620 137 1
15436779143319560 13 -1
15436779144186700 1500 -1
15436779144186700 1500 -1
15436779144187770 8000 -1
15436779144188330 5537 -1
15436779144188840 1453 -1
15436779144188880 849 -1
15436779149189710 9 1
15436779154189752 139 1
15436779154214030 13 -1
15436779155183780 1500 -1
15436779155184700 8000 -1
15436779155185670 7038 -1
15436779155185670 374 -1
15436779155186260 1500 -1
15436779155186260 1500 -1
15436779155186800 2983 -1
15436779160187610 138 1
15436779160211092 13 -1
15436779162048408 1500 -1
15436779162048408 1500 -1
15436779162049260 4008 -1
15436779162049760 4072 -1
15436779162050360 4072 -1
15436779162050360 1500 -1
15436779162050418 215 -1
15436779162050920 9 -1
15436779167051840 138 1
15436779167075850 13 -1
15436779168480288 1500 -1
15436779168480288 1500 -1
15436779168481400 8000 -1
15436779168481910 5513 -1
15436779168482460 1453 -1
15436779168482500 1339 -1
15436779173484048 138 1
15436779173507840 13 -1
15436779175025940 1500 -1
15436779175025940 1500 -1
15436779175026800 4018 -1
15436779175027330 4072 -1
15436779175027890 4072 -1
15436779175027890 581 -1
15436779180028998 137 1
15436779180052928 13 -1
15436779182937550 1500 -1
15436779182938458 1500 -1
15436779182938458 4016 -1
15436779182938900 4072 -1
15436779182939680 4072 -1
15436779182939680 1500 -1
15436779182939680 767 -1
15436779182939780 9 -1
15436779187941220 125 1
15436779187964420 13 -1
15436779190403820 1500 -1
15436779190403820 1500 -1
15436779190404370 4034 -1
15436779190404370 592 -1
15436779195405992 134 1
15436779195429400 13 -1
15436779197346990 1500 -1
15436779197347470 1500 -1
15436779197348002 3998 -1
15436779197348550 4072 -1
15436779197349110 4072 -1
15436779197349110 1500 -1
15436779197349110 375 -1
15436779197349680 9 -1
0 0 0
15436779036478810 52 -1
15436779072798030 148 1
15436779072798030 279 1
15436779072819380 9 -1
15436779072821920 13 -1
15436779075609788 1500 -1
15436779075610312 1500 -1
15436779075610312 1500 -1
15436779075610840 2638 -1
15436779075611380 4072 -1
15436779075630760 4072 -1
15436779075630760 114 -1
15436779075674350 17 -1
0 0 0
15436779036416480 52 -1
15436779054506090 148 1
15436779054506090 280 1
15436779054527162 9 -1
15436779054531030 13 -1
15436779059497020 9 1
15436779060793240 1500 -1
15436779060793240 541 -1
15436779061706120 1500 -1
15436779061707160 8000 -1
15436779061727560 6567 -1
15436779061727560 452 -1
15436779061727560 1500 -1
15436779061728100 1173 -1
15436779062258460 17 -1
