### "'13030 28345 51561 17198 34921 25769 35910 19743 11598 23403 24174 36024 29399 30288 28053 18844 12799 25546 15987 36874'"
0 0 0
15436797618106390 52 -1
15436797636398470 148 1
15436797636419230 9 -1
15436797636494720 274 1
15436797636517520 13 -1
15436797637448720 1500 -1
15436797637448720 1699 -1
15436797637449232 4072 -1
15436797637449760 4072 -1
15436797637450312 1957 -1
15436797637995998 17 -1
0 0 0
15436797618023360 52 -1
15436797638087960 148 1
15436797638087960 283 1
15436797638109230 9 -1
15436797638113060 13 -1
15436797641058732 1500 -1
15436797641058732 1500 -1
15436797641058732 1500 -1
15436797641059270 2640 -1
15436797641060380 4072 -1
15436797641079870 4072 -1
15436797641079870 1500 -1
15436797641079870 694 -1
15436797641079870 9 -1
15436797641254460 17 -1
0 0 0
15436797617943430 52 -1
15436797637899130 148 1
15436797637899130 284 1
15436797637920150 9 -1
15436797637923360 13 -1
15436797639646570 1500 -1
15436797639647080 1500 -1
15436797639648090 8000 -1
15436797639668900 5653 -1
15436797639669470 1500 -1
15436797639669470 280 -1
15436797639669470 1500 -1
15436797639670620 8000 -1
15436797639673892 6893 -1
15436797639674440 1500 -1
15436797639689500 8000 -1
15436797639691680 6893 -1
15436797639691680 647 -1
15436797640080522 17 -1
0 0 0
15436797618142580 52 -1
15436797654587280 148 1
15436797654587280 274 1
15436797654608410 9 -1
15436797654611190 13 -1
15436797657080678 1500 -1
15436797657081190 1500 -1
15436797657082320 8000 -1
15436797657101210 5655 -1
15436797657101590 1453 -1
15436797657102780 1500 -1
15436797657103860 8000 -1
15436797657108770 6893 -1
15436797657108770 1138 -1
15436797657108770 578 -1
15436797657352490 17 -1
0 0 0
15436797617874650 52 -1
15436797637864940 148 1
15436797637864940 284 1
15436797637886118 9 -1
15436797637898740 13 -1
15436797638876920 1500 -1
15436797638877800 8000 -1
15436797638897778 7156 -1
15436797638897778 376 -1
15436797638897778 1500 -1
15436797638898330 1500 -1
15436797638898880 3508 -1
15436797638899450 4072 -1
15436797638899450 1023 -1
15436797639941900 17 -1
0 0 0
15436797616374350 52 -1
15436797636382740 148 1
15436797636382740 264 1
15436797636403970 9 -1
15436797636406030 13 -1
15436797636413600 1500 -1
15436797636414130 5381 -1
15436797641699820 136 1
15436797641724040 13 -1
15436797643460880 1500 -1
15436797643460880 1500 -1
15436797643461900 8000 -1
15436797643463020 5573 -1
15436797643463600 1500 -1
15436797643463600 279 -1
15436797643464730 1500 -1
15436797643482190 8000 -1
15436797643483260 6893 -1
15436797643483260 392 -1
15436797643483260 9 -1
15436797648643190 126 1
15436797648666670 13 -1
15436797651469532 1500 -1
15436797651470030 1500 -1
15436797651471140 8000 -1
15436797651471780 5537 -1
15436797651471780 1453 -1
15436797651472220 1500 -1
15436797651472750 3816 -1
15436797651473300 2634 -1
15436797656660290 126 1
15436797656683400 13 -1
15436797658534460 1500 -1
15436797658534460 1500 -1
15436797658535540 8000 -1
15436797658536070 5514 -1
15436797658536570 1453 -1
15436797658536620 1500 -1
15436797658536620 424 -1
15436797663538510 136 1
15436797663561940 13 -1
15436797666133690 1500 -1
15436797666133690 1500 -1
15436797666134240 4022 -1
15436797666134750 4072 -1
15436797666134750 658 -1
15436797671136630 125 1
15436797671159770 13 -1
15436797671884890 1500 -1
15436797671884890 1500 -1
15436797671885950 8000 -1
15436797671886530 5538 -1
15436797671887072 1453 -1
15436797671887578 1500 -1
15436797671887578 3830 -1
15436797671887578 254 -1
15436797676889542 126 1
15436797676913468 13 -1
15436797679188622 1500 -1
15436797679188622 1500 -1
15436797679189550 8000 -1
15436797679190100 5512 -1
15436797679190618 1453 -1
15436797679190618 1500 -1
15436797679191170 3819 -1
15436797679191730 1036 -1
15436797684193150 126 1
15436797684215980 13 -1
15436797688846012 1500 -1
15436797688846540 1500 -1
15436797688847100 8000 -1
15436797688848168 5538 -1
15436797688848168 1453 -1
15436797688848730 1500 -1
15436797688849780 8000 -1
15436797688850340 6893 -1
15436797688850930 1139 -1
15436797688850930 691 -1
15436797693851640 125 1
15436797693875370 13 -1
15436797695733860 1500 -1
15436797695733860 1500 -1
15436797695734740 8000 -1
15436797695735790 5537 -1
15436797695735790 1500 -1
15436797695735790 285 -1
15436797695736310 1500 -1
15436797695736880 3486 -1
15436797695737540 4072 -1
15436797695737540 2190 -1
15436797700738670 125 1
15436797700762400 13 -1
15436797702315580 1500 -1
15436797702316502 1500 -1
15436797702316502 8000 -1
15436797702317470 5537 -1
15436797702317470 1453 -1
15436797702318020 1500 -1
15436797702318590 3818 -1
15436797702319130 4072 -1
15436797702319670 3079 -1
15436797707320810 135 1
15436797707344410 13 -1
15436797709218060 1500 -1
15436797709218510 1500 -1
15436797709219580 8000 -1
15436797709220120 5514 -1
15436797709220620 1453 -1
15436797709220728 1500 -1
15436797709221180 3804 -1
15436797709221720 4072 -1
15436797709221720 858 -1
15436797714223052 137 1
15436797714246580 13 -1
15436797715706710 1500 -1
15436797715706710 1500 -1
15436797715708120 8000 -1
15436797715708680 5537 -1
15436797715708680 1453 -1
15436797715709290 1025 -1
15436797720710110 131 1
15436797720733370 13 -1
15436797722095758 1500 -1
15436797722095758 1500 -1
15436797722096300 4020 -1
15436797722096880 4072 -1
15436797722096880 1861 -1
15436797727100300 9 1
15436797732100360 129 1
15436797732124168 13 -1
15436797734073340 1500 -1
15436797734073910 1500 -1
15436797734074820 8000 -1
15436797734075720 5541 -1
15436797734075720 1453 -1
15436797734076240 1500 -1
15436797734076778 3807 -1
15436797734076778 2420 -1
15436797739078382 134 1
15436797739101780 13 -1
15436797741132620 1500 -1
15436797741133090 1500 -1
15436797741133650 4013 -1
15436797741134200 4072 -1
15436797741134200 4072 -1
15436797741134760 983 -1
15436797746135890 125 1
15436797746159590 13 -1
15436797747803870 1500 -1
15436797747803870 24 -1
15436797752804850 125 1
15436797752829120 13 -1
15436797753987570 1500 -1
15436797753988460 8000 -1
15436797753989500 7039 -1
15436797753989500 368 -1
15436797753990050 1500 -1
15436797753991150 8000 -1
15436797753992250 6893 -1
15436797753992250 1500 -1
15436797753992810 818 -1
15436797753992860 1447 -1
15436797758994120 136 1
15436797759018360 13 -1
15436797761639750 1500 -1
15436797761639750 1500 -1
15436797761641290 8000 -1
15436797761641778 5537 -1
15436797761642260 1453 -1
15436797761642320 1500 -1
15436797761642820 3802 -1
15436797761643350 4072 -1
15436797761643888 2097 -1
15436797766649480 127 1
15436797766673370 13 -1
15436797769146060 1500 -1
15436797769146060 1500 -1
15436797769147150 8000 -1
15436797769148170 5514 -1
15436797769148720 1453 -1
15436797769148790 1500 -1
15436797769149302 3796 -1
15436797769149840 4072 -1
15436797769150390 4072 -1
15436797769150390 942 -1
15436797774151670 126 1
15436797774175060 13 -1
15436797776414500 1500 -1
15436797776415350 1500 -1
15436797776415852 8000 -1
15436797776416618 5537 -1
15436797776416618 1453 -1
15436797776417210 1500 -1
15436797776417730 3817 -1
15436797776417730 1371 -1
