### "'19443 22592 29767 20955 11934 18095 30480 20555 22417 31090 17151 15276 26793 29438 28193 33898 23528 27752 25469 38529'"
0 0 0
15436806103130838 52 -1
15436806121398110 148 1
15436806121398110 271 1
15436806121419138 9 -1
15436806121422620 13 -1
15436806122956600 1500 -1
15436806122957088 1500 -1
15436806122958160 8000 -1
15436806122978240 5655 -1
15436806122978240 1453 -1
15436806122978240 1500 -1
15436806122978240 124 -1
15436806123603280 17 -1
0 0 0
15436806101269010 52 -1
15436806121235550 148 1
15436806121235550 268 1
15436806121256420 9 -1
15436806121258978 13 -1
15436806122647930 1500 -1
15436806122648320 1701 -1
15436806122648890 3817 -1
15436806127770350 126 1
15436806127794380 13 -1
15436806129234770 1500 -1
15436806129235240 1500 -1
15436806129235800 4013 -1
15436806129237480 4072 -1
15436806129237480 978 -1
15436806134256890 125 1
15436806134280240 13 -1
15436806135614080 1500 -1
15436806135614080 1500 -1
15436806135615038 8000 -1
15436806135615580 5538 -1
15436806135616140 1453 -1
15436806135616180 276 -1
15436806140649300 126 1
15436806140694130 13 -1
15436806142286010 1500 -1
15436806142286010 1500 -1
15436806142287058 8000 -1
15436806142288150 5537 -1
15436806142288150 1453 -1
15436806142288670 1500 -1
15436806142288670 1236 -1
15436806147289988 135 1
15436806147313048 13 -1
15436806148724660 1500 -1
15436806148725190 1500 -1
15436806148726270 8000 -1
15436806148727350 5514 -1
15436806148727350 1453 -1
15436806148727940 1500 -1
15436806148729032 3029 -1
15436806148729032 69 -1
15436806153729870 126 1
15436806153752590 13 -1
15436806155502520 1500 -1
15436806155502998 1500 -1
15436806155504120 8000 -1
15436806155504720 5536 -1
15436806155505250 1453 -1
15436806155505250 1500 -1
15436806155505740 3819 -1
15436806155506830 4072 -1
15436806155507390 3880 -1
15436806160508190 125 1
15436806160532810 13 -1
15436806163799030 1500 -1
15436806163799530 1500 -1
15436806163800070 4025 -1
15436806163800640 4072 -1
15436806163801110 4072 -1
15436806163801620 1500 -1
15436806163801620 644 -1
15436806163801670 9 -1
15436806168802920 126 1
15436806168825310 13 -1
15436806172158260 1500 -1
15436806172158260 1500 -1
15436806172158770 4023 -1
15436806172159318 4072 -1
15436806172159850 4072 -1
15436806172160398 262 -1
15436806177161290 136 1
15436806177184790 13 -1
15436806179661700 1500 -1
15436806179662140 1500 -1
15436806179662700 8000 -1
15436806179663780 5514 -1
15436806179663780 1453 -1
15436806179664310 1500 -1
15436806179664890 3803 -1
15436806179665452 3671 -1
15436806184666280 136 1
15436806184690160 13 -1
15436806186933070 1500 -1
15436806186933588 1500 -1
15436806186934660 8000 -1
15436806186935210 5538 -1
15436806186935210 1453 -1
15436806186935800 1500 -1
15436806186936272 3803 -1
15436806186936810 4072 -1
15436806186937348 2244 -1
15436806191938332 126 1
15436806191961830 13 -1
15436806193509910 1500 -1
15436806193510430 1500 -1
15436806193511540 8000 -1
15436806193512020 5535 -1
15436806193512570 1453 -1
15436806193512640 1500 -1
15436806193513140 3817 -1
15436806193513710 4072 -1
15436806193513710 985 -1
15436806198515192 137 1
15436806198538530 13 -1
15436806202237870 1500 -1
15436806202238520 1500 -1
15436806202239010 8000 -1
15436806202240090 5544 -1
15436806202240090 1453 -1
15436806202240660 1500 -1
15436806202241220 3780 -1
15436806202241760 4072 -1
15436806202242310 4072 -1
15436806202242870 2655 -1
15436806207244320 126 1
15436806207271650 13 -1
15436806209077990 1500 -1
15436806209078500 1500 -1
15436806209079580 8000 -1
15436806209080150 5512 -1
15436806209080150 1453 -1
15436806209080680 1500 -1
15436806209081250 3818 -1
15436806209081250 391 -1
15436806214082190 9 1
15436806219082242 128 1
15436806219105840 13 -1
15436806221412448 409 -1
15436806221414070 1500 -1
15436806221414070 1500 -1
15436806221415132 8000 -1
15436806221415660 5393 -1
15436806221415660 1500 -1
15436806221415660 9 -1
15436806221416932 1500 -1
15436806221416932 2210 -1
15436806221417310 4072 -1
15436806221417880 1841 -1
15436806226418942 126 1
15436806226442310 13 -1
15436806228279830 1500 -1
15436806228280160 1500 -1
15436806228281200 8000 -1
15436806228281760 5514 -1
15436806228282260 1453 -1
15436806228282380 1500 -1
15436806228282840 3819 -1
15436806228283400 2331 -1
15436806233284780 123 1
15436806233307450 13 -1
15436806235723900 1500 -1
15436806235724370 1500 -1
15436806235725520 8000 -1
15436806235726020 5538 -1
15436806235726540 1453 -1
15436806235726540 1500 -1
15436806235727660 8000 -1
15436806235728810 6893 -1
15436806235728810 1133 -1
15436806235729340 1500 -1
15436806235729340 1702 -1
15436806240730470 126 1
15436806240753232 13 -1
15436806243485292 1500 -1
15436806243485292 405 -1
15436806243485820 1500 -1
15436806243486910 8000 -1
15436806243488008 6585 -1
15436806243488570 1500 -1
15436806243488570 1616 -1
15436806248489740 126 1
15436806248513410 13 -1
15436806252240540 1500 -1
15436806252241060 1500 -1
15436806252242170 8000 -1
15436806252242730 5538 -1
15436806252242730 1453 -1
15436806253183960 1500 -1
15436806253185000 8000 -1
15436806253186110 6893 -1
15436806253186670 1500 -1
15436806253186670 1979 -1
15436806253187270 4072 -1
15436806253187758 4072 -1
15436806253187758 33 -1
15436806258189110 124 1
15436806258212250 13 -1
15436806261388010 1500 -1
15436806261388472 1500 -1
15436806261389590 8000 -1
15436806261390190 5539 -1
15436806261390720 1500 -1
15436806261390720 264 -1
15436806261391290 1500 -1
15436806261391870 3486 -1
15436806261392410 4072 -1
15436806261392410 4072 -1
15436806261392940 895 -1
15436806266393772 127 1
15436806266417360 13 -1
15436806268887890 1500 -1
15436806268887890 1500 -1
15436806268888978 8000 -1
15436806268889530 5514 -1
15436806268890040 1453 -1
15436806268890100 1500 -1
15436806268890628 3796 -1
15436806268891170 2561 -1
0 0 0
15436806102772300 52 -1
15436806122862490 148 1
15436806122862490 282 1
15436806122883380 9 -1
15436806122886140 13 -1
15436806125436550 1500 -1
15436806125436550 1500 -1
15436806125437630 8000 -1
15436806125456970 5653 -1
15436806125458068 1453 -1
15436806125458068 1500 -1
15436806125458068 1636 -1
15436806125742158 17 -1
0 0 0
15436806102720430 52 -1
15436806122749030 148 1
15436806122749030 281 1
15436806122769820 9 -1
15436806122772790 13 -1
15436806124786010 1500 -1
15436806124786500 1500 -1
15436806124787040 8000 -1
15436806124806760 5654 -1
15436806124807210 1453 -1
15436806124808450 1500 -1
15436806124808980 3814 -1
15436806124809520 3528 -1
15436806124812260 3106 -1
15436806125071690 17 -1
0 0 0
15436806102950420 52 -1
15436806139578012 148 1
15436806139599162 9 -1
15436806139599300 283 1
15436806139622272 13 -1
15436806140538672 1500 -1
15436806140538672 1500 -1
15436806140539720 8000 -1
15436806140559040 5655 -1
15436806140559040 1453 -1
15436806140559550 1500 -1
15436806140559550 3812 -1
15436806140560620 4072 -1
15436806140565820 3277 -1
15436806140773440 17 -1
0 0 0
15436806102936570 52 -1
15436806123068950 148 1
15436806123068950 270 1
15436806123091158 9 -1
15436806123093260 13 -1
15436806124624600 1500 -1
15436806124624950 1500 -1
15436806124626010 8000 -1
15436806124645950 5655 -1
15436806124645950 1453 -1
15436806124646440 1500 -1
15436806124646440 3273 -1
15436806124906840 17 -1
