### "'24453 21079 20943 17435 20369 18702 20319 19110 17173 29926 21657 19196 14896 14878 14155 14452 15540 17038 12303 14259'"
0 0 0
15436867081526970 52 -1
15436867099486660 148 1
15436867099486660 268 1
15436867099507548 9 -1
15436867099510290 13 -1
15436867100942522 1500 -1
15436867100943510 8000 -1
15436867100963630 7154 -1
15436867100964110 391 -1
15436867100964110 1500 -1
15436867100964110 1500 -1
15436867100964630 3508 -1
15436867100964630 1188 -1
15436867101712630 17 -1
0 0 0
15436867081352470 52 -1
15436867101606360 148 1
15436867101606360 269 1
15436867101627870 9 -1
15436867101630630 13 -1
15436867102869010 1500 -1
15436867102870008 8000 -1
15436867102890660 7154 -1
15436867102890660 391 -1
15436867102891240 1500 -1
15436867102891240 1500 -1
15436867102891240 1186 -1
15436867102947750 17 -1
0 0 0
15436867081411640 52 -1
15436867101642530 148 1
15436867101642530 268 1
15436867101663870 9 -1
15436867101666750 13 -1
15436867104449120 652 -1
15436867105360770 1500 -1
15436867105361790 8000 -1
15436867105382208 6893 -1
15436867105382208 676 -1
15436867105382208 9 -1
15436867105485890 17 -1
0 0 0
15436867081495420 52 -1
15436867117741730 148 1
15436867117741730 268 1
15436867117762870 9 -1
15436867117765810 13 -1
15436867119176980 1500 -1
15436867119177900 8000 -1
15436867119197860 7154 -1
15436867119198760 391 -1
15436867119198760 1500 -1
15436867119199678 1500 -1
15436867119199678 612 -1
15436867119481420 17 -1
0 0 0
15436867079428880 52 -1
15436867099415440 148 1
15436867099415440 266 1
15436867099436460 9 -1
15436867099439270 13 -1
15436867099443360 1500 -1
15436867099443690 4446 -1
15436867104750500 137 1
15436867104773390 13 -1
15436867106154160 1500 -1
15436867106154530 1604 -1
15436867106154530 2916 -1
15436867111180028 136 1
15436867111202920 13 -1
15436867111513040 1500 -1
15436867111513500 1566 -1
15436867111513500 2886 -1
15436867116529770 137 1
15436867116553208 13 -1
15436867119320310 1500 -1
15436867119320800 1541 -1
15436867119320800 718 -1
15436867124323010 125 1
15436867124346130 13 -1
15436867125543380 1500 -1
15436867125544310 8000 -1
15436867125545420 7036 -1
15436867125545420 392 -1
15436867125563500 1500 -1
15436867125563500 444 -1
15436867130564620 126 1
15436867130587822 13 -1
15436867131747160 1500 -1
15436867131748108 8000 -1
15436867131748920 7036 -1
15436867131748920 391 -1
15436867131749770 1500 -1
15436867131749770 1500 -1
15436867131749770 562 -1
15436867136750960 126 1
15436867136774700 13 -1
15436867138983820 1500 -1
15436867138984340 1500 -1
15436867138985360 8000 -1
15436867138985910 5514 -1
15436867138986462 1453 -1
15436867138986508 1291 -1
15436867143987780 126 1
15436867144011062 13 -1
15436867145167740 1500 -1
15436867145168600 8000 -1
15436867145169610 7040 -1
15436867145170168 392 -1
15436867145170168 415 -1
15436867150171000 126 1
15436867150198490 13 -1
15436867151427700 1500 -1
15436867151429140 8000 -1
15436867151429738 7038 -1
15436867151430212 389 -1
15436867151430212 1500 -1
15436867151430212 1500 -1
15436867151431342 3508 -1
15436867151432460 4072 -1
15436867151432460 2591 -1
15436867156433720 126 1
15436867156456520 13 -1
15436867157083450 1500 -1
15436867157083950 1500 -1
15436867157084580 8000 -1
15436867157085600 5514 -1
15436867157085600 1453 -1
15436867157086130 1500 -1
15436867157086130 2338 -1
15436867162087450 125 1
15436867162110500 13 -1
15436867162791460 1500 -1
15436867162791460 1500 -1
15436867162792500 8000 -1
15436867162793010 5539 -1
15436867162793010 1453 -1
15436867162793560 1377 -1
15436867167795342 126 1
15436867167818560 13 -1
15436867171150740 1500 -1
15436867171150740 439 -1
15436867172097930 1500 -1
15436867172097930 3604 -1
15436867172098278 3040 -1
15436867172098820 2796 -1
15436867172098820 2177 -1
15436867177101190 126 1
15436867177124610 13 -1
15436867178259570 1500 -1
15436867178259570 1558 -1
15436867178260440 4072 -1
15436867178260960 4072 -1
15436867178260960 3805 -1
15436867183262860 126 1
15436867183286210 13 -1
15436867185546670 1500 -1
15436867185547560 1500 -1
15436867185547560 4037 -1
15436867185548110 4072 -1
15436867185548110 3199 -1
15436867190549660 126 1
15436867190572888 13 -1
15436867191200870 1500 -1
15436867191200870 1500 -1
15436867191201820 4037 -1
15436867191202290 4072 -1
15436867191202290 3497 -1
15436867196203958 9 1
15436867201203958 128 1
15436867201227010 13 -1
15436867202815810 1500 -1
15436867202815810 1500 -1
15436867202816320 4040 -1
15436867202816852 4072 -1
15436867202817410 4072 -1
15436867202817410 510 -1
15436867207818830 125 1
15436867207842200 13 -1
15436867209198150 1500 -1
15436867209198680 1500 -1
15436867209199250 4010 -1
15436867209199740 4072 -1
15436867209200302 4072 -1
15436867209200302 1500 -1
15436867209200302 521 -1
15436867209200320 9 -1
15436867214202110 137 1
15436867214224670 13 -1
15436867215411690 1500 -1
15436867215412220 1568 -1
15436867215412770 4072 -1
15436867215413310 4072 -1
15436867215413310 1245 -1
15436867220414860 125 1
15436867220437930 13 -1
15436867221625740 1500 -1
15436867221626210 1584 -1
15436867221626730 4072 -1
15436867221627240 4072 -1
15436867221627780 3185 -1
15436867226628900 127 1
15436867226652140 13 -1
15436867228111260 1500 -1
15436867228111260 1500 -1
15436867228112422 4011 -1
15436867228112920 4072 -1
15436867228112920 2155 -1
15436867233114200 126 1
15436867233137370 13 -1
15436867234670640 1500 -1
15436867234670640 1500 -1
15436867234671190 4036 -1
15436867234672300 4072 -1
15436867234672300 2812 -1
15436867239673368 126 1
15436867239696010 13 -1
15436867241174390 1500 -1
15436867241174890 8000 -1
15436867241175980 7036 -1
15436867241175980 391 -1
15436867241176510 1500 -1
15436867241176510 1500 -1
15436867241177070 2185 -1
15436867246178400 126 1
15436867246201220 13 -1
15436867248073380 1500 -1
15436867248073380 1500 -1
15436867248074340 8000 -1
15436867248075350 5514 -1
15436867248075350 1453 -1
15436867248075900 1500 -1
15436867248076460 3826 -1
15436867248076460 1814 -1
0 0 0
15436867081311740 52 -1
15436867101343620 148 1
15436867101343620 268 1
15436867101365150 9 -1
15436867101367518 13 -1
15436867102343180 1500 -1
15436867102344192 8000 -1
15436867102365350 7154 -1
15436867102365350 394 -1
15436867102365350 1500 -1
15436867102365890 1500 -1
15436867102365890 1319 -1
15436867102870510 17 -1
