### "'12160 15922 9972 13740 16074 10943 24900 24614 27527 14665 10618 12679 14655 10611 25582 13486 22786 14825 30921 29925'"
0 0 0
15436011583831770 52 -1
15436011604056320 148 1
15436011604056320 269 1
15436011604078340 9 -1
15436011604081450 13 -1
15436011605072300 1500 -1
15436011605072760 1697 -1
15436011605073300 4072 -1
15436011605073840 2794 -1
15436011610329630 136 1
15436011610354350 13 -1
15436011613413140 1500 -1
15436011613413650 1568 -1
15436011613413650 1093 -1
15436011618424480 137 1
15436011618449010 13 -1
15436011619596370 1500 -1
15436011619596370 1542 -1
15436011619596370 2388 -1
15436011624649920 125 1
15436011624674410 13 -1
15436011625635890 1500 -1
15436011625635890 1583 -1
15436011625637660 4072 -1
15436011625637660 4072 -1
15436011625637660 2665 -1
15436011630639500 125 1
15436011630663450 13 -1
15436011631862770 1500 -1
15436011631862770 1581 -1
15436011631863580 4072 -1
15436011631864080 4072 -1
15436011631864610 4072 -1
15436011631864610 930 -1
15436011636865670 126 1
15436011636889370 13 -1
15436011640122290 1500 -1
15436011640122290 1500 -1
15436011640123110 4037 -1
15436011640123710 4059 -1
15436011645124710 136 1
15436011645150102 13 -1
15436011645875550 1500 -1
15436011645876480 1500 -1
15436011645876480 3995 -1
15436011645876480 3017 -1
15436011650878140 135 1
15436011650901648 13 -1
15436011652684168 1500 -1
15436011652685050 1500 -1
15436011652686182 8000 -1
15436011652687870 5537 -1
15436011652687870 1453 -1
15436011652688510 1500 -1
15436011652689890 3813 -1
15436011652690460 1768 -1
15436011657691100 136 1
15436011657715490 13 -1
15436011658880070 1500 -1
15436011658880950 8000 -1
15436011658882420 7015 -1
15436011658882420 377 -1
15436011658882510 1500 -1
15436011658883060 1500 -1
15436011658883540 3508 -1
15436011658883540 1363 -1
15436011663884658 125 1
15436011663908430 13 -1
15436011665561580 1500 -1
15436011665562530 1500 -1
15436011665562530 8000 -1
15436011665563840 5537 -1
15436011665563840 1500 -1
15436011665563840 286 -1
15436011665564380 1500 -1
15436011665564380 3486 -1
15436011665565470 4072 -1
15436011665565470 317 -1
15436011670566340 135 1
15436011670592930 13 -1
15436011672125890 1500 -1
15436011672126802 1500 -1
15436011672126802 4020 -1
15436011672127650 4072 -1
15436011672127650 3726 -1
15436011677129190 135 1
15436011677154350 13 -1
15436011678973520 1500 -1
15436011678973520 1500 -1
15436011678974080 3998 -1
15436011678974610 3749 -1
15436011683975780 135 1
15436011684000180 13 -1
15436011685776730 1500 -1
15436011685776730 1500 -1
15436011685777610 4022 -1
15436011685777610 2182 -1
15436011690778810 135 1
15436011690803030 13 -1
15436011692373120 1500 -1
15436011692373580 1500 -1
15436011692374130 4023 -1
15436011692374690 4072 -1
15436011692374690 1738 -1
15436011697376140 9 1
15436011702376240 128 1
15436011702400690 13 -1
15436011704224170 1500 -1
15436011704224650 1500 -1
15436011704225200 4037 -1
15436011704225750 4072 -1
15436011704226300 3700 -1
15436011709227140 126 1
15436011709252770 13 -1
15436011710532442 1500 -1
15436011710532442 1500 -1
15436011710532970 4035 -1
15436011710533540 2934 -1
15436011715534520 134 1
15436011715558090 13 -1
15436011720028710 1500 -1
15436011720028710 1500 -1
15436011720029240 4022 -1
15436011720029790 3743 -1
15436011725031020 137 1
15436011725055150 13 -1
15436011726400960 1500 -1
15436011726400960 1500 -1
15436011726402030 8000 -1
15436011726402550 5514 -1
15436011726403090 1453 -1
15436011726403648 1500 -1
15436011726404222 3816 -1
15436011726404222 2447 -1
15436011731405600 125 1
15436011731429840 13 -1
15436011733128400 1500 -1
15436011733128930 1500 -1
15436011733129460 4026 -1
15436011733130000 4072 -1
15436011733130000 2541 -1
15436011738131440 126 1
15436011738156140 13 -1
15436011739470450 1500 -1
15436011739470450 1500 -1
15436011739471350 8000 -1
15436011739472410 5512 -1
15436011739472410 1453 -1
15436011739472950 1500 -1
15436011739472950 3467 -1
15436011744474298 135 1
15436011744498150 13 -1
15436011747627020 1500 -1
15436011747627020 428 -1
15436011748549860 1500 -1
15436011748550760 3604 -1
15436011748550760 4072 -1
15436011748551260 3883 -1
15436011753552570 135 1
15436011753576630 13 -1
15436011755389600 1500 -1
15436011755389600 1500 -1
15436011755390510 8000 -1
15436011755391678 5538 -1
15436011755391678 1453 -1
15436011755392230 1500 -1
15436011755392730 3814 -1
15436011755393240 4072 -1
15436011755393800 3716 -1
15436011760394390 135 1
15436011760417950 13 -1
15436011761775500 1500 -1
15436011761775980 1500 -1
15436011761777142 8000 -1
15436011761777710 5538 -1
15436011761778250 1453 -1
15436011762779110 1500 -1
15436011762779592 3814 -1
15436011762780170 4072 -1
15436011762780680 2720 -1
15436011767781840 136 1
15436011767805490 13 -1
15436011769537150 1500 -1
15436011769537680 1500 -1
15436011769538720 8000 -1
15436011769539290 5511 -1
15436011769539830 1453 -1
15436011769539890 1500 -1
15436011769540410 3815 -1
15436011769540980 4072 -1
15436011769541522 3788 -1
15436011774542630 125 1
15436011774566680 13 -1
15436011775776082 1500 -1
15436011775776570 1500 -1
15436011775777162 4036 -1
15436011775777668 3673 -1
15436011780778502 134 1
15436011780801850 13 -1
15436011782283690 1500 -1
15436011782283760 1500 -1
15436011782284278 4022 -1
15436011782284820 4072 -1
15436011782284820 451 -1
15436011787285990 135 1
15436011787309580 13 -1
15436011788780260 1500 -1
15436011788780260 1500 -1
15436011788780810 3997 -1
15436011788781372 1525 -1
0 0 0
15436011583934880 52 -1
15436011603996230 148 1
15436011603996230 279 1
15436011604017320 9 -1
15436011604019700 13 -1
15436011605194430 1500 -1
15436011605194920 1684 -1
15436011605195480 4072 -1
15436011605195480 1899 -1
15436011605846382 17 -1
0 0 0
15436011592518960 52 -1
15436011603817430 148 1
15436011603817430 266 1
15436011603838470 9 -1
15436011603842120 13 -1
15436011603850350 1500 -1
15436011603850350 2439 -1
15436011604047080 17 -1
0 0 0
15436011583832900 52 -1
15436011603878450 148 1
15436011603878450 268 1
15436011603900362 9 -1
15436011603902850 13 -1
15436011606891520 655 -1
15436011607878808 1500 -1
15436011607879310 1500 -1
15436011607879860 3626 -1
15436011607880362 4072 -1
15436011607900000 4072 -1
15436011607900000 776 -1
15436011608262840 17 -1
0 0 0
15436011584106842 52 -1
15436011620261040 148 1
15436011620261040 269 1
15436011620281990 9 -1
15436011620284310 13 -1
15436011623770198 1500 -1
15436011623770710 1701 -1
15436011623771240 4072 -1
15436011623771240 2969 -1
15436011623809258 17 -1
0 0 0
15436011583942440 52 -1
15436011604075920 148 1
15436011604075920 268 1
15436011604097050 9 -1
15436011604100050 13 -1
15436011605276200 1500 -1
15436011605276720 1500 -1
15436011605276720 1500 -1
15436011605277250 2654 -1
15436011605277810 4072 -1
15436011605277810 1204 -1
15436011605844310 17 -1
