### "'11961 36320 34556 34268 27783 13340 17758 12217 18971 21123 21151 14137 21612 20670 22203 20602 10118 18326 19145 12803'"
0 0 0
15436011914819080 52 -1
15436011934873900 148 1
15436011934873900 272 1
15436011934895030 9 -1
15436011934897900 13 -1
15436011935216400 1500 -1
15436011935217370 8000 -1
15436011935237450 7154 -1
15436011935237948 389 -1
15436011935237948 1500 -1
15436011935240260 8000 -1
15436011935245220 6893 -1
15436011935245220 1500 -1
15436011935245220 818 -1
15436011935245220 872 -1
15436011935884420 17 -1
0 0 0
15436011914953280 52 -1
15436011933038330 148 1
15436011933038330 273 1
15436011933059480 9 -1
15436011933062530 13 -1
15436011934083210 1500 -1
15436011934083210 1695 -1
15436011934083770 4072 -1
15436011934084300 4072 -1
15436011934084300 892 -1
15436011934445230 17 -1
0 0 0
15436011914824310 52 -1
15436011934921810 148 1
15436011934921810 273 1
15436011934943040 9 -1
15436011934945682 13 -1
15436011937126700 1500 -1
15436011937126700 1500 -1
15436011937127740 8000 -1
15436011937147720 5655 -1
15436011937147720 1453 -1
15436011937148212 1500 -1
15436011937148760 8000 -1
15436011937151590 6893 -1
15436011937151590 65 -1
15436011937151590 9 -1
15436011937443982 17 -1
0 0 0
15436011913047882 52 -1
15436011933019900 148 1
15436011933041470 9 -1
15436011933041540 269 1
15436011933065950 13 -1
15436011933070500 1500 -1
15436011933070500 4595 -1
15436011938178080 126 1
15436011938201480 13 -1
15436011939722330 1500 -1
15436011939722330 456 -1
15436011940709910 1500 -1
15436011940724280 8000 -1
15436011940737280 6893 -1
15436011940737830 914 -1
15436011940737830 1500 -1
15436011940741630 2581 -1
15436011940742180 4072 -1
15436011940742180 566 -1
15436011945935900 125 1
15436011945959930 13 -1
15436011947473870 1500 -1
15436011947474370 1500 -1
15436011947474908 4036 -1
15436011947475440 4072 -1
15436011947475440 2385 -1
15436011952558410 126 1
15436011952582490 13 -1
15436011954626948 1500 -1
15436011954626948 1500 -1
15436011954627850 4024 -1
15436011954628380 4072 -1
15436011954628380 1274 -1
15436011959629410 125 1
15436011959653700 13 -1
15436011960578840 1500 -1
15436011960579742 8000 -1
15436011960581100 7038 -1
15436011960581100 391 -1
15436011960581182 1500 -1
15436011960581182 714 -1
15436011965582650 126 1
15436011965606800 13 -1
15436011966572190 1500 -1
15436011966573010 8000 -1
15436011966574150 7013 -1
15436011966574150 391 -1
15436011966574718 1500 -1
15436011966574718 1500 -1
15436011966574718 1366 -1
15436011971576310 125 1
15436011971599920 13 -1
15436011973254910 1500 -1
15436011973255488 1500 -1
15436011973256030 8000 -1
15436011973257130 5541 -1
15436011973257130 1453 -1
15436011973257648 1500 -1
15436011973258222 1832 -1
15436011978258842 125 1
15436011978281742 13 -1
15436011980071760 1500 -1
15436011980071760 431 -1
15436011980072278 1500 -1
15436011980072802 3604 -1
15436011980073320 4072 -1
15436011980073890 3191 -1
15436011985074920 125 1
15436011985098830 13 -1
15436011986826630 1500 -1
15436011986827108 1500 -1
15436011986828220 8000 -1
15436011986829320 5513 -1
15436011986829320 1453 -1
15436011986829870 1500 -1
15436011986829870 2293 -1
15436011991831220 126 1
15436011991855090 13 -1
15436011994934750 1500 -1
15436011994935250 1500 -1
15436011994936390 8000 -1
15436011994936932 5537 -1
15436011994936932 1453 -1
15436011994937490 1500 -1
15436011994937490 1351 -1
15436011999939010 126 1
15436011999962830 13 -1
15436012004488120 1500 -1
15436012004488120 427 -1
15436012005827110 1500 -1
15436012005828170 8000 -1
15436012005829260 6562 -1
15436012005829260 1500 -1
15436012005829890 2884 -1
15436012005829958 9 -1
15436012010831000 125 1
15436012010855090 13 -1
15436012014122220 1500 -1
15436012014123120 1500 -1
15436012014123120 4038 -1
15436012014123120 441 -1
15436012019124250 127 1
15436012019147850 13 -1
15436012020424340 1500 -1
15436012020424340 1500 -1
15436012020425580 8000 -1
15436012020426080 5537 -1
15436012020426080 1453 -1
15436012020426650 1500 -1
15436012020426650 1283 -1
15436012025427670 9 1
15436012030427712 128 1
15436012030452320 13 -1
15436012032811862 1500 -1
15436012032812800 1500 -1
15436012032812800 4026 -1
15436012032813340 3246 -1
15436012037814432 125 1
15436012037838622 13 -1
15436012039345010 1500 -1
15436012039345010 1500 -1
15436012039346390 8000 -1
15436012039347100 5513 -1
15436012039347100 1453 -1
15436012039347178 507 -1
15436012044348372 126 1
15436012044373410 13 -1
15436012046250530 1500 -1
15436012046250530 1500 -1
15436012046251410 8000 -1
15436012046252480 5539 -1
15436012046252480 1453 -1
15436012046252480 1326 -1
15436012051253590 127 1
15436012051278760 13 -1
15436012053396070 1500 -1
15436012053396608 1500 -1
15436012053397160 4026 -1
15436012053397688 4072 -1
15436012053397688 1859 -1
15436012058399730 126 1
15436012058423160 13 -1
15436012060664460 1500 -1
15436012060664460 1500 -1
15436012060665290 8000 -1
15436012060666210 5538 -1
15436012060666210 1453 -1
15436012060666750 1500 -1
15436012060666750 3816 -1
15436012060667310 2334 -1
15436012065668810 126 1
15436012065692850 13 -1
15436012066983350 1500 -1
15436012066983350 418 -1
15436012066985100 1500 -1
15436012066986150 8000 -1
15436012066986730 6550 -1
15436012066987850 1500 -1
15436012066987850 1765 -1
15436012066987850 52 -1
15436012071988760 126 1
15436012072013070 13 -1
15436012073482230 1500 -1
15436012073482230 439 -1
15436012073483290 1500 -1
15436012073483850 3604 -1
15436012073484370 4072 -1
15436012073484920 4072 -1
15436012073485470 1033 -1
0 0 0
15436011914898080 52 -1
15436011951239860 148 1
15436011951239860 274 1
15436011951261050 9 -1
15436011951264220 13 -1
15436011952731668 1500 -1
15436011952732070 1500 -1
15436011952732070 1500 -1
15436011952732630 2651 -1
15436011952733190 4072 -1
15436011952752580 4072 -1
15436011952752580 1500 -1
15436011952752580 1240 -1
15436011952752580 9 -1
15436011952886100 17 -1
0 0 0
15436011914919760 52 -1
15436011935002770 148 1
15436011935002770 272 1
15436011935024330 9 -1
15436011935027860 13 -1
15436011936873600 1500 -1
15436011936873600 1500 -1
15436011936874550 8000 -1
15436011936894360 5654 -1
15436011936894360 1453 -1
15436011936894360 1500 -1
15436011936898870 8000 -1
15436011936901650 6893 -1
15436011936901650 353 -1
15436011936901650 9 -1
15436011937168190 17 -1
