### "'23437 16927 23170 17392 23037 20099 24891 23656 23106 22203 17440 20459 28157 23569 23622 23950 17586 13826 14006 13591'"
0 0 0
15436926718093020 52 -1
15436926754167390 148 1
15436926754167390 278 1
15436926754189090 9 -1
15436926754191570 13 -1
15436926754206532 1500 -1
15436926754209930 8000 -1
15436926754212850 7044 -1
15436926754227560 1500 -1
15436926754230390 5162 -1
15436926754285260 17 -1
0 0 0
15436926717942040 52 -1
15436926737956550 148 1
15436926737977530 9 -1
15436926738167930 309 1
15436926738191410 13 -1
15436926738206790 1500 -1
15436926738227300 8000 -1
15436926738228480 7045 -1
15436926738228890 1500 -1
15436926738229440 5295 -1
15436926738718110 17 -1
0 0 0
15436926718118780 52 -1
15436926736015980 148 1
15436926736015980 266 1
15436926736036540 9 -1
15436926736040070 13 -1
15436926736057870 1500 -1
15436926736060268 8000 -1
15436926736078680 7045 -1
15436926736078680 1500 -1
15436926736080160 5562 -1
15436926736329178 17 -1
0 0 0
15436926715980380 52 -1
15436926735994380 148 1
15436926736015388 9 -1
15436926736062428 264 1
15436926736085430 13 -1
15436926736090270 1500 -1
15436926736090800 4770 -1
15436926741285510 137 1
15436926741308930 13 -1
15436926741313860 1500 -1
15436926741313860 4499 -1
15436926746349490 138 1
15436926746373240 13 -1
15436926746383030 1500 -1
15436926746383560 7411 -1
15436926751481610 139 1
15436926751506460 13 -1
15436926751511170 1500 -1
15436926751511170 4365 -1
15436926756552278 125 1
15436926756576020 13 -1
15436926756590000 1500 -1
15436926756595540 8000 -1
15436926756600680 6941 -1
15436926756600680 1500 -1
15436926756601200 2224 -1
15436926761602450 138 1
15436926761626370 13 -1
15436926762791950 1500 -1
15436926762792870 8000 -1
15436926762793940 7074 -1
15436926762793940 374 -1
15436926762794500 1500 -1
15436926762795040 1500 -1
15436926762795600 3508 -1
15436926762795600 1643 -1
15436926767796630 138 1
15436926767821050 13 -1
15436926769462472 1500 -1
15436926769463320 8000 -1
15436926769464750 7015 -1
15436926769464750 375 -1
15436926769464850 1500 -1
15436926769465320 1500 -1
15436926769465850 3508 -1
15436926769465850 407 -1
15436926774466730 134 1
15436926774489952 13 -1
15436926775882570 1500 -1
15436926775883510 8000 -1
15436926775884830 7038 -1
15436926775884830 381 -1
15436926775885380 1500 -1
15436926775885380 1500 -1
15436926775885380 3359 -1
15436926780886860 137 1
15436926780910900 13 -1
15436926781809440 1500 -1
15436926781810340 8000 -1
15436926781811932 7038 -1
15436926781811932 379 -1
15436926781812510 1500 -1
15436926781812510 1500 -1
15436926781813058 2458 -1
15436926786814070 137 1
15436926786837280 13 -1
15436926788218492 1500 -1
15436926788219860 8000 -1
15436926788220930 7014 -1
15436926788220930 376 -1
15436926788220930 698 -1
15436926793222030 138 1
15436926793246788 13 -1
15436926794327840 1500 -1
15436926794328352 8000 -1
15436926794329420 7038 -1
15436926794329420 373 -1
15436926794329420 1500 -1
15436926794329970 1500 -1
15436926794329970 720 -1
15436926799331282 138 1
15436926799354752 13 -1
15436926800774460 1500 -1
15436926800775270 8000 -1
15436926800776760 7037 -1
15436926800776760 374 -1
15436926800776760 1500 -1
15436926800777308 1500 -1
15436926800777860 3508 -1
15436926800778950 4072 -1
15436926800778950 837 -1
15436926805779960 137 1
15436926805803570 13 -1
15436926806965042 1500 -1
15436926806965880 8000 -1
15436926806966900 7013 -1
15436926806966900 377 -1
15436926806967420 1500 -1
15436926806967950 1500 -1
15436926806967950 3508 -1
15436926806967950 318 -1
15436926811969280 135 1
15436926811992750 13 -1
15436926815439790 521 -1
15436926816579450 1500 -1
15436926816579960 8000 -1
15436926816580998 6893 -1
15436926816581560 1500 -1
15436926816581560 936 -1
15436926816582130 1500 -1
15436926816582130 2581 -1
15436926816582130 370 -1
15436926821584620 137 1
15436926821607860 13 -1
15436926822802780 1500 -1
15436926822803330 8000 -1
15436926822804400 7036 -1
15436926822804400 374 -1
15436926822804940 1500 -1
15436926822804940 1500 -1
15436926822806060 3508 -1
15436926822806060 702 -1
15436926827807140 9 1
15436926832807168 130 1
15436926832831120 13 -1
15436926833819150 1500 -1
15436926833819690 8000 -1
15436926833820750 7038 -1
15436926833820750 394 -1
15436926833821290 826 -1
15436926838823782 138 1
15436926838847370 13 -1
15436926839781620 1500 -1
15436926839782122 1538 -1
15436926839782680 4072 -1
15436926839783240 4072 -1
15436926839783240 2774 -1
15436926844784410 136 1
15436926844807652 13 -1
15436926846168360 1500 -1
15436926846168830 1566 -1
15436926846169400 4072 -1
15436926846169950 4072 -1
15436926846170500 2949 -1
15436926851171370 137 1
15436926851194912 13 -1
15436926852582728 1500 -1
15436926852583170 1568 -1
15436926852583690 4072 -1
15436926852584260 4072 -1
15436926852584260 2533 -1
15436926857585500 137 1
15436926857609840 13 -1
15436926858607540 1500 -1
15436926858609670 8000 -1
15436926858610820 7014 -1
15436926858610820 377 -1
15436926858611382 1500 -1
15436926858611382 59 -1
15436926863612230 126 1
15436926863635540 13 -1
15436926865007680 1500 -1
15436926865008790 8000 -1
15436926865009360 7037 -1
15436926865009360 390 -1
15436926865009890 1500 -1
15436926865012110 1500 -1
15436926865012692 3508 -1
15436926865012692 344 -1
15436926870013520 125 1
15436926870036700 13 -1
15436926870973990 1500 -1
15436926870974550 1582 -1
15436926870975130 4072 -1
15436926870975650 4072 -1
15436926870976182 4072 -1
15436926870976182 1500 -1
15436926870976182 101 -1
15436926870976730 9 -1
15436926875977330 126 1
15436926876001080 13 -1
15436926877398040 1500 -1
15436926877400228 8000 -1
15436926877401300 7013 -1
15436926877401300 393 -1
15436926877401940 1500 -1
15436926877401940 89 -1
0 0 0
15436926718044440 52 -1
15436926738036110 148 1
15436926738036110 277 1
15436926738057130 9 -1
15436926738059700 13 -1
15436926738067010 1500 -1
15436926738068150 8000 -1
15436926738080500 7044 -1
15436926738085858 552 -1
15436926738562630 17 -1
0 0 0
15436926717903410 52 -1
15436926737931400 148 1
15436926737931400 279 1
15436926737952430 9 -1
15436926737956150 13 -1
15436926739311320 1500 -1
15436926739312370 8000 -1
15436926739331940 7153 -1
15436926739332358 375 -1
15436926739332358 651 -1
15436926739440330 17 -1
