### "'29189 14232 14791 21932 19517 21043 20731 22233 18997 11662 17069 21035 21411 32645 12044 14569 16465 18133 18600 23377'"
0 0 0
15436930923910850 52 -1
15436930944014410 148 1
15436930944014410 269 1
15436930944036240 9 -1
15436930944038300 13 -1
15436930945767580 1500 -1
15436930945767580 1500 -1
15436930945767580 1500 -1
15436930945767580 1640 -1
15436930950838470 124 1
15436930950862520 13 -1
15436930950870668 1500 -1
15436930950870668 2211 -1
15436930955955810 123 1
15436930955979468 13 -1
15436930955987580 1500 -1
15436930955987580 3155 -1
15436930961004332 122 1
15436930961028162 13 -1
15436930961987760 1500 -1
15436930961988270 1588 -1
15436930961988270 1064 -1
15436930967047442 124 1
15436930967071980 13 -1
15436930968437250 1500 -1
15436930968438160 1562 -1
15436930968438160 1106 -1
15436930973439110 122 1
15436930973462840 13 -1
15436930973469250 1500 -1
15436930973469250 2716 -1
15436930978470190 123 1
15436930978494300 13 -1
15436930979968060 1500 -1
15436930979968560 1561 -1
15436930979968560 909 -1
15436930984969630 136 1
15436930984992840 13 -1
15436930986390740 1500 -1
15436930986393400 8000 -1
15436930986411760 7037 -1
15436930986412250 377 -1
15436930986412250 1500 -1
15436930986413478 1500 -1
15436930986413478 1300 -1
15436930991414280 137 1
15436930991438110 13 -1
15436930992404130 1500 -1
15436930992405118 8000 -1
15436930992407500 7037 -1
15436930992408062 374 -1
15436930992408062 1500 -1
15436930992408062 1500 -1
15436930992408062 991 -1
15436930997409630 137 1
15436930997433540 13 -1
15436930998398458 1500 -1
15436930998399538 8000 -1
15436930998400630 7014 -1
15436930998400630 376 -1
15436930998401270 1500 -1
15436930998401270 1500 -1
15436930998401270 2491 -1
15436931003402880 136 1
15436931003427770 13 -1
15436931004361380 1500 -1
15436931004362230 8000 -1
15436931004362832 7039 -1
15436931004363360 377 -1
15436931004363930 1500 -1
15436931004363930 754 -1
15436931009365030 137 1
15436931009389880 13 -1
15436931010753830 1500 -1
15436931010753830 1564 -1
15436931010754700 4072 -1
15436931010755250 4072 -1
15436931010755250 607 -1
15436931015756350 138 1
15436931015780060 13 -1
15436931017144160 1500 -1
15436931017145040 8000 -1
15436931017145960 7014 -1
15436931017145960 374 -1
15436931017145960 329 -1
15436931022147428 138 1
15436931022171050 13 -1
15436931022358620 1500 -1
15436931022359480 8000 -1
15436931022360548 7037 -1
15436931022360548 373 -1
15436931022361122 1500 -1
15436931022361122 1500 -1
15436931022361122 1296 -1
15436931027362540 137 1
15436931027386710 13 -1
15436931030278840 518 -1
15436931031223660 1500 -1
15436931031224192 8000 -1
15436931031225290 6893 -1
15436931031225842 1500 -1
15436931031226990 2822 -1
15436931031226990 350 -1
15436931036228450 136 1
15436931036252450 13 -1
15436931037826490 496 -1
15436931037827610 1500 -1
15436931037828080 8000 -1
15436931037829190 6893 -1
15436931037831668 1500 -1
15436931037831668 1500 -1
15436931037832200 2720 -1
15436931037832740 4072 -1
15436931037833300 3040 -1
15436931037833300 2796 -1
15436931037833340 274 -1
15436931042834900 136 1
15436931042858510 13 -1
15436931043994670 1500 -1
15436931043994670 1564 -1
15436931043995200 4072 -1
15436931043995760 4072 -1
15436931043995760 990 -1
15436931048997380 9 1
15436931053997390 140 1
15436931054021280 13 -1
15436931058105580 518 -1
15436931059458150 1500 -1
15436931059458150 1500 -1
15436931059458650 3626 -1
15436931059459210 4072 -1
15436931059459750 3515 -1
15436931064461688 138 1
15436931064485120 13 -1
15436931065849062 1500 -1
15436931065849062 1562 -1
15436931065849580 4072 -1
15436931065850180 4072 -1
15436931065850760 4072 -1
15436931065850760 1348 -1
15436931065851230 9 -1
15436931070852088 138 1
15436931070876480 13 -1
15436931071882110 1500 -1
15436931071882980 8000 -1
15436931071884460 7036 -1
15436931071884460 373 -1
15436931071884602 1394 -1
15436931076885760 137 1
15436931076909680 13 -1
15436931079582860 494 -1
15436931080465800 1500 -1
15436931080466710 8000 -1
15436931080467730 6893 -1
15436931080467730 1500 -1
15436931080468212 360 -1
15436931080468258 9 -1
15436931085469210 138 1
15436931085493140 13 -1
15436931086533220 1500 -1
15436931086533762 8000 -1
15436931086534880 7037 -1
15436931086534880 373 -1
15436931086535450 1500 -1
15436931086535450 1500 -1
15436931086535950 3508 -1
15436931086535950 130 -1
15436931091537622 136 1
15436931091561100 13 -1
15436931092595490 1500 -1
15436931092595490 1567 -1
15436931092595490 69 -1
15436931097596450 136 1
15436931097620120 13 -1
15436931099310830 1500 -1
15436931099310830 1500 -1
15436931099311882 8000 -1
15436931099312500 5511 -1
15436931099312500 1453 -1
15436931099312950 1500 -1
15436931099313480 3816 -1
15436931099314042 4072 -1
15436931099314042 480 -1
15436931104316340 137 1
15436931104339910 13 -1
15436931105241498 1500 -1
15436931105242500 8000 -1
15436931105243600 7037 -1
15436931105243600 374 -1
15436931105244182 1443 -1
15436931110244820 137 1
15436931110268640 13 -1
15436931111708210 1500 -1
15436931111709290 8000 -1
15436931111710380 7043 -1
15436931111710380 351 -1
15436931111710930 1500 -1
15436931111710930 1500 -1
15436931111711472 2286 -1
0 0 0
15436930925736510 52 -1
15436930945678360 148 1
15436930945678360 283 1
15436930945699070 9 -1
15436930945701800 13 -1
15436930946680378 1500 -1
15436930946680860 1680 -1
15436930946681420 4072 -1
15436930946681960 4072 -1
15436930946700370 3178 -1
15436930947198300 17 -1
0 0 0
15436930925980030 52 -1
15436930962140410 148 1
15436930962161428 9 -1
15436930962276740 283 1
15436930962300950 13 -1
15436930963340010 1500 -1
15436930963341050 8000 -1
15436930963361600 7154 -1
15436930963361600 372 -1
15436930963361600 1500 -1
15436930963361600 1279 -1
15436930963740808 17 -1
0 0 0
15436930925841040 52 -1
15436930945984990 148 1
15436930945984990 282 1
15436930946006100 9 -1
15436930946008800 13 -1
15436930947102560 632 -1
15436930947103642 1500 -1
15436930947103642 1500 -1
15436930947104210 3626 -1
15436930947104690 4072 -1
15436930947123240 3739 -1
15436930947454330 17 -1
0 0 0
15436930926005750 52 -1
15436930943947250 148 1
15436930943947250 272 1
15436930943968830 9 -1
15436930943971240 13 -1
15436930944901710 1500 -1
15436930944902210 8000 -1
15436930944922472 7155 -1
15436930944922472 393 -1
15436930944922472 1500 -1
15436930944922978 1500 -1
15436930944922978 3508 -1
15436930944924070 4072 -1
15436930944924070 1850 -1
15436930945585360 17 -1
0 0 0
15436930925961968 52 -1
15436930946167280 148 1
15436930946167280 282 1
15436930946187950 9 -1
15436930946190880 13 -1
15436930947549560 1500 -1
15436930947550630 8000 -1
15436930947570770 7155 -1
15436930947570770 377 -1
15436930947570770 1500 -1
15436930947571330 1500 -1
15436930947571330 2189 -1
15436930947848280 17 -1
