### "'14748 22056 24826 17713 18996 14661 27042 15330 13581 19128 22118 21776 28507 19315 21275 23232 26134 28158 27196 15744'"
0 0 0
15436931764767120 52 -1
15436931800928680 148 1
15436931800928680 280 1
15436931800950580 9 -1
15436931800952610 13 -1
15436931803625110 634 -1
15436931804505910 1500 -1
15436931804506390 1500 -1
15436931804506928 3626 -1
15436931804507440 4072 -1
15436931804525660 3607 -1
15436931804685560 17 -1
0 0 0
15436931762579650 52 -1
15436931782563340 148 1
15436931782563340 264 1
15436931782584240 9 -1
15436931782587120 13 -1
15436931782594270 1500 -1
15436931782594780 5111 -1
15436931787898300 123 1
15436931787921560 13 -1
15436931788748850 1500 -1
15436931788748850 1605 -1
15436931788749412 3582 -1
15436931793918340 136 1
15436931793941510 13 -1
15436931794971880 1500 -1
15436931794971880 1567 -1
15436931794972420 3761 -1
15436931800010632 125 1
15436931800034360 13 -1
15436931800965350 536 -1
15436931800967200 1500 -1
15436931800968310 8000 -1
15436931800968840 6893 -1
15436931800969378 1500 -1
15436931800969378 738 -1
15436931800969430 9 -1
15436931805990190 126 1
15436931806013320 13 -1
15436931806949370 1500 -1
15436931806950390 8000 -1
15436931806951460 7012 -1
15436931806951460 392 -1
15436931806952560 1500 -1
15436931806953140 1500 -1
15436931806953660 2720 -1
15436931806954210 4072 -1
15436931806954210 492 -1
15436931811955380 124 1
15436931811978350 13 -1
15436931812915080 1500 -1
15436931812915080 1582 -1
15436931812915670 4072 -1
15436931812916750 4072 -1
15436931812916780 4072 -1
15436931812916780 185 -1
15436931817918028 136 1
15436931817941480 13 -1
15436931818474260 494 -1
15436931818642420 1500 -1
15436931818642420 1500 -1
15436931818642970 3626 -1
15436931818643520 4072 -1
15436931818644090 2526 -1
15436931823645380 137 1
15436931823669080 13 -1
15436931824469960 1500 -1
15436931824470460 8000 -1
15436931824471570 7038 -1
15436931824471570 374 -1
15436931824472060 1500 -1
15436931824472060 888 -1
15436931829473482 136 1
15436931829497020 13 -1
15436931830399310 1500 -1
15436931830400810 8000 -1
15436931830401918 7037 -1
15436931830401918 379 -1
15436931830401918 1500 -1
15436931830402480 1500 -1
15436931830402480 2373 -1
15436931835404010 126 1
15436931835427142 13 -1
15436931836332070 1500 -1
15436931836333670 8000 -1
15436931836334210 7013 -1
15436931836334760 392 -1
15436931836334760 1500 -1
15436931836335330 1500 -1
15436931836335330 2018 -1
15436931841336650 125 1
15436931841359990 13 -1
15436931842760830 1500 -1
15436931842761860 8000 -1
15436931842762990 7036 -1
15436931842763550 392 -1
15436931842763550 1500 -1
15436931842763550 1500 -1
15436931842764070 3508 -1
15436931842764600 4072 -1
15436931842765150 1169 -1
15436931847766622 126 1
15436931847790000 13 -1
15436931849462630 1500 -1
15436931849463680 8000 -1
15436931849464750 7013 -1
15436931849464750 393 -1
15436931849465840 1500 -1
15436931849465840 1056 -1
15436931854466600 136 1
15436931854490230 13 -1
15436931855890780 1500 -1
15436931855891340 1567 -1
15436931855891880 4072 -1
15436931855891880 1736 -1
15436931860893080 136 1
15436931860916318 13 -1
15436931861953500 1500 -1
15436931861954560 8000 -1
15436931861955900 7037 -1
15436931861955900 377 -1
15436931861956140 1500 -1
15436931861956140 1500 -1
15436931861956140 1532 -1
15436931866958060 9 1
15436931871958050 138 1
15436931871981530 13 -1
15436931873354868 1500 -1
15436931873356420 8000 -1
15436931873356940 7037 -1
15436931873357490 379 -1
15436931873357490 1500 -1
15436931873357490 1500 -1
15436931873358030 3487 -1
15436931878360110 137 1
15436931878383560 13 -1
15436931879780058 1500 -1
15436931879781650 8000 -1
15436931879782180 7014 -1
15436931879782180 374 -1
15436931879783230 1500 -1
15436931879783230 1500 -1
15436931879783790 3508 -1
15436931879783790 2886 -1
15436931884784998 124 1
15436931884809260 13 -1
15436931885822590 1500 -1
15436931885823660 8000 -1
15436931885824210 7036 -1
15436931885824740 394 -1
15436931885825370 1500 -1
15436931885825370 1500 -1
15436931885825902 3508 -1
15436931885826450 4072 -1
15436931885826450 818 -1
15436931890827520 136 1
15436931890851120 13 -1
15436931892017140 1500 -1
15436931892018060 8000 -1
15436931892019420 7038 -1
15436931892019420 375 -1
15436931892019970 1500 -1
15436931892019970 1500 -1
15436931892020560 3508 -1
15436931892021110 3947 -1
15436931897021940 138 1
15436931897045060 13 -1
15436931898029750 1500 -1
15436931898030710 1539 -1
15436931898030710 4072 -1
15436931898031190 4072 -1
15436931898031900 4072 -1
15436931898031900 619 -1
15436931903033100 124 1
15436931903057250 13 -1
15436931903988572 1500 -1
15436931903989100 1581 -1
15436931903989100 4072 -1
15436931903990180 4072 -1
15436931903990180 1655 -1
15436931908995030 124 1
15436931909018322 13 -1
15436931909956990 1500 -1
15436931909957530 8000 -1
15436931909958600 7014 -1
15436931909958600 394 -1
15436931909959700 1500 -1
15436931909959700 1500 -1
15436931909960230 3508 -1
15436931909960230 3294 -1
15436931914961550 126 1
15436931914984800 13 -1
15436931916167810 1500 -1
15436931916167810 1500 -1
15436931916168712 8000 -1
15436931916169780 5536 -1
15436931916169780 1453 -1
15436931916170340 1500 -1
15436931916170340 1630 -1
0 0 0
15436931764582738 52 -1
15436931784922358 148 1
15436931784922358 278 1
15436931784943580 9 -1
15436931784946100 13 -1
15436931786347830 1500 -1
15436931786348800 8000 -1
15436931786370230 7155 -1
15436931786370230 378 -1
15436931786370230 1500 -1
15436931786370760 1500 -1
15436931786370760 3508 -1
15436931786371310 1574 -1
15436931786631830 17 -1
0 0 0
15436931764841052 52 -1
15436931782630320 148 1
15436931782630320 278 1
15436931782651132 9 -1
15436931782654040 13 -1
15436931783636200 1500 -1
15436931783636200 1680 -1
15436931783636702 4072 -1
15436931783637250 4072 -1
15436931783656270 3694 -1
15436931783704080 17 -1
0 0 0
15436931764762580 52 -1
15436931784898470 148 1
15436931784898470 268 1
15436931784920060 9 -1
15436931784922610 13 -1
15436931786262290 1500 -1
15436931786263310 8000 -1
15436931786284348 7152 -1
15436931786284348 391 -1
15436931786284348 1500 -1
15436931786285600 1500 -1
15436931786286170 2299 -1
15436931786623160 17 -1
0 0 0
15436931764672020 52 -1
15436931784932720 148 1
15436931784932720 279 1
15436931784953580 9 -1
15436931784956300 13 -1
15436931787907050 637 -1
15436931788879220 1500 -1
15436931788880330 8000 -1
15436931788900310 6893 -1
15436931788900310 970 -1
15436931788900310 9 -1
15436931789038260 17 -1
