### "'33003 20278 29205 19533 17371 12582 15493 17226 26177 16662 12012 13545 28608 15983 22507 26973 11672 11296 18688 24123'"
0 0 0
15436946333502210 52 -1
15436946353401000 148 1
15436946353401000 282 1
15436946353421832 9 -1
15436946353425910 13 -1
15436946353449220 1500 -1
15436946353450820 8000 -1
15436946353470262 7044 -1
15436946353470790 1500 -1
15436946353470790 1658 -1
15436946353947490 17 -1
0 0 0
15436946333370120 52 -1
15436946353295620 148 1
15436946353316690 9 -1
15436946353363258 282 1
15436946353386740 13 -1
15436946353403160 1500 -1
15436946353403658 8000 -1
15436946353423970 7044 -1
15436946353423970 1500 -1
15436946353426500 8000 -1
15436946353429388 3330 -1
15436946353899450 17 -1
0 0 0
15436946331459720 52 -1
15436946351419920 148 1
15436946351440800 9 -1
15436946351440880 269 1
15436946351463530 13 -1
15436946351467380 1500 -1
15436946351467850 4641 -1
15436946356559730 137 1
15436946356583620 13 -1
15436946356591270 1500 -1
15436946356591270 4712 -1
15436946361616450 138 1
15436946361639340 13 -1
15436946363000280 1500 -1
15436946363000280 1595 -1
15436946363000800 4072 -1
15436946363000800 1029 -1
15436946368038590 135 1
15436946368061660 13 -1
15436946368074290 1500 -1
15436946368074800 8000 -1
15436946368075860 6946 -1
15436946368081840 996 -1
15436946373120912 137 1
15436946373144150 13 -1
15436946373151870 1500 -1
15436946373152400 8000 -1
15436946373156040 6073 -1
15436946378156940 137 1
15436946378180020 13 -1
15436946379148250 1500 -1
15436946379150670 8000 -1
15436946379151790 7014 -1
15436946379151790 374 -1
15436946379151790 486 -1
15436946384153020 137 1
15436946384175950 13 -1
15436946385074970 1500 -1
15436946385075368 1564 -1
15436946385075930 3832 -1
15436946390077100 127 1
15436946390099720 13 -1
15436946390112720 1500 -1
15436946390113822 8000 -1
15436946390115920 6964 -1
15436946390116500 1500 -1
15436946390117040 8000 -1
15436946390118880 302 -1
15436946395119600 125 1
15436946395143300 13 -1
15436946395153912 1500 -1
15436946395155020 8000 -1
15436946395155590 6941 -1
15436946395156130 287 -1
15436946400157002 136 1
15436946400179870 13 -1
15436946400196580 1500 -1
15436946400197110 8000 -1
15436946400197650 2592 -1
15436946405198490 125 1
15436946405222070 13 -1
15436946405230670 1500 -1
15436946405231170 8000 -1
15436946405231710 4102 -1
15436946410233090 126 1
15436946410255580 13 -1
15436946410276648 1500 -1
15436946410277780 8000 -1
15436946410278840 6965 -1
15436946410278840 1500 -1
15436946410279960 8000 -1
15436946410281090 2733 -1
15436946415281848 135 1
15436946415305532 13 -1
15436946415313972 1500 -1
15436946415314460 8000 -1
15436946415315580 6540 -1
15436946420316330 125 1
15436946420339050 13 -1
15436946420358210 1500 -1
15436946420359312 8000 -1
15436946420359930 6964 -1
15436946420359930 1500 -1
15436946420360960 4632 -1
15436946425361760 9 1
15436946430361760 139 1
15436946430385302 13 -1
15436946430393610 1500 -1
15436946430394220 8000 -1
15436946430395250 6964 -1
15436946430395820 1500 -1
15436946430396920 8000 -1
15436946430397480 1098 -1
15436946435398640 127 1
15436946435422080 13 -1
15436946435430068 1500 -1
15436946435431130 8000 -1
15436946435431190 2229 -1
15436946440432342 136 1
15436946440455460 13 -1
15436946440467970 1500 -1
15436946440468500 8000 -1
15436946440469060 1876 -1
15436946445469912 125 1
15436946445493370 13 -1
15436946446911780 1500 -1
15436946446911780 1500 -1
15436946446912900 8000 -1
15436946446913390 5515 -1
15436946446913390 1453 -1
15436946446913950 869 -1
15436946451915060 136 1
15436946451938040 13 -1
15436946451961870 1500 -1
15436946451962390 8000 -1
15436946451963470 6964 -1
15436946451963470 1500 -1
15436946451964570 6248 -1
15436946456965530 136 1
15436946456988890 13 -1
15436946456996592 1500 -1
15436946456997120 8000 -1
15436946456997680 3092 -1
15436946461998710 125 1
15436946462022020 13 -1
15436946462957230 1500 -1
15436946462958310 8000 -1
15436946462959320 7044 -1
15436946462959320 368 -1
15436946462959930 1500 -1
15436946462959930 1500 -1
15436946462960570 3508 -1
15436946462961760 4072 -1
15436946462961860 2344 -1
15436946467964850 136 1
15436946467988328 13 -1
15436946468001070 1500 -1
15436946468001608 8000 -1
15436946468002182 2110 -1
0 0 0
15436946333584558 52 -1
15436946351484252 148 1
15436946351484252 272 1
15436946351505320 9 -1
15436946351507630 13 -1
15436946351524920 1500 -1
15436946351525430 8000 -1
15436946351528620 7044 -1
15436946351544890 1500 -1
15436946351546450 8000 -1
15436946351550750 6893 -1
15436946351550750 244 -1
15436946351577712 17 -1
0 0 0
15436946333558660 52 -1
15436946353583140 148 1
15436946353583140 271 1
15436946353604870 9 -1
15436946353607600 13 -1
15436946353622790 1500 -1
15436946353625820 8000 -1
15436946353628750 7044 -1
15436946353643798 1500 -1
15436946353644250 2403 -1
15436946353849710 17 -1
0 0 0
15436946333548500 52 -1
15436946369790450 148 1
15436946369790450 283 1
15436946369811210 9 -1
15436946369813990 13 -1
15436946369827600 1500 -1
15436946369828110 8000 -1
15436946369832440 3242 -1
15436946369940980 17 -1
