### "'28870 11104 29734 25214 28889 23084 34934 45372 18809 16736 27387 23869 27599 21353 19366 26861 26407 23589 28787 27172'"
0 0 0
15436949657511402 52 -1
15436949693625060 148 1
15436949693625060 280 1
15436949693646450 9 -1
15436949693649040 13 -1
15436949693656260 1500 -1
15436949693656830 8000 -1
15436949693677240 7045 -1
15436949693677240 1500 -1
15436949693678898 8000 -1
15436949693681520 3014 -1
15436949693995200 17 -1
0 0 0
15436949657504420 52 -1
15436949677523050 148 1
15436949677523050 280 1
15436949677544178 9 -1
15436949677546950 13 -1
15436949677552530 1500 -1
15436949677553040 8000 -1
15436949677572930 7044 -1
15436949677572930 1500 -1
15436949677575170 8000 -1
15436949677575720 3859 -1
15436949678008562 17 -1
0 0 0
15436949657508162 52 -1
15436949677579000 148 1
15436949677579000 278 1
15436949677600210 9 -1
15436949677603260 13 -1
15436949677620160 1500 -1
15436949677621800 8000 -1
15436949677624490 7044 -1
15436949677640450 1500 -1
15436949677642060 7339 -1
15436949678137810 17 -1
0 0 0
15436949657365652 52 -1
15436949677518070 148 1
15436949677518070 278 1
15436949677539380 9 -1
15436949677542620 13 -1
15436949677551960 1500 -1
15436949677552970 8000 -1
15436949677560142 1765 -1
15436949677900270 17 -1
0 0 0
15436949657584990 52 -1
15436949675737750 148 1
15436949675737750 279 1
15436949675760750 9 -1
15436949675763460 13 -1
15436949675783270 1500 -1
15436949675783880 8000 -1
15436949675802810 7044 -1
15436949675803380 1500 -1
15436949675805120 8000 -1
15436949675808452 2995 -1
15436949675924410 17 -1
0 0 0
15436949655548430 52 -1
15436949675737640 148 1
15436949675737640 266 1
15436949675759110 9 -1
15436949675762110 13 -1
15436949675766630 1500 -1
15436949675767720 6177 -1
15436949681003670 136 1
15436949681027852 13 -1
15436949681031662 1500 -1
15436949681031662 3162 -1
15436949686095418 135 1
15436949686119600 13 -1
15436949686123322 1500 -1
15436949686123828 5031 -1
15436949691151422 137 1
15436949691174460 13 -1
15436949691178340 1500 -1
15436949691178890 5015 -1
15436949696216062 137 1
15436949696239600 13 -1
15436949697616292 1500 -1
15436949697616292 1574 -1
15436949697617100 3904 -1
15436949702618020 136 1
15436949702642050 13 -1
15436949702646160 1500 -1
15436949702646812 5612 -1
15436949707647440 136 1
15436949707671670 13 -1
15436949707679040 1500 -1
15436949707679710 5429 -1
15436949712680470 137 1
15436949712704598 13 -1
15436949712711070 1500 -1
15436949712711670 5464 -1
15436949717712380 138 1
15436949717737090 13 -1
15436949717743620 1500 -1
15436949717744170 5407 -1
15436949722745090 126 1
15436949722768970 13 -1
15436949722781160 1500 -1
15436949722782800 8000 -1
15436949722789840 6964 -1
15436949722789840 1500 -1
15436949722790900 5209 -1
15436949727792030 126 1
15436949727815950 13 -1
15436949727832510 1500 -1
15436949727834150 8000 -1
15436949727835830 6946 -1
15436949727835830 1500 -1
15436949727838070 8000 -1
15436949727838640 6893 -1
15436949727839190 1500 -1
15436949727839190 675 -1
15436949732840050 134 1
15436949732863560 13 -1
15436949732874330 1500 -1
15436949732875112 8000 -1
15436949732876080 6964 -1
15436949732876080 1500 -1
15436949732877190 8000 -1
15436949732878330 6893 -1
15436949732878850 1500 -1
15436949732879370 8000 -1
15436949732880490 3113 -1
15436949737881320 139 1
15436949737905310 13 -1
15436949737911710 1500 -1
15436949737912430 8000 -1
15436949737914370 6941 -1
15436949737914370 1500 -1
15436949737914370 934 -1
15436949742915580 126 1
15436949742939140 13 -1
15436949742953330 1500 -1
15436949742954390 8000 -1
15436949742954910 6964 -1
15436949742955480 361 -1
15436949747956210 126 1
15436949747979990 13 -1
15436949747985240 1500 -1
15436949747985870 8000 -1
15436949747986900 6941 -1
15436949747986900 1500 -1
15436949747987950 8000 -1
15436949747988510 1512 -1
15436949752989170 137 1
15436949753013010 13 -1
15436949753017680 1500 -1
15436949753018392 8000 -1
15436949753019460 6965 -1
15436949753019460 1500 -1
15436949753020510 5994 -1
15436949758021140 137 1
15436949758045102 13 -1
15436949758074820 1500 -1
15436949758075600 8000 -1
15436949758076660 6941 -1
15436949758076660 1500 -1
15436949758077720 8000 -1
15436949758078270 1724 -1
15436949763078890 127 1
15436949763102478 13 -1
15436949763110580 1500 -1
15436949763111160 8000 -1
15436949763112208 6964 -1
15436949763112208 1500 -1
15436949763113330 3478 -1
15436949768114070 9 1
15436949773114090 129 1
15436949773137400 13 -1
15436949773143880 1500 -1
15436949773144510 8000 -1
15436949773145040 6964 -1
15436949773145608 1500 -1
15436949773145608 1491 -1
15436949778146810 136 1
15436949778171100 13 -1
15436949778185570 1500 -1
15436949778186390 8000 -1
15436949778187398 6941 -1
15436949778187398 1500 -1
15436949778188500 8000 -1
15436949778188550 986 -1
15436949783191120 126 1
15436949783214870 13 -1
15436949783228030 1500 -1
15436949783228750 8000 -1
15436949783229690 6969 -1
15436949783230122 1500 -1
15436949783231270 8000 -1
15436949783231320 532 -1
15436949788232250 126 1
15436949788256540 13 -1
15436949788262530 1500 -1
15436949788263270 8000 -1
15436949788264338 6941 -1
15436949788264338 1500 -1
15436949788265430 5714 -1
15436949793266010 135 1
15436949793288930 13 -1
15436949793297840 1500 -1
15436949793298530 8000 -1
15436949793299890 6964 -1
15436949793299890 1500 -1
15436949793300980 8000 -1
15436949793301560 2912 -1
15436949798302280 125 1
15436949798326730 13 -1
15436949798341370 1500 -1
15436949798342020 8000 -1
15436949798343380 6941 -1
15436949798343380 1500 -1
15436949798344988 8000 -1
15436949798345038 1297 -1
15436949803345910 137 1
15436949803373188 13 -1
15436949803385220 1500 -1
15436949803386340 8000 -1
15436949803386950 6964 -1
15436949803386950 1500 -1
15436949803387440 617 -1
15436949808389190 137 1
15436949808412810 13 -1
15436949808422670 1500 -1
15436949808423790 8000 -1
15436949808424302 6941 -1
15436949808424302 1500 -1
15436949808424808 1412 -1
15436949813426010 127 1
15436949813449410 13 -1
15436949813476970 1500 -1
15436949813477520 8000 -1
15436949813478652 6964 -1
15436949813478652 1500 -1
15436949813479710 8000 -1
15436949813480800 6893 -1
15436949813480800 489 -1
15436949818481610 127 1
15436949818505380 13 -1
15436949818527310 1500 -1
15436949818528500 8000 -1
15436949818529000 6941 -1
15436949818529000 1500 -1
15436949818530650 8000 -1
15436949818531770 6893 -1
15436949818531770 1500 -1
15436949818531770 372 -1
