### "'23696 24800 26051 26272 27068 24391 21687 23769 28966 39264 26102 23102 26972 25457 24785 22870 28781 26574 25699 23872'"
0 0 0
15436996515934350 52 -1
15436996551563380 148 1
15436996551563380 270 1
15436996551584920 9 -1
15436996551587410 13 -1
15436996551593190 1500 -1
15436996551594300 8000 -1
15436996551608650 7044 -1
15436996551613920 1500 -1
15436996551614950 8000 -1
15436996551615500 1193 -1
15436996551859550 17 -1
0 0 0
15436996513350040 52 -1
15436996533443510 148 1
15436996533464640 9 -1
15436996533772900 267 1
15436996533796340 13 -1
15436996533800810 1500 -1
15436996533801848 6463 -1
15436996538965750 123 1
15436996538989440 13 -1
15436996538994520 1500 -1
15436996538994520 4820 -1
15436996544075100 123 1
15436996544098880 13 -1
15436996544103760 1500 -1
15436996544103760 1574 -1
15436996549134318 123 1
15436996549158298 13 -1
15436996549162540 1500 -1
15436996549162540 368 -1
15436996554283710 123 1
15436996554307670 13 -1
15436996554311420 1500 -1
15436996554312140 4388 -1
15436996559312912 123 1
15436996559336710 13 -1
15436996559340270 1500 -1
15436996559340270 686 -1
15436996564341250 123 1
15436996564365190 13 -1
15436996564369230 1500 -1
15436996564369230 1497 -1
15436996569370242 123 1
15436996569393390 13 -1
15436996569396920 1500 -1
15436996569397530 4235 -1
15436996574398150 123 1
15436996574421770 13 -1
15436996574426090 1500 -1
15436996574426810 4512 -1
15436996579427430 125 1
15436996579450500 13 -1
15436996579465990 1500 -1
15436996579467918 8000 -1
15436996579486920 6941 -1
15436996579486920 1500 -1
15436996579487970 6516 -1
15436996584489080 135 1
15436996584513530 13 -1
15436996584522360 1500 -1
15436996584522840 8000 -1
15436996584523930 6964 -1
15436996584524410 1500 -1
15436996584524970 3812 -1
15436996589526082 126 1
15436996589549540 13 -1
15436996589557778 1500 -1
15436996589558280 8000 -1
15436996589559382 6941 -1
15436996589559920 1500 -1
15436996589560480 5894 -1
15436996594561530 126 1
15436996594585490 13 -1
15436996594592660 1500 -1
15436996594593192 8000 -1
15436996594594272 6964 -1
15436996594594830 1500 -1
15436996594595922 8000 -1
15436996594597590 3091 -1
15436996599598190 136 1
15436996599622030 13 -1
15436996599638340 1500 -1
15436996599640018 8000 -1
15436996599644180 6941 -1
15436996599644812 1500 -1
15436996599649590 8000 -1
15436996599650650 6893 -1
15436996599651220 1500 -1
15436996599651770 5005 -1
15436996604653298 125 1
15436996604677290 13 -1
15436996604687470 1500 -1
15436996604688200 8000 -1
15436996604689570 6964 -1
15436996604689570 1500 -1
15436996604690670 8000 -1
15436996604691228 227 -1
15436996609691870 127 1
15436996609716452 13 -1
15436996609725202 1500 -1
15436996609725910 8000 -1
15436996609727262 6941 -1
15436996609727262 1500 -1
15436996609727810 5227 -1
15436996614728798 126 1
15436996614751620 13 -1
15436996614768000 1500 -1
15436996614768550 8000 -1
15436996614769620 6964 -1
15436996614770160 1500 -1
15436996614771270 8000 -1
15436996614771320 1097 -1
15436996619772490 126 1
15436996619795908 13 -1
15436996619800370 1500 -1
15436996619800890 8000 -1
15436996619802000 6941 -1
15436996619802510 1500 -1
15436996619803590 7582 -1
15436996624804430 9 1
15436996629804340 130 1
15436996629827380 13 -1
15436996629833060 1500 -1
15436996629833600 8000 -1
15436996629834672 6964 -1
15436996629835210 1500 -1
15436996629836320 6910 -1
15436996634836950 127 1
15436996634861110 13 -1
15436996634869430 1500 -1
15436996634870570 8000 -1
15436996634871048 6965 -1
15436996634871610 1500 -1
15436996634872180 4995 -1
15436996639873250 125 1
15436996639896500 13 -1
15436996639904330 1500 -1
15436996639904940 8000 -1
15436996639905980 6941 -1
15436996639906530 1500 -1
15436996639907580 8000 -1
15436996639907640 2906 -1
15436996644908950 126 1
15436996644932520 13 -1
15436996644937450 1500 -1
15436996644937940 8000 -1
15436996644939020 6964 -1
15436996644939020 1500 -1
15436996644941000 8000 -1
15436996644941090 699 -1
15436996649942542 126 1
15436996649967050 13 -1
15436996649988200 1500 -1
15436996649988750 8000 -1
15436996649989778 6942 -1
15436996649990320 1500 -1
15436996649991428 7824 -1
15436996654992290 126 1
15436996655015430 13 -1
15436996655027640 1500 -1
15436996655028738 8000 -1
15436996655029262 6964 -1
15436996655029810 1500 -1
15436996655030980 5997 -1
15436996660032620 126 1
15436996660055770 13 -1
15436996660060980 1500 -1
15436996660061532 8000 -1
15436996660063200 6964 -1
15436996660063200 1500 -1
15436996660064280 8000 -1
15436996660064400 1601 -1
15436996665065460 126 1
15436996665089368 13 -1
15436996665101480 1500 -1
15436996665102610 8000 -1
15436996665103090 6941 -1
15436996665103650 1500 -1
15436996665104770 7225 -1
15436996670105560 126 1
15436996670129710 13 -1
15436996670134230 1500 -1
15436996670134770 8000 -1
15436996670135332 2755 -1
15436996675136002 125 1
15436996675159340 13 -1
15436996675170450 1500 -1
15436996675170980 8000 -1
15436996675172680 6941 -1
15436996675172680 1500 -1
15436996675173760 7263 -1
0 0 0
15436996515905240 52 -1
15436996533444090 148 1
15436996533444090 271 1
15436996533465740 9 -1
15436996533467610 13 -1
15436996533474490 1500 -1
15436996533475070 8000 -1
15436996533495100 7045 -1
15436996533495100 1500 -1
15436996533495610 5821 -1
15436996534000872 17 -1
0 0 0
15436996515703130 52 -1
15436996535635430 148 1
15436996535635430 271 1
15436996535657260 9 -1
15436996535659880 13 -1
15436996535669370 1500 -1
15436996535678100 8000 -1
15436996535689620 7045 -1
15436996535689620 1500 -1
15436996535691820 6925 -1
15436996536095760 17 -1
0 0 0
15436996515904760 52 -1
15436996535781990 148 1
15436996535781990 271 1
15436996535804300 9 -1
15436996535806510 13 -1
15436996535826350 1500 -1
15436996535827420 8000 -1
15436996535847620 7045 -1
15436996535847620 1500 -1
15436996535849760 8000 -1
15436996535849760 397 -1
15436996536286262 17 -1
0 0 0
15436996515852830 52 -1
15436996535784258 148 1
15436996535805370 9 -1
15436996535923942 270 1
15436996535946820 13 -1
15436996535951460 1500 -1
15436996535952050 8000 -1
15436996535972150 7044 -1
15436996535972150 1500 -1
15436996535974560 8000 -1
15436996535974560 176 -1
15436996536287860 17 -1
