### "'30880 14392 26241 23630 24468 12916 17136 26103 19409 20392 23826 33110 28503 29142 27815 27022 22135 28840 26663 22057'"
0 0 0
15437002346589170 52 -1
15437002366508940 148 1
15437002366508940 283 1
15437002366530320 9 -1
15437002366532732 13 -1
15437002367539092 1500 -1
15437002367539570 8000 -1
15437002367559690 7153 -1
15437002367559690 377 -1
15437002367559690 1500 -1
15437002367560230 1500 -1
15437002367560230 3508 -1
15437002367560230 379 -1
15437002367829198 17 -1
0 0 0
15437002346871490 52 -1
15437002364463230 148 1
15437002364463230 283 1
15437002364484640 9 -1
15437002364487470 13 -1
15437002364495880 1500 -1
15437002364497010 8000 -1
15437002364516612 7044 -1
15437002364516612 1500 -1
15437002364517692 8000 -1
15437002364521220 5005 -1
15437002364947570 17 -1
0 0 0
15437002344477970 52 -1
15437002364559100 148 1
15437002364559100 269 1
15437002364580482 9 -1
15437002364583140 13 -1
15437002364587420 1500 -1
15437002364587420 3814 -1
15437002369849150 138 1
15437002369873720 13 -1
15437002369878730 1500 -1
15437002369878730 1783 -1
15437002374883170 136 1
15437002374905980 13 -1
15437002374930040 1500 -1
15437002374933960 8000 -1
15437002374937920 6964 -1
15437002374949890 1500 -1
15437002374951560 6593 -1
15437002380026670 125 1
15437002380050550 13 -1
15437002380061470 1500 -1
15437002380061988 8000 -1
15437002380063100 3496 -1
15437002385243350 136 1
15437002385266262 13 -1
15437002385275750 1500 -1
15437002385276840 8000 -1
15437002385278570 6946 -1
15437002385279120 1500 -1
15437002385280230 8000 -1
15437002385281370 228 -1
15437002390282000 136 1
15437002390305430 13 -1
15437002391480120 1500 -1
15437002391480970 8000 -1
15437002391482040 7074 -1
15437002391482580 375 -1
15437002391483150 1500 -1
15437002391483150 1168 -1
15437002396483820 137 1
15437002396507800 13 -1
15437002397909040 1500 -1
15437002397910460 8000 -1
15437002397910982 7013 -1
15437002397910982 376 -1
15437002397911520 1500 -1
15437002397912070 1500 -1
15437002397912070 650 -1
15437002402912900 154 1
15437002402935700 13 -1
15437002402947640 1500 -1
15437002402949200 8000 -1
15437002402949690 6964 -1
15437002402949690 1500 -1
15437002402950758 5951 -1
15437002407951510 136 1
15437002407975308 13 -1
15437002407984130 1500 -1
15437002407985340 8000 -1
15437002407986830 6946 -1
15437002407986830 1500 -1
15437002407987520 8000 -1
15437002407988560 6893 -1
15437002407988560 351 -1
15437002412989470 136 1
15437002413013020 13 -1
15437002413024868 1500 -1
15437002413025670 8000 -1
15437002413027670 6964 -1
15437002413027670 1500 -1
15437002413028340 8000 -1
15437002413028850 2628 -1
15437002418029960 137 1
15437002418053220 13 -1
15437002418073050 1500 -1
15437002418074710 8000 -1
15437002418075200 6941 -1
15437002418075200 1500 -1
15437002418076830 8000 -1
15437002418076890 3267 -1
15437002423077828 137 1
15437002423101690 13 -1
15437002423117240 1500 -1
15437002423118780 8000 -1
15437002423119340 6964 -1
15437002423119340 1500 -1
15437002423120880 8000 -1
15437002423120930 1940 -1
15437002428121892 136 1
15437002428145390 13 -1
15437002429084200 1500 -1
15437002429085072 8000 -1
15437002429086800 7013 -1
15437002429086800 378 -1
15437002429086890 1500 -1
15437002429086890 1500 -1
15437002429087360 3508 -1
15437002429087960 3770 -1
15437002434089310 9 1
15437002439089388 140 1
15437002439113670 13 -1
15437002439122592 1500 -1
15437002439124200 8000 -1
15437002439124702 6964 -1
15437002439124702 1500 -1
15437002439125832 4260 -1
15437002444126552 135 1
15437002444149900 13 -1
15437002444159890 1500 -1
15437002444161610 8000 -1
15437002444162130 6964 -1
15437002444162130 1500 -1
15437002444163700 8000 -1
15437002444163790 2965 -1
15437002449164910 137 1
15437002449188070 13 -1
15437002449201490 1500 -1
15437002449202680 8000 -1
15437002449203228 6941 -1
15437002449203780 1500 -1
15437002449204890 8000 -1
15437002449204940 788 -1
15437002454205610 137 1
15437002454229600 13 -1
15437002456565930 1500 -1
15437002456565930 1500 -1
15437002456566990 8000 -1
15437002456568060 5537 -1
15437002456568060 1453 -1
15437002456568610 1500 -1
15437002456568610 2738 -1
15437002461569710 126 1
15437002461593298 13 -1
15437002461607500 1500 -1
15437002461608210 8000 -1
15437002461609270 6964 -1
15437002461609270 1500 -1
15437002461610370 8000 -1
15437002461610410 806 -1
15437002466611080 136 1
15437002466634368 13 -1
15437002466641610 1500 -1
15437002466642330 6540 -1
15437002471643190 136 1
15437002471666240 13 -1
15437002471674280 1500 -1
15437002471675100 8000 -1
15437002471676240 6964 -1
15437002471676240 841 -1
15437002476676890 135 1
15437002476700670 13 -1
15437002476708332 1500 -1
15437002476708850 8000 -1
15437002476709420 4573 -1
0 0 0
15437002346781980 52 -1
15437002366785260 148 1
15437002366785260 285 1
15437002366807042 9 -1
15437002366810948 13 -1
15437002366828352 1500 -1
15437002366829988 8000 -1
15437002366848978 7044 -1
15437002366849470 1500 -1
15437002366850600 8000 -1
15437002366850600 366 -1
15437002367136820 17 -1
0 0 0
15437002346821590 52 -1
15437002382597260 148 1
15437002382597260 283 1
15437002382619450 9 -1
15437002382622560 13 -1
15437002382629790 1500 -1
15437002382630930 8000 -1
15437002382650270 7044 -1
15437002382650270 761 -1
15437002382737170 17 -1
0 0 0
15437002346585460 52 -1
15437002366641090 148 1
15437002366641090 273 1
15437002366661780 9 -1
15437002366664730 13 -1
15437002366675200 1500 -1
15437002366675720 8000 -1
15437002366685000 5052 -1
15437002367111420 17 -1
