### "'19885 26358 32281 16192 17855 16883 19206 13098 15042 16054 24679 36784 26364 15963 23603 15830 22121 15478 20135 26869'"
0 0 0
15437020352593228 52 -1
15437020372766030 148 1
15437020372766030 283 1
15437020372787250 9 -1
15437020372789928 13 -1
15437020372794098 1500 -1
15437020372795740 8000 -1
15437020372815508 6852 -1
15437020372936440 17 -1
0 0 0
15437020352547040 52 -1
15437020372610560 148 1
15437020372610560 272 1
15437020372631832 9 -1
15437020372634620 13 -1
15437020372645090 1500 -1
15437020372645610 8000 -1
15437020372665740 7044 -1
15437020372665740 1500 -1
15437020372667950 8000 -1
15437020372667950 483 -1
15437020372871038 17 -1
0 0 0
15437020350509100 52 -1
15437020370577062 148 1
15437020370577062 269 1
15437020370598380 9 -1
15437020370600770 13 -1
15437020370604220 1500 -1
15437020370604220 4534 -1
15437020375803350 136 1
15437020375826380 13 -1
15437020375831810 1500 -1
15437020375832360 5678 -1
15437020380889000 139 1
15437020380912420 13 -1
15437020380916430 1500 -1
15437020380916980 6133 -1
15437020385931880 136 1
15437020385954800 13 -1
15437020385958720 1500 -1
15437020385959270 6331 -1
15437020391044980 138 1
15437020391069160 13 -1
15437020391073330 1500 -1
15437020391073980 3930 -1
15437020396074640 125 1
15437020396098710 13 -1
15437020396107090 1500 -1
15437020396108520 8000 -1
15437020396109108 6941 -1
15437020396109610 508 -1
15437020401110290 125 1
15437020401134830 13 -1
15437020401139350 1500 -1
15437020401140910 8000 -1
15437020401141460 6969 -1
15437020401141460 1500 -1
15437020401142020 1331 -1
15437020406143140 137 1
15437020406166720 13 -1
15437020406170700 1500 -1
15437020406171380 8000 -1
15437020406172480 3655 -1
15437020411173170 126 1
15437020411197010 13 -1
15437020411206700 1500 -1
15437020411207990 8000 -1
15437020411208550 5622 -1
15437020416209490 126 1
15437020416232410 13 -1
15437020416238648 1500 -1
15437020416239870 8000 -1
15437020416240430 6611 -1
15437020421241040 138 1
15437020421265522 13 -1
15437020421276370 1500 -1
15437020421277070 8000 -1
15437020421279090 6964 -1
15437020421279668 1500 -1
15437020421280780 6804 -1
15437020426281340 137 1
15437020426305780 13 -1
15437020426312940 1500 -1
15437020426313670 8000 -1
15437020426315120 6942 -1
15437020426315120 1500 -1
15437020426317270 8000 -1
15437020426318350 6893 -1
15437020426318350 1500 -1
15437020426318900 2525 -1
15437020431319770 126 1
15437020431344180 13 -1
15437020431359078 1500 -1
15437020431359790 8000 -1
15437020431360878 6964 -1
15437020431361440 1500 -1
15437020431362510 8000 -1
15437020431362570 489 -1
15437020436363310 125 1
15437020436387040 13 -1
15437020436391520 1500 -1
15437020436392168 8000 -1
15437020436393500 6520 -1
15437020441394200 135 1
15437020441417710 13 -1
15437020441427200 1500 -1
15437020441427850 8000 -1
15437020441428940 6964 -1
15437020441428940 1500 -1
15437020441429470 5728 -1
15437020446430572 9 1
15437020451430560 138 1
15437020451454060 13 -1
15437020451461700 1500 -1
15437020451462842 8000 -1
15437020451463410 6410 -1
15437020456464040 125 1
15437020456487820 13 -1
15437020456491430 1500 -1
15437020456492620 8000 -1
15437020456493690 6942 -1
15437020456493690 1500 -1
15437020456494220 4246 -1
15437020461495162 126 1
15437020461519548 13 -1
15437020461526730 1500 -1
15437020461527830 8000 -1
15437020461528940 6058 -1
15437020466529870 124 1
15437020466553770 13 -1
15437020466559070 1500 -1
15437020466560120 8000 -1
15437020466560668 6941 -1
15437020466561260 1500 -1
15437020466561260 2260 -1
15437020471562380 126 1
15437020471586010 13 -1
15437020471608180 1500 -1
15437020471608750 8000 -1
15437020471609800 6964 -1
15437020471610330 1500 -1
15437020471611440 8000 -1
15437020471611490 994 -1
15437020476612410 136 1
15437020476635790 13 -1
15437020476644600 1500 -1
15437020476645870 8000 -1
15437020476646380 6941 -1
15437020476646950 1500 -1
15437020476647520 4469 -1
15437020481648140 126 1
15437020481672370 13 -1
15437020481681358 1500 -1
15437020481682128 8000 -1
15437020481682620 6964 -1
15437020481683158 1500 -1
15437020481683158 1401 -1
15437020486684020 135 1
15437020486709250 13 -1
15437020486714470 1500 -1
15437020486715870 8000 -1
15437020486716270 6941 -1
15437020486716800 1500 -1
15437020486717392 3835 -1
15437020491718080 125 1
15437020491742490 13 -1
15437020491755820 1500 -1
15437020491757090 8000 -1
15437020491757570 6964 -1
15437020491758380 1500 -1
15437020491758922 5034 -1
0 0 0
15437020352684200 52 -1
15437020370572960 148 1
15437020370572960 283 1
15437020370594380 9 -1
15437020370597270 13 -1
15437020370610600 1500 -1
15437020370615240 8000 -1
15437020370619600 7044 -1
15437020370631160 1500 -1
15437020370631710 2010 -1
15437020370910450 17 -1
0 0 0
15437020352661560 52 -1
15437020388780470 148 1
15437020388780470 282 1
15437020388801480 9 -1
15437020388804100 13 -1
15437020388812562 1500 -1
15437020388822190 8000 -1
15437020388832682 7044 -1
15437020388832682 1480 -1
15437020389036250 17 -1
0 0 0
15437020352489340 52 -1
15437020372610480 148 1
15437020372610480 283 1
15437020372632370 9 -1
15437020372635180 13 -1
15437020372640480 1500 -1
15437020372641060 8000 -1
15437020372661560 7044 -1
15437020372661560 1500 -1
15437020372666882 8000 -1
15437020372668510 6406 -1
15437020372931280 17 -1
