### "'20745 23121 25737 16960 33586 23905 34521 19409 28083 21196 24051 32771 26034 16490 26875 31432 24793 17146 33219 22493'"
0 0 0
15437026377357340 52 -1
15437026413759860 148 1
15437026413759860 275 1
15437026413780660 9 -1
15437026413783440 13 -1
15437026413792788 1500 -1
15437026413801270 8000 -1
15437026413805680 7044 -1
15437026413812972 1500 -1
15437026413812972 1534 -1
15437026413915960 17 -1
0 0 0
15437026377177600 52 -1
15437026397241630 148 1
15437026397241630 286 1
15437026397263178 9 -1
15437026397266840 13 -1
15437026397287070 1500 -1
15437026397288070 8000 -1
15437026397307178 7044 -1
15437026397307178 1500 -1
15437026397309142 7862 -1
15437026397565680 17 -1
0 0 0
15437026375669710 52 -1
15437026395826408 148 1
15437026395826408 272 1
15437026395847640 9 -1
15437026395850192 13 -1
15437026395855250 1500 -1
15437026395855790 5620 -1
15437026401278370 137 1
15437026401301770 13 -1
15437026402274590 1500 -1
15437026402275650 8000 -1
15437026402276760 7079 -1
15437026402276760 375 -1
15437026402277870 1500 -1
15437026402295390 8000 -1
15437026402296450 6893 -1
15437026402296450 461 -1
15437026402296450 9 -1
15437026407333680 126 1
15437026407358740 13 -1
15437026407373640 1500 -1
15437026407375410 8000 -1
15437026407376500 6946 -1
15437026407376500 1500 -1
15437026407377638 6030 -1
15437026412401790 135 1
15437026412425530 13 -1
15437026413429850 1500 -1
15437026413430380 8000 -1
15437026413431430 7037 -1
15437026413431430 378 -1
15437026413431950 1500 -1
15437026413433590 8000 -1
15437026413434100 6893 -1
15437026413434100 1393 -1
15437026413434100 9 -1
15437026418573100 126 1
15437026418597310 13 -1
15437026418608740 1500 -1
15437026418609230 8000 -1
15437026418610302 6942 -1
15437026418610302 1500 -1
15437026418611410 8000 -1
15437026418611970 2208 -1
15437026423613550 125 1
15437026423636780 13 -1
15437026423645730 1500 -1
15437026423646240 8000 -1
15437026423647370 6964 -1
15437026423647370 1500 -1
15437026423648068 3321 -1
15437026428649990 126 1
15437026428673070 13 -1
15437026428702468 1500 -1
15437026428703000 8000 -1
15437026428704090 6941 -1
15437026428704090 1500 -1
15437026428705210 6176 -1
15437026433706120 137 1
15437026433729770 13 -1
15437026433738730 1500 -1
15437026433739272 8000 -1
15437026433740330 6969 -1
15437026433740330 1500 -1
15437026433741440 8000 -1
15437026433742550 6893 -1
15437026433742550 12 -1
15437026438743360 166 1
15437026438766552 13 -1
15437026438782580 1500 -1
15437026438783140 8000 -1
15437026438784280 6941 -1
15437026438784740 1500 -1
15437026438785840 8000 -1
15437026438785902 159 -1
15437026443786700 137 1
15437026443810530 13 -1
15437026445320110 1500 -1
15437026445320612 1564 -1
15437026445321190 4072 -1
15437026445321680 4072 -1
15437026445322248 4072 -1
15437026445322248 1372 -1
15437026445322350 9 -1
15437026450323610 125 1
15437026450346870 13 -1
15437026450359400 1500 -1
15437026450359920 8000 -1
15437026450361012 6964 -1
15437026450361012 1500 -1
15437026450362092 8000 -1
15437026450362630 1000 -1
15437026455363510 126 1
15437026455386180 13 -1
15437026455396358 1500 -1
15437026455396860 8000 -1
15437026455397970 6941 -1
15437026455398510 1500 -1
15437026455399620 8000 -1
15437026455400190 5557 -1
15437026460402770 126 1
15437026460426080 13 -1
15437026460439170 1500 -1
15437026460439710 8000 -1
15437026460440800 6964 -1
15437026460440800 1500 -1
15437026460441908 6918 -1
15437026465442582 9 1
15437026470442690 128 1
15437026470465970 13 -1
15437026470473660 1500 -1
15437026470474260 8000 -1
15437026470475320 6964 -1
15437026470475320 771 -1
15437026475476260 136 1
15437026475499630 13 -1
15437026476446450 1500 -1
15437026476447410 8000 -1
15437026476448400 7014 -1
15437026476448400 378 -1
15437026476448970 1500 -1
15437026476450080 8000 -1
15437026476450620 6893 -1
15437026476450620 91 -1
15437026476450620 9 -1
15437026481451650 135 1
15437026481475698 13 -1
15437026482410230 1500 -1
15437026482411170 8000 -1
15437026482412190 7037 -1
15437026482412190 379 -1
15437026482412730 1500 -1
15437026482412730 1500 -1
15437026482413290 2748 -1
15437026487414200 125 1
15437026487437400 13 -1
15437026487451470 1500 -1
15437026487452158 8000 -1
15437026487453050 6941 -1
15437026487453560 1500 -1
15437026487454710 8000 -1
15437026487454792 783 -1
15437026492455520 136 1
15437026492479630 13 -1
15437026493852360 1500 -1
15437026493852360 1568 -1
15437026493853250 4072 -1
15437026493853770 4072 -1
15437026493853770 2471 -1
15437026498855350 126 1
15437026498878000 13 -1
15437026498886412 1500 -1
15437026498887150 8000 -1
15437026498888560 6941 -1
15437026498888560 1500 -1
15437026498889120 4549 -1
15437026503890020 125 1
15437026503913650 13 -1
15437026503929410 1500 -1
15437026503930900 8000 -1
15437026503931438 6964 -1
15437026503931438 1500 -1
15437026503932530 6056 -1
0 0 0
15437026377459322 52 -1
15437026395770590 148 1
15437026395770590 274 1
15437026395792438 9 -1
15437026395795730 13 -1
15437026395804350 1500 -1
15437026395813570 8000 -1
15437026395825240 7044 -1
15437026395825240 1500 -1
15437026395825780 2870 -1
15437026396346720 17 -1
0 0 0
15437026377055890 52 -1
15437026397003470 148 1
15437026397003470 274 1
15437026397024680 9 -1
15437026397027820 13 -1
15437026397039860 1500 -1
15437026397044950 8000 -1
15437026397049520 7044 -1
15437026397059578 1500 -1
15437026397061920 5246 -1
15437026397560520 17 -1
0 0 0
15437026377327550 52 -1
15437026397310850 148 1
15437026397310850 286 1
15437026397331560 9 -1
15437026397333700 13 -1
15437026397341470 1500 -1
15437026397342492 8000 -1
15437026397362080 7044 -1
15437026397362080 585 -1
15437026397579520 17 -1
