### "'21292 16983 30309 37486 13933 18822 14935 27662 18323 21616 33162 16764 28120 19329 18520 10682 28688 19218 26741 17739'"
0 0 0
15437035057604630 52 -1
15437035077676150 148 1
15437035077676150 275 1
15437035077698532 9 -1
15437035077702000 13 -1
15437035077707780 1500 -1
15437035077708860 8000 -1
15437035077723492 7044 -1
15437035077727580 608 -1
15437035078018860 17 -1
0 0 0
15437035057808710 52 -1
15437035093812670 148 1
15437035093812670 285 1
15437035093833940 9 -1
15437035093836182 13 -1
15437035093844230 1500 -1
15437035093845790 8000 -1
15437035093856620 4593 -1
15437035094150500 17 -1
0 0 0
15437035057668700 52 -1
15437035077678462 148 1
15437035077678462 275 1
15437035077699612 9 -1
15437035077702070 13 -1
15437035077712122 1500 -1
15437035077712628 8000 -1
15437035077732680 7044 -1
15437035077732680 1500 -1
15437035077734370 8000 -1
15437035077738162 4434 -1
15437035078087760 17 -1
0 0 0
15437035057785260 52 -1
15437035077853470 148 1
15437035077853470 287 1
15437035077875040 9 -1
15437035077877280 13 -1
15437035077888442 1500 -1
15437035077889472 8000 -1
15437035077898570 7044 -1
15437035077909190 1500 -1
15437035077911260 8000 -1
15437035077913900 6893 -1
15437035077913900 1500 -1
15437035077914460 3227 -1
15437035078192210 17 -1
0 0 0
15437035055636000 52 -1
15437035075753670 148 1
15437035075753670 271 1
15437035075774940 9 -1
15437035075777162 13 -1
15437035075782380 1500 -1
15437035075782380 5293 -1
15437035081089910 136 1
15437035081113790 13 -1
15437035081120240 1500 -1
15437035081120780 6795 -1
15437035086159912 139 1
15437035086183670 13 -1
15437035086187652 1500 -1
15437035086188190 4874 -1
15437035091272180 138 1
15437035091295950 13 -1
15437035091299738 1500 -1
15437035091299738 4580 -1
15437035096353220 138 1
15437035096377390 13 -1
15437035096380580 1500 -1
15437035096381130 6163 -1
15437035101381860 137 1
15437035101405580 13 -1
15437035101409572 1500 -1
15437035101410570 7820 -1
15437035106411160 138 1
15437035106434770 13 -1
15437035106440570 1500 -1
15437035106441130 4488 -1
15437035111441850 136 1
15437035111466190 13 -1
15437035112830370 1500 -1
15437035112830370 1601 -1
15437035112830920 4072 -1
15437035112830920 364 -1
15437035117832270 137 1
15437035117856122 13 -1
15437035117862930 1500 -1
15437035117863610 4036 -1
15437035122864398 137 1
15437035122887500 13 -1
15437035122901270 1500 -1
15437035122902688 8000 -1
15437035122908400 6965 -1
15437035122908400 1500 -1
15437035122908400 947 -1
15437035127909580 126 1
15437035127933290 13 -1
15437035127940190 1500 -1
15437035127941300 8000 -1
15437035127941850 5492 -1
15437035132942700 127 1
15437035132966330 13 -1
15437035132976028 1500 -1
15437035132976740 8000 -1
15437035132978720 6969 -1
15437035132978720 1500 -1
15437035132979400 8000 -1
15437035132981050 1787 -1
15437035137981730 135 1
15437035138005322 13 -1
15437035138016140 1500 -1
15437035138017240 8000 -1
15437035138018290 6941 -1
15437035138018290 1500 -1
15437035138018290 448 -1
15437035143019380 127 1
15437035143042510 13 -1
15437035143052730 1500 -1
15437035143053480 8000 -1
15437035143054640 6965 -1
15437035143054640 1500 -1
15437035143055140 3741 -1
15437035148057042 125 1
15437035148080450 13 -1
15437035148087680 1500 -1
15437035148088400 6949 -1
15437035153089190 126 1
15437035153113470 13 -1
15437035153139100 1500 -1
15437035153139100 8000 -1
15437035153140350 6964 -1
15437035153140350 1500 -1
15437035153142030 8000 -1
15437035153142570 6893 -1
15437035153142570 403 -1
15437035158143440 125 1
15437035158167510 13 -1
15437035158175048 1500 -1
15437035158176178 8000 -1
15437035158177220 6941 -1
15437035158177220 389 -1
15437035163178080 126 1
15437035163201570 13 -1
15437035163215138 1500 -1
15437035163215650 8000 -1
15437035163216720 6964 -1
15437035163216720 1500 -1
15437035163217850 8000 -1
15437035163218400 2245 -1
15437035168219180 9 1
15437035173219340 140 1
15437035173242700 13 -1
15437035173254262 1500 -1
15437035173254810 8000 -1
15437035173255898 6964 -1
15437035173255898 1500 -1
15437035173256440 1454 -1
15437035178257590 126 1
15437035178281190 13 -1
15437035178298100 1500 -1
15437035178299698 8000 -1
15437035178300100 6941 -1
15437035178300100 1500 -1
15437035178300100 645 -1
15437035183301780 126 1
15437035183324890 13 -1
15437035183332350 1500 -1
15437035183332860 8000 -1
15437035183333408 1262 -1
15437035188336060 136 1
15437035188359070 13 -1
15437035188369600 1500 -1
15437035188370090 8000 -1
15437035188371192 6941 -1
15437035188371760 1500 -1
15437035188372850 8000 -1
15437035188373430 2813 -1
15437035193374180 125 1
15437035193397790 13 -1
15437035196963900 538 -1
15437035198140400 1500 -1
15437035198141242 8000 -1
15437035198142330 6893 -1
15437035198142920 1500 -1
15437035198142920 936 -1
15437035198142992 32 -1
15437035203144590 126 1
15437035203168370 13 -1
15437035204534910 1500 -1
15437035204535380 8000 -1
15437035204537120 7037 -1
15437035204537120 393 -1
15437035204537120 1500 -1
15437035204537662 1500 -1
15437035204537662 3508 -1
15437035204538218 3474 -1
15437035209539950 125 1
15437035209562572 13 -1
15437035210562680 1500 -1
15437035210563778 8000 -1
15437035210564340 7038 -1
15437035210564340 394 -1
15437035210564850 979 -1
15437035215565960 125 1
15437035215589850 13 -1
15437035215602838 1500 -1
15437035215603390 8000 -1
15437035215604550 5747 -1
15437035220605320 125 1
15437035220628350 13 -1
15437035220636302 1500 -1
15437035220636830 8000 -1
15437035220637370 1553 -1
15437035225638580 125 1
15437035225662640 13 -1
15437035225704450 1500 -1
15437035225706260 8000 -1
15437035225706790 6941 -1
15437035225707340 1500 -1
15437035225708448 7532 -1
0 0 0
15437035057865750 52 -1
15437035075671160 148 1
15437035075692812 9 -1
15437035075720100 275 1
15437035075742940 13 -1
15437035075753770 1500 -1
15437035075754330 8000 -1
15437035075774390 7044 -1
15437035075774390 1500 -1
15437035075776110 3417 -1
15437035076022690 17 -1
