### "'25614 23908 34104 26561 32065 31319 16244 17280 22811 19431 29928 21294 13633 28272 12311 21054 23314 33855 24119 23879'"
0 0 0
15437051114465302 52 -1
15437051134465110 148 1
15437051134486070 9 -1
15437051134659268 260 1
15437051134681972 13 -1
15437051134687790 1500 -1
15437051134687790 2758 -1
15437051139987740 125 1
15437051140010120 13 -1
15437051140979360 1500 -1
15437051140980340 8000 -1
15437051141000350 7074 -1
15437051141000350 391 -1
15437051141000350 1500 -1
15437051141000870 1500 -1
15437051141001440 3508 -1
15437051141009970 4072 -1
15437051141010530 4072 -1
15437051141015330 656 -1
15437051146076090 126 1
15437051146099470 13 -1
15437051147439700 514 -1
15437051147441630 1500 -1
15437051147442140 8000 -1
15437051147443190 6893 -1
15437051147443190 1160 -1
15437051147444310 1500 -1
15437051147445450 2581 -1
15437051147446650 4072 -1
15437051147447200 4072 -1
15437051147447760 1183 -1
15437051152562370 135 1
15437051152585350 13 -1
15437051153596790 1500 -1
15437051153596790 1565 -1
15437051153597290 4072 -1
15437051153597880 4072 -1
15437051153598380 4072 -1
15437051153598380 1115 -1
15437051158631780 138 1
15437051158655100 13 -1
15437051159588680 1500 -1
15437051159589760 8000 -1
15437051159590940 7013 -1
15437051159590940 375 -1
15437051159591450 1500 -1
15437051159591450 1500 -1
15437051159592000 3070 -1
15437051164593110 137 1
15437051164616260 13 -1
15437051167481800 521 -1
15437051168428940 1500 -1
15437051168429770 8000 -1
15437051168430850 6893 -1
15437051168430850 1500 -1
15437051168430850 936 -1
15437051168430850 261 -1
15437051173432110 125 1
15437051173456540 13 -1
15437051174418740 536 -1
15437051174420690 1500 -1
15437051174421210 8000 -1
15437051174422370 6893 -1
15437051174422370 1160 -1
15437051174422910 1500 -1
15437051174423480 2581 -1
15437051174423980 4072 -1
15437051174424540 3867 -1
15437051179425280 137 1
15437051179448920 13 -1
15437051180612522 1500 -1
15437051180613580 8000 -1
15437051180614620 7036 -1
15437051180614620 375 -1
15437051180615150 1500 -1
15437051180615150 1500 -1
15437051180615700 1553 -1
15437051185616450 125 1
15437051185639880 13 -1
15437051186774830 1500 -1
15437051186775360 1559 -1
15437051186775950 4072 -1
15437051186776480 4072 -1
15437051186777020 2559 -1
15437051191777780 136 1
15437051191802052 13 -1
15437051192737492 1500 -1
15437051192738070 8000 -1
15437051192739060 7038 -1
15437051192739060 379 -1
15437051192739580 1500 -1
15437051192740140 1500 -1
15437051192740140 3508 -1
15437051192742350 4072 -1
15437051192742350 947 -1
15437051197743152 125 1
15437051197766170 13 -1
15437051198664020 1500 -1
15437051198664020 1559 -1
15437051198664570 4072 -1
15437051198665080 4072 -1
15437051198665080 1237 -1
15437051203667080 136 1
15437051203690482 13 -1
15437051204655840 1500 -1
15437051204656730 8000 -1
15437051204657618 7037 -1
15437051204657618 380 -1
15437051204658520 1500 -1
15437051204658520 1500 -1
15437051204659070 1308 -1
15437051209660110 125 1
15437051209684260 13 -1
15437051211079590 1500 -1
15437051211080598 8000 -1
15437051211081710 7038 -1
15437051211081710 394 -1
15437051211082320 1500 -1
15437051211082320 1500 -1
15437051211082830 3508 -1
15437051211082830 46 -1
15437051216087110 9 1
15437051221087120 140 1
15437051221110630 13 -1
15437051222117320 1500 -1
15437051222118220 8000 -1
15437051222119360 7038 -1
15437051222119360 376 -1
15437051222120270 1500 -1
15437051222120730 8000 -1
15437051222121780 6893 -1
15437051222121780 729 -1
15437051222121820 9 -1
15437051227122870 138 1
15437051227146512 13 -1
15437051228311730 1500 -1
15437051228312640 8000 -1
15437051228313610 7014 -1
15437051228313610 373 -1
15437051228314140 1500 -1
15437051228314682 1500 -1
15437051228315238 3508 -1
15437051228315238 872 -1
15437051233315920 137 1
15437051233339860 13 -1
15437051236201010 523 -1
15437051237146170 1500 -1
15437051237147160 8000 -1
15437051237148060 6893 -1
15437051237148622 1500 -1
15437051237148622 936 -1
15437051237149200 1500 -1
15437051237149200 2581 -1
15437051237149200 626 -1
15437051242151560 136 1
15437051242174900 13 -1
15437051243510080 1500 -1
15437051243510900 8000 -1
15437051243511950 7037 -1
15437051243511950 379 -1
15437051243512520 1500 -1
15437051243512520 1500 -1
15437051243513060 3508 -1
15437051243513060 580 -1
15437051248514212 137 1
15437051248537468 13 -1
15437051249502010 482 -1
15437051249503760 1500 -1
15437051249504458 8000 -1
15437051249505520 6893 -1
15437051249507548 1500 -1
15437051249508650 8000 -1
15437051249509708 6893 -1
15437051249509708 316 -1
15437051249509740 9 -1
15437051254510530 135 1
15437051254534668 13 -1
15437051255464920 1500 -1
15437051255465780 8000 -1
15437051255466840 7039 -1
15437051255466840 377 -1
15437051255467400 1161 -1
15437051260468040 135 1
15437051260491040 13 -1
15437051261457332 1500 -1
15437051261458440 8000 -1
15437051261458990 7037 -1
15437051261459530 376 -1
15437051261459530 1500 -1
15437051261460660 8000 -1
15437051261461660 6893 -1
15437051261461660 1500 -1
15437051261461660 331 -1
15437051261461660 9 -1
0 0 0
15437051116261580 52 -1
15437051136225640 148 1
15437051136225640 270 1
15437051136246640 9 -1
15437051136249020 13 -1
15437051137245880 1500 -1
15437051137246900 8000 -1
15437051137266520 7154 -1
15437051137267010 390 -1
15437051137267010 1500 -1
15437051137268850 8000 -1
15437051137270730 6893 -1
15437051137270730 964 -1
15437051137270730 9 -1
15437051137793130 17 -1
0 0 0
15437051116381140 52 -1
15437051136580132 148 1
15437051136580132 270 1
15437051136601500 9 -1
15437051136603870 13 -1
15437051137610950 1500 -1
15437051137612520 8000 -1
15437051137631190 7154 -1
15437051137631680 392 -1
15437051137631680 1500 -1
15437051137632970 1500 -1
15437051137633550 3508 -1
15437051137634088 3295 -1
15437051137848940 17 -1
0 0 0
15437051116539070 52 -1
15437051152673300 148 1
15437051152673300 270 1
15437051152694030 9 -1
15437051152696770 13 -1
15437051153627560 653 -1
15437051153628672 1500 -1
15437051153629798 8000 -1
15437051153648660 6893 -1
15437051153648660 522 -1
15437051153648660 9 -1
15437051153731238 17 -1
0 0 0
15437051116338790 52 -1
15437051136519590 148 1
15437051136519590 281 1
15437051136541510 9 -1
15437051136544480 13 -1
15437051137015970 1500 -1
15437051137017022 8000 -1
15437051137037640 7155 -1
15437051137037640 378 -1
15437051137037640 1500 -1
15437051137038150 1500 -1
15437051137038150 3508 -1
15437051137038700 656 -1
15437051137663100 17 -1
0 0 0
15437051116494000 52 -1
15437051134457800 148 1
15437051134457800 269 1
15437051134479470 9 -1
15437051134481450 13 -1
15437051134490440 1500 -1
15437051134500310 8000 -1
15437051134510880 7044 -1
15437051134510880 1500 -1
15437051134512420 7739 -1
15437051134975710 17 -1
