### "'23152 20659 24890 24219 20669 22216 21043 17815 14907 20432 14901 20285 20254 19655 22836 13884 16257 19497 15916 21746'"
0 0 0
15437062423396070 52 -1
15437062459442870 148 1
15437062459442870 280 1
15437062459465010 9 -1
15437062459467360 13 -1
15437062459473290 1500 -1
15437062459474968 8000 -1
15437062459494218 7044 -1
15437062459494218 1500 -1
15437062459495910 7015 -1
15437062459696040 17 -1
0 0 0
15437062423395510 52 -1
15437062443244870 148 1
15437062443266302 9 -1
15437062443398818 267 1
15437062443421760 13 -1
15437062443424960 1500 -1
15437062443425990 8000 -1
15437062443426060 28 -1
15437062443756790 17 -1
0 0 0
15437062423186172 52 -1
15437062443215430 148 1
15437062443236548 9 -1
15437062443382420 266 1
15437062443406100 13 -1
15437062443410540 1500 -1
15437062443411550 8000 -1
15437062443411620 353 -1
15437062443759460 17 -1
0 0 0
15437062423106710 52 -1
15437062443152670 148 1
15437062443152670 278 1
15437062443174890 9 -1
15437062443178410 13 -1
15437062443192750 1500 -1
15437062443195700 8000 -1
15437062443200410 7044 -1
15437062443212840 1500 -1
15437062443214510 2784 -1
15437062443764350 17 -1
0 0 0
15437062421307930 52 -1
15437062441298708 148 1
15437062441298708 264 1
15437062441338962 9 -1
15437062441341750 13 -1
15437062441345640 1500 -1
15437062441345640 3389 -1
15437062446462830 138 1
15437062446485270 13 -1
15437062446489338 1500 -1
15437062446489338 1601 -1
15437062451576650 139 1
15437062451600270 13 -1
15437062451603950 1500 -1
15437062451604490 6549 -1
15437062456611820 137 1
15437062456635010 13 -1
15437062456639600 1500 -1
15437062456639600 4385 -1
15437062461645948 138 1
15437062461670180 13 -1
15437062461673738 1500 -1
15437062461674420 5173 -1
15437062466675160 135 1
15437062466698230 13 -1
15437062467717630 1500 -1
15437062467717630 1581 -1
15437062467717630 1256 -1
15437062472719440 136 1
15437062472742610 13 -1
15437062472748620 1500 -1
15437062472749300 5214 -1
15437062477750030 135 1
15437062477773140 13 -1
15437062477781330 1500 -1
15437062477782440 8000 -1
15437062477786340 6941 -1
15437062477787020 1500 -1
15437062477801550 6344 -1
15437062482802400 125 1
15437062482826058 13 -1
15437062482829580 1500 -1
15437062482830250 8000 -1
15437062482831882 6964 -1
15437062482832420 1500 -1
15437062482832420 2794 -1
15437062487833580 136 1
15437062487856570 13 -1
15437062488865860 1500 -1
15437062488866840 8000 -1
15437062488868520 7013 -1
15437062488868520 379 -1
15437062488868520 1500 -1
15437062488869050 1500 -1
15437062488869050 2471 -1
15437062493870550 126 1
15437062493893500 13 -1
15437062493910220 1500 -1
15437062493910748 8000 -1
15437062493912360 6964 -1
15437062493912360 1500 -1
15437062493912960 3168 -1
15437062498913850 136 1
15437062498936800 13 -1
15437062498942220 1500 -1
15437062498943960 8000 -1
15437062498945050 6941 -1
15437062498945050 1440 -1
15437062503945920 137 1
15437062503968840 13 -1
15437062503986740 1500 -1
15437062503987220 8000 -1
15437062503988308 5487 -1
15437062508988940 126 1
15437062509011460 13 -1
15437062509036720 1500 -1
15437062509037270 8000 -1
15437062509038940 6946 -1
15437062509038940 1500 -1
15437062509039490 2557 -1
15437062514040480 137 1
15437062514064710 13 -1
15437062514072540 1500 -1
15437062514073240 8000 -1
15437062514074140 5482 -1
15437062519074990 135 1
15437062519098460 13 -1
15437062519103640 1500 -1
15437062519104760 8000 -1
15437062519105850 6942 -1
15437062519105850 1500 -1
15437062519106410 2410 -1
15437062524107450 136 1
15437062524130850 13 -1
15437062524139510 1500 -1
15437062524139960 8000 -1
15437062524141570 6964 -1
15437062524141570 1500 -1
15437062524142138 2379 -1
15437062529143800 9 1
15437062534143860 140 1
15437062534167800 13 -1
15437062534181920 1500 -1
15437062534182600 8000 -1
15437062534184570 6964 -1
15437062534184570 1500 -1
15437062534184570 1780 -1
15437062539186110 136 1
15437062539209040 13 -1
15437062539226610 1500 -1
15437062539227870 8000 -1
15437062539228980 6941 -1
15437062539228980 1500 -1
15437062539229540 4961 -1
15437062544230520 137 1
15437062544254320 13 -1
15437062544259320 1500 -1
15437062544260020 8000 -1
15437062544260560 4464 -1
15437062549261270 136 1
15437062549284160 13 -1
15437062549307370 1500 -1
15437062549308200 8000 -1
15437062549309198 6814 -1
15437062554310090 137 1
15437062554333430 13 -1
15437062554340488 1500 -1
15437062554342150 8000 -1
15437062554342680 6964 -1
15437062554342680 1500 -1
15437062554342680 1622 -1
15437062559344280 137 1
15437062559367860 13 -1
15437062559378670 1500 -1
15437062559379370 8000 -1
15437062559381020 6473 -1
15437062564381620 136 1
15437062564405640 13 -1
15437062564412748 1500 -1
15437062564413422 8000 -1
15437062564415030 6964 -1
15437062564415030 1500 -1
15437062564415578 3871 -1
15437062569416490 154 1
15437062569439680 13 -1
15437062569448290 1500 -1
15437062569449460 8000 -1
15437062569449980 6885 -1
15437062574450650 136 1
15437062574474120 13 -1
15437062574483510 1500 -1
15437062574484100 8000 -1
15437062574485440 5911 -1
0 0 0
15437062423390410 52 -1
15437062441276482 148 1
15437062441276482 279 1
15437062441297870 9 -1
15437062441300672 13 -1
15437062441313150 1500 -1
15437062441318430 8000 -1
15437062441321700 7044 -1
15437062441333740 1500 -1
15437062441336450 5277 -1
15437062441730462 17 -1
