### "'39536 18274 37076 26955 26571 20096 32652 16236 23605 39185 22294 31600 15598 25422 28792 16521 28985 17341 35196 18043'"
0 0 0
15436033928111910 52 -1
15436033948291870 148 1
15436033948291870 272 1
15436033948313280 9 -1
15436033948315690 13 -1
15436033948338210 1500 -1
15436033948357930 8000 -1
15436033948369500 7044 -1
15436033948369500 1500 -1
15436033948373270 8000 -1
15436033948378370 1080 -1
15436033948767530 17 -1
0 0 0
15436033928211902 52 -1
15436033946479070 148 1
15436033946479070 283 1
15436033946500160 9 -1
15436033946502932 13 -1
15436033946510210 1500 -1
15436033946510720 8000 -1
15436033946530960 7044 -1
15436033946530960 1500 -1
15436033946533130 8000 -1
15436033946537110 6893 -1
15436033946537110 1500 -1
15436033946541050 5277 -1
15436033946812560 17 -1
0 0 0
15436033928248310 52 -1
15436033948302590 148 1
15436033948302590 273 1
15436033948323640 9 -1
15436033948325580 13 -1
15436033948338790 1500 -1
15436033948344200 8000 -1
15436033948348770 7044 -1
15436033948359050 1500 -1
15436033948359050 399 -1
15436033948752560 17 -1
0 0 0
15436033928221400 52 -1
15436033964565280 148 1
15436033964565280 273 1
15436033964586440 9 -1
15436033964588620 13 -1
15436033964595972 1500 -1
15436033964596500 8000 -1
15436033964616510 6896 -1
15436033964865940 17 -1
0 0 0
15436033926308370 52 -1
15436033946549990 148 1
15436033946549990 269 1
15436033946571610 9 -1
15436033946574040 13 -1
15436033946579470 1500 -1
15436033946579470 3170 -1
15436033951737990 126 1
15436033951761720 13 -1
15436033951776330 1500 -1
15436033951777440 8000 -1
15436033951782780 6969 -1
15436033951783360 1500 -1
15436033951797668 8000 -1
15436033951797668 696 -1
15436033956897932 127 1
15436033956922340 13 -1
15436033956929222 1500 -1
15436033956930260 8000 -1
15436033956930820 6941 -1
15436033956931370 1500 -1
15436033956931920 2221 -1
15436033961979610 137 1
15436033962002940 13 -1
15436033962015590 1500 -1
15436033962016720 8000 -1
15436033962017800 6964 -1
15436033962017800 1500 -1
15436033962019420 8000 -1
15436033962021090 6777 -1
15436033967067410 126 1
15436033967090860 13 -1
15436033967100958 1500 -1
15436033967101520 8000 -1
15436033967103080 6941 -1
15436033967103080 1500 -1
15436033967104198 5730 -1
15436033972105050 136 1
15436033972129870 13 -1
15436033973463540 1500 -1
15436033973464660 8000 -1
15436033973465770 7074 -1
15436033973465770 378 -1
15436033973466340 1500 -1
15436033973467410 8000 -1
15436033973468512 6893 -1
15436033973468512 1500 -1
15436033973468512 818 -1
15436033973469030 1500 -1
15436033973469030 2248 -1
15436033978471100 125 1
15436033978494720 13 -1
15436033978503460 1500 -1
15436033978504030 8000 -1
15436033978505600 6941 -1
15436033978505600 1500 -1
15436033978506160 4419 -1
15436033983507350 127 1
15436033983530600 13 -1
15436033983556768 1500 -1
15436033983557890 8000 -1
15436033983558850 6964 -1
15436033983558850 1500 -1
15436033983559840 8000 -1
15436033983560820 5725 -1
15436033988561708 126 1
15436033988585550 13 -1
15436033988601078 1500 -1
15436033988601610 8000 -1
15436033988602710 6155 -1
15436033993603620 124 1
15436033993626980 13 -1
15436033993637150 1500 -1
15436033993637670 8000 -1
15436033993638730 6969 -1
15436033993639260 1500 -1
15436033993640380 7547 -1
15436033998641180 126 1
15436033998665422 13 -1
15436033998678870 1500 -1
15436033998682290 8000 -1
15436033998683360 6941 -1
15436033998683920 1500 -1
15436033998685010 8000 -1
15436033998685580 2917 -1
15436034003686770 125 1
15436034003710498 13 -1
15436034003716360 1500 -1
15436034003717410 8000 -1
15436034003718520 6964 -1
15436034003718520 146 -1
15436034008719540 126 1
15436034008743710 13 -1
15436034008763170 1500 -1
15436034008763690 8000 -1
15436034008764780 6942 -1
15436034008765350 1500 -1
15436034008766400 8000 -1
15436034008766460 3110 -1
15436034013767468 9 1
15436034018767580 129 1
15436034018791202 13 -1
15436034018802070 1500 -1
15436034018802580 8000 -1
15436034018803640 6964 -1
15436034018803640 966 -1
15436034023804460 137 1
15436034023828170 13 -1
15436034023857150 1500 -1
15436034023858270 8000 -1
15436034023858830 6964 -1
15436034023859350 1500 -1
15436034023860410 8000 -1
15436034023861540 6893 -1
15436034023862090 1500 -1
15436034023862090 937 -1
15436034028863120 125 1
15436034028886990 13 -1
15436034028895710 1500 -1
15436034028896260 8000 -1
15436034028897310 6941 -1
15436034028897860 1500 -1
15436034028897860 168 -1
15436034033898980 127 1
15436034033923100 13 -1
15436034033930690 1500 -1
15436034033931730 8000 -1
15436034033932272 5611 -1
15436034038933360 136 1
15436034038957030 13 -1
15436034038977960 1500 -1
15436034038979600 8000 -1
15436034038980720 6941 -1
15436034038980720 1500 -1
15436034038982288 8000 -1
15436034038983410 6893 -1
15436034038983410 1500 -1
15436034038985168 8000 -1
15436034038985168 2935 -1
15436034043986990 124 1
15436034044010510 13 -1
15436034044022830 1500 -1
15436034044023940 8000 -1
15436034044025040 6964 -1
15436034044025040 1500 -1
15436034044025620 1948 -1
15436034049026530 126 1
15436034049051458 13 -1
15436034049068360 1500 -1
15436034049069570 8000 -1
15436034049070670 6941 -1
15436034049070670 1500 -1
15436034049071360 4599 -1
0 0 0
15436033927989358 52 -1
15436033947998700 148 1
15436033947998700 284 1
15436033948020288 9 -1
15436033948022910 13 -1
15436033948029038 1500 -1
15436033948030130 8000 -1
15436033948049272 7045 -1
15436033948049272 1500 -1
15436033948050330 8000 -1
15436033948055000 6893 -1
15436033948055000 1500 -1
15436033948055552 2817 -1
15436033948678160 17 -1
