### "'20449 23696 17390 20925 21773 25790 16512 14250 18825 24818 19166 24266 33677 25116 19982 14264 22794 18399 23581 19926'"
0 0 0
15437100007084790 52 -1
15437100026887910 148 1
15437100026887910 284 1
15437100026909110 9 -1
15437100026912032 13 -1
15437100026916620 1500 -1
15437100026917670 8000 -1
15437100026937370 7044 -1
15437100026937370 1500 -1
15437100026939080 5821 -1
15437100027233410 17 -1
0 0 0
15437100007166770 52 -1
15437100025216250 148 1
15437100025216250 281 1
15437100025237752 9 -1
15437100025254350 13 -1
15437100025255138 1500 -1
15437100025260710 8000 -1
15437100025274920 7044 -1
15437100025275640 1500 -1
15437100025276220 2574 -1
15437100025475270 17 -1
0 0 0
15437100005166740 52 -1
15437100025134340 148 1
15437100025155910 9 -1
15437100025221700 255 1
15437100025254570 13 -1
15437100025254732 1500 -1
15437100025254732 6139 -1
15437100030331710 136 1
15437100030355320 13 -1
15437100030366400 1500 -1
15437100030366910 8000 -1
15437100030368010 6969 -1
15437100030368560 1500 -1
15437100030369110 3898 -1
15437100035427470 137 1
15437100035451700 13 -1
15437100035456360 1500 -1
15437100035458800 8000 -1
15437100035465030 6946 -1
15437100035465550 1500 -1
15437100035466040 7915 -1
15437100040478042 125 1
15437100040502120 13 -1
15437100040508690 1500 -1
15437100040509232 8000 -1
15437100040510300 6964 -1
15437100040510300 137 -1
15437100045523370 137 1
15437100045548170 13 -1
15437100045552880 1500 -1
15437100045553410 8000 -1
15437100045554530 4807 -1
15437100050555250 137 1
15437100050579218 13 -1
15437100050590848 1500 -1
15437100050591560 8000 -1
15437100050592580 6964 -1
15437100050593130 1500 -1
15437100050593130 950 -1
15437100055594210 137 1
15437100055617970 13 -1
15437100055625290 1500 -1
15437100055625802 8000 -1
15437100055626820 6941 -1
15437100055626820 1500 -1
15437100055627930 6943 -1
15437100060628590 139 1
15437100060652490 13 -1
15437100060657188 1500 -1
15437100060658420 8000 -1
15437100060658950 6969 -1
15437100060659512 1500 -1
15437100060659512 1291 -1
15437100065660520 126 1
15437100065684670 13 -1
15437100065702210 1500 -1
15437100065702810 8000 -1
15437100065703860 6941 -1
15437100065704370 1500 -1
15437100065704930 6391 -1
15437100070705580 137 1
15437100070729480 13 -1
15437100070744540 1500 -1
15437100070745050 8000 -1
15437100070746710 6964 -1
15437100070746710 1500 -1
15437100070748460 8000 -1
15437100070749000 6893 -1
15437100070749560 918 -1
15437100075750170 137 1
15437100075775440 13 -1
15437100075788560 1500 -1
15437100075789210 8000 -1
15437100075789722 6941 -1
15437100075790270 1500 -1
15437100075791380 7241 -1
15437100080792200 138 1
15437100080818940 13 -1
15437100080837810 1500 -1
15437100080839410 8000 -1
15437100080839940 6964 -1
15437100080839940 1500 -1
15437100080840490 2107 -1
15437100085841580 137 1
15437100085867130 13 -1
15437100085871730 1500 -1
15437100085872468 8000 -1
15437100085873460 4821 -1
15437100090874050 9 1
15437100095874080 138 1
15437100095898500 13 -1
15437100095922980 1500 -1
15437100095923710 8000 -1
15437100095924230 6964 -1
15437100095924230 1500 -1
15437100095924770 4919 -1
15437100100925788 126 1
15437100100950200 13 -1
15437100100958790 1500 -1
15437100100959300 8000 -1
15437100100960420 6964 -1
15437100100961000 1500 -1
15437100100961000 524 -1
15437100105961860 138 1
15437100105986980 13 -1
15437100105993832 1500 -1
15437100105994502 8000 -1
15437100105995540 6941 -1
15437100105995540 1500 -1
15437100105996650 5706 -1
15437100110997300 136 1
15437100111021668 13 -1
15437100111029470 1500 -1
15437100111031160 8000 -1
15437100111031590 6964 -1
15437100111031590 1500 -1
15437100111032160 2051 -1
15437100116033180 137 1
15437100116057620 13 -1
15437100116068590 1500 -1
15437100116069692 8000 -1
15437100116070250 6941 -1
15437100116070250 1500 -1
15437100116071840 8000 -1
15437100116072410 3506 -1
15437100121073040 125 1
15437100121097830 13 -1
15437100121104510 1500 -1
15437100121106132 8000 -1
15437100121106670 6964 -1
15437100121106670 1500 -1
15437100121107790 4113 -1
15437100126108480 128 1
15437100126134040 13 -1
15437100126139670 1500 -1
15437100126140310 8000 -1
15437100126140860 1961 -1
0 0 0
15437100007104470 52 -1
15437100043322092 148 1
15437100043322092 281 1
15437100043344290 9 -1
15437100043348240 13 -1
15437100043356420 1500 -1
15437100043356420 4687 -1
15437100043519440 17 -1
0 0 0
15437100007156470 52 -1
15437100027172680 148 1
15437100027172680 282 1
15437100027193990 9 -1
15437100027196280 13 -1
15437100027210022 1500 -1
15437100027215260 8000 -1
15437100027219510 7044 -1
15437100027230958 1500 -1
15437100027231490 3050 -1
15437100027336140 17 -1
0 0 0
15437100006955280 52 -1
15437100026912880 148 1
15437100026912880 271 1
15437100026934320 9 -1
15437100026937302 13 -1
15437100026948410 1500 -1
15437100026955180 8000 -1
15437100026959660 7044 -1
15437100026968030 1015 -1
15437100027239080 17 -1
