### "'20467 27106 40666 22170 25309 12907 14615 11460 20997 17161 13386 15176 24237 11973 24711 14191 16922 12413 18671 17128'"
0 0 0
15437107253340930 52 -1
15437107273305768 148 1
15437107273305768 280 1
15437107273327050 9 -1
15437107273329080 13 -1
15437107273341330 1500 -1
15437107273341870 8000 -1
15437107273349860 7044 -1
15437107273360910 1500 -1
15437107273363170 8000 -1
15437107273363170 1231 -1
15437107273993508 17 -1
0 0 0
15437107253591660 52 -1
15437107289476010 148 1
15437107289476010 269 1
15437107289497700 9 -1
15437107289500150 13 -1
15437107289508740 1500 -1
15437107289509270 8000 -1
15437107289518918 3567 -1
15437107289667260 17 -1
0 0 0
15437107253536790 52 -1
15437107271399320 148 1
15437107271399320 282 1
15437107271421280 9 -1
15437107271423660 13 -1
15437107271432220 1500 -1
15437107271441770 8000 -1
15437107271444250 7044 -1
15437107271452150 1500 -1
15437107271452730 2592 -1
15437107271853622 17 -1
0 0 0
15437107251303460 52 -1
15437107271532640 148 1
15437107271532640 266 1
15437107271554130 9 -1
15437107271556260 13 -1
15437107271560280 1500 -1
15437107271560782 3134 -1
15437107276778150 124 1
15437107276801280 13 -1
15437107276808578 1500 -1
15437107276808578 2275 -1
15437107281869360 137 1
15437107281892220 13 -1
15437107281905420 1500 -1
15437107281909450 8000 -1
15437107281913920 6964 -1
15437107281914480 1500 -1
15437107281925860 4295 -1
15437107286927790 135 1
15437107286950942 13 -1
15437107286959300 1500 -1
15437107286960400 8000 -1
15437107286962070 6941 -1
15437107286962070 1500 -1
15437107286963150 7434 -1
15437107292054990 125 1
15437107292078540 13 -1
15437107292087500 1500 -1
15437107292088658 8000 -1
15437107292089250 5195 -1
15437107297089990 126 1
15437107297112752 13 -1
15437107297120270 1500 -1
15437107297120990 8000 -1
15437107297121912 2017 -1
15437107302122560 135 1
15437107302145930 13 -1
15437107302153990 1500 -1
15437107302154530 8000 -1
15437107302155622 6965 -1
15437107302155622 1500 -1
15437107302158420 3122 -1
15437107307159420 137 1
15437107307182410 13 -1
15437107307190630 1500 -1
15437107307191140 8000 -1
15437107307192308 6947 -1
15437107307192308 786 -1
15437107312193590 138 1
15437107312217350 13 -1
15437107312231000 1500 -1
15437107312232080 8000 -1
15437107312232140 3966 -1
15437107317233450 138 1
15437107317256032 13 -1
15437107317272850 1500 -1
15437107317273400 8000 -1
15437107317274520 5738 -1
15437107322275410 138 1
15437107322298730 13 -1
15437107322313920 1500 -1
15437107322314470 8000 -1
15437107322315540 6964 -1
15437107322315540 1500 -1
15437107322316648 6362 -1
15437107327317970 136 1
15437107327341930 13 -1
15437107327349410 1500 -1
15437107327350490 8000 -1
15437107327351028 2530 -1
15437107332354820 126 1
15437107332378048 13 -1
15437107333411240 1500 -1
15437107333412490 8000 -1
15437107333413442 7074 -1
15437107333413442 389 -1
15437107333413990 1500 -1
15437107333414518 1500 -1
15437107333414518 3508 -1
15437107333415060 1448 -1
15437107338415870 9 1
15437107343415930 139 1
15437107343439200 13 -1
15437107343447470 1500 -1
15437107343448000 8000 -1
15437107343449110 4771 -1
15437107348449832 126 1
15437107348472610 13 -1
15437107348479180 1500 -1
15437107348479720 7775 -1
15437107353480908 126 1
15437107353504160 13 -1
15437107353511240 1500 -1
15437107353511240 2313 -1
15437107358512220 138 1
15437107358535150 13 -1
15437107358549070 1500 -1
15437107358550320 8000 -1
15437107358551390 6941 -1
15437107358551390 547 -1
15437107363552070 125 1
15437107363575922 13 -1
15437107363582480 1500 -1
15437107363583590 8000 -1
15437107363583642 2993 -1
15437107368584830 137 1
15437107368608860 13 -1
15437107369986360 1500 -1
15437107369987410 8000 -1
15437107369988452 7015 -1
15437107369988452 372 -1
15437107369989110 1500 -1
15437107369989110 433 -1
15437107374989840 126 1
15437107375013070 13 -1
15437107375028410 1500 -1
15437107375029650 8000 -1
15437107375030170 6964 -1
15437107375030730 753 -1
0 0 0
15437107253355802 52 -1
15437107273566092 148 1
15437107273566092 281 1
15437107273588380 9 -1
15437107273593870 13 -1
15437107273601790 1500 -1
15437107273601790 962 -1
15437107273959650 17 -1
0 0 0
15437107253364680 52 -1
15437107273546938 148 1
15437107273546938 280 1
15437107273568562 9 -1
15437107273571178 13 -1
15437107273586150 1500 -1
15437107273587260 8000 -1
15437107273592250 7044 -1
15437107273606132 1500 -1
15437107273607820 8000 -1
15437107273612780 6893 -1
15437107273613350 1500 -1
15437107273613890 6407 -1
15437107273997582 17 -1
