### "'28178 31812 30479 18619 21259 30328 36406 13949 26913 27420 20833 20496 40147 15768 27025 15803 24267 21404 27033 32466'"
0 0 0
15437111409718380 52 -1
15437111429692290 148 1
15437111429692290 284 1
15437111429713270 9 -1
15437111429716300 13 -1
15437111429725940 1500 -1
15437111429727070 8000 -1
15437111429737340 7045 -1
15437111429746410 1500 -1
15437111429748060 8000 -1
15437111429750308 4604 -1
15437111430087080 17 -1
0 0 0
15437111407558670 52 -1
15437111427804192 148 1
15437111427804192 272 1
15437111427825830 9 -1
15437111427828820 13 -1
15437111427836080 1500 -1
15437111427837080 8000 -1
15437111427837160 178 -1
15437111432969200 168 1
15437111432993600 13 -1
15437111437041150 1500 -1
15437111437041150 1596 -1
15437111437041680 3976 -1
15437111442077720 139 1
15437111442102200 13 -1
15437111443067232 1500 -1
15437111443067700 1561 -1
15437111443067700 2437 -1
15437111448119130 138 1
15437111448142580 13 -1
15437111448151870 1500 -1
15437111448151870 2167 -1
15437111453152980 139 1
15437111453178030 13 -1
15437111453185200 1500 -1
15437111453185200 2981 -1
15437111458186350 139 1
15437111458211050 13 -1
15437111459179940 1500 -1
15437111459179940 1539 -1
15437111459179940 2210 -1
15437111464181500 138 1
15437111464205180 13 -1
15437111465366990 1500 -1
15437111465367500 1563 -1
15437111465367500 1105 -1
15437111470369200 125 1
15437111470393970 13 -1
15437111471304860 1500 -1
15437111471305890 8000 -1
15437111471306410 7036 -1
15437111471306952 391 -1
15437111471307530 1500 -1
15437111471308640 1500 -1
15437111471308640 3508 -1
15437111471325050 4072 -1
15437111471325560 2991 -1
15437111476326880 125 1
15437111476349740 13 -1
15437111476360280 1500 -1
15437111476360828 8000 -1
15437111476361908 6946 -1
15437111476362482 1500 -1
15437111476363550 8000 -1
15437111476364610 6893 -1
15437111476364610 1500 -1
15437111476365150 2147 -1
15437111481366240 137 1
15437111481389440 13 -1
15437111481398000 1500 -1
15437111481398440 8000 -1
15437111481399550 4529 -1
15437111486400260 137 1
15437111486424580 13 -1
15437111486436050 1500 -1
15437111486437290 8000 -1
15437111486437672 6941 -1
15437111486438242 1500 -1
15437111486439350 8000 -1
15437111486439390 1038 -1
15437111491442840 135 1
15437111491466840 13 -1
15437111491481380 1500 -1
15437111491482450 8000 -1
15437111491483008 6964 -1
15437111491483582 1500 -1
15437111491484612 8000 -1
15437111491484670 1545 -1
15437111496485910 137 1
15437111496510120 13 -1
15437111496523098 1500 -1
15437111496523650 8000 -1
15437111496524702 6941 -1
15437111496524702 1500 -1
15437111496525208 2958 -1
15437111501526560 135 1
15437111501550810 13 -1
15437111501561338 1500 -1
15437111501562992 8000 -1
15437111501563520 6964 -1
15437111501563520 1500 -1
15437111501564072 2621 -1
15437111506565148 126 1
15437111506589210 13 -1
15437111506603860 1500 -1
15437111506604928 8000 -1
15437111506605990 6941 -1
15437111506605990 1500 -1
15437111506607060 8000 -1
15437111506608210 6893 -1
15437111506608720 1500 -1
15437111506609270 5888 -1
15437111511611330 126 1
15437111511635060 13 -1
15437111511644060 1500 -1
15437111511645170 8000 -1
15437111511646150 6348 -1
15437111516648272 137 1
15437111516672840 13 -1
15437111516686630 1500 -1
15437111516687170 8000 -1
15437111516688230 6941 -1
15437111516688740 1500 -1
15437111516689860 8000 -1
15437111516690430 1150 -1
15437111521691050 9 1
15437111526691080 139 1
15437111526714480 13 -1
15437111526727760 1500 -1
15437111526728302 8000 -1
15437111526729420 6383 -1
15437111531730330 137 1
15437111531753680 13 -1
15437111531766870 1500 -1
15437111531768500 8000 -1
15437111531768500 6964 -1
15437111531769030 1500 -1
15437111531770150 6392 -1
15437111536770900 125 1
15437111536795310 13 -1
15437111536812400 1500 -1
15437111536813120 8000 -1
15437111536814050 6946 -1
15437111536814548 1500 -1
15437111536815122 3529 -1
15437111541815680 138 1
15437111541839470 13 -1
15437111541850780 1500 -1
15437111541852460 8000 -1
15437111541852970 6964 -1
15437111541852970 1500 -1
15437111541854060 8000 -1
15437111541854650 1158 -1
15437111546855290 138 1
15437111546878500 13 -1
15437111546888350 1500 -1
15437111546888860 8000 -1
15437111546889948 6941 -1
15437111546890550 1500 -1
15437111546891050 8000 -1
15437111546892108 6591 -1
15437111551892900 125 1
15437111551917060 13 -1
15437111551928142 1500 -1
15437111551929430 8000 -1
15437111551929942 6964 -1
15437111551930500 1500 -1
15437111551931560 8000 -1
15437111551932148 4543 -1
15437111556932790 136 1
15437111556956810 13 -1
15437111556979130 1500 -1
15437111556980680 8000 -1
15437111556981330 6941 -1
15437111556981810 1500 -1
15437111556982890 8000 -1
15437111556982930 282 -1
15437111561983740 136 1
15437111562008660 13 -1
15437111562018052 1500 -1
15437111562019220 8000 -1
15437111562020300 6964 -1
15437111562020300 1500 -1
15437111562021940 8000 -1
15437111562022520 4048 -1
15437111567023130 125 1
15437111567047400 13 -1
15437111567069880 1500 -1
15437111567070538 8000 -1
15437111567071620 6941 -1
15437111567072160 1500 -1
15437111567073250 8000 -1
15437111567073820 4250 -1
0 0 0
15437111409827110 52 -1
15437111427531460 148 1
15437111427531460 282 1
15437111427552440 9 -1
15437111427556400 13 -1
15437111427567900 1500 -1
15437111427568418 8000 -1
15437111427577270 7044 -1
15437111427587380 1500 -1
15437111427589040 8000 -1
15437111427591710 2303 -1
15437111428123920 17 -1
0 0 0
15437111409885890 52 -1
15437111445785830 148 1
15437111445807340 9 -1
15437111445880330 284 1
15437111445905560 13 -1
15437111445932400 1500 -1
15437111445952440 8000 -1
15437111445953500 7044 -1
15437111445953500 1500 -1
15437111445954052 3384 -1
15437111446267790 17 -1
0 0 0
15437111409770690 52 -1
15437111429849542 148 1
15437111429849542 273 1
15437111429870790 9 -1
15437111429873200 13 -1
15437111429881470 1500 -1
15437111429882470 8000 -1
15437111429902490 7044 -1
15437111429902490 1500 -1
15437111429907210 8000 -1
15437111429909980 5937 -1
15437111430032812 17 -1
0 0 0
15437111409824670 52 -1
15437111429806408 148 1
15437111429827280 9 -1
15437111429873920 285 1
15437111429896540 13 -1
15437111429905500 1500 -1
15437111429906600 8000 -1
15437111429925820 7044 -1
15437111429925820 1500 -1
15437111429926370 744 -1
15437111430090820 17 -1
