### "'16362 15689 25510 25994 17141 27493 17980 34869 23354 27169 22585 14145 18451 12523 16698 10110 18209 22129 13637 12712'"
0 0 0
15437151014619660 52 -1
15437151032479032 148 1
15437151032499960 9 -1
15437151032548310 280 1
15437151032571440 13 -1
15437151034112710 1500 -1
15437151034112710 1500 -1
15437151034112710 1500 -1
15437151034113250 2624 -1
15437151034120550 4072 -1
15437151034133300 4072 -1
15437151034135470 1363 -1
15437151034588980 17 -1
0 0 0
15437151014450850 52 -1
15437151034371200 148 1
15437151034392510 9 -1
15437151034392640 268 1
15437151034415370 13 -1
15437151036000120 1500 -1
15437151036000610 1500 -1
15437151036001680 8000 -1
15437151036021290 5653 -1
15437151036021290 1453 -1
15437151036021850 1500 -1
15437151036021850 3820 -1
15437151036022440 2371 -1
15437151036253790 17 -1
0 0 0
15437151014517710 52 -1
15437151034474590 148 1
15437151034474590 279 1
15437151034496040 9 -1
15437151034499680 13 -1
15437151036092228 1500 -1
15437151036092700 1500 -1
15437151036093882 8000 -1
15437151036113320 5652 -1
15437151036113780 1453 -1
15437151036114340 1500 -1
15437151036114340 3805 -1
15437151036114870 2870 -1
15437151036283590 17 -1
0 0 0
15437151014518220 52 -1
15437151050680630 148 1
15437151050680630 278 1
15437151050718960 9 -1
15437151050721210 13 -1
15437151052764520 1500 -1
15437151052765018 1500 -1
15437151052765018 1500 -1
15437151052765580 2612 -1
15437151052765580 1923 -1
15437151052798368 17 -1
0 0 0
15437151014381210 52 -1
15437151034398150 148 1
15437151034398150 268 1
15437151034419690 9 -1
15437151034421970 13 -1
15437151035412330 1500 -1
15437151035412778 1500 -1
15437151035412778 1500 -1
15437151035413352 2644 -1
15437151035413820 4072 -1
15437151035434380 4072 -1
15437151035434380 671 -1
15437151036096460 17 -1
0 0 0
15437151012471030 52 -1
15437151032572638 148 1
15437151032572638 265 1
15437151032593542 9 -1
15437151032597070 13 -1
15437151034083450 1500 -1
15437151034083900 1703 -1
15437151034084470 4072 -1
15437151034084470 827 -1
15437151039342440 136 1
15437151039365520 13 -1
15437151043960200 1500 -1
15437151043960200 1500 -1
15437151043960700 1954 -1
15437151049030160 135 1
15437151049052848 13 -1
15437151050678050 1500 -1
15437151050678410 1500 -1
15437151050680510 4013 -1
15437151050683170 4072 -1
15437151050683740 4072 -1
15437151050698590 1500 -1
15437151050698590 647 -1
15437151050698590 9 -1
15437151055724810 137 1
15437151055748360 13 -1
15437151056818180 1500 -1
15437151056818180 1500 -1
15437151056819210 8000 -1
15437151056820750 5513 -1
15437151056821290 1457 -1
15437151056821290 1500 -1
15437151056823280 3802 -1
15437151056824410 4072 -1
15437151056824410 296 -1
15437151061825140 136 1
15437151061848680 13 -1
15437151063587242 1500 -1
15437151063587242 1500 -1
15437151063587740 8000 -1
15437151063588870 5538 -1
15437151063588870 1453 -1
15437151063589398 161 -1
15437151068590118 137 1
15437151068613902 13 -1
15437151070653440 1500 -1
15437151070654320 1500 -1
15437151070654790 8000 -1
15437151070655580 5537 -1
15437151070655580 1453 -1
15437151071632360 1500 -1
15437151071633830 8000 -1
15437151071634920 6893 -1
15437151071634920 568 -1
15437151071634920 107 -1
15437151076635680 135 1
15437151076660030 13 -1
15437151078897008 1500 -1
15437151078897008 1500 -1
15437151078898110 8000 -1
15437151078899210 5514 -1
15437151078899210 1453 -1
15437151078899780 1500 -1
15437151078900350 3803 -1
15437151078900350 232 -1
15437151083901400 136 1
15437151083924890 13 -1
15437151085420598 1500 -1
15437151085421100 1500 -1
15437151085421628 4012 -1
15437151085421628 2705 -1
15437151090423278 135 1
15437151090447910 13 -1
15437151092324260 1500 -1
15437151092324660 1500 -1
15437151092325750 8000 -1
15437151092326310 5536 -1
15437151092326860 1500 -1
15437151092326860 270 -1
15437151092326860 1500 -1
15437151092327450 3486 -1
15437151092328530 4047 -1
15437151097329100 126 1
15437151097352760 13 -1
15437151098919712 1500 -1
15437151098919712 1500 -1
15437151098920360 8000 -1
15437151098921500 5514 -1
15437151098921500 1453 -1
15437151098921960 1500 -1
15437151098921960 3266 -1
15437151103923290 130 1
15437151103946670 13 -1
15437151105459052 1500 -1
15437151105459052 1500 -1
15437151105459860 4028 -1
15437151105460392 4072 -1
15437151105460940 3199 -1
15437151110461782 130 1
15437151110484728 13 -1
15437151112170630 1500 -1
15437151112170630 1500 -1
15437151112172100 8000 -1
15437151112172740 5538 -1
15437151112172740 1453 -1
15437151112172812 632 -1
15437151117174130 131 1
15437151117197052 13 -1
15437151118704410 1500 -1
15437151118704410 1500 -1
15437151118705280 4002 -1
15437151118705280 1398 -1
15437151123706910 9 1
15437151128706940 133 1
15437151128729820 13 -1
15437151130542710 1500 -1
15437151130543220 1500 -1
15437151130543758 4030 -1
15437151130543758 691 -1
15437151135544910 130 1
15437151135570170 13 -1
15437151137021070 1500 -1
15437151137022000 1500 -1
15437151137022000 4004 -1
15437151137022532 4072 -1
15437151137022532 1575 -1
15437151142023922 128 1
15437151142047360 13 -1
15437151144232750 1500 -1
15437151144232750 1500 -1
15437151144233630 4030 -1
15437151144234120 4072 -1
15437151144234670 4072 -1
15437151144234728 1500 -1
15437151144234728 185 -1
15437151144234728 9 -1
15437151149236010 129 1
15437151149259660 13 -1
15437151150724430 1500 -1
15437151150725350 1500 -1
15437151150725350 4029 -1
15437151150725350 3234 -1
15437151155727000 127 1
15437151155750648 13 -1
15437151157740582 1500 -1
15437151157741050 1500 -1
15437151157742180 8000 -1
15437151157742860 5514 -1
15437151157743310 1453 -1
15437151157743310 390 -1
15437151162744110 132 1
15437151162767748 13 -1
15437151164493908 1500 -1
15437151164493908 1500 -1
15437151164494770 8000 -1
15437151164495880 5535 -1
15437151164495880 1453 -1
15437151164496390 1500 -1
15437151164496952 2810 -1
15437151169497890 130 1
15437151169521080 13 -1
15437151171349540 1500 -1
15437151171349540 1500 -1
15437151171350440 4028 -1
15437151171350940 4072 -1
15437151171350940 2691 -1
15437151176352230 130 1
15437151176374720 13 -1
15437151181519150 1500 -1
15437151181519150 436 -1
15437151182175520 1500 -1
15437151182176020 3604 -1
15437151182176540 3040 -1
15437151182176540 2796 -1
