### "'25017 28366 22935 24503 16500 36555 17840 23972 28104 24174 19909 17771 23415 20945 23689 20624 27749 26291 13941 25257'"
0 0 0
15436039925031000 52 -1
15436039944929390 148 1
15436039944950500 9 -1
15436039945057540 275 1
15436039945080308 13 -1
15436039946405220 1500 -1
15436039946406660 8000 -1
15436039946426352 7155 -1
15436039946426352 394 -1
15436039946426352 1500 -1
15436039946426900 1500 -1
15436039946426900 3508 -1
15436039946427460 1235 -1
15436039946473220 17 -1
0 0 0
15436039925111460 52 -1
15436039942937620 148 1
15436039942937620 276 1
15436039942962640 9 -1
15436039942965830 13 -1
15436039943874590 1500 -1
15436039943875570 8000 -1
15436039943895450 7154 -1
15436039943896028 397 -1
15436039943896028 1500 -1
15436039943896028 1500 -1
15436039943896530 3508 -1
15436039943897090 1746 -1
15436039944463200 17 -1
0 0 0
15436039924979040 52 -1
15436039945048990 148 1
15436039945048990 275 1
15436039945070528 9 -1
15436039945073120 13 -1
15436039946045900 1500 -1
15436039946046850 8000 -1
15436039946066920 7153 -1
15436039946066920 394 -1
15436039946066920 1500 -1
15436039946067450 1500 -1
15436039946068000 3175 -1
15436039946465660 17 -1
0 0 0
15436039922911930 52 -1
15436039942866530 148 1
15436039942866530 271 1
15436039942887570 9 -1
15436039942891008 13 -1
15436039942895420 1500 -1
15436039942895420 4961 -1
15436039948302742 138 1
15436039948326660 13 -1
15436039949240680 1500 -1
15436039949241140 1579 -1
15436039949241710 4072 -1
15436039949241710 1319 -1
15436039954314800 138 1
15436039954338510 13 -1
15436039955264410 1500 -1
15436039955264410 1562 -1
15436039955264922 4072 -1
15436039955264922 2803 -1
15436039960280170 136 1
15436039960303258 13 -1
15436039961435120 1500 -1
15436039961435630 1563 -1
15436039961436190 4072 -1
15436039961436190 259 -1
15436039966483860 138 1
15436039966507010 13 -1
15436039966691280 1500 -1
15436039966691750 1539 -1
15436039966692360 4072 -1
15436039966692360 1299 -1
15436039971694410 136 1
15436039971717100 13 -1
15436039975771360 519 -1
15436039977102210 1500 -1
15436039977104610 8000 -1
15436039977107730 6893 -1
15436039977108290 1500 -1
15436039977123188 8000 -1
15436039977124310 6893 -1
15436039977515040 1500 -1
15436039977515040 1500 -1
15436039977515040 430 -1
15436039982516330 125 1
15436039982539410 13 -1
15436039982548500 1500 -1
15436039982549040 8000 -1
15436039982550690 6964 -1
15436039982550690 1465 -1
15436039987551780 126 1
15436039987576252 13 -1
15436039987585620 1500 -1
15436039987586140 8000 -1
15436039987587770 6946 -1
15436039987587770 1500 -1
15436039987588870 6097 -1
15436039992589800 135 1
15436039992612640 13 -1
15436039993612540 1500 -1
15436039993613060 8000 -1
15436039993614150 7038 -1
15436039993614150 378 -1
15436039993614660 1500 -1
15436039993615190 1500 -1
15436039993615190 3508 -1
15436039993616290 4072 -1
15436039993616290 780 -1
15436039998617700 138 1
15436039998640972 13 -1
15436040000001330 1500 -1
15436040000001840 8000 -1
15436040000002930 7014 -1
15436040000002930 373 -1
15436040000003468 1500 -1
15436040000003992 1500 -1
15436040000003992 3508 -1
15436040000003992 927 -1
15436040005006300 125 1
15436040005029510 13 -1
15436040006176578 1500 -1
15436040006177120 8000 -1
15436040006178220 7041 -1
15436040006178220 391 -1
15436040006178740 1500 -1
15436040006178740 1500 -1
15436040006178740 152 -1
15436040011180350 124 1
15436040011204570 13 -1
15436040012122700 1500 -1
15436040012123210 8000 -1
15436040012124270 7038 -1
15436040012124820 392 -1
15436040012124820 1013 -1
15436040017125720 127 1
15436040017148890 13 -1
15436040018282868 1500 -1
15436040018283430 8000 -1
15436040018284480 7014 -1
15436040018284480 391 -1
15436040018285040 1500 -1
15436040018285620 1500 -1
15436040018286170 3508 -1
15436040018286170 150 -1
15436040023286890 136 1
15436040023310348 13 -1
15436040024227310 1500 -1
15436040024229550 8000 -1
15436040024229550 7036 -1
15436040024229550 377 -1
15436040024230620 1500 -1
15436040024230620 1500 -1
15436040024230620 1202 -1
15436040029231998 136 1
15436040029255800 13 -1
15436040030390980 1500 -1
15436040030391870 8000 -1
15436040030392920 7037 -1
15436040030392920 377 -1
15436040030393490 1500 -1
15436040030393490 1500 -1
15436040030394040 3508 -1
15436040030394040 438 -1
15436040035395020 9 1
15436040040395190 140 1
15436040040418388 13 -1
15436040041777452 1500 -1
15436040041778330 8000 -1
15436040041779390 7037 -1
15436040041779390 378 -1
15436040041779950 1500 -1
15436040041779950 1500 -1
15436040041779950 880 -1
15436040046780920 138 1
15436040046806030 13 -1
15436040047943060 1500 -1
15436040047943590 8000 -1
15436040047944730 7013 -1
15436040047944730 376 -1
15436040047945280 1500 -1
15436040047945280 1500 -1
15436040047945810 3508 -1
15436040047946360 4072 -1
15436040047946360 427 -1
15436040052947390 125 1
15436040052970540 13 -1
15436040054306800 1500 -1
15436040054307712 8000 -1
15436040054309170 7037 -1
15436040054309170 391 -1
15436040054309170 1500 -1
15436040054309170 1500 -1
15436040054309710 3508 -1
15436040054310270 3026 -1
15436040059311830 125 1
15436040059336080 13 -1
15436040060296950 1500 -1
15436040060297452 1583 -1
15436040060297970 4072 -1
15436040060298500 4072 -1
15436040060298500 2868 -1
15436040065299860 125 1
15436040065323830 13 -1
15436040066671730 1500 -1
15436040066672590 8000 -1
15436040066673980 7013 -1
15436040066673980 392 -1
15436040066674048 1500 -1
15436040066674550 1500 -1
15436040066675100 3508 -1
15436040066675100 1991 -1
15436040071676480 136 1
15436040071700302 13 -1
15436040072015180 518 -1
15436040072016398 1500 -1
15436040072017590 8000 -1
15436040072018610 6893 -1
15436040072018610 1160 -1
15436040072018740 1500 -1
15436040072019132 2581 -1
15436040072019680 4072 -1
15436040072019680 867 -1
15436040077026392 138 1
15436040077049870 13 -1
15436040080453150 517 -1
15436040081578440 1500 -1
15436040081579500 8000 -1
15436040081580570 6893 -1
15436040081580570 1500 -1
15436040081580570 936 -1
15436040081581120 1500 -1
15436040081581668 2581 -1
15436040081581668 313 -1
15436040086582820 125 1
15436040086605620 13 -1
15436040087644660 1500 -1
15436040087645090 1560 -1
15436040087645640 4072 -1
15436040087646192 4072 -1
15436040087646750 4072 -1
15436040087646750 1105 -1
15436040092648330 125 1
15436040092671370 13 -1
15436040093573812 1500 -1
15436040093574318 1582 -1
15436040093574870 4072 -1
15436040093575430 4072 -1
15436040093575430 323 -1
0 0 0
15436039924779610 52 -1
15436039944838570 148 1
15436039944838570 287 1
15436039944860360 9 -1
15436039944863380 13 -1
15436039945850570 1500 -1
15436039945851560 8000 -1
15436039945871990 7153 -1
15436039945871990 379 -1
15436039945871990 1500 -1
15436039945872500 1500 -1
15436039945872500 3508 -1
15436039945873020 4072 -1
15436039945873650 1041 -1
15436039946468590 17 -1
0 0 0
15436039925087660 52 -1
15436039961316820 148 1
15436039961338360 9 -1
15436039961352388 287 1
15436039961375250 13 -1
15436039962288150 1500 -1
15436039962288150 1684 -1
15436039962288670 4072 -1
15436039962289190 4072 -1
15436039962308610 4072 -1
15436039962308610 1379 -1
15436039962308610 9 -1
15436039962560620 17 -1
