### "'16075 18282 15303 20993 17168 18723 14480 13157 21931 15954 20352 16556 16052 20731 18444 18992 17335 19879 14480 15084'"
0 0 0
15437157844884470 52 -1
15437157862740272 148 1
15437157862740272 275 1
15437157862762150 9 -1
15437157862764380 13 -1
15437157867257970 1500 -1
15437157867257970 549 -1
15437157868597432 1500 -1
15437157868597940 3604 -1
15437157868598500 4072 -1
15437157868599000 3162 -1
15437157868618382 3060 -1
15437157868948750 17 -1
0 0 0
15437157844910710 52 -1
15437157862894400 148 1
15437157862894400 285 1
15437157862915600 9 -1
15437157862918300 13 -1
15437157864648840 1500 -1
15437157864648840 1500 -1
15437157864649300 1500 -1
15437157864649300 2636 -1
15437157864649900 4072 -1
15437157864669250 4072 -1
15437157864669250 1065 -1
15437157865469242 17 -1
0 0 0
15437157844687272 52 -1
15437157864733738 148 1
15437157864733738 274 1
15437157864755098 9 -1
15437157864757380 13 -1
15437157866233880 1500 -1
15437157866234370 1500 -1
15437157866235440 8000 -1
15437157866255050 5653 -1
15437157866255050 1453 -1
15437157866255050 463 -1
15437157866898380 17 -1
0 0 0
15437157844711248 52 -1
15437157864745482 148 1
15437157864766900 9 -1
15437157864906508 274 1
15437157864929250 13 -1
15437157866401110 546 -1
15437157866402730 1500 -1
15437157866402730 1500 -1
15437157866402730 2328 -1
15437157866403230 4072 -1
15437157866421780 4072 -1
15437157866422340 1562 -1
15437157866919670 17 -1
0 0 0
15437157844822280 52 -1
15437157865030890 148 1
15437157865030890 274 1
15437157865052540 9 -1
15437157865055020 13 -1
15437157866908540 1500 -1
15437157866909040 1500 -1
15437157866910120 8000 -1
15437157866929582 5654 -1
15437157866930080 1453 -1
15437157866930620 1500 -1
15437157866930620 1674 -1
15437157867212460 17 -1
0 0 0
15437157842661008 52 -1
15437157862625020 148 1
15437157862646812 9 -1
15437157862731170 272 1
15437157862753990 13 -1
15437157863654240 1500 -1
15437157863654240 1702 -1
15437157863654770 4064 -1
15437157868825640 138 1
15437157868849040 13 -1
15437157870681450 1500 -1
15437157870681920 1500 -1
15437157870681920 2334 -1
15437157875683420 122 1
15437157875706912 13 -1
15437157877303050 1500 -1
15437157877303050 1500 -1
15437157877303510 4018 -1
15437157877303510 797 -1
15437157882305240 137 1
15437157882329080 13 -1
15437157884863190 1500 -1
15437157884863688 1500 -1
15437157884863688 1519 -1
15437157889865090 126 1
15437157889888762 13 -1
15437157891295580 1500 -1
15437157891296050 1500 -1
15437157891298298 8000 -1
15437157891298880 5536 -1
15437157891299378 1453 -1
15437157891299378 904 -1
15437157896300450 125 1
15437157896323200 13 -1
15437157899833680 1500 -1
15437157899833680 408 -1
15437157900843170 1500 -1
15437157900843570 3604 -1
15437157900845252 4072 -1
15437157900845820 3162 -1
15437157900845820 374 -1
15437157905846600 127 1
15437157905869520 13 -1
15437157907148110 1500 -1
15437157907148650 1500 -1
15437157907149110 4034 -1
15437157907149760 4072 -1
15437157907150230 2204 -1
15437157912151280 125 1
15437157912175190 13 -1
15437157913879080 1500 -1
15437157913879080 1500 -1
15437157913880200 8000 -1
15437157913881240 5536 -1
15437157913881240 1453 -1
15437157913881810 1500 -1
15437157913881810 2612 -1
15437157918883060 138 1
15437157918908910 13 -1
15437157920504420 1500 -1
15437157920504890 1500 -1
15437157920505450 4008 -1
15437157920506000 1714 -1
15437157925506858 126 1
15437157925530400 13 -1
15437157927169370 1500 -1
15437157927169800 1500 -1
15437157927170360 4002 -1
15437157927171480 4072 -1
15437157927171480 4072 -1
15437157927172020 937 -1
15437157932172790 126 1
15437157932196100 13 -1
15437157933990260 1500 -1
15437157933990260 1500 -1
15437157933991360 8000 -1
15437157933992382 5539 -1
15437157933992382 1453 -1
15437157933992938 1500 -1
15437157933993500 1033 -1
15437157938994220 125 1
15437157939017530 13 -1
15437157940532720 1500 -1
15437157940532720 430 -1
15437157940534710 1500 -1
15437157940535240 3604 -1
15437157940535810 4072 -1
15437157940536880 4072 -1
15437157940536880 1539 -1
15437157945537900 125 1
15437157945560630 13 -1
15437157947360200 1500 -1
15437157947360200 1500 -1
15437157947360730 4006 -1
15437157947361830 4072 -1
15437157947361830 4072 -1
15437157947362380 1032 -1
15437157952363400 125 1
15437157952387070 13 -1
15437157954341320 1500 -1
15437157954341320 1500 -1
15437157954342402 8000 -1
15437157954343482 5536 -1
15437157954343482 1453 -1
15437157954348650 1500 -1
15437157954348650 1412 -1
15437157959349750 125 1
15437157959372510 13 -1
15437157960763000 1500 -1
15437157960763090 1500 -1
15437157960764110 8000 -1
15437157960765180 5537 -1
15437157960765180 1453 -1
15437157960765180 625 -1
15437157965766460 9 1
15437157970766500 128 1
15437157970789608 13 -1
15437157972221840 1500 -1
15437157972221840 1500 -1
15437157972222920 8000 -1
15437157972224072 5536 -1
15437157972224578 1453 -1
15437157972224628 1173 -1
15437157977225940 126 1
15437157977249600 13 -1
15437157978925732 1500 -1
15437157978926210 1500 -1
15437157978926762 4002 -1
15437157978927870 4072 -1
15437157978928430 4072 -1
15437157978928990 1500 -1
15437157978928990 828 -1
15437157978928990 9 -1
15437157983929852 126 1
15437157983953320 13 -1
15437157985938220 1500 -1
15437157985938700 1500 -1
15437157985939788 8000 -1
15437157985940320 5537 -1
15437157985940850 1453 -1
15437157985941410 1500 -1
15437157985941410 560 -1
15437157990942220 125 1
15437157990965920 13 -1
15437157992798550 1500 -1
15437157992799070 1500 -1
15437157992799620 4038 -1
15437157992800150 4072 -1
15437157992800710 3523 -1
15437157997802150 125 1
15437157997827600 13 -1
15437157999662070 1500 -1
15437157999662070 1500 -1
15437157999662610 4003 -1
15437157999663150 4072 -1
15437157999663680 4072 -1
15437157999663680 67 -1
15437158004664690 126 1
15437158004688630 13 -1
15437158006271030 1500 -1
15437158006271510 1500 -1
15437158006272060 4026 -1
15437158006273180 4072 -1
15437158006273180 3151 -1
15437158011274210 126 1
15437158011297700 13 -1
15437158013263440 1500 -1
15437158013264350 1500 -1
15437158013264350 4026 -1
15437158013264890 4072 -1
15437158013265460 2970 -1
15437158018266302 126 1
15437158018289760 13 -1
15437158019094340 1500 -1
15437158019094340 1500 -1
15437158019095240 3999 -1
15437158019096550 4072 -1
15437158019096550 4072 -1
15437158019097108 1500 -1
15437158019097108 116 -1
15437158019097108 9 -1
