### "'23586 19455 15120 18281 19561 22933 11805 16279 29847 22032 17572 13620 12079 22850 13191 14190 20553 15275 12325 15641'"
0 0 0
15437160633775700 52 -1
15437160653821750 148 1
15437160653821750 269 1
15437160653844420 9 -1
15437160653845500 13 -1
15437160658438498 1500 -1
15437160658438498 548 -1
15437160659807392 1500 -1
15437160659808550 8000 -1
15437160659827810 6559 -1
15437160659827810 462 -1
15437160659827810 9 -1
15437160660277360 17 -1
0 0 0
15437160633762750 52 -1
15437160670283260 148 1
15437160670283260 269 1
15437160670304740 9 -1
15437160670306922 13 -1
15437160672326190 1500 -1
15437160672326190 1500 -1
15437160672326190 1500 -1
15437160672326700 2640 -1
15437160672327240 4072 -1
15437160672327240 863 -1
15437160672690712 17 -1
0 0 0
15437160633614660 52 -1
15437160653794460 148 1
15437160653794460 268 1
15437160653815640 9 -1
15437160653818440 13 -1
15437160657333260 1500 -1
15437160657333260 548 -1
15437160658310960 1500 -1
15437160658311450 3604 -1
15437160658311970 3040 -1
15437160658312540 2796 -1
15437160658313078 2411 -1
15437160658852560 17 -1
0 0 0
15437160633867790 52 -1
15437160652101140 148 1
15437160652101140 269 1
15437160652122670 9 -1
15437160652126200 13 -1
15437160653497090 1500 -1
15437160653497090 1500 -1
15437160653498180 8000 -1
15437160653517750 5654 -1
15437160653517750 1453 -1
15437160653518270 1500 -1
15437160653518830 3817 -1
15437160653518830 450 -1
15437160654427450 17 -1
0 0 0
15437160633484900 52 -1
15437160653484002 148 1
15437160653484002 269 1
15437160653505080 9 -1
15437160653508028 13 -1
15437160655532600 1500 -1
15437160655532600 1500 -1
15437160655533630 8000 -1
15437160655553110 5655 -1
15437160655554220 1453 -1
15437160655554220 1500 -1
15437160655554220 136 -1
15437160656127390 17 -1
0 0 0
15437160631993780 52 -1
15437160652120410 148 1
15437160652120410 265 1
15437160652142480 9 -1
15437160652145780 13 -1
15437160653613310 1500 -1
15437160653613310 1500 -1
15437160653613790 1500 -1
15437160653613790 1253 -1
15437160658938140 126 1
15437160658962640 13 -1
15437160660520570 1500 -1
15437160660520630 1500 -1
15437160660521678 8000 -1
15437160660541288 5538 -1
15437160660541288 1453 -1
15437160660541288 1500 -1
15437160660541288 242 -1
15437160665607310 125 1
15437160665632530 13 -1
15437160667683598 1500 -1
15437160667683598 1500 -1
15437160667684600 8000 -1
15437160667685102 5513 -1
15437160667685620 1453 -1
15437160667685658 1500 -1
15437160667686182 3614 -1
15437160672785830 126 1
15437160672809920 13 -1
15437160674159492 1500 -1
15437160674160010 1500 -1
15437160674160540 4026 -1
15437160674160540 945 -1
15437160679161550 126 1
15437160679185240 13 -1
15437160681281790 1500 -1
15437160681282260 1500 -1
15437160681282790 4026 -1
15437160681283360 4072 -1
15437160681283920 4072 -1
15437160681283920 1262 -1
15437160686285680 126 1
15437160686309480 13 -1
15437160687940530 1500 -1
15437160687940530 1500 -1
15437160687941780 8000 -1
15437160687942810 5512 -1
15437160687942810 1500 -1
15437160687942810 283 -1
15437160687943348 1500 -1
15437160687943910 3486 -1
15437160687944460 4072 -1
15437160687945010 2640 -1
15437160692946220 126 1
15437160692971120 13 -1
15437160694437360 1500 -1
15437160694437900 1500 -1
15437160694438420 8000 -1
15437160694439508 5537 -1
15437160694439508 1453 -1
15437160694440050 1500 -1
15437160694440620 2713 -1
15437160699441760 124 1
15437160699465188 13 -1
15437160701237650 1500 -1
15437160701238160 1500 -1
15437160701238710 4027 -1
15437160701239230 4072 -1
15437160701239770 4072 -1
15437160701240330 1500 -1
15437160701240330 1065 -1
15437160701240330 9 -1
15437160706241400 126 1
15437160706265680 13 -1
15437160707953360 1500 -1
15437160707953820 1500 -1
15437160707954380 4001 -1
15437160707954900 4072 -1
15437160707954900 2675 -1
15437160712956570 126 1
15437160712980590 13 -1
15437160714397470 1500 -1
15437160714397960 1500 -1
15437160714398450 4024 -1
15437160714398990 4072 -1
15437160714398990 1136 -1
15437160719400540 137 1
15437160719424770 13 -1
15437160721250370 1500 -1
15437160721250370 1500 -1
15437160721251430 8000 -1
15437160721251960 5536 -1
15437160721251960 1453 -1
15437160721252490 1500 -1
15437160721253050 3531 -1
15437160726254252 126 1
15437160726277462 13 -1
15437160728057138 1500 -1
15437160728057662 1500 -1
15437160728058180 4003 -1
15437160728058730 4072 -1
15437160728058730 2246 -1
15437160733060000 125 1
15437160733084468 13 -1
15437160735033860 1500 -1
15437160735034708 1500 -1
15437160735034708 4025 -1
15437160735035750 4072 -1
15437160735035750 3245 -1
15437160740036660 9 1
15437160745036718 129 1
15437160745060640 13 -1
15437160747037390 1500 -1
15437160747038310 1500 -1
15437160747038310 8000 -1
15437160747039330 5536 -1
15437160747039330 1453 -1
15437160747039880 1500 -1
15437160747039880 1234 -1
15437160752040830 126 1
15437160752065908 13 -1
15437160753805450 1500 -1
15437160753805450 1500 -1
15437160753805990 4027 -1
15437160753806520 4072 -1
15437160753807060 4072 -1
15437160753807060 258 -1
15437160758808100 127 1
15437160758834072 13 -1
15437160760310650 1500 -1
15437160760310650 1500 -1
15437160760311570 4022 -1
15437160760312108 4072 -1
15437160760312108 1383 -1
15437160765313580 126 1
15437160765338470 13 -1
15437160767144780 1500 -1
15437160767145660 1500 -1
15437160767145660 4002 -1
15437160767146180 4072 -1
15437160767146810 4072 -1
15437160767146810 624 -1
15437160772148090 127 1
15437160772172958 13 -1
15437160774052020 1500 -1
15437160774052020 1500 -1
15437160774052880 8000 -1
15437160774053950 5536 -1
15437160774053950 1453 -1
15437160774053990 644 -1
15437160779055080 125 1
15437160779078270 13 -1
15437160780707710 1500 -1
15437160780707710 1500 -1
15437160780708600 4025 -1
15437160780709100 4072 -1
15437160780709100 2602 -1
15437160785710590 126 1
15437160785735108 13 -1
15437160788102360 1500 -1
15437160788102360 1500 -1
15437160788103380 8000 -1
15437160788104100 5512 -1
15437160788104530 1453 -1
15437160788104580 1500 -1
15437160788105270 3817 -1
15437160788105270 1425 -1
