### "'24727 21395 12174 18848 14621 15486 28875 23783 13027 22133 22301 32686 23630 24527 21801 21676 19512 22062 22185 22374'"
0 0 0
15437165588343142 52 -1
15437165608306388 148 1
15437165608306388 270 1
15437165608327790 9 -1
15437165608330260 13 -1
15437165608338280 1500 -1
15437165608338750 6589 -1
15437165613781920 137 1
15437165613806030 13 -1
15437165615700892 1500 -1
15437165615700892 1500 -1
15437165615700892 2629 -1
15437165620718050 125 1
15437165620741910 13 -1
15437165622257200 1500 -1
15437165622257690 1500 -1
15437165622258210 4027 -1
15437165622260050 4072 -1
15437165622260620 3676 -1
15437165627398860 125 1
15437165627422340 13 -1
15437165628971990 1500 -1
15437165628972490 1500 -1
15437165628973580 8000 -1
15437165628974112 5514 -1
15437165628974112 1453 -1
15437165628974630 1500 -1
15437165628975192 3818 -1
15437165628975780 4072 -1
15437165628976318 1666 -1
15437165633976942 125 1
15437165634001328 13 -1
15437165635509780 1500 -1
15437165635509780 1500 -1
15437165635510690 8000 -1
15437165635512030 5536 -1
15437165635512030 1453 -1
15437165635512090 1500 -1
15437165635512590 3819 -1
15437165635512590 645 -1
15437165640514030 125 1
15437165640538220 13 -1
15437165641993920 1500 -1
15437165641994842 1500 -1
15437165641994842 4028 -1
15437165641995330 4072 -1
15437165641995330 2082 -1
15437165646996910 126 1
15437165647021100 13 -1
15437165648612760 1500 -1
15437165648612760 1500 -1
15437165648613830 8000 -1
15437165648614370 5513 -1
15437165648614870 1453 -1
15437165648614870 1500 -1
15437165648615430 2814 -1
15437165653616090 125 1
15437165653640562 13 -1
15437165655653090 1500 -1
15437165655653580 1500 -1
15437165655654668 8000 -1
15437165655655220 5537 -1
15437165655655220 1453 -1
15437165655655748 1500 -1
15437165655656310 2982 -1
15437165660657230 125 1
15437165660681420 13 -1
15437165665509860 431 -1
15437165665510110 1500 -1
15437165665510110 9 -1
15437165666832690 1500 -1
15437165666833570 8000 -1
15437165666834660 6559 -1
15437165666834660 1500 -1
15437165666835070 1512 -1
15437165666835070 1500 -1
15437165666836172 2581 -1
15437165666836710 4072 -1
15437165666837822 3711 -1
15437165671838630 126 1
15437165671863280 13 -1
15437165675869240 1500 -1
15437165675869240 432 -1
15437165676984488 1500 -1
15437165676985350 8000 -1
15437165676986730 6559 -1
15437165676986730 1500 -1
15437165676986730 1512 -1
15437165676987360 1500 -1
15437165676987360 1308 -1
15437165681988550 126 1
15437165682014870 13 -1
15437165683615000 1500 -1
15437165683615000 1500 -1
15437165683616020 8000 -1
15437165683617120 5538 -1
15437165683617120 1453 -1
15437165683617690 1500 -1
15437165683617690 3819 -1
15437165683618230 1389 -1
15437165688619872 137 1
15437165688643630 13 -1
15437165690163510 1500 -1
15437165690163510 1500 -1
15437165690164550 8000 -1
15437165690165090 5537 -1
15437165690165090 1453 -1
15437165690165660 1500 -1
15437165690166200 2482 -1
15437165695167760 136 1
15437165695191510 13 -1
15437165696949142 1500 -1
15437165696949142 1500 -1
15437165696950230 8000 -1
15437165696951270 5513 -1
15437165696951270 1453 -1
15437165696951330 1500 -1
15437165696951820 2357 -1
15437165701953412 9 1
15437165706953420 129 1
15437165706978012 13 -1
15437165708802510 440 -1
15437165708804570 1500 -1
15437165708804570 9 -1
15437165710117700 1500 -1
15437165710118770 8000 -1
15437165710119842 6551 -1
15437165710120410 1500 -1
15437165710120410 193 -1
15437165715121470 125 1
15437165715146338 13 -1
15437165717053470 1500 -1
15437165717053470 1500 -1
15437165717054550 8000 -1
15437165717055090 5538 -1
15437165717055622 1453 -1
15437165717055668 1500 -1
15437165717056190 2743 -1
15437165722059320 125 1
15437165722082960 13 -1
15437165723597610 1500 -1
15437165723597610 429 -1
15437165724510018 1500 -1
15437165724510520 8000 -1
15437165724511610 6560 -1
15437165724512150 1247 -1
15437165724512150 1500 -1
15437165724512150 1628 -1
15437165729513790 126 1
15437165729539790 13 -1
15437165731333100 1500 -1
15437165731333100 1500 -1
15437165731334160 8000 -1
15437165731334710 5537 -1
15437165731334710 1453 -1
15437165731335248 1500 -1
15437165731335810 3055 -1
15437165736336930 126 1
15437165736361720 13 -1
15437165737948230 1500 -1
15437165737948230 1500 -1
15437165737948770 4001 -1
15437165737949280 4072 -1
15437165737949842 1821 -1
15437165742950880 126 1
15437165742974350 13 -1
15437165743779160 1500 -1
15437165743779160 1500 -1
15437165743780210 8000 -1
15437165743780780 5536 -1
15437165743781322 1453 -1
15437165743781322 1473 -1
15437165748782690 126 1
15437165748806788 13 -1
15437165750645850 1500 -1
15437165750646350 1500 -1
15437165750646910 4023 -1
15437165750647480 4072 -1
15437165750648010 4072 -1
15437165750648010 1500 -1
15437165750648010 121 -1
15437165750648570 9 -1
15437165755649510 125 1
15437165755673860 13 -1
15437165757722290 1500 -1
15437165757722290 1500 -1
15437165757722950 4001 -1
15437165757723380 4072 -1
15437165757723948 2889 -1
0 0 0
15437165590488080 52 -1
15437165608398408 148 1
15437165608398408 277 1
15437165608419780 9 -1
15437165608422092 13 -1
15437165610201080 1500 -1
15437165610201080 1500 -1
15437165610202170 8000 -1
15437165610222030 5654 -1
15437165610222030 1453 -1
15437165610222550 1500 -1
15437165610222550 3815 -1
15437165610223100 1593 -1
15437165610620430 17 -1
0 0 0
15437165590380260 52 -1
15437165610455560 148 1
15437165610455560 273 1
15437165610476250 9 -1
15437165610478730 13 -1
15437165612437660 1500 -1
15437165612440000 1500 -1
15437165612440000 8000 -1
15437165612458190 5655 -1
15437165612460780 1453 -1
15437165612460780 1029 -1
15437165612734180 17 -1
0 0 0
15437165590292202 52 -1
15437165610399110 148 1
15437165610399110 273 1
15437165610419940 9 -1
15437165610422260 13 -1
15437165612394480 1500 -1
15437165612394970 1500 -1
15437165612394970 1500 -1
15437165612395502 2641 -1
15437165612396060 4072 -1
15437165612396060 1231 -1
15437165612554318 17 -1
0 0 0
15437165590477970 52 -1
15437165626392680 148 1
15437165626413420 9 -1
15437165626413570 274 1
15437165626436510 13 -1
15437165628327110 1500 -1
15437165628327110 547 -1
15437165628329200 1500 -1
15437165628329770 3604 -1
15437165628330280 4072 -1
15437165628348320 4072 -1
15437165628348320 471 -1
15437165628456100 17 -1
0 0 0
15437165590246078 52 -1
15437165610238750 148 1
15437165610238750 274 1
15437165610259900 9 -1
15437165610262380 13 -1
15437165611490860 1500 -1
15437165611491360 1500 -1
15437165611492440 8000 -1
15437165611512070 5654 -1
15437165611512070 1453 -1
15437165611512610 1500 -1
15437165611512610 2076 -1
15437165612241002 17 -1
