### "'22685 22083 16657 27529 23185 31121 31001 30171 12351 11757 22520 27771 20582 20418 20321 32612 26221 32148 23675 21918'"
0 0 0
15437175119959600 52 -1
15437175139965510 148 1
15437175139965510 270 1
15437175139986520 9 -1
15437175139989520 13 -1
15437175140000970 1500 -1
15437175140001990 8000 -1
15437175140012060 7044 -1
15437175140021470 1500 -1
15437175140027360 8000 -1
15437175140027910 1654 -1
15437175140120730 17 -1
0 0 0
15437175120062020 52 -1
15437175156438230 148 1
15437175156438230 268 1
15437175156459848 9 -1
15437175156463202 13 -1
15437175156481320 1500 -1
15437175156481860 8000 -1
15437175156503250 7044 -1
15437175156503900 1500 -1
15437175156504890 8000 -1
15437175156506578 4296 -1
15437175156710730 17 -1
0 0 0
15437175119826060 52 -1
15437175139810280 148 1
15437175139810280 269 1
15437175139831340 9 -1
15437175139835320 13 -1
15437175139852180 1500 -1
15437175139855968 8000 -1
15437175139873020 7044 -1
15437175139873020 1500 -1
15437175139874712 4208 -1
15437175140082280 17 -1
0 0 0
15437175119905920 52 -1
15437175139916192 148 1
15437175139916192 270 1
15437175139937540 9 -1
15437175139940230 13 -1
15437175139948780 1500 -1
15437175139949340 8000 -1
15437175139969370 7044 -1
15437175139969370 282 -1
15437175140107278 17 -1
0 0 0
15437175120219560 52 -1
15437175138313330 148 1
15437175138313330 268 1
15437175138335680 9 -1
15437175138337122 13 -1
15437175138354590 1500 -1
15437175138356472 8000 -1
15437175138360490 7050 -1
15437175138374870 1500 -1
15437175138375930 4810 -1
15437175138659060 17 -1
0 0 0
15437175118267500 52 -1
15437175138352038 148 1
15437175138352038 266 1
15437175138374250 9 -1
15437175138375980 13 -1
15437175138384460 1500 -1
15437175138384460 4107 -1
15437175143412790 126 1
15437175143435882 13 -1
15437175143447608 1500 -1
15437175143448610 8000 -1
15437175143456970 6964 -1
15437175143456970 1500 -1
15437175143458000 5310 -1
15437175148490470 136 1
15437175148514330 13 -1
15437175148525710 1500 -1
15437175148526240 8000 -1
15437175148527890 6941 -1
15437175148527890 1500 -1
15437175148529010 8000 -1
15437175148530710 5246 -1
15437175153577040 137 1
15437175153600810 13 -1
15437175153617050 1500 -1
15437175153617560 8000 -1
15437175153618620 6969 -1
15437175153618620 1500 -1
15437175153619720 8000 -1
15437175153620810 5126 -1
15437175158633170 125 1
15437175158657450 13 -1
15437175158665970 1500 -1
15437175158666490 8000 -1
15437175158667070 2908 -1
15437175163667860 136 1
15437175163691230 13 -1
15437175163698960 1500 -1
15437175163699510 8000 -1
15437175163700070 2337 -1
15437175168700840 125 1
15437175168725500 13 -1
15437175170866340 1500 -1
15437175170866858 1500 -1
15437175170867930 8000 -1
15437175170868480 5579 -1
15437175170868480 1453 -1
15437175170869610 1500 -1
15437175170869610 3031 -1
15437175170869610 170 -1
15437175175870860 135 1
15437175175895122 13 -1
15437175178152520 1500 -1
15437175178153018 1500 -1
15437175178154110 8000 -1
15437175178154650 5514 -1
15437175178154650 1453 -1
15437175178155210 1500 -1
15437175178155760 3806 -1
15437175178156322 4072 -1
15437175178156322 574 -1
15437175183157260 126 1
15437175183180430 13 -1
15437175183196470 1500 -1
15437175183197010 8000 -1
15437175183198070 6964 -1
15437175183198610 1500 -1
15437175183198610 2707 -1
15437175188199710 136 1
15437175188225980 13 -1
15437175188234810 1500 -1
15437175188235300 8000 -1
15437175188236340 6941 -1
15437175188236340 1500 -1
15437175188236900 2543 -1
15437175193237800 138 1
15437175193261920 13 -1
15437175193272820 1500 -1
15437175193273410 8000 -1
15437175193274460 6964 -1
15437175193275020 1500 -1
15437175193275020 2446 -1
15437175198276132 125 1
15437175198300150 13 -1
15437175198320380 1500 -1
15437175198320900 8000 -1
15437175198322010 6941 -1
15437175198322560 1500 -1
15437175198323610 8000 -1
15437175198324690 6737 -1
15437175203327410 136 1
15437175203351222 13 -1
15437175203364648 1500 -1
15437175203365140 8000 -1
15437175203366800 6964 -1
15437175203366800 1500 -1
15437175203367888 8000 -1
15437175203367938 346 -1
15437175208369350 9 1
15437175213369470 139 1
15437175213392640 13 -1
15437175213402400 1500 -1
15437175213403520 8000 -1
15437175213404030 6964 -1
15437175213404030 1500 -1
15437175213405120 8000 -1
15437175213406210 6273 -1
15437175218407180 137 1
15437175218432620 13 -1
15437175220197940 1500 -1
15437175220198460 1500 -1
15437175220199580 8000 -1
15437175220200100 5538 -1
15437175220200100 1453 -1
15437175220200660 1500 -1
15437175220201262 3802 -1
15437175220201262 554 -1
15437175225202420 135 1
15437175225226120 13 -1
15437175226956370 1500 -1
15437175226956760 1500 -1
15437175226957942 8000 -1
15437175226959560 5514 -1
15437175226959560 1453 -1
15437175226960090 1500 -1
15437175226960090 2599 -1
15437175231962280 126 1
15437175231986210 13 -1
15437175235549000 429 -1
15437175235549890 1500 -1
15437175235549890 9 -1
15437175236457510 1500 -1
15437175236458520 8000 -1
15437175236459610 6560 -1
15437175236460150 1500 -1
15437175236461330 3031 -1
15437175236464150 4072 -1
15437175236464150 553 -1
15437175241465020 126 1
15437175241488680 13 -1
15437175246365490 1500 -1
15437175246365490 431 -1
15437175247741960 1500 -1
15437175247742820 8000 -1
15437175247745270 6560 -1
15437175247747820 459 -1
15437175247748410 1500 -1
15437175247748410 2581 -1
15437175247749432 4072 -1
15437175247749980 4072 -1
15437175247750530 3496 -1
15437175252751228 136 1
15437175252775030 13 -1
15437175255170270 1500 -1
15437175255170742 1500 -1
15437175255171840 8000 -1
15437175255172350 5537 -1
15437175255172910 1453 -1
15437175255173430 1500 -1
15437175255173430 3802 -1
15437175255174552 4072 -1
15437175255174552 703 -1
15437175260175290 136 1
15437175260199658 13 -1
15437175261746580 418 -1
15437175261747510 1500 -1
15437175261747510 9 -1
15437175262691130 1500 -1
15437175262691960 8000 -1
15437175262693010 6573 -1
15437175262693010 1282 -1
15437175262693010 9 -1
