### "'20433 22826 19021 17304 17206 25412 21021 37632 18834 25117 23265 17788 21073 28540 21030 15103 19381 18973 26248 28308'"
0 0 0
15437190178702660 52 -1
15437190198977662 148 1
15437190198977662 279 1
15437190198999150 9 -1
15437190199001700 13 -1
15437190200709910 1500 -1
15437190200710362 1500 -1
15437190200711500 8000 -1
15437190200731370 5653 -1
15437190200731370 1453 -1
15437190200731370 1202 -1
15437190201061440 17 -1
0 0 0
15437190178870170 52 -1
15437190197203168 148 1
15437190197203168 280 1
15437190197224532 9 -1
15437190197229560 13 -1
15437190199552620 1500 -1
15437190199553080 1500 -1
15437190199554132 8000 -1
15437190199574580 5654 -1
15437190199574580 1453 -1
15437190199575110 1500 -1
15437190199575110 1114 -1
15437190200324640 17 -1
0 0 0
15437190178505860 52 -1
15437190198486250 148 1
15437190198507680 9 -1
15437190198554530 281 1
15437190198579790 13 -1
15437190200310340 1500 -1
15437190200310730 1500 -1
15437190200311850 8000 -1
15437190200331700 5655 -1
15437190200331700 1453 -1
15437190200332280 1500 -1
15437190200332280 3507 -1
15437190201035280 17 -1
0 0 0
15437190178855742 52 -1
15437190215226750 148 1
15437190215248250 9 -1
15437190215248340 281 1
15437190215270800 13 -1
15437190218067492 1500 -1
15437190218068330 1500 -1
15437190218069190 8000 -1
15437190218088960 5655 -1
15437190218089860 1453 -1
15437190218094972 1500 -1
15437190218094972 1702 -1
15437190218522330 17 -1
0 0 0
15437190178697850 52 -1
15437190198805270 148 1
15437190198805270 267 1
15437190198826670 9 -1
15437190198829140 13 -1
15437190201041400 1500 -1
15437190201041400 1500 -1
15437190201041400 1500 -1
15437190201041902 2625 -1
15437190201043020 4072 -1
15437190201062018 4072 -1
15437190201062018 1500 -1
15437190201062018 819 -1
15437190201062018 9 -1
15437190201259230 17 -1
0 0 0
15437190177030510 52 -1
15437190197151862 148 1
15437190197151862 265 1
15437190197173318 9 -1
15437190197175810 13 -1
15437190198154408 1500 -1
15437190198154850 1699 -1
15437190198154850 3082 -1
15437190203360528 125 1
15437190203383780 13 -1
15437190205099608 1500 -1
15437190205100090 1500 -1
15437190205100700 4024 -1
15437190205101190 4072 -1
15437190205120810 4072 -1
15437190205121310 1500 -1
15437190205121310 699 -1
15437190205121310 9 -1
15437190210163660 136 1
15437190210188090 13 -1
15437190211952838 1500 -1
15437190211953330 1500 -1
15437190211954392 8000 -1
15437190211956080 5536 -1
15437190211956648 1453 -1
15437190211957222 1500 -1
15437190211958550 3805 -1
15437190211959130 2288 -1
15437190217051138 126 1
15437190217075240 13 -1
15437190218737280 1500 -1
15437190218737280 406 -1
15437190218738320 1500 -1
15437190218738840 8000 -1
15437190218739950 6560 -1
15437190219711220 1500 -1
15437190219711720 8000 -1
15437190219712810 6893 -1
15437190219713340 1500 -1
15437190219713340 1929 -1
15437190224714798 137 1
15437190224741140 13 -1
15437190226383600 1500 -1
15437190226383600 1500 -1
15437190226384670 8000 -1
15437190226385232 5537 -1
15437190226385780 1453 -1
15437190226385780 1015 -1
15437190231387220 134 1
15437190231410850 13 -1
15437190233921020 1500 -1
15437190233921020 1500 -1
15437190233922080 8000 -1
15437190233923120 5537 -1
15437190233923120 1453 -1
15437190233923668 1500 -1
15437190233924230 3806 -1
15437190233924230 1992 -1
15437190238925682 137 1
15437190238950210 13 -1
15437190243384560 1500 -1
15437190243384560 414 -1
15437190244553600 1500 -1
15437190244554688 8000 -1
15437190244555262 6576 -1
15437190244555800 1500 -1
15437190244555800 1495 -1
15437190244556350 1500 -1
15437190244556350 960 -1
15437190249558020 137 1
15437190249582018 13 -1
15437190251984970 1500 -1
15437190251985430 1500 -1
15437190251986000 4008 -1
15437190251986590 4072 -1
15437190251987122 4072 -1
15437190251988240 1500 -1
15437190251988240 1298 -1
15437190251988240 9 -1
15437190256989260 138 1
15437190257013100 13 -1
15437190258721458 1500 -1
15437190258721970 1500 -1
15437190258723030 8000 -1
15437190258723580 5513 -1
15437190258724070 1453 -1
15437190258724070 1500 -1
15437190258724610 1754 -1
15437190263725780 135 1
15437190263749490 13 -1
15437190265342310 1500 -1
15437190265342310 1500 -1
15437190265343430 8000 -1
15437190265344492 5537 -1
15437190265344492 1500 -1
15437190265344492 272 -1
15437190265345048 1500 -1
15437190265345600 3486 -1
15437190265346160 4072 -1
15437190265346160 1344 -1
15437190270347720 125 1
15437190270371470 13 -1
15437190272096642 1500 -1
15437190272096642 1500 -1
15437190272097750 8000 -1
15437190272098820 5537 -1
15437190272098820 1453 -1
15437190272099390 1500 -1
15437190272099390 1711 -1
15437190277100502 9 1
15437190282100480 128 1
15437190282124140 13 -1
15437190283876140 1500 -1
15437190283876650 1500 -1
15437190283877230 4026 -1
15437190283877810 4072 -1
15437190283878310 4072 -1
15437190283878310 87 -1
15437190288879250 130 1
15437190288902820 13 -1
15437190290586610 1500 -1
15437190290586610 1500 -1
15437190290587670 8000 -1
15437190290588760 5536 -1
15437190290588760 1453 -1
15437190290589330 1500 -1
15437190290589330 62 -1
15437190295590370 157 1
15437190295614040 13 -1
15437190297078410 1500 -1
15437190297078410 1500 -1
15437190297079510 8000 -1
15437190297080040 5514 -1
15437190297080582 1453 -1
15437190297080582 1154 -1
15437190302081980 125 1
15437190302106212 13 -1
15437190304046750 1500 -1
15437190304046750 1500 -1
15437190304048100 8000 -1
15437190304048650 5536 -1
15437190304049210 1453 -1
15437190304049780 1500 -1
15437190304049780 3820 -1
15437190304050340 3109 -1
15437190309051340 136 1
15437190309075070 13 -1
15437190311183938 1500 -1
15437190311183938 1500 -1
15437190311184790 8000 -1
15437190311185270 5537 -1
15437190311186190 1453 -1
15437190311186308 1500 -1
15437190311186308 3805 -1
15437190311187310 4072 -1
15437190311187310 1112 -1
15437190316188580 135 1
15437190316212330 13 -1
15437190317991790 1500 -1
15437190317991790 1500 -1
15437190317992770 8000 -1
15437190317993870 5512 -1
15437190317993870 1453 -1
15437190317994440 1500 -1
15437190317994990 3804 -1
15437190317995520 4072 -1
15437190317996070 3644 -1
