### "'23191 10724 28930 32401 16723 11477 20924 16124 13289 10662 14482 20659 16682 25748 17328 16944 16863 15621 19747 43647'"
0 0 0
15437191661496698 52 -1
15437191681636590 148 1
15437191681636590 270 1
15437191681658000 9 -1
15437191681661870 13 -1
15437191683193810 1500 -1
15437191683194260 1500 -1
15437191683195370 8000 -1
15437191683214880 5651 -1
15437191683214880 1453 -1
15437191683215390 1500 -1
15437191683215930 3818 -1
15437191683216478 4072 -1
15437191683217052 1721 -1
15437191683456650 17 -1
0 0 0
15437191661633050 52 -1
15437191681705552 148 1
15437191681727190 9 -1
15437191681798790 271 1
15437191681822620 13 -1
15437191683225560 1500 -1
15437191683225560 1697 -1
15437191683226110 4072 -1
15437191683226660 3724 -1
15437191683386682 17 -1
0 0 0
15437191661682790 52 -1
15437191679663220 148 1
15437191679663220 271 1
15437191679683930 9 -1
15437191679686320 13 -1
15437191680623920 1500 -1
15437191680624462 1700 -1
15437191680624990 4072 -1
15437191680624990 2448 -1
15437191680989310 17 -1
0 0 0
15437191659499090 52 -1
15437191679490718 148 1
15437191679490718 269 1
15437191679511520 9 -1
15437191679514698 13 -1
15437191680454770 1500 -1
15437191680454770 1703 -1
15437191680455310 2447 -1
15437191685465900 139 1
15437191685489830 13 -1
15437191685966130 1500 -1
15437191685966130 1072 -1
15437191691013780 137 1
15437191691037740 13 -1
15437191692239620 1500 -1
15437191692240130 1563 -1
15437191692240130 1516 -1
15437191697255960 138 1
15437191697279698 13 -1
15437191698183000 1500 -1
15437191698183530 1539 -1
15437191698183530 4072 -1
15437191698183530 112 -1
15437191703324202 136 1
15437191703348250 13 -1
15437191704347082 1500 -1
15437191704347082 1563 -1
15437191704347082 464 -1
15437191709348568 135 1
15437191709371640 13 -1
15437191710497280 1500 -1
15437191710497280 1568 -1
15437191710497280 379 -1
15437191715498760 136 1
15437191715522620 13 -1
15437191716460890 1500 -1
15437191716461370 1539 -1
15437191716461370 4072 -1
15437191716461370 288 -1
15437191721463270 137 1
15437191721486910 13 -1
15437191722880240 1500 -1
15437191722880240 174 -1
15437191727881210 138 1
15437191727905322 13 -1
15437191730017940 1500 -1
15437191730018808 1500 -1
15437191730018808 3904 -1
15437191735020000 125 1
15437191735043932 13 -1
15437191736054290 1500 -1
15437191736054290 1558 -1
15437191736055788 4072 -1
15437191736055788 972 -1
15437191741056560 125 1
15437191741080648 13 -1
15437191742470700 1500 -1
15437191742470700 1583 -1
15437191742471210 4072 -1
15437191742472200 4072 -1
15437191742472710 4072 -1
15437191742490140 1500 -1
15437191742490140 87 -1
15437191742490140 9 -1
15437191747491320 126 1
15437191747515240 13 -1
15437191748480502 1500 -1
15437191748480502 1556 -1
15437191748481920 4072 -1
15437191748481920 4072 -1
15437191748481920 406 -1
15437191753483580 125 1
15437191753507690 13 -1
15437191754979300 1500 -1
15437191754979300 1500 -1
15437191754980690 8000 -1
15437191754981920 5537 -1
15437191754981920 1453 -1
15437191754982520 1500 -1
15437191754982520 1605 -1
15437191759983808 126 1
15437191760007530 13 -1
15437191760959498 1500 -1
15437191760960010 1584 -1
15437191760960600 4072 -1
15437191760961152 4072 -1
15437191760961710 4072 -1
15437191760961710 978 -1
15437191765963110 125 1
15437191765986360 13 -1
15437191767641590 416 -1
15437191767642490 1500 -1
15437191767642490 1500 -1
15437191767642970 2328 -1
15437191767642970 1039 -1
15437191772644392 126 1
15437191772669310 13 -1
15437191774152720 1500 -1
15437191774153600 1500 -1
15437191774153600 4024 -1
15437191774154150 4072 -1
15437191774154150 2345 -1
15437191779155760 124 1
15437191779180360 13 -1
15437191780423570 1500 -1
15437191780423570 1500 -1
15437191780424430 4035 -1
15437191780424890 3780 -1
15437191785425670 125 1
15437191785448920 13 -1
15437191785675910 1500 -1
15437191785676810 1556 -1
15437191785676810 3847 -1
15437191790677810 9 1
15437191795677832 129 1
15437191795700930 13 -1
15437191797106270 1500 -1
15437191797106270 1579 -1
15437191797106782 4072 -1
15437191797106782 2365 -1
15437191802108490 126 1
15437191802131640 13 -1
15437191803822370 1500 -1
15437191803823220 1500 -1
15437191803823840 4027 -1
15437191803823840 4072 -1
15437191803824640 3537 -1
15437191808825700 126 1
15437191808849060 13 -1
15437191810857220 1500 -1
15437191810857220 1500 -1
15437191810858290 8000 -1
15437191810858810 5537 -1
15437191810859340 1453 -1
15437191810859340 1500 -1
15437191810859340 1340 -1
15437191815860990 126 1
15437191815884480 13 -1
15437191817496040 1500 -1
15437191817496550 1500 -1
15437191817497110 4014 -1
15437191817497110 1900 -1
15437191822498560 126 1
15437191822521688 13 -1
15437191823754612 1500 -1
15437191823754612 1500 -1
15437191823755160 4036 -1
15437191823755700 4072 -1
15437191823756470 4072 -1
15437191823756470 1500 -1
15437191823756470 164 -1
15437191823756540 9 -1
15437191828757830 125 1
15437191828781700 13 -1
15437191830145070 1500 -1
15437191830145590 1500 -1
15437191830146720 8000 -1
15437191830147280 5537 -1
15437191830147820 1500 -1
15437191830147820 296 -1
15437191830147820 1500 -1
15437191830149450 5782 -1
15437191830149450 304 -1
15437191835150170 125 1
15437191835172998 13 -1
15437191836420382 1500 -1
15437191836420888 1500 -1
15437191836421430 4009 -1
15437191836421950 4072 -1
15437191836422500 4072 -1
15437191836423040 1500 -1
15437191836423040 812 -1
15437191836423090 9 -1
15437191841423890 126 1
15437191841447230 13 -1
15437191843092980 1500 -1
15437191843093130 1500 -1
15437191843093820 4033 -1
15437191843093820 1744 -1
15437191848095190 126 1
15437191848118730 13 -1
15437191849994522 1500 -1
15437191849994522 1500 -1
15437191849995360 4000 -1
15437191849995920 4072 -1
15437191849995920 4072 -1
15437191849996520 1500 -1
15437191849996520 438 -1
15437191849996600 9 -1
15437191854998340 136 1
15437191855022400 13 -1
15437191856533320 1500 -1
15437191856533320 425 -1
15437191856533480 1500 -1
15437191856534290 3604 -1
15437191856534770 4072 -1
15437191856535630 4072 -1
15437191856535630 1852 -1
15437191862680370 125 1
15437191862703760 13 -1
15437191864539450 1500 -1
15437191864540328 1500 -1
15437191864540328 4027 -1
15437191864540870 4072 -1
15437191864541440 4072 -1
15437191864541440 603 -1
15437191869542370 126 1
15437191869565970 13 -1
15437191870897560 1500 -1
15437191870898450 1500 -1
15437191870899070 8000 -1
15437191870899550 5536 -1
15437191870899550 1453 -1
15437191870900062 1500 -1
15437191870900062 428 -1
15437191875901300 135 1
15437191875925300 13 -1
15437191877690188 1500 -1
15437191877690188 1500 -1
15437191877691532 8000 -1
15437191877692298 5514 -1
15437191877692880 1453 -1
15437191877692880 1500 -1
15437191877693890 8000 -1
15437191877694970 6893 -1
15437191877694970 1125 -1
15437191877695500 1500 -1
15437191877695500 2581 -1
15437191877696590 4072 -1
15437191877696590 175 -1
15437191882697238 125 1
15437191882721180 13 -1
15437191884587150 1500 -1
15437191884587150 1500 -1
15437191884588510 8000 -1
15437191884589090 5537 -1
15437191884589630 1500 -1
15437191884589630 286 -1
15437191884590198 1500 -1
15437191884590730 3486 -1
15437191884590730 3138 -1
15437191889591860 126 1
15437191889616490 13 -1
15437191890498450 1500 -1
15437191890499030 1500 -1
15437191890499540 8000 -1
15437191890500628 5537 -1
15437191890500628 1453 -1
15437191890501190 1500 -1
15437191890501760 3829 -1
15437191890501760 641 -1
15437191895502560 124 1
15437191895527510 13 -1
15437191896323800 1500 -1
15437191896324620 8000 -1
15437191896326270 7013 -1
15437191896326270 394 -1
15437191896326310 1143 -1
15437191901327370 127 1
15437191901350570 13 -1
15437191902817920 1500 -1
15437191902817920 1500 -1
15437191902818730 4025 -1
15437191902819250 4072 -1
15437191902819900 2632 -1
15437191907820808 125 1
15437191907844070 13 -1
15437191909329290 1500 -1
15437191909330180 1500 -1
15437191909330180 4002 -1
15437191909330180 1992 -1
15437191914331730 125 1
15437191914355800 13 -1
15437191916086330 1500 -1
15437191916087180 1500 -1
15437191916087180 4026 -1
15437191916087180 2711 -1
15437191921088740 125 1
15437191921111750 13 -1
15437191923055280 1500 -1
15437191923055280 1500 -1
15437191923056058 4030 -1
15437191923056058 1968 -1
0 0 0
15437191661591620 52 -1
15437191697839220 148 1
15437191697839220 271 1
15437191697861240 9 -1
15437191697864440 13 -1
15437191698996380 1500 -1
15437191698997280 8000 -1
15437191699018100 7154 -1
15437191699018100 389 -1
15437191699018100 1500 -1
15437191699018650 1500 -1
15437191699019920 3508 -1
15437191699020460 4072 -1
15437191699021040 4072 -1
15437191699023450 994 -1
15437191699535280 17 -1
0 0 0
15437191661453590 52 -1
15437191681464010 148 1
15437191681464010 271 1
15437191681486430 9 -1
15437191681488950 13 -1
15437191682665890 1500 -1
15437191682666950 8000 -1
15437191682687810 7156 -1
15437191682687810 390 -1
15437191682687810 1500 -1
15437191682687810 1500 -1
15437191682688330 3435 -1
15437191682762720 17 -1
