### "'25313 22190 15909 11020 15473 22408 30840 23619 24876 21217 17974 19892 16153 26568 26514 31029 30004 20800 16641 20916'"
0 0 0
15437202644209672 52 -1
15437202664234330 148 1
15437202664234330 288 1
15437202664255928 9 -1
15437202664258110 13 -1
15437202664269900 1500 -1
15437202664277010 8000 -1
15437202664281650 7044 -1
15437202664289760 1500 -1
15437202664290910 4315 -1
15437202664929550 17 -1
0 0 0
15437202644609530 52 -1
15437202662338390 148 1
15437202662338390 277 1
15437202662359440 9 -1
15437202662362020 13 -1
15437202663860570 1500 -1
15437202663860570 1500 -1
15437202663861640 8000 -1
15437202663882400 5653 -1
15437202663883520 1453 -1
15437202663884100 1500 -1
15437202663884550 3819 -1
15437202663886270 2175 -1
15437202664242740 17 -1
0 0 0
15437202642303750 52 -1
15437202662406990 148 1
15437202662406990 275 1
15437202662429590 9 -1
15437202662432260 13 -1
15437202663462530 1500 -1
15437202663463020 1705 -1
15437202663463020 691 -1
15437202668573912 137 1
15437202668599132 13 -1
15437202670603810 1500 -1
15437202670603810 1500 -1
15437202670603810 2947 -1
15437202675617002 137 1
15437202675642130 13 -1
15437202677314330 1500 -1
15437202677314330 1500 -1
15437202677317318 3982 -1
15437202677317318 1769 -1
15437202682352570 138 1
15437202682378262 13 -1
15437202684234530 1500 -1
15437202684235042 1500 -1
15437202684235590 4004 -1
15437202684235590 1813 -1
15437202689237210 137 1
15437202689263092 13 -1
15437202690659090 1500 -1
15437202690659600 1500 -1
15437202690660130 4007 -1
15437202690660130 473 -1
15437202695661450 125 1
15437202695685390 13 -1
15437202697089592 1500 -1
15437202697089592 1500 -1
15437202697093200 8000 -1
15437202697096310 5512 -1
15437202697096970 1453 -1
15437202697110820 1500 -1
15437202697111330 3089 -1
15437202702112492 137 1
15437202702137452 13 -1
15437202704388530 1500 -1
15437202704388530 1500 -1
15437202704389542 8000 -1
15437202704390650 5538 -1
15437202704391200 1453 -1
15437202704391200 1500 -1
15437202704392828 3802 -1
15437202704393390 4072 -1
15437202704393920 3647 -1
15437202709394500 138 1
15437202709420012 13 -1
15437202711086360 1500 -1
15437202711087150 1500 -1
15437202711087690 8000 -1
15437202711088230 5538 -1
15437202711088790 1453 -1
15437202711088790 1500 -1
15437202711089398 3804 -1
15437202711089910 496 -1
15437202716090742 125 1
15437202716115980 13 -1
15437202718629210 1500 -1
15437202718629210 1500 -1
15437202718630130 8000 -1
15437202718631330 5515 -1
15437202718631330 1453 -1
15437202718632060 1500 -1
15437202718632060 3818 -1
15437202718632440 1739 -1
15437202723633680 126 1
15437202723661820 13 -1
15437202725308620 1500 -1
15437202725309570 1500 -1
15437202725309570 8000 -1
15437202725310540 5538 -1
15437202725310540 1453 -1
15437202725311120 1500 -1
15437202725311660 1898 -1
15437202730312720 137 1
15437202730337930 13 -1
15437202731917738 1500 -1
15437202731917738 1500 -1
15437202731918570 4008 -1
15437202731919090 4072 -1
15437202731919720 4072 -1
15437202731919720 1500 -1
15437202731919720 1484 -1
15437202731920270 9 -1
15437202736921480 125 1
15437202736946672 13 -1
15437202738872800 1500 -1
15437202738872800 1500 -1
15437202738873880 8000 -1
15437202738874460 5513 -1
15437202738874970 1453 -1
15437202738875010 1500 -1
15437202738875010 573 -1
15437202743876330 137 1
15437202743902500 13 -1
15437202745674450 1500 -1
15437202745674450 1500 -1
15437202745674910 4009 -1
15437202745675458 4072 -1
15437202745676000 4072 -1
15437202745676000 1154 -1
15437202750677518 126 1
15437202750702788 13 -1
15437202752850630 1500 -1
15437202752851160 1500 -1
15437202752852220 8000 -1
15437202752853260 5539 -1
15437202752853260 1453 -1
15437202752853330 1500 -1
15437202752853830 3819 -1
15437202752854350 3430 -1
15437202757855830 137 1
15437202757880148 13 -1
15437202762855840 9 1
15437202762913092 1500 -1
15437202762913092 414 -1
15437202764262260 1500 -1
15437202764263080 8000 -1
15437202764264130 6578 -1
15437202764264130 1500 -1
15437202764264650 1493 -1
15437202764264710 1500 -1
15437202764265220 2581 -1
15437202764265220 1630 -1
15437202769266642 156 1
15437202769291790 13 -1
15437202771273320 1500 -1
15437202771274170 1500 -1
15437202771274682 8000 -1
15437202771275590 5537 -1
15437202771275590 1453 -1
15437202771276080 1500 -1
15437202771276690 3819 -1
15437202771276690 4072 -1
15437202771277750 3819 -1
15437202776278610 137 1
15437202776306018 13 -1
15437202777841770 1500 -1
15437202777842610 1500 -1
15437202777843120 8000 -1
15437202777843950 5514 -1
15437202777843950 1453 -1
15437202777844400 1500 -1
15437202777844990 3804 -1
15437202777845470 4072 -1
15437202777845470 2809 -1
15437202782846702 136 1
15437202782872850 13 -1
15437202785099170 1500 -1
15437202785099170 1500 -1
15437202785100080 8000 -1
15437202785101320 5538 -1
15437202785101320 1453 -1
15437202785101400 1500 -1
15437202785101870 1481 -1
15437202790102990 125 1
15437202790128150 13 -1
15437202792101460 1500 -1
15437202792101460 1500 -1
15437202792102340 4029 -1
15437202792102850 4072 -1
15437202792103420 4072 -1
15437202792103420 1500 -1
15437202792103420 130 -1
15437202792103490 9 -1
15437202797105050 125 1
15437202797130770 13 -1
15437202798963770 1500 -1
15437202798963770 1500 -1
15437202798964650 8000 -1
15437202798965710 5515 -1
15437202798965710 1453 -1
15437202798966480 1500 -1
15437202798966480 1597 -1
15437202803967710 126 1
15437202803993730 13 -1
15437202805852460 1500 -1
15437202805852460 1500 -1
15437202805853410 8000 -1
15437202805854500 5537 -1
15437202805854910 1453 -1
15437202805854970 1500 -1
15437202805855480 2021 -1
15437202810856750 135 1
15437202810882330 13 -1
15437202812800420 1500 -1
15437202812801362 1500 -1
15437202812801362 8000 -1
15437202812802350 5536 -1
15437202812802350 1453 -1
15437202812802910 1500 -1
15437202812803460 3804 -1
15437202812803460 1634 -1
15437202817804870 136 1
15437202817829360 13 -1
15437202819634408 1500 -1
15437202819634900 1500 -1
15437202819636030 8000 -1
15437202819636570 5514 -1
15437202819636570 1453 -1
15437202819637092 1500 -1
15437202819637610 3806 -1
15437202819637610 622 -1
15437202824639070 126 1
15437202824664700 13 -1
15437202826052030 1500 -1
15437202826052030 1500 -1
15437202826052580 4027 -1
15437202826053140 4072 -1
15437202826053700 4072 -1
15437202826053700 1115 -1
0 0 0
15437202644440210 52 -1
15437202664416950 148 1
15437202664416950 287 1
15437202664439370 9 -1
15437202664441750 13 -1
15437202666268390 1500 -1
15437202666268858 1500 -1
15437202666268858 1500 -1
15437202666269400 2631 -1
15437202666269960 4072 -1
15437202666269960 87 -1
15437202666614420 17 -1
0 0 0
15437202644438110 52 -1
15437202664439950 148 1
15437202664439950 288 1
15437202664461300 9 -1
15437202664464770 13 -1
15437202665830500 1500 -1
15437202665830500 1500 -1
15437202665830500 1500 -1
15437202665831030 2641 -1
15437202665831580 4072 -1
15437202665851020 4072 -1
15437202665851020 896 -1
15437202666418200 17 -1
0 0 0
15437202644579130 52 -1
15437202680518880 148 1
15437202680518880 279 1
15437202680541050 9 -1
15437202680543420 13 -1
15437202682235530 1500 -1
15437202682235530 1500 -1
15437202682235530 1500 -1
15437202682236080 2640 -1
15437202682236618 4072 -1
15437202682256380 4072 -1
15437202682256380 458 -1
15437202682399818 17 -1
