### "'31831 21758 16350 29830 24692 29613 24323 21377 33057 12914 28620 23911 30699 16423 16580 29830 19278 21101 19891 15930'"
0 0 0
15437226929023220 52 -1
15437226949144880 148 1
15437226949144880 270 1
15437226949165910 9 -1
15437226949168170 13 -1
15437226949173050 1500 -1
15437226949173592 3978 -1
15437226954312850 137 1
15437226954336122 13 -1
15437226954340898 1500 -1
15437226954341500 8000 -1
15437226954357500 6969 -1
15437226954358080 1500 -1
15437226954362070 6817 -1
15437226959437890 125 1
15437226959461450 13 -1
15437226959474710 1500 -1
15437226959475250 8000 -1
15437226959477388 6941 -1
15437226959477388 1500 -1
15437226959478490 8000 -1
15437226959482870 3738 -1
15437226964560202 137 1
15437226964583982 13 -1
15437226964589770 1500 -1
15437226964590350 8000 -1
15437226964591990 6964 -1
15437226964591990 1500 -1
15437226964593092 6448 -1
15437226969661650 135 1
15437226969685660 13 -1
15437226969691410 1500 -1
15437226969691948 8000 -1
15437226969693060 6946 -1
15437226969693060 1500 -1
15437226969694682 8000 -1
15437226969695808 6893 -1
15437226969695808 298 -1
15437226974696660 126 1
15437226974720580 13 -1
15437226974727110 1500 -1
15437226974727790 8000 -1
15437226974728300 3494 -1
15437226979728900 136 1
15437226979752632 13 -1
15437226979772410 1500 -1
15437226979772930 8000 -1
15437226979774042 6941 -1
15437226979774042 1500 -1
15437226979775610 8000 -1
15437226979775650 2745 -1
15437226984776600 135 1
15437226984800420 13 -1
15437226984806490 1500 -1
15437226984807670 8000 -1
15437226984808770 6965 -1
15437226984808770 1500 -1
15437226984809260 6036 -1
15437226989810410 135 1
15437226989835538 13 -1
15437226989840670 1500 -1
15437226989841450 8000 -1
15437226989842492 6941 -1
15437226989842492 1500 -1
15437226989844020 8000 -1
15437226989844590 4824 -1
15437226994845480 136 1
15437226994870170 13 -1
15437226994882420 1500 -1
15437226994884010 8000 -1
15437226994884542 6964 -1
15437226994884542 48 -1
15437226999885270 164 1
15437226999908450 13 -1
15437226999914650 1500 -1
15437226999915330 8000 -1
15437226999916740 6941 -1
15437226999916740 205 -1
15437227004917470 126 1
15437227004941690 13 -1
15437227004945510 1500 -1
15437227004945510 2034 -1
15437227009946560 136 1
15437227009970560 13 -1
15437227009975980 1500 -1
15437227009976670 8000 -1
15437227009977700 6941 -1
15437227009978320 1500 -1
15437227009979290 8000 -1
15437227009979898 3955 -1
15437227014980580 9 1
15437227019980660 139 1
15437227020003900 13 -1
15437227020011470 1500 -1
15437227020013040 8000 -1
15437227020013590 6964 -1
15437227020013590 1500 -1
15437227020014150 1403 -1
15437227025014998 134 1
15437227025039050 13 -1
15437227025052062 1500 -1
15437227025052740 8000 -1
15437227025054130 6941 -1
15437227025054130 1500 -1
15437227025054700 3226 -1
15437227030055570 136 1
15437227030079610 13 -1
15437227030090188 1500 -1
15437227030090830 8000 -1
15437227030092198 6964 -1
15437227030092198 1500 -1
15437227030092730 2016 -1
15437227035093620 137 1
15437227035117860 13 -1
15437227035123360 1500 -1
15437227035124062 8000 -1
15437227035125530 6492 -1
15437227040126190 137 1
15437227040150010 13 -1
15437227040153590 1500 -1
15437227040154740 8000 -1
15437227040155780 6964 -1
15437227040155780 1500 -1
15437227040156340 2900 -1
15437227045158140 135 1
15437227045182632 13 -1
15437227045187530 1500 -1
15437227045188242 8000 -1
15437227045189580 6941 -1
15437227045189580 1500 -1
15437227045190680 8000 -1
15437227045191210 4274 -1
15437227050192120 136 1
15437227050215960 13 -1
15437227050222650 1500 -1
15437227050223300 8000 -1
15437227050224330 6964 -1
15437227050224900 1500 -1
15437227050225490 5116 -1
0 0 0
15437226930631210 52 -1
15437226950599820 148 1
15437226950599820 284 1
15437226950621050 9 -1
15437226950623888 13 -1
15437226950629700 1500 -1
15437226950630250 8000 -1
15437226950644780 7044 -1
15437226950649800 1500 -1
15437226950650360 3883 -1
15437226951260130 17 -1
0 0 0
15437226930709390 52 -1
15437226950664640 148 1
15437226950664640 282 1
15437226950686628 9 -1
15437226950689650 13 -1
15437226950698112 1500 -1
15437226950698630 8000 -1
15437226950718480 7010 -1
15437226951186262 17 -1
0 0 0
15437226930932642 52 -1
15437226967393150 148 1
15437226967393150 273 1
15437226967414380 9 -1
15437226967416980 13 -1
15437226967423748 1500 -1
15437226967425380 8000 -1
15437226967438140 7044 -1
15437226967444570 1500 -1
15437226967445108 3502 -1
15437226967626560 17 -1
0 0 0
15437226930926850 52 -1
15437226949017540 148 1
15437226949017540 283 1
15437226949039208 9 -1
15437226949043260 13 -1
15437226949054320 1500 -1
15437226949055310 8000 -1
15437226949064440 7045 -1
15437226949074690 1500 -1
15437226949078450 8000 -1
15437226949081200 5956 -1
15437226949552370 17 -1
0 0 0
15437226930850060 52 -1
15437226950867260 148 1
15437226950867260 283 1
15437226950888550 9 -1
15437226950891910 13 -1
15437226950908560 1500 -1
15437226950909690 8000 -1
15437226950914100 7044 -1
15437226950929502 1500 -1
15437226950931670 8000 -1
15437226950932260 3955 -1
15437226951490108 17 -1
