### "'16634 22526 15114 15146 16750 23750 13168 16611 17318 17128 12894 23040 14840 31266 19515 16783 12681 21763 13446 23653'"
0 0 0
15437310425902218 52 -1
15437310446167740 148 1
15437310446167740 268 1
15437310446189250 9 -1
15437310446191950 13 -1
15437310447562640 1500 -1
15437310447562640 1704 -1
15437310447563180 4072 -1
15437310447563180 199 -1
15437310452712780 137 1
15437310452738860 13 -1
15437310454229350 1500 -1
15437310454229350 1500 -1
15437310454229900 4007 -1
15437310454229900 780 -1
15437310459339350 137 1
15437310459363020 13 -1
15437310460697442 1500 -1
15437310460697940 1564 -1
15437310460697940 708 -1
15437310465760830 136 1
15437310465783860 13 -1
15437310467134530 1500 -1
15437310467135050 1500 -1
15437310467135050 1834 -1
15437310472136410 136 1
15437310472159910 13 -1
15437310473967580 1500 -1
15437310473968120 1500 -1
15437310473968610 4005 -1
15437310473968610 1288 -1
15437310478970460 125 1
15437310478993630 13 -1
15437310480694050 1500 -1
15437310480694540 1500 -1
15437310480696170 8000 -1
15437310480699080 5539 -1
15437310480699690 1453 -1
15437310480714950 1500 -1
15437310480715440 3829 -1
15437310480715440 602 -1
15437310485716578 126 1
15437310485740572 13 -1
15437310487610860 1500 -1
15437310487611380 1500 -1
15437310487611380 2072 -1
15437310492612900 126 1
15437310492636230 13 -1
15437310494293730 432 -1
15437310494295600 1500 -1
15437310494295600 1500 -1
15437310494295600 2328 -1
15437310494296160 3669 -1
15437310499297390 126 1
15437310499321540 13 -1
15437310500791770 1500 -1
15437310500791770 1500 -1
15437310500792652 4026 -1
15437310500793160 4072 -1
15437310500793160 2223 -1
15437310505794320 125 1
15437310505818232 13 -1
15437310507762060 1500 -1
15437310507762060 1500 -1
15437310507762598 4005 -1
15437310507763090 4072 -1
15437310507763660 4072 -1
15437310507763660 1500 -1
15437310507764202 101 -1
15437310507764270 9 -1
15437310512765360 126 1
15437310512788430 13 -1
15437310514636418 1500 -1
15437310514636418 1500 -1
15437310514637238 4024 -1
15437310514638340 4072 -1
15437310514638920 4072 -1
15437310514639450 1500 -1
15437310514639450 813 -1
15437310514639450 9 -1
15437310519640210 125 1
15437310519663442 13 -1
15437310521778008 1500 -1
15437310521778008 1500 -1
15437310521778540 4026 -1
15437310521779662 4072 -1
15437310521779662 4072 -1
15437310521780780 1500 -1
15437310521780780 620 -1
15437310521780780 9 -1
15437310526782082 127 1
15437310526805520 13 -1
15437310528575720 1500 -1
15437310528576240 1500 -1
15437310528576810 3999 -1
15437310528577350 4072 -1
15437310528577350 1951 -1
15437310533578588 125 1
15437310533602600 13 -1
15437310538408470 1500 -1
15437310538408470 430 -1
15437310539793790 1500 -1
15437310539795498 8000 -1
15437310539796040 6560 -1
15437310539796570 1500 -1
15437310539796570 2909 -1
15437310539796570 821 -1
15437310544799550 126 1
15437310544822870 13 -1
15437310545418270 1500 -1
15437310545418780 1500 -1
15437310545419360 4036 -1
15437310545419900 4072 -1
15437310545420452 3885 -1
15437310550421268 9 1
15437310555421370 140 1
15437310555444260 13 -1
15437310556757910 1500 -1
15437310556758430 1500 -1
15437310556759530 8000 -1
15437310556760672 5537 -1
15437310556760672 1457 -1
15437310556760672 1500 -1
15437310556762320 3810 -1
15437310556762878 4072 -1
15437310556763420 4061 -1
15437310561764090 126 1
15437310561787332 13 -1
15437310563574210 1500 -1
15437310563574720 1500 -1
15437310563575302 4024 -1
15437310563575302 2699 -1
15437310568576378 135 1
15437310568599400 13 -1
15437310570000920 1500 -1
15437310570000920 1500 -1
15437310570002020 8000 -1
15437310570002580 5539 -1
15437310570003160 1500 -1
15437310570003160 276 -1
15437310570003160 1373 -1
15437310575004290 126 1
15437310575027950 13 -1
15437310576371592 1500 -1
15437310576372140 1500 -1
15437310576372650 4001 -1
15437310576373160 4072 -1
15437310576373710 4072 -1
15437310576373710 1500 -1
15437310576373710 275 -1
15437310576373770 9 -1
15437310581375250 126 1
15437310581398088 13 -1
15437310582840640 1500 -1
15437310582840640 1500 -1
15437310582841160 4029 -1
15437310582841700 4072 -1
15437310582841700 1734 -1
15437310587843290 136 1
15437310587866960 13 -1
15437310588367050 1500 -1
15437310588367050 1500 -1
15437310588368160 8000 -1
15437310588368740 5512 -1
15437310588369240 1457 -1
15437310588369240 1500 -1
15437310588369830 2440 -1
15437310593370832 126 1
15437310593393878 13 -1
15437310595211420 1500 -1
15437310595211930 1500 -1
15437310595212490 4026 -1
15437310595213030 4072 -1
15437310595213030 2500 -1
15437310600214350 127 1
15437310600238290 13 -1
15437310601625710 431 -1
15437310601626820 1500 -1
15437310601627350 1500 -1
15437310601627350 134 -1
15437310606628030 126 1
15437310606652492 13 -1
15437310608669680 1500 -1
15437310608670102 1500 -1
15437310608670102 3246 -1
15437310614938880 125 1
15437310614962298 13 -1
15437310616466600 1500 -1
15437310616466600 288 -1
15437310621467540 126 1
15437310621491170 13 -1
15437310623523828 1500 -1
15437310623524662 1500 -1
15437310623525190 8000 -1
15437310623526010 5536 -1
15437310623526010 1453 -1
15437310623526010 1500 -1
15437310623526558 3819 -1
15437310623526558 515 -1
15437310628527960 125 1
15437310628551760 13 -1
15437310630087890 1500 -1
15437310630087890 1500 -1
15437310630089240 8000 -1
15437310630089920 5537 -1
15437310630089920 1453 -1
15437310630090510 1500 -1
15437310630090510 3820 -1
15437310630091022 1143 -1
15437310635091838 126 1
15437310635115230 13 -1
15437310636547210 1500 -1
15437310636548130 1500 -1
15437310636548640 8000 -1
15437310636549520 5514 -1
15437310636549520 1453 -1
15437310636549520 1500 -1
15437310636549520 801 -1
15437310641551290 127 1
15437310641574950 13 -1
15437310643274332 1500 -1
15437310643275070 1500 -1
15437310643275070 4026 -1
15437310643275590 3189 -1
15437310648276660 126 1
15437310648300120 13 -1
15437310649960340 1500 -1
15437310649960340 1500 -1
15437310649961130 4001 -1
15437310649961720 4072 -1
15437310649961720 4072 -1
15437310649962220 1500 -1
15437310649962220 276 -1
15437310649962270 9 -1
15437310654963440 126 1
15437310654987250 13 -1
15437310656306710 1500 -1
15437310656307500 1500 -1
15437310656307500 4027 -1
15437310656308070 4072 -1
15437310656308070 3723 -1
15437310661309700 126 1
15437310661333170 13 -1
15437310662924590 1500 -1
15437310662924590 1500 -1
15437310662925910 8000 -1
15437310662926460 5539 -1
15437310662926460 1453 -1
15437310662927010 1500 -1
15437310662927010 1481 -1
15437310667927830 126 1
15437310667951530 13 -1
15437310668602468 1500 -1
15437310668602468 1500 -1
15437310668604280 8000 -1
15437310668604280 5513 -1
15437310668604938 1453 -1
15437310668604938 1500 -1
15437310668604938 1984 -1
0 0 0
15437310427705650 52 -1
15437310447722470 148 1
15437310447722470 272 1
15437310447743390 9 -1
15437310447746590 13 -1
15437310449122940 1500 -1
15437310449123980 8000 -1
15437310449144300 7154 -1
15437310449144300 392 -1
15437310449144300 1500 -1
15437310449144850 1500 -1
15437310449144850 2768 -1
15437310449822170 17 -1
0 0 0
15437310428002232 52 -1
15437310445923240 148 1
15437310445923240 271 1
15437310445944960 9 -1
15437310445949290 13 -1
15437310447403000 1500 -1
15437310447403000 1500 -1
15437310447403000 1500 -1
15437310447403490 2643 -1
15437310447404020 4072 -1
15437310447423890 4072 -1
15437310447423890 1500 -1
15437310447423890 126 -1
15437310447423890 9 -1
15437310448135760 17 -1
0 0 0
15437310427975420 52 -1
15437310464094190 148 1
15437310464094190 272 1
15437310464115510 9 -1
15437310464118270 13 -1
15437310465620990 1500 -1
15437310465621520 1500 -1
15437310465621520 1500 -1
15437310465622010 2653 -1
15437310465622570 4072 -1
15437310465642440 4072 -1
15437310465642440 1500 -1
15437310465642440 233 -1
15437310465642440 9 -1
15437310465680510 17 -1
0 0 0
15437310427864080 52 -1
15437310447958118 148 1
15437310447958118 272 1
15437310447979090 9 -1
15437310447981750 13 -1
15437310449235858 1500 -1
15437310449235858 1500 -1
15437310449235858 1500 -1
15437310449236390 2653 -1
15437310449236930 4072 -1
15437310449255950 4072 -1
15437310449255950 87 -1
15437310449922450 17 -1
0 0 0
15437310427782240 52 -1
15437310447925210 148 1
15437310447925210 272 1
15437310447946140 9 -1
15437310447948830 13 -1
15437310449730270 1500 -1
15437310449730790 1500 -1
15437310449730790 1500 -1
15437310449731340 2652 -1
15437310449731950 4072 -1
15437310449751912 4072 -1
15437310449751912 120 -1
15437310449942780 17 -1
