### "'18060 29235 21022 28877 25735 14003 34867 21155 24442 16552 22584 18352 10998 11256 19363 23941 13245 26522 17198 25281'"
0 0 0
15437312800763000 52 -1
15437312820796700 148 1
15437312820818370 9 -1
15437312820957010 281 1
15437312820981880 13 -1
15437312820986720 1500 -1
15437312820987260 8000 -1
15437312821007800 7043 -1
15437312821007800 1500 -1
15437312821009560 3147 -1
15437312821253210 17 -1
0 0 0
15437312800754508 52 -1
15437312818563170 148 1
15437312818563170 283 1
15437312818583920 9 -1
15437312818586400 13 -1
15437312818591260 1500 -1
15437312818592350 7981 -1
15437312818709920 17 -1
0 0 0
15437312800765290 52 -1
15437312836701170 148 1
15437312836701170 280 1
15437312836722820 9 -1
15437312836726260 13 -1
15437312836732910 1500 -1
15437312836733920 8000 -1
15437312836747480 7044 -1
15437312836753850 1500 -1
15437312836755530 8000 -1
15437312836759182 3002 -1
15437312837006850 17 -1
0 0 0
15437312800625260 52 -1
15437312820744130 148 1
15437312820744130 282 1
15437312820765470 9 -1
15437312820768250 13 -1
15437312820773280 1500 -1
15437312820774310 8000 -1
15437312820789608 7044 -1
15437312820794188 1500 -1
15437312820794188 185 -1
15437312821170170 17 -1
0 0 0
15437312798518022 52 -1
15437312818684360 148 1
15437312818684360 267 1
15437312818705580 9 -1
15437312818707660 13 -1
15437312818709860 1500 -1
15437312818709860 1498 -1
15437312823798020 138 1
15437312823821590 13 -1
15437312823825892 1500 -1
15437312823826440 6370 -1
15437312828864200 137 1
15437312828888280 13 -1
15437312828892990 1500 -1
15437312828893540 6144 -1
15437312833917292 138 1
15437312833941290 13 -1
15437312833945670 1500 -1
15437312833945670 3114 -1
15437312839024652 122 1
15437312839047690 13 -1
15437312839052150 1500 -1
15437312839052700 4674 -1
15437312844053580 137 1
15437312844078410 13 -1
15437312844084070 1500 -1
15437312844084070 2924 -1
15437312849085010 138 1
15437312849108290 13 -1
15437312849123490 1500 -1
15437312849125170 8000 -1
15437312849129030 6941 -1
15437312849129600 1500 -1
15437312849144090 7860 -1
15437312854144890 125 1
15437312854168140 13 -1
15437312854172512 1500 -1
15437312854173570 8000 -1
15437312854174140 4583 -1
15437312859175040 126 1
15437312859197400 13 -1
15437312859202810 1500 -1
15437312859203898 8000 -1
15437312859205530 6941 -1
15437312859206110 1500 -1
15437312859208310 8000 -1
15437312859208870 6893 -1
15437312859209390 1500 -1
15437312859209390 608 -1
15437312864210740 137 1
15437312864234080 13 -1
15437312864238852 1500 -1
15437312864239932 8000 -1
15437312864240520 6964 -1
15437312864241040 1500 -1
15437312864241580 3280 -1
15437312869242640 138 1
15437312869265730 13 -1
15437312869275350 1500 -1
15437312869275860 8000 -1
15437312869276970 6941 -1
15437312869277560 1500 -1
15437312869278070 6567 -1
15437312874279550 138 1
15437312874302990 13 -1
15437312874312300 1500 -1
15437312874312840 8000 -1
15437312874313900 6964 -1
15437312874313900 177 -1
15437312879315250 138 1
15437312879338080 13 -1
15437312879345100 1500 -1
15437312879346148 8000 -1
15437312879347670 6941 -1
15437312879347670 1500 -1
15437312879348380 4709 -1
15437312884349430 136 1
15437312884372580 13 -1
15437312884381558 1500 -1
15437312884382150 8000 -1
15437312884383220 6964 -1
15437312884383790 1500 -1
15437312884383790 477 -1
15437312889384920 138 1
15437312889408680 13 -1
15437312889413350 1500 -1
15437312889414010 8000 -1
15437312889414560 1555 -1
15437312894415160 138 1
15437312894438838 13 -1
15437312894442670 1500 -1
15437312894443360 6287 -1
15437312899444160 9 1
15437312904444370 140 1
15437312904466980 13 -1
15437312904471450 1500 -1
15437312904471980 8000 -1
15437312904472548 1836 -1
15437312909473350 138 1
15437312909497140 13 -1
15437312909503050 1500 -1
15437312909503750 8000 -1
15437312909504830 6946 -1
15437312909505538 1500 -1
15437312909505538 1488 -1
15437312914506670 136 1
15437312914530740 13 -1
15437312914538670 1500 -1
15437312914539900 8000 -1
15437312914540400 6964 -1
15437312914541340 1500 -1
15437312914541870 6066 -1
15437312919542640 137 1
15437312919566072 13 -1
15437312920889110 1500 -1
15437312920889968 1603 -1
15437312920889968 4072 -1
15437312920890460 4072 -1
15437312920890460 2188 -1
15437312925892070 137 1
15437312925915210 13 -1
15437312926922268 1500 -1
15437312926922792 8000 -1
15437312926923900 7014 -1
15437312926923900 377 -1
15437312926924390 1500 -1
15437312926924390 1500 -1
15437312926924940 3508 -1
15437312926925500 3271 -1
15437312931926220 137 1
15437312931949730 13 -1
15437312933147270 517 -1
15437312934324940 1500 -1
15437312934326380 8000 -1
15437312934326848 6893 -1
15437312934326848 458 -1
15437312934327400 9 -1
15437312939328020 137 1
15437312939351320 13 -1
15437312939361210 1500 -1
15437312939361740 8000 -1
15437312939362882 6941 -1
15437312939363360 1500 -1
15437312939364560 7406 -1
15437312944365190 137 1
15437312944388720 13 -1
15437312944398320 1500 -1
15437312944398770 8000 -1
15437312944399828 6964 -1
15437312944399828 758 -1
15437312949400730 135 1
15437312949424068 13 -1
15437312949434200 1500 -1
15437312949434740 8000 -1
15437312949435288 1687 -1
0 0 0
15437312800713880 52 -1
15437312820514700 148 1
15437312820514700 282 1
15437312820536120 9 -1
15437312820538850 13 -1
15437312820543498 1500 -1
15437312820544010 8000 -1
15437312820564220 7044 -1
15437312820564220 1500 -1
15437312820566400 8000 -1
15437312820566968 3360 -1
15437312821171810 17 -1
