### "'12928 26726 21138 25076 26470 18767 30650 25911 32185 17938 27264 38142 17466 29785 29788 15536 18940 25493 18860 32457'"
0 0 0
15437323087831850 52 -1
15437323107882250 148 1
15437323107882250 282 1
15437323107903400 9 -1
15437323107905992 13 -1
15437323107913430 1500 -1
15437323107914000 8000 -1
15437323107933690 7044 -1
15437323107933690 1500 -1
15437323107935350 8000 -1
15437323107935350 851 -1
15437323108316680 17 -1
0 0 0
15437323087818440 52 -1
15437323107859760 148 1
15437323107859760 282 1
15437323107881228 9 -1
15437323107883480 13 -1
15437323107888110 1500 -1
15437323107888670 8000 -1
15437323107908710 7044 -1
15437323107908710 1500 -1
15437323107910370 7201 -1
15437323108372720 17 -1
0 0 0
15437323087940490 52 -1
15437323123768280 148 1
15437323123792788 9 -1
15437323123792960 270 1
15437323123815190 13 -1
15437323123821980 1500 -1
15437323123823030 8000 -1
15437323123843400 7044 -1
15437323123843400 1500 -1
15437323123843920 892 -1
15437323124067590 17 -1
0 0 0
15437323087963418 52 -1
15437323105802072 148 1
15437323105802072 283 1
15437323105823200 9 -1
15437323105825460 13 -1
15437323105829862 1500 -1
15437323105830842 8000 -1
15437323105844090 3588 -1
15437323106050670 17 -1
0 0 0
15437323085788140 52 -1
15437323105857320 148 1
15437323105857320 260 1
15437323105878652 9 -1
15437323105881888 13 -1
15437323105886270 1500 -1
15437323105886270 2429 -1
15437323110918660 137 1
15437323110942780 13 -1
15437323110946218 1500 -1
15437323110946770 5305 -1
15437323115984098 138 1
15437323116007940 13 -1
15437323116012910 1500 -1
15437323116013420 4756 -1
15437323121026558 137 1
15437323121049750 13 -1
15437323122009830 559 -1
15437323122010952 1500 -1
15437323122012020 8000 -1
15437323122030780 6893 -1
15437323122031350 1500 -1
15437323122031930 936 -1
15437323122031930 1500 -1
15437323122032462 2581 -1
15437323122032990 3218 -1
15437323127065850 138 1
15437323127089642 13 -1
15437323128079300 1500 -1
15437323128080330 8000 -1
15437323128081980 7012 -1
15437323128081980 375 -1
15437323128082550 1500 -1
15437323128082550 1500 -1
15437323128083640 3508 -1
15437323128084208 4072 -1
15437323128084770 3329 -1
15437323133085990 138 1
15437323133109300 13 -1
15437323133123590 1500 -1
15437323133124102 8000 -1
15437323133125210 6964 -1
15437323133125740 1500 -1
15437323133126850 8000 -1
15437323133126900 36 -1
15437323138127840 127 1
15437323138151090 13 -1
15437323138155770 1500 -1
15437323138156280 8000 -1
15437323138157360 6941 -1
15437323138157920 1500 -1
15437323138158980 8000 -1
15437323138160090 6310 -1
15437323143160800 139 1
15437323143184590 13 -1
15437323143190940 1500 -1
15437323143191380 8000 -1
15437323143192470 6965 -1
15437323143192470 1500 -1
15437323143192470 63 -1
15437323148193910 137 1
15437323148217380 13 -1
15437323148227438 1500 -1
15437323148227950 8000 -1
15437323148229030 6941 -1
15437323148229610 1500 -1
15437323148230670 8000 -1
15437323148230720 1389 -1
15437323153232190 138 1
15437323153256660 13 -1
15437323153269500 1500 -1
15437323153270062 8000 -1
15437323153271170 6965 -1
15437323153271730 1500 -1
15437323153272800 8000 -1
15437323153273900 6893 -1
15437323153273900 1500 -1
15437323153274440 3883 -1
15437323158275700 137 1
15437323158300372 13 -1
15437323158310880 1500 -1
15437323158311440 8000 -1
15437323158312480 6941 -1
15437323158312480 1091 -1
15437323163313900 138 1
15437323163337950 13 -1
15437323163346340 1500 -1
15437323163346830 8000 -1
15437323163347900 6969 -1
15437323163347900 1500 -1
15437323163349522 8000 -1
15437323163350090 3910 -1
15437323168350980 125 1
15437323168374520 13 -1
15437323168383530 1500 -1
15437323168384070 8000 -1
15437323168385140 6941 -1
15437323168385660 1500 -1
15437323168386770 8000 -1
15437323168387330 3913 -1
15437323173388140 124 1
15437323173411350 13 -1
15437323174385850 1500 -1
15437323174385850 1588 -1
15437323174386380 4072 -1
15437323174386910 4072 -1
15437323174387460 4072 -1
15437323174387460 386 -1
15437323179388918 9 1
15437323184389070 138 1
15437323184414360 13 -1
15437323184421630 1500 -1
15437323184422740 8000 -1
15437323184423252 6970 -1
15437323184423850 1500 -1
15437323184423850 1065 -1
15437323189425048 137 1
15437323189449170 13 -1
15437323189461100 1500 -1
15437323189461588 8000 -1
15437323189462660 6941 -1
15437323189463200 1500 -1
15437323189464272 7618 -1
15437323194464900 125 1
15437323194489170 13 -1
15437323194498780 1500 -1
15437323194499330 8000 -1
15437323194500440 6969 -1
15437323194500990 1500 -1
15437323194500990 985 -1
15437323199502130 138 1
15437323199526852 13 -1
15437323199549370 1500 -1
15437323199549870 8000 -1
15437323199550950 6942 -1
15437323199551498 1500 -1
15437323199552620 8000 -1
15437323199553780 6582 -1
15437323204554500 167 1
15437323204578200 13 -1
15437323205536662 1500 -1
15437323205537710 8000 -1
15437323205538800 7038 -1
15437323205538800 375 -1
15437323205539350 575 -1
15437323210540060 125 1
15437323210564042 13 -1
15437323211909800 1500 -1
15437323211910830 8000 -1
15437323211911900 7036 -1
15437323211911900 392 -1
15437323211912430 1500 -1
15437323211913020 1500 -1
15437323211913530 3508 -1
15437323211914080 4072 -1
15437323211914080 915 -1
15437323216914958 137 1
15437323216938940 13 -1
15437323216948680 1500 -1
15437323216949200 8000 -1
15437323216950330 6941 -1
15437323216950820 1500 -1
15437323216951920 8000 -1
15437323216951980 861 -1
15437323221954210 126 1
15437323221978000 13 -1
15437323221989620 1500 -1
15437323221990130 8000 -1
15437323221990760 3863 -1
0 0 0
15437323087723060 52 -1
15437323107798260 148 1
15437323107798260 283 1
15437323107819330 9 -1
15437323107822310 13 -1
15437323107828050 1500 -1
15437323107829110 8000 -1
15437323107843210 7044 -1
15437323107848700 1500 -1
15437323107849250 3263 -1
15437323108316200 17 -1
