### "'20229 28143 17508 21981 31064 25782 23621 20871 36170 20644 13114 26657 20473 25877 15383 33492 22998 29263 26122 28524'"
0 0 0
15437357962046800 52 -1
15437357982297298 148 1
15437357982297298 268 1
15437357982318750 9 -1
15437357982320672 13 -1
15437357983774910 1500 -1
15437357983775360 1500 -1
15437357983776460 8000 -1
15437357983795500 5654 -1
15437357983796060 1453 -1
15437357983796540 1500 -1
15437357983796540 2662 -1
15437357984033000 17 -1
0 0 0
15437357959865980 52 -1
15437357980127770 148 1
15437357980127770 265 1
15437357980149320 9 -1
15437357980152308 13 -1
15437357981092430 1500 -1
15437357981092890 1701 -1
15437357981093440 4072 -1
15437357981093440 604 -1
15437357986291590 138 1
15437357986316130 13 -1
15437357988278710 1500 -1
15437357988279222 1500 -1
15437357988279222 237 -1
15437357993309842 137 1
15437357993333160 13 -1
15437357994934102 1500 -1
15437357994934102 826 -1
15437357999960680 137 1
15437357999985220 13 -1
15437358000886890 1500 -1
15437358000886890 1074 -1
15437358005888370 138 1
15437358005912610 13 -1
15437358008058720 1500 -1
15437358008059060 1500 -1
15437358008059060 1921 -1
15437358013061180 138 1
15437358013087800 13 -1
15437358014729250 1500 -1
15437358014729250 1500 -1
15437358014729250 259 -1
15437358019730870 137 1
15437358019754810 13 -1
15437358021175770 1500 -1
15437358021175770 827 -1
15437358026177340 138 1
15437358026201128 13 -1
15437358027928950 1500 -1
15437358027928950 573 -1
15437358032930410 138 1
15437358032954330 13 -1
15437358035094150 1500 -1
15437358035094150 1500 -1
15437358035094150 71 -1
15437358040095140 136 1
15437358040118970 13 -1
15437358042163810 1500 -1
15437358042164280 1500 -1
15437358042165380 8000 -1
15437358042165930 5536 -1
15437358042185060 1453 -1
15437358042185460 1500 -1
15437358042188010 3813 -1
15437358042188570 2650 -1
15437358047190260 135 1
15437358047214090 13 -1
15437358048981430 1500 -1
15437358048981990 1500 -1
15437358048983030 8000 -1
15437358048983540 5513 -1
15437358048984050 1453 -1
15437358048984120 1500 -1
15437358048984630 3805 -1
15437358048984630 497 -1
15437358053985920 126 1
15437358054009560 13 -1
15437358054767370 1500 -1
15437358054767370 1500 -1
15437358054768420 8000 -1
15437358054769002 5538 -1
15437358054769490 1453 -1
15437358054769590 1500 -1
15437358054769590 1552 -1
15437358059771150 135 1
15437358059795020 13 -1
15437358061550250 1500 -1
15437358061550750 1500 -1
15437358061551818 8000 -1
15437358061552330 5537 -1
15437358061552890 1453 -1
15437358061553480 1500 -1
15437358061554660 8000 -1
15437358061555728 6893 -1
15437358061555728 1113 -1
15437358061556280 863 -1
15437358066556960 125 1
15437358066580240 13 -1
15437358067716450 1500 -1
15437358067717810 1500 -1
15437358067718958 8000 -1
15437358067719480 5513 -1
15437358067719950 1453 -1
15437358067720020 1500 -1
15437358067720020 1325 -1
15437358072721620 135 1
15437358072746120 13 -1
15437358074773778 1500 -1
15437358074773778 1500 -1
15437358074774352 4010 -1
15437358074774890 4072 -1
15437358074774890 2185 -1
15437358079776590 136 1
15437358079801012 13 -1
15437358081914370 1500 -1
15437358081914370 416 -1
15437358081915470 1500 -1
15437358081916570 8000 -1
15437358081917642 6575 -1
15437358081917642 1232 -1
15437358081918210 1500 -1
15437358081918210 2581 -1
15437358081919270 3534 -1
15437358086920410 137 1
15437358086943950 13 -1
15437358088653510 1500 -1
15437358088653510 1500 -1
15437358088654570 8000 -1
15437358088655130 5515 -1
15437358088655650 1453 -1
15437358088655700 1500 -1
15437358088655700 1154 -1
15437358093657110 137 1
15437358093680748 13 -1
15437358096161220 1500 -1
15437358096161220 1500 -1
15437358096162260 8000 -1
15437358096162810 5538 -1
15437358096163320 1453 -1
15437358096163370 1500 -1
15437358096163900 3801 -1
15437358096164430 2757 -1
15437358101166130 9 1
15437358106166160 141 1
15437358106190410 13 -1
15437358107781970 1500 -1
15437358107781970 1500 -1
15437358107782518 4008 -1
15437358107783070 4072 -1
15437358107783598 4072 -1
15437358107783598 385 -1
15437358112785398 136 1
15437358112809340 13 -1
15437358114915430 1500 -1
15437358114915430 1500 -1
15437358114916760 8000 -1
15437358114917380 5537 -1
15437358114917380 1453 -1
15437358114917820 1500 -1
15437358114918430 3803 -1
15437358114918972 4072 -1
15437358114919520 4072 -1
15437358114920080 2226 -1
15437358119920750 136 1
15437358119944342 13 -1
15437358121904080 1500 -1
15437358121904080 1500 -1
15437358121905510 8000 -1
15437358121906140 5537 -1
15437358121906140 1453 -1
15437358121906670 1500 -1
15437358121906670 3679 -1
15437358126907890 135 1
15437358126931680 13 -1
15437358128866670 1500 -1
15437358128866670 1500 -1
15437358128867540 8000 -1
15437358128868570 5512 -1
15437358128868570 1453 -1
15437358128869470 1500 -1
15437358128869470 3806 -1
15437358128870000 4072 -1
15437358128870562 2066 -1
15437358133871592 136 1
15437358133896380 13 -1
15437358135584410 1500 -1
15437358135585360 1500 -1
15437358135585360 8000 -1
15437358135586710 5537 -1
15437358135586710 1453 -1
15437358135586810 1500 -1
15437358135587280 3803 -1
15437358135587822 3000 -1
15437358140589190 136 1
15437358140613862 13 -1
15437358142119290 1500 -1
15437358142119290 1500 -1
15437358142120120 8000 -1
15437358142121192 5537 -1
15437358142121192 1453 -1
15437358142121770 1500 -1
15437358142122330 3804 -1
15437358142122890 4072 -1
15437358142122890 1329 -1
15437358147124230 137 1
15437358147148080 13 -1
15437358149023718 1500 -1
15437358149023718 1500 -1
15437358149024480 8000 -1
15437358149025540 5514 -1
15437358149025540 1453 -1
15437358149026100 1500 -1
15437358149026620 3804 -1
15437358149027172 4072 -1
15437358149027172 1991 -1
15437358154028348 135 1
15437358154052620 13 -1
15437358154882870 1500 -1
15437358154882870 1500 -1
15437358154883700 4021 -1
15437358154884210 4072 -1
15437358154884750 3805 -1
15437358159885408 137 1
15437358159909800 13 -1
15437358161717810 1500 -1
15437358161718700 1500 -1
15437358161719220 8000 -1
15437358161719780 5539 -1
15437358161720330 1453 -1
15437358161720400 1500 -1
15437358161721498 8000 -1
15437358161722560 6893 -1
15437358161722560 1114 -1
15437358161723110 894 -1
15437358166724000 137 1
15437358166749050 13 -1
15437358168510252 1500 -1
15437358168510252 1500 -1
15437358168511310 8000 -1
15437358168512198 5514 -1
15437358168513020 1453 -1
15437358168513178 1500 -1
15437358168513178 3801 -1
15437358168513178 852 -1
0 0 0
15437357962136120 52 -1
15437357979949420 148 1
15437357979949420 279 1
15437357979970952 9 -1
15437357979972930 13 -1
15437357981710770 1500 -1
15437357981711258 1500 -1
15437357981712330 8000 -1
15437357981732010 5655 -1
15437357981732010 1500 -1
15437357981732010 269 -1
15437357981732510 1500 -1
15437357981732510 594 -1
15437357982234600 17 -1
0 0 0
15437357961882680 52 -1
15437357981851640 148 1
15437357981851640 279 1
15437357981873282 9 -1
15437357981876112 13 -1
15437357983523310 1500 -1
15437357983523770 1500 -1
15437357983523770 1500 -1
15437357983524320 2636 -1
15437357983524870 4072 -1
15437357983544540 4072 -1
15437357983544540 1500 -1
15437357983544540 1007 -1
15437357983544540 9 -1
15437357983978888 17 -1
0 0 0
15437357962097362 52 -1
15437357998077910 148 1
15437357998077910 269 1
15437357998099142 9 -1
15437357998102010 13 -1
15437358000198500 1500 -1
15437358000198988 1500 -1
15437358000199550 8000 -1
15437358000220050 5653 -1
15437358000220050 1453 -1
15437358000220570 1500 -1
15437358000220570 3819 -1
15437358000221168 4072 -1
15437358000221620 3854 -1
15437358000284690 17 -1
0 0 0
15437357961947150 52 -1
15437357981999940 148 1
15437357981999940 280 1
15437357982021580 9 -1
15437357982023980 13 -1
15437357983082020 1500 -1
15437357983082020 1500 -1
15437357983083070 8000 -1
15437357983103120 5655 -1
15437357983103680 1453 -1
15437357983104190 1500 -1
15437357983104760 3805 -1
15437357983107950 4072 -1
15437357983107950 947 -1
15437357983802040 17 -1
