### "'14790 24223 19798 32833 23812 17696 17264 27115 31084 24424 21457 35441 23253 31049 25232 18565 24235 35004 21875 24011'"
0 0 0
15436062010878360 52 -1
15436062047144000 148 1
15436062047144000 269 1
15436062047165908 9 -1
15436062047168250 13 -1
15436062047173880 1500 -1
15436062047174398 8000 -1
15436062047194740 7044 -1
15436062047195250 1500 -1
15436062047195820 5937 -1
15436062047276370 17 -1
0 0 0
15436062010747160 52 -1
15436062030894680 148 1
15436062030894680 267 1
15436062030916110 9 -1
15436062030918920 13 -1
15436062030923660 1500 -1
15436062030924210 7680 -1
15436062031204560 17 -1
0 0 0
15436062010716540 52 -1
15436062030869200 148 1
15436062030869200 268 1
15436062030892028 9 -1
15436062030893920 13 -1
15436062030904130 1500 -1
15436062030912840 8000 -1
15436062030924280 7044 -1
15436062030924750 1500 -1
15436062030924750 1923 -1
15436062031265262 17 -1
0 0 0
15436062008869540 52 -1
15436062028984150 148 1
15436062028984150 265 1
15436062029004910 9 -1
15436062029007872 13 -1
15436062029012370 1500 -1
15436062029012950 4697 -1
15436062034130080 138 1
15436062034154570 13 -1
15436062034159120 1500 -1
15436062034159120 2383 -1
15436062039293680 124 1
15436062039316822 13 -1
15436062039321220 1500 -1
15436062039321762 5915 -1
15436062044419580 127 1
15436062044443260 13 -1
15436062044458730 1500 -1
15436062044459260 8000 -1
15436062044464020 6964 -1
15436062044464582 1500 -1
15436062044478870 8000 -1
15436062044479980 6893 -1
15436062044479980 74 -1
15436062049674730 123 1
15436062049697670 13 -1
15436062049705550 1500 -1
15436062049706100 8000 -1
15436062049707210 6941 -1
15436062049707760 1321 -1
15436062054708410 126 1
15436062054731920 13 -1
15436062054738070 1500 -1
15436062054738570 8000 -1
15436062054739658 6970 -1
15436062054740200 889 -1
15436062059740830 125 1
15436062059764650 13 -1
15436062059773090 1500 -1
15436062059773650 8000 -1
15436062059774730 6946 -1
15436062059775300 1500 -1
15436062059776412 8000 -1
15436062059776470 1240 -1
15436062064777320 124 1
15436062064800630 13 -1
15436062064814920 1500 -1
15436062064815970 8000 -1
15436062064817040 6964 -1
15436062064817040 1500 -1
15436062064818700 8000 -1
15436062064819290 5209 -1
15436062069820002 126 1
15436062069843040 13 -1
15436062069848010 1500 -1
15436062069848550 8000 -1
15436062069849610 6941 -1
15436062069850162 1500 -1
15436062069851270 6549 -1
15436062074851890 125 1
15436062074874690 13 -1
15436062074879520 1500 -1
15436062074880650 8000 -1
15436062074881200 6965 -1
15436062074881730 1500 -1
15436062074882290 3582 -1
15436062079883090 126 1
15436062079906180 13 -1
15436062079911750 1500 -1
15436062079912290 8000 -1
15436062079913340 6941 -1
15436062079913900 1500 -1
15436062079915020 8000 -1
15436062079916080 6893 -1
15436062079916080 1500 -1
15436062079916080 1182 -1
15436062084917410 125 1
15436062084940482 13 -1
15436062084949160 1500 -1
15436062084950800 8000 -1
15436062084951910 6964 -1
15436062084951910 1500 -1
15436062084952450 5378 -1
15436062089955390 125 1
15436062089978470 13 -1
15436062089995300 1500 -1
15436062089995830 8000 -1
15436062089996900 6941 -1
15436062089997430 1500 -1
15436062089998500 8000 -1
15436062089999620 5174 -1
15436062095000310 9 1
15436062100000300 129 1
15436062100024910 13 -1
15436062100045380 1500 -1
15436062100046950 8000 -1
15436062100048050 6964 -1
15436062100048050 1500 -1
15436062100049160 7357 -1
15436062105049840 135 1
15436062105073910 13 -1
15436062105083520 1500 -1
15436062105084590 8000 -1
15436062105085160 6941 -1
15436062105085700 1500 -1
15436062105085700 690 -1
15436062110086480 125 1
15436062110110090 13 -1
15436062110115280 1500 -1
15436062110116848 8000 -1
15436062110117380 6964 -1
15436062110117990 1500 -1
15436062110118470 6360 -1
15436062115119400 125 1
15436062115142620 13 -1
15436062115149960 1500 -1
15436062115150490 8000 -1
15436062115151050 300 -1
15436062120151740 125 1
15436062120174730 13 -1
15436062120181220 1500 -1
15436062120181780 8000 -1
15436062120182850 6964 -1
15436062120182850 1500 -1
15436062120184460 8000 -1
15436062120185580 6893 -1
15436062120185580 1500 -1
15436062120185580 745 -1
15436062125186998 126 1
15436062125211030 13 -1
15436062125221620 1500 -1
15436062125222750 8000 -1
15436062125223890 6941 -1
15436062125223890 1500 -1
15436062125224430 4000 -1
15436062130225680 126 1
15436062130248720 13 -1
15436062130262640 1500 -1
15436062130263760 8000 -1
15436062130264310 6964 -1
15436062130264840 1500 -1
15436062130265340 6136 -1
15436062135266170 127 1
15436062135289140 13 -1
15436062135311862 1500 -1
15436062135312992 8000 -1
15436062135313520 6941 -1
15436062135314080 1500 -1
15436062135315190 8000 -1
15436062135315240 1569 -1
0 0 0
15436062010867240 52 -1
15436062030923830 148 1
15436062030923830 267 1
15436062030944920 9 -1
15436062030948082 13 -1
15436062030956110 1500 -1
15436062030956640 8000 -1
15436062030976390 7044 -1
15436062030976840 1500 -1
15436062030978520 6348 -1
15436062031217820 17 -1
0 0 0
15436062011048500 52 -1
15436062028977050 148 1
15436062028977050 267 1
15436062028997682 9 -1
15436062029000462 13 -1
15436062029013500 1500 -1
15436062029014630 8000 -1
15436062029021390 5450 -1
15436062029210630 17 -1
