### "'14984 11560 23673 21926 28275 12371 29253 23046 12486 16173 12101 30682 15312 16415 15238 17618 11666 20996 15831 14456'"
0 0 0
15437421238499300 52 -1
15437421258679020 148 1
15437421258679020 269 1
15437421258700590 9 -1
15437421258702920 13 -1
15437421262511548 1500 -1
15437421262511548 557 -1
15437421263657780 1500 -1
15437421263658790 8000 -1
15437421263679330 6550 -1
15437421263679330 1257 -1
15437421263679330 1500 -1
15437421263679330 1359 -1
15437421263979700 17 -1
0 0 0
15437421238323030 52 -1
15437421258456250 148 1
15437421258456250 269 1
15437421258477450 9 -1
15437421258480598 13 -1
15437421259688960 1500 -1
15437421259689420 1500 -1
15437421259689420 1500 -1
15437421259690002 2651 -1
15437421259690500 4072 -1
15437421259690500 607 -1
15437421260190920 17 -1
0 0 0
15437421238624700 52 -1
15437421256841200 148 1
15437421256841200 268 1
15437421256862150 9 -1
15437421256864610 13 -1
15437421258568600 1500 -1
15437421258568600 1500 -1
15437421258568600 1500 -1
15437421258569150 2656 -1
15437421258570262 4072 -1
15437421258588560 4026 -1
15437421259153760 17 -1
0 0 0
15437421236699900 52 -1
15437421256837030 148 1
15437421256837030 265 1
15437421256857920 9 -1
15437421256860040 13 -1
15437421257758492 1500 -1
15437421257758492 1705 -1
15437421257759040 4072 -1
15437421257759040 225 -1
15437421263037332 126 1
15437421263060310 13 -1
15437421264992550 1500 -1
15437421264993032 1500 -1
15437421264993600 8000 -1
15437421264994680 5535 -1
15437421264994680 1453 -1
15437421265013298 1500 -1
15437421265013790 3816 -1
15437421265014350 4072 -1
15437421265014350 1068 -1
15437421270084050 126 1
15437421270107700 13 -1
15437421271538060 1500 -1
15437421271538060 1500 -1
15437421271539150 4027 -1
15437421271539150 4072 -1
15437421271539150 1426 -1
15437421276628270 126 1
15437421276650830 13 -1
15437421278077030 1500 -1
15437421278077550 1500 -1
15437421278078120 8000 -1
15437421278079200 5513 -1
15437421278079200 1453 -1
15437421278079742 1500 -1
15437421278079742 3727 -1
15437421283081090 126 1
15437421283104210 13 -1
15437421284944880 1500 -1
15437421284945310 1500 -1
15437421284945870 4022 -1
15437421284946420 4072 -1
15437421284946420 1544 -1
15437421289947888 126 1
15437421289971400 13 -1
15437421291485650 1500 -1
15437421291485650 1500 -1
15437421291486430 4026 -1
15437421291486930 4072 -1
15437421291487470 4072 -1
15437421291487470 1156 -1
15437421296489060 126 1
15437421296512660 13 -1
15437421297993260 1500 -1
15437421297993260 1500 -1
15437421297994140 4002 -1
15437421297994650 4072 -1
15437421297994650 1156 -1
15437421302996060 125 1
15437421303019630 13 -1
15437421304592330 1500 -1
15437421304592330 1500 -1
15437421304593360 8000 -1
15437421304594460 5536 -1
15437421304594460 1453 -1
15437421304595010 1500 -1
15437421304595540 3819 -1
15437421304596080 4072 -1
15437421304596620 3472 -1
15437421309597380 126 1
15437421309621130 13 -1
15437421311861770 1500 -1
15437421311861770 1500 -1
15437421311862710 4025 -1
15437421311863220 4072 -1
15437421311863780 4072 -1
15437421311863780 296 -1
15437421316864570 125 1
15437421316888600 13 -1
15437421318294120 1500 -1
15437421318294120 1500 -1
15437421318294940 4001 -1
15437421318294940 4072 -1
15437421318295410 4072 -1
15437421318295960 1407 -1
15437421318296000 9 -1
15437421323297100 126 1
15437421323321430 13 -1
15437421325204250 1500 -1
15437421325204250 1500 -1
15437421325205280 4023 -1
15437421325205280 4072 -1
15437421325205690 4072 -1
15437421325205690 224 -1
15437421330207400 125 1
15437421330230580 13 -1
15437421331661900 1500 -1
15437421331662390 1500 -1
15437421331662950 4026 -1
15437421331663530 4072 -1
15437421331664080 4072 -1
15437421331664650 1500 -1
15437421331664650 1110 -1
15437421331664700 9 -1
15437421336665512 125 1
15437421336689210 13 -1
15437421338253500 1500 -1
15437421338253500 1500 -1
15437421338254320 4000 -1
15437421338254860 4072 -1
15437421338254860 724 -1
15437421343256030 9 1
15437421348256070 128 1
15437421348279950 13 -1
15437421351723190 1500 -1
15437421351723190 429 -1
15437421352612122 1500 -1
15437421352613020 8000 -1
15437421352614080 6560 -1
15437421352614080 1500 -1
15437421352614630 1511 -1
15437421352614688 175 -1
15437421357615440 125 1
15437421357639370 13 -1
15437421359123080 1500 -1
15437421359123550 1500 -1
15437421359124082 4015 -1
15437421359124588 4072 -1
15437421359125150 4072 -1
15437421359125150 801 -1
15437421364129100 125 1
15437421364151600 13 -1
15437421365605680 1500 -1
15437421365605680 1500 -1
15437421365606570 4025 -1
15437421365607080 4072 -1
15437421365607080 3511 -1
15437421370608470 125 1
15437421370631860 13 -1
15437421372311220 1500 -1
15437421372311730 1500 -1
15437421372312300 8000 -1
15437421372313400 5536 -1
15437421372313400 1453 -1
15437421372313970 1500 -1
15437421372313970 2297 -1
15437421377315112 124 1
15437421377338920 13 -1
15437421378998010 1500 -1
15437421378998010 1500 -1
15437421378998460 4005 -1
15437421378999040 4072 -1
15437421378999040 784 -1
15437421384000320 137 1
15437421384023750 13 -1
15437421385405350 1500 -1
15437421385405350 1500 -1
15437421385406200 4019 -1
15437421385406770 4072 -1
15437421385406770 3628 -1
15437421390408390 126 1
15437421390431048 13 -1
15437421392079110 1500 -1
15437421392079110 1500 -1
15437421392079670 8000 -1
15437421392080730 5538 -1
15437421392080730 1453 -1
15437421392081270 1500 -1
15437421392081270 2465 -1
0 0 0
15437421238532330 52 -1
15437421274910140 148 1
15437421274910140 268 1
15437421274931450 9 -1
15437421274933910 13 -1
15437421276299710 1500 -1
15437421276301410 8000 -1
15437421276320710 7153 -1
15437421276320710 391 -1
15437421276321260 1500 -1
15437421276322380 1500 -1
15437421276322380 3508 -1
15437421276322890 4072 -1
15437421276323440 1916 -1
15437421276648880 17 -1
0 0 0
15437421238358418 52 -1
15437421258866420 148 1
15437421258866420 269 1
15437421258889070 9 -1
15437421258891260 13 -1
15437421259793520 1500 -1
15437421259794570 8000 -1
15437421259814970 7154 -1
15437421259815372 392 -1
15437421259815372 1500 -1
15437421259815920 1500 -1
15437421259815920 3508 -1
15437421259816510 407 -1
15437421260195620 17 -1
