### "'23257 15176 24767 16273 18530 28924 15976 18567 13735 32058 13207 24831 17711 14742 16502 13987 21488 19168 23504 28600'"
0 0 0
15437430466183900 52 -1
15437430486169310 148 1
15437430486169310 279 1
15437430486190168 9 -1
15437430486193390 13 -1
15437430486198540 1500 -1
15437430486199630 8000 -1
15437430486214270 6933 -1
15437430486601260 17 -1
0 0 0
15437430466183340 52 -1
15437430486372250 148 1
15437430486372250 279 1
15437430486393740 9 -1
15437430486396680 13 -1
15437430486403450 1500 -1
15437430486405030 8000 -1
15437430486418230 7044 -1
15437430486424552 1500 -1
15437430486425610 6892 -1
15437430486607590 17 -1
0 0 0
15437430466280330 52 -1
15437430484249820 148 1
15437430484249820 280 1
15437430484271260 9 -1
15437430484273920 13 -1
15437430484288810 1500 -1
15437430484291920 8000 -1
15437430484296450 7044 -1
15437430484309450 1500 -1
15437430484311130 5382 -1
15437430484752310 17 -1
0 0 0
15437430466058208 52 -1
15437430486121080 148 1
15437430486121080 268 1
15437430486142420 9 -1
15437430486145750 13 -1
15437430486152750 1500 -1
15437430486153330 8000 -1
15437430486172810 5836 -1
15437430486589900 17 -1
0 0 0
15437430463980588 52 -1
15437430483987780 148 1
15437430484009622 9 -1
15437430484370350 265 1
15437430484393950 13 -1
15437430484398200 1500 -1
15437430484398200 2421 -1
15437430489612970 137 1
15437430489637120 13 -1
15437430489641070 1500 -1
15437430489641070 3237 -1
15437430494671330 139 1
15437430494695260 13 -1
15437430494701650 1500 -1
15437430494702188 5206 -1
15437430499756460 138 1
15437430499806030 13 -1
15437430499809000 1500 -1
15437430499810110 6262 -1
15437430504893770 123 1
15437430504917960 13 -1
15437430504922020 1500 -1
15437430504922710 2873 -1
15437430509923370 137 1
15437430509948690 13 -1
15437430509951480 1500 -1
15437430509952170 4079 -1
15437430514952960 138 1
15437430514977450 13 -1
15437430514983360 1500 -1
15437430514984050 3801 -1
15437430519984788 138 1
15437430520008440 13 -1
15437430520012420 1500 -1
15437430520013102 5411 -1
15437430525013950 137 1
15437430525037510 13 -1
15437430525044640 1500 -1
15437430525045380 4073 -1
15437430530046150 137 1
15437430530069910 13 -1
15437430530080070 1500 -1
15437430530082260 8000 -1
15437430530086750 6964 -1
15437430530087320 1500 -1
15437430530100990 8000 -1
15437430530102128 3049 -1
15437430535102850 137 1
15437430535126290 13 -1
15437430535135510 1500 -1
15437430535136550 8000 -1
15437430535137100 6534 -1
15437430540137830 138 1
15437430540161550 13 -1
15437430540173660 1500 -1
15437430540174388 8000 -1
15437430540175970 6964 -1
15437430540175970 1500 -1
15437430540175970 692 -1
15437430545177030 136 1
15437430545201090 13 -1
15437430545206890 1500 -1
15437430545207940 8000 -1
15437430545209070 4292 -1
15437430550209760 125 1
15437430550234030 13 -1
15437430550239130 1500 -1
15437430550240760 8000 -1
15437430550241290 6964 -1
15437430550241850 1500 -1
15437430550242938 8000 -1
15437430550244070 6183 -1
15437430555244620 137 1
15437430555268960 13 -1
15437430555272550 1500 -1
15437430555274100 8000 -1
15437430555274170 3765 -1
15437430560275140 138 1
15437430560299170 13 -1
15437430560306620 1500 -1
15437430560307830 8000 -1
15437430560308940 6964 -1
15437430560308940 1500 -1
15437430560310060 6956 -1
15437430565310860 137 1
15437430565334712 13 -1
15437430565343120 1500 -1
15437430565344660 8000 -1
15437430565345190 6941 -1
15437430565345740 1336 -1
15437430570346520 125 1
15437430570371230 13 -1
15437430570379570 1500 -1
15437430570380818 8000 -1
15437430570381920 5322 -1
15437430575382522 9 1
15437430580382522 139 1
15437430580406590 13 -1
15437430581550160 1500 -1
15437430581550160 1608 -1
15437430581550630 4072 -1
15437430581551772 4072 -1
15437430581552320 4072 -1
15437430581552320 1378 -1
15437430581552360 9 -1
15437430586553100 126 1
15437430586577010 13 -1
15437430586582410 1500 -1
15437430586583610 8000 -1
15437430586584260 4544 -1
15437430591584890 126 1
15437430591609262 13 -1
15437430591623060 1500 -1
15437430591624660 8000 -1
15437430591625200 6964 -1
15437430591625200 1500 -1
15437430591626288 3613 -1
15437430596626970 134 1
15437430596651230 13 -1
15437430596655100 1500 -1
15437430596655810 8000 -1
15437430596657432 6941 -1
15437430596657432 1500 -1
15437430596657432 1293 -1
15437430601658680 136 1
15437430601682100 13 -1
15437430601686780 1500 -1
15437430601687870 8000 -1
15437430601688910 6964 -1
15437430601688910 1500 -1
15437430601690020 5629 -1
15437430606690690 138 1
15437430606714380 13 -1
15437430606721720 1500 -1
15437430606722860 8000 -1
15437430606723990 6941 -1
15437430606723990 1500 -1
15437430606725050 8000 -1
15437430606725618 2725 -1
15437430611726430 137 1
15437430611750010 13 -1
15437430611754900 1500 -1
15437430611755450 8000 -1
15437430611757100 6948 -1
15437430616757760 137 1
15437430616781910 13 -1
15437430616797820 1500 -1
15437430616799418 8000 -1
15437430616799950 6942 -1
15437430616799950 1500 -1
15437430616800498 2617 -1
15437430621801600 137 1
15437430621826078 13 -1
15437430621840680 1500 -1
15437430621841820 8000 -1
15437430621842900 6964 -1
15437430621842900 1500 -1
15437430621843980 7495 -1
15437430626844620 135 1
15437430626868260 13 -1
15437430626873282 1500 -1
15437430626874380 8000 -1
15437430626874918 6941 -1
15437430626875460 1500 -1
15437430626875990 5544 -1
0 0 0
15437430466224390 52 -1
15437430502197830 148 1
15437430502197830 279 1
15437430502219460 9 -1
15437430502221830 13 -1
15437430502233542 1500 -1
15437430502240150 8000 -1
15437430502244730 7044 -1
15437430502253330 1500 -1
15437430502253330 655 -1
15437430502519690 17 -1
