### "'22669 23837 19648 29301 10352 21795 29668 26276 22310 19333 24614 29860 29593 34812 17055 25393 14384 15539 14416 32774'"
0 0 0
15437449997197680 52 -1
15437450017336890 148 1
15437450017357978 9 -1
15437450017358120 279 1
15437450017380820 13 -1
15437450018278170 1500 -1
15437450018279230 8000 -1
15437450018299870 7154 -1
15437450018299870 379 -1
15437450018299870 1500 -1
15437450018300400 1500 -1
15437450018302570 3508 -1
15437450018302570 584 -1
15437450018717142 17 -1
0 0 0
15437449995188350 52 -1
15437450015348980 148 1
15437450015348980 266 1
15437450015370190 9 -1
15437450015373810 13 -1
15437450015383862 1500 -1
15437450015384368 8000 -1
15437450015384418 165 -1
15437450020568220 136 1
15437450020606460 13 -1
15437450022374890 1500 -1
15437450022374890 1500 -1
15437450022374890 1404 -1
15437450027399320 137 1
15437450027422572 13 -1
15437450028977430 1500 -1
15437450028977430 1500 -1
15437450028977990 3983 -1
15437450028978528 3499 -1
15437450034014260 136 1
15437450034038082 13 -1
15437450035044600 1500 -1
15437450035044600 1566 -1
15437450035045140 4049 -1
15437450040189012 138 1
15437450040212650 13 -1
15437450041141990 1500 -1
15437450041142490 1565 -1
15437450041142490 1229 -1
15437450046143860 137 1
15437450046166862 13 -1
15437450047675770 1500 -1
15437450047676270 1500 -1
15437450047676840 3987 -1
15437450047676840 1635 -1
15437450052678520 137 1
15437450052702140 13 -1
15437450054073588 1500 -1
15437450054074060 1562 -1
15437450054075748 4072 -1
15437450054075748 1396 -1
15437450059076510 136 1
15437450059099938 13 -1
15437450061373178 1500 -1
15437450061373690 1500 -1
15437450061373690 873 -1
15437450066374878 136 1
15437450066398972 13 -1
15437450067769940 1500 -1
15437450067770850 8000 -1
15437450067771922 7013 -1
15437450067771922 377 -1
15437450067773350 1500 -1
15437450067773932 1500 -1
15437450067774450 3508 -1
15437450067790990 4072 -1
15437450067791500 2345 -1
15437450072792690 137 1
15437450072816650 13 -1
15437450074150290 1500 -1
15437450074151160 8000 -1
15437450074152220 7037 -1
15437450074152760 375 -1
15437450074152880 1500 -1
15437450074153290 1500 -1
15437450074153290 3508 -1
15437450074153840 3027 -1
15437450079154660 136 1
15437450079178820 13 -1
15437450080078230 1500 -1
15437450080079360 8000 -1
15437450080080480 7038 -1
15437450080081040 376 -1
15437450080081040 1500 -1
15437450080081040 1500 -1
15437450080081590 2568 -1
15437450085082682 137 1
15437450085106562 13 -1
15437450088164110 499 -1
15437450089172990 1500 -1
15437450089174610 8000 -1
15437450089175120 6893 -1
15437450089175670 1500 -1
15437450089175670 936 -1
15437450089175670 161 -1
15437450094177480 136 1
15437450094201118 13 -1
15437450095182580 1500 -1
15437450095184440 8000 -1
15437450095185202 7037 -1
15437450095185202 376 -1
15437450095185680 1500 -1
15437450095185680 1500 -1
15437450095186790 3508 -1
15437450095186790 1364 -1
15437450100187740 137 1
15437450100211300 13 -1
15437450101116620 1500 -1
15437450101117660 8000 -1
15437450101118330 7038 -1
15437450101119180 375 -1
15437450101119180 1500 -1
15437450101119180 1500 -1
15437450101119710 3508 -1
15437450101120270 4072 -1
15437450101120830 2539 -1
15437450106121910 137 1
15437450106145150 13 -1
15437450107287330 495 -1
15437450107289122 1500 -1
15437450107289690 8000 -1
15437450107290790 6893 -1
15437450107291340 1500 -1
15437450107291340 936 -1
15437450107291870 1500 -1
15437450107291870 2581 -1
15437450107292460 4072 -1
15437450107292950 2272 -1
15437450112294062 136 1
15437450112317450 13 -1
15437450113253232 1500 -1
15437450113254060 8000 -1
15437450113255190 7037 -1
15437450113255190 377 -1
15437450113255730 1500 -1
15437450113256878 8000 -1
15437450113257950 6893 -1
15437450113257950 1500 -1
15437450113257950 185 -1
15437450113258008 9 -1
15437450118259120 135 1
15437450118283860 13 -1
15437450119481270 1500 -1
15437450119482030 8000 -1
15437450119483150 7013 -1
15437450119483150 377 -1
15437450119483660 312 -1
15437450124484270 9 1
15437450129484310 139 1
15437450129507920 13 -1
15437450130440510 1500 -1
15437450130441402 8000 -1
15437450130442870 7037 -1
15437450130442870 377 -1
15437450130442960 1500 -1
15437450130442960 1500 -1
15437450130443398 3508 -1
15437450130443960 2142 -1
15437450135445130 136 1
15437450135468510 13 -1
15437450136991900 1500 -1
15437450136991900 1500 -1
15437450136992790 3998 -1
15437450136993260 4072 -1
15437450136993260 3443 -1
15437450141994950 136 1
15437450142018980 13 -1
15437450143513430 1500 -1
15437450143513430 1500 -1
15437450143513802 4019 -1
15437450143514690 4072 -1
15437450143514690 4072 -1
15437450143515180 529 -1
15437450148518570 135 1
15437450148542120 13 -1
15437450150234038 1500 -1
15437450150234038 1500 -1
15437450150234038 4022 -1
15437450150234580 4072 -1
15437450150235118 3475 -1
15437450155236462 137 1
15437450155260140 13 -1
15437450157231140 1500 -1
15437450157232010 1500 -1
15437450157232480 8000 -1
15437450157233050 5514 -1
15437450157233050 1453 -1
15437450157233550 1500 -1
15437450157234090 3813 -1
15437450157234730 4072 -1
15437450157235790 4072 -1
15437450157235790 1498 -1
15437450162236750 136 1
15437450162261440 13 -1
15437450164251512 1500 -1
15437450164252040 1500 -1
15437450164252600 8000 -1
15437450164253690 5537 -1
15437450164253690 1453 -1
15437450164254280 1500 -1
15437450164254280 3814 -1
15437450164254790 520 -1
15437450169255740 137 1
15437450169279530 13 -1
15437450171093730 1500 -1
15437450171093730 1500 -1
15437450171094820 8000 -1
15437450171095330 5537 -1
15437450171095330 1453 -1
15437450171095900 1500 -1
15437450171096440 3812 -1
15437450171096990 4072 -1
15437450171096990 1429 -1
15437450176098722 135 1
15437450176122550 13 -1
15437450177832210 1500 -1
15437450177832690 1500 -1
15437450177833750 8000 -1
15437450177834290 5513 -1
15437450177834770 1453 -1
15437450177834840 1500 -1
15437450177835360 3814 -1
15437450177835938 3116 -1
15437450182837040 136 1
15437450182860370 13 -1
15437450184233310 1500 -1
15437450184233798 1500 -1
15437450184234330 4022 -1
15437450184234910 4072 -1
15437450184235420 4072 -1
15437450184235420 1500 -1
15437450184235420 766 -1
15437450184235980 9 -1
15437450189237020 136 1
15437450189260950 13 -1
15437450193733720 1500 -1
15437450193733720 426 -1
15437450195042282 1500 -1
15437450195043320 8000 -1
15437450195044460 6565 -1
15437450195044460 1500 -1
15437450195045490 8000 -1
15437450195047070 6893 -1
15437450195047130 1500 -1
15437450195047130 1469 -1
0 0 0
15437449997356030 52 -1
15437450034414830 148 1
15437450034414830 280 1
15437450034436272 9 -1
15437450034438580 13 -1
15437450037376950 642 -1
15437450038348680 1500 -1
15437450038349710 8000 -1
15437450038369450 6893 -1
15437450038369910 1500 -1
15437450038369910 936 -1
15437450038369910 1500 -1
15437450038370450 1121 -1
15437450038655650 17 -1
0 0 0
15437449997139000 52 -1
15437450017167000 148 1
15437450017167000 283 1
15437450017188720 9 -1
15437450017191500 13 -1
15437450018153542 1500 -1
15437450018154630 8000 -1
15437450018174760 7154 -1
15437450018174760 374 -1
15437450018174760 1500 -1
15437450018174760 1408 -1
15437450018731850 17 -1
0 0 0
15437449997293770 52 -1
15437450017438570 148 1
15437450017438570 283 1
15437450017459732 9 -1
15437450017462440 13 -1
15437450018635020 1500 -1
15437450018635540 8000 -1
15437450018655420 7153 -1
15437450018656840 374 -1
15437450018657400 1500 -1
15437450018657400 1500 -1
15437450018657920 3508 -1
15437450018660710 4072 -1
15437450018661280 1981 -1
15437450018750132 17 -1
0 0 0
15437449997413650 52 -1
15437450015186680 148 1
15437450015186680 280 1
15437450015209120 9 -1
15437450015211800 13 -1
15437450016145720 1500 -1
15437450016146710 8000 -1
15437450016167070 7155 -1
15437450016167070 378 -1
15437450016167070 1500 -1
15437450016167620 1500 -1
15437450016167620 2925 -1
15437450016608428 17 -1
