### "'19694 29346 15363 18696 17217 25111 22032 11618 25868 17515 20310 25618 14754 15781 25802 14240 25371 27385 25148 25981'"
0 0 0
15437473565485950 52 -1
15437473585561990 148 1
15437473585561990 281 1
15437473585586230 9 -1
15437473585588570 13 -1
15437473587024470 1500 -1
15437473587024980 1500 -1
15437473587026040 8000 -1
15437473587045660 5654 -1
15437473587045660 1453 -1
15437473587046740 1500 -1
15437473587046740 375 -1
15437473587662170 17 -1
0 0 0
15437473565109540 52 -1
15437473585227398 148 1
15437473585227398 281 1
15437473585249200 9 -1
15437473585252130 13 -1
15437473586862522 1500 -1
15437473586863020 1500 -1
15437473586864080 8000 -1
15437473586883810 5654 -1
15437473586884300 1500 -1
15437473586884300 284 -1
15437473586884840 1500 -1
15437473586884840 3486 -1
15437473586885410 4072 -1
15437473586885930 2138 -1
15437473587673850 17 -1
0 0 0
15437473565673630 52 -1
15437473583230280 148 1
15437473583251310 9 -1
15437473583251390 281 1
15437473583275412 13 -1
15437473588259990 9 1
15437473588426640 1500 -1
15437473588426640 543 -1
15437473589750522 1500 -1
15437473589751620 8000 -1
15437473589771460 6564 -1
15437473589771460 877 -1
15437473589771460 9 -1
15437473589931030 17 -1
0 0 0
15437473565494320 52 -1
15437473601463800 148 1
15437473601484730 9 -1
15437473601510640 281 1
15437473601533690 13 -1
15437473603405930 1500 -1
15437473603405930 1500 -1
15437473603405930 1500 -1
15437473603406470 2638 -1
15437473603407030 4072 -1
15437473603426260 4072 -1
15437473603426260 1500 -1
15437473603426260 715 -1
15437473603426260 9 -1
15437473603694770 17 -1
0 0 0
15437473565388380 52 -1
15437473585709792 148 1
15437473585709792 281 1
15437473585731800 9 -1
15437473585734770 13 -1
15437473587598360 1500 -1
15437473587598842 1500 -1
15437473587598842 1500 -1
15437473587599370 2639 -1
15437473587599918 4072 -1
15437473587619360 4072 -1
15437473587619360 350 -1
15437473587747710 17 -1
0 0 0
15437473563260180 52 -1
15437473583425710 148 1
15437473583425710 268 1
15437473583446780 9 -1
15437473583449048 13 -1
15437473583455810 1500 -1
15437473583456810 4627 -1
15437473588598070 136 1
15437473588621700 13 -1
15437473589785750 1500 -1
15437473589785750 1576 -1
15437473589786320 4072 -1
15437473589786320 461 -1
15437473594900940 136 1
15437473594924468 13 -1
15437473595825630 1500 -1
15437473595826080 1565 -1
15437473595826640 4072 -1
15437473595826640 373 -1
15437473600840560 137 1
15437473600864180 13 -1
15437473602969602 1500 -1
15437473602969602 1500 -1
15437473602970180 4007 -1
15437473602970180 478 -1
15437473608065660 136 1
15437473608089450 13 -1
15437473613065680 137 1
15437473613089750 13 -1
15437473613600030 1500 -1
15437473613600530 1500 -1
15437473613601620 8000 -1
15437473613602778 5537 -1
15437473613602778 1453 -1
15437473613620688 1500 -1
15437473613621200 3804 -1
15437473613621200 1988 -1
15437473614999340 1500 -1
15437473614999340 1500 -1
15437473615000400 8000 -1
15437473615001472 5514 -1
15437473615001472 1453 -1
15437473615001510 1500 -1
15437473615002050 2713 -1
15437473620003530 136 1
15437473620028000 13 -1
15437473621464550 1500 -1
15437473621464550 1500 -1
15437473621465040 4010 -1
15437473621465650 4072 -1
15437473621465650 688 -1
15437473626467090 137 1
15437473626490640 13 -1
15437473628127060 1500 -1
15437473628127060 1500 -1
15437473628128140 8000 -1
15437473628128700 5512 -1
15437473628129230 1500 -1
15437473628129230 279 -1
15437473628129230 1500 -1
15437473628130980 5799 -1
15437473628130980 424 -1
15437473633131660 137 1
15437473633156100 13 -1
15437473634655818 1500 -1
15437473634655818 1500 -1
15437473634656680 4010 -1
15437473634657170 4072 -1
15437473634657710 4072 -1
15437473634658260 1500 -1
15437473634658260 1023 -1
15437473634658300 9 -1
15437473639659180 138 1
15437473639683558 13 -1
15437473642144630 1500 -1
15437473642145122 1500 -1
15437473642145660 8000 -1
15437473642146780 5538 -1
15437473642146780 1453 -1
15437473642147350 1500 -1
15437473642147350 991 -1
15437473647148312 124 1
15437473647172552 13 -1
15437473648678400 1500 -1
15437473648678400 1500 -1
15437473648679490 8000 -1
15437473648680580 5514 -1
15437473648680580 1500 -1
15437473648680580 286 -1
15437473648681140 1500 -1
15437473648681682 5792 -1
15437473648681682 174 -1
15437473653683030 138 1
15437473653706400 13 -1
15437473656030920 1500 -1
15437473656031390 1500 -1
15437473656031980 4009 -1
15437473656032520 4072 -1
15437473656033080 3826 -1
15437473661034270 136 1
15437473661057940 13 -1
15437473664812810 1500 -1
15437473664813350 1500 -1
15437473664813960 4012 -1
15437473664814470 4072 -1
15437473664815020 4072 -1
15437473664815020 778 -1
15437473669816100 137 1
15437473669839150 13 -1
15437473671650160 1500 -1
15437473671650650 1500 -1
15437473671651760 8000 -1
15437473671652340 5539 -1
15437473671652880 1500 -1
15437473671652880 270 -1
15437473671652880 1500 -1
15437473671653978 5808 -1
15437473671653978 358 -1
15437473676654940 126 1
15437473676678200 13 -1
15437473678325520 1500 -1
15437473678325980 1500 -1
15437473678326490 4000 -1
15437473678327032 4072 -1
15437473678327570 3297 -1
15437473683328630 9 1
15437473688328770 138 1
15437473688351740 13 -1
15437473692032010 1500 -1
15437473692032010 415 -1
15437473692980558 1500 -1
15437473692981420 8000 -1
15437473692982490 6893 -1
15437473692983050 1500 -1
15437473692983602 2698 -1
15437473692983602 3036 -1
15437473697985600 137 1
15437473698009720 13 -1
15437473702985650 137 1
15437473703008690 13 -1
15437473703314530 1500 -1
15437473703314530 413 -1
15437473704660650 1500 -1
15437473704661500 8000 -1
15437473704662570 6575 -1
15437473704663140 1500 -1
15437473704663140 2772 -1
15437473704663702 1500 -1
15437473704663702 2581 -1
15437473704664310 1222 -1
15437473704727510 1500 -1
15437473704727510 1500 -1
15437473704728600 8000 -1
15437473704729682 5514 -1
15437473704729682 1453 -1
15437473704730200 1500 -1
15437473704731290 3800 -1
15437473704731290 2029 -1
15437473709736220 126 1
15437473709760398 13 -1
15437473711323060 1500 -1
15437473711323060 1500 -1
15437473711323990 8000 -1
15437473711325180 5536 -1
15437473711325700 1500 -1
15437473711325700 294 -1
15437473711325760 1500 -1
15437473711326280 2698 -1
15437473711326830 3623 -1
15437473716327590 136 1
15437473716351300 13 -1
15437473718413190 1500 -1
15437473718413190 1500 -1
15437473718414150 8000 -1
15437473718415700 5514 -1
15437473718415700 1453 -1
15437473718416260 1500 -1
15437473718416800 3804 -1
15437473718417360 4072 -1
15437473718417360 1057 -1
15437473723419148 126 1
15437473723442890 13 -1
15437473724891670 1500 -1
15437473724891670 1500 -1
15437473724892210 4034 -1
15437473724892760 4072 -1
15437473724893290 4072 -1
15437473724893848 1500 -1
15437473724893848 740 -1
15437473724893890 9 -1
15437473729895340 126 1
15437473729919022 13 -1
15437473731476360 1500 -1
15437473731476360 1500 -1
15437473731477430 8000 -1
15437473731477972 5536 -1
15437473731478520 1453 -1
15437473731478570 35 -1
15437473736479420 125 1
15437473736502760 13 -1
15437473737835000 1500 -1
15437473737835490 1500 -1
15437473737836040 4001 -1
15437473737836600 4072 -1
15437473737836600 1427 -1
