### "'20382 17518 21003 24352 24025 15883 24074 13436 33821 20319 24360 13828 15525 25330 23220 22549 20088 10544 20175 20655'"
0 0 0
15437478345448180 52 -1
15437478381354960 148 1
15437478381354960 283 1
15437478381376910 9 -1
15437478381379500 13 -1
15437478383327930 1500 -1
15437478383327930 1500 -1
15437478383328990 8000 -1
15437478383348730 5653 -1
15437478383349860 1500 -1
15437478383349860 269 -1
15437478383349860 1500 -1
15437478383350370 3486 -1
15437478383350370 904 -1
15437478383701848 17 -1
0 0 0
15437478343151050 52 -1
15437478363104640 148 1
15437478363104640 268 1
15437478363126650 9 -1
15437478363129280 13 -1
15437478364502730 1500 -1
15437478364502730 1704 -1
15437478364502730 1543 -1
15437478369703130 138 1
15437478369729158 13 -1
15437478371787460 1500 -1
15437478371787930 1500 -1
15437478371788490 3832 -1
15437478376793310 137 1
15437478376816650 13 -1
15437478378831380 1500 -1
15437478378831380 1500 -1
15437478378831930 3980 -1
15437478378831930 1442 -1
15437478383850840 137 1
15437478383873820 13 -1
15437478385216190 1500 -1
15437478385216702 1560 -1
15437478385216702 3221 -1
15437478390218360 138 1
15437478390242910 13 -1
15437478392704000 1500 -1
15437478392704000 1500 -1
15437478392704530 4005 -1
15437478392704530 2265 -1
15437478397706010 136 1
15437478397729480 13 -1
15437478399384370 1500 -1
15437478399384370 1500 -1
15437478399384900 3660 -1
15437478404385992 136 1
15437478404409580 13 -1
15437478406268970 1500 -1
15437478406269820 1500 -1
15437478406269820 4006 -1
15437478406269820 1479 -1
15437478411270968 139 1
15437478411294640 13 -1
15437478413607308 1500 -1
15437478413607870 1500 -1
15437478413608380 4004 -1
15437478413608380 1789 -1
15437478418609720 137 1
15437478418633740 13 -1
15437478420266950 1500 -1
15437478420266950 1500 -1
15437478420267798 4006 -1
15437478420267798 2061 -1
15437478425269170 138 1
15437478425293018 13 -1
15437478427198090 1500 -1
15437478427198588 1500 -1
15437478427199190 3983 -1
15437478427199190 4072 -1
15437478427200220 4072 -1
15437478427200220 886 -1
15437478432201632 136 1
15437478432224870 13 -1
15437478433664082 1500 -1
15437478433664588 1500 -1
15437478433665170 8000 -1
15437478433665710 5535 -1
15437478433666242 1453 -1
15437478433667368 1500 -1
15437478433667950 3805 -1
15437478433667950 950 -1
15437478438669030 125 1
15437478438692350 13 -1
15437478439304960 1500 -1
15437478439304960 1500 -1
15437478439305770 4012 -1
15437478439306280 4072 -1
15437478439306280 2481 -1
15437478444307930 137 1
15437478444331592 13 -1
15437478446337200 1500 -1
15437478446337200 1500 -1
15437478446338070 8000 -1
15437478446339130 5539 -1
15437478446339130 1453 -1
15437478446339670 1500 -1
15437478446340762 3802 -1
15437478446341332 4072 -1
15437478446341870 4072 -1
15437478446342430 2556 -1
15437478451343250 137 1
15437478451368690 13 -1
15437478453555890 1500 -1
15437478453555890 1500 -1
15437478453556982 8000 -1
15437478453557990 5544 -1
15437478453557990 1453 -1
15437478453558550 1500 -1
15437478453558550 1000 -1
15437478458559540 135 1
15437478458582930 13 -1
15437478460883120 1500 -1
15437478460883710 1500 -1
15437478460884830 8000 -1
15437478460885388 5538 -1
15437478460885388 1453 -1
15437478460885990 1500 -1
15437478460886510 3783 -1
15437478460886510 1258 -1
15437478465888340 138 1
15437478465911592 13 -1
15437478467890180 1500 -1
15437478467890180 1500 -1
15437478467890930 3985 -1
15437478467891560 4072 -1
15437478467891560 2900 -1
15437478472893030 137 1
15437478472916820 13 -1
15437478474646700 1500 -1
15437478474646700 1500 -1
15437478474647570 4009 -1
15437478474648450 4072 -1
15437478474648450 4072 -1
15437478474648450 524 -1
15437478479649890 137 1
15437478479674348 13 -1
15437478481612680 1500 -1
15437478481612680 1500 -1
15437478481613570 8000 -1
15437478481614590 5537 -1
15437478481614590 1453 -1
15437478481615150 1500 -1
15437478481615720 3802 -1
15437478481615720 2209 -1
15437478486616982 9 1
15437478491616830 140 1
15437478491640180 13 -1
15437478493141940 1500 -1
15437478493141940 1500 -1
15437478493142970 8000 -1
15437478493144022 5539 -1
15437478493144022 1453 -1
15437478493144578 1500 -1
15437478493145140 3802 -1
15437478493145140 99 -1
15437478498146610 135 1
15437478498169940 13 -1
15437478500405700 1500 -1
15437478500406188 1500 -1
15437478500407260 8000 -1
15437478500407770 5538 -1
15437478500408330 1500 -1
15437478500408330 248 -1
15437478500408900 1500 -1
15437478500408900 2935 -1
15437478505410340 136 1
15437478505433690 13 -1
15437478507363278 1500 -1
15437478507363278 1500 -1
15437478507364420 8000 -1
15437478507364850 5514 -1
15437478507365370 1453 -1
15437478507365430 1500 -1
15437478507365430 769 -1
15437478512366828 129 1
15437478512391180 13 -1
15437478513759450 1500 -1
15437478513759980 1500 -1
15437478513760468 4017 -1
15437478513761020 3680 -1
15437478518762090 138 1
15437478518787280 13 -1
15437478519950312 1500 -1
15437478519951242 1500 -1
15437478519951748 8000 -1
15437478519952260 5514 -1
15437478519952260 1457 -1
15437478519952810 1500 -1
15437478519952810 852 -1
15437478524953812 138 1
15437478524978080 13 -1
15437478527416710 1500 -1
15437478527416710 1500 -1
15437478527417570 8000 -1
15437478527418612 5537 -1
15437478527418612 1453 -1
15437478527419190 1500 -1
15437478527419190 1336 -1
15437478532420170 138 1
15437478532444078 13 -1
15437478534500680 1500 -1
15437478534501550 1500 -1
15437478534502038 8000 -1
15437478534503060 5537 -1
15437478534503060 1453 -1
15437478534503110 1500 -1
15437478534503630 3801 -1
15437478534504080 4072 -1
15437478534504630 1335 -1
15437478539505920 126 1
15437478539529760 13 -1
15437478541228818 1500 -1
15437478541228818 1500 -1
15437478541229790 4033 -1
15437478541230240 4072 -1
15437478541230878 4072 -1
15437478541230878 1231 -1
15437478546232300 138 1
15437478546255210 13 -1
15437478548145280 1500 -1
15437478548145280 1500 -1
15437478548146182 8000 -1
15437478548147162 5513 -1
15437478548147162 1453 -1
15437478548148090 1500 -1
15437478548148090 3800 -1
15437478548148630 3443 -1
15437478553150042 136 1
15437478553174010 13 -1
15437478555173690 1500 -1
15437478555174580 1500 -1
15437478555174580 4012 -1
15437478555175090 4072 -1
15437478555176088 4072 -1
15437478555176088 1069 -1
0 0 0
15437478345400310 52 -1
15437478365292750 148 1
15437478365292750 284 1
15437478365314010 9 -1
15437478365316890 13 -1
15437478367097420 1500 -1
15437478367097918 1500 -1
15437478367098960 8000 -1
15437478367119070 5655 -1
15437478367119070 1453 -1
15437478367119620 1500 -1
15437478367119620 1684 -1
15437478367738970 17 -1
0 0 0
15437478345415640 52 -1
15437478365485560 148 1
15437478365485560 284 1
15437478365507030 9 -1
15437478365509010 13 -1
15437478367979880 1500 -1
15437478367980380 1500 -1
15437478367980950 8000 -1
15437478368001390 5653 -1
15437478368001390 1453 -1
15437478368001940 1500 -1
15437478368002490 3812 -1
15437478368002490 1221 -1
15437478368406292 17 -1
0 0 0
15437478345431408 52 -1
15437478363274520 148 1
15437478363274520 283 1
15437478363295670 9 -1
15437478363298212 13 -1
15437478364950190 1500 -1
15437478364950668 1500 -1
15437478364951770 8000 -1
15437478364971110 5655 -1
15437478364971650 1453 -1
15437478364972690 1500 -1
15437478364972690 1063 -1
15437478365600700 17 -1
0 0 0
15437478345192400 52 -1
15437478365300270 148 1
15437478365300270 283 1
15437478365321510 9 -1
15437478365324730 13 -1
15437478366238250 1500 -1
15437478366238648 1500 -1
15437478366238648 1500 -1
15437478366239120 2637 -1
15437478366241370 4072 -1
15437478366259300 4072 -1
15437478366259790 1500 -1
15437478366259790 1017 -1
15437478366259790 9 -1
15437478366519940 17 -1
