### "'20879 21830 12327 25334 16131 34167 13283 22953 31123 23697 13058 14574 13316 11380 42053 33530 33688 24621 35067 16750'"
0 0 0
15437487152879210 52 -1
15437487189150660 148 1
15437487189150660 274 1
15437487189171830 9 -1
15437487189174408 13 -1
15437487190573512 1500 -1
15437487190574080 1500 -1
15437487190574080 1500 -1
15437487190574530 2642 -1
15437487190575070 4072 -1
15437487190575070 2340 -1
15437487190874250 17 -1
0 0 0
15437487152741830 52 -1
15437487172729850 148 1
15437487172729850 274 1
15437487172751030 9 -1
15437487172753748 13 -1
15437487174231410 1500 -1
15437487174231410 1500 -1
15437487174232500 8000 -1
15437487174253312 5655 -1
15437487174254388 1453 -1
15437487174254388 1500 -1
15437487174254388 2511 -1
15437487174771430 17 -1
0 0 0
15437487152962790 52 -1
15437487171021420 148 1
15437487171021420 274 1
15437487171042400 9 -1
15437487171045030 13 -1
15437487172793478 1500 -1
15437487172793980 1500 -1
15437487172795040 8000 -1
15437487172814800 5654 -1
15437487172814800 1453 -1
15437487172815330 1500 -1
15437487172815330 1560 -1
15437487173658730 17 -1
0 0 0
15437487150983190 52 -1
15437487171003070 148 1
15437487171003070 271 1
15437487171024020 9 -1
15437487171027860 13 -1
15437487174195970 1500 -1
15437487174196470 1500 -1
15437487174196470 1500 -1
15437487174197010 2646 -1
15437487174197010 1807 -1
15437487179588972 137 1
15437487179611910 13 -1
15437487181281500 1500 -1
15437487181281960 1500 -1
15437487181282498 4009 -1
15437487181283040 4072 -1
15437487181283560 4072 -1
15437487181284120 1131 -1
15437487186395308 135 1
15437487186418108 13 -1
15437487187996500 1500 -1
15437487187996500 391 -1
15437487187998070 1500 -1
15437487187999180 8000 -1
15437487188000960 6574 -1
15437487188001512 1233 -1
15437487188001512 1500 -1
15437487188002160 2581 -1
15437487188004220 4072 -1
15437487188005350 4072 -1
15437487188016580 2899 -1
15437487193133100 126 1
15437487193155920 13 -1
15437487194744840 1500 -1
15437487194744840 432 -1
15437487194745368 1500 -1
15437487194746470 8000 -1
15437487194747600 6558 -1
15437487194748148 1500 -1
15437487194748148 3033 -1
15437487194748148 601 -1
15437487199749420 126 1
15437487199771718 13 -1
15437487203424020 1500 -1
15437487203424020 430 -1
15437487204403340 1500 -1
15437487204404358 8000 -1
15437487204405420 6560 -1
15437487204405962 1500 -1
15437487204406490 3031 -1
15437487204407042 4072 -1
15437487204407598 3040 -1
15437487204407598 1661 -1
15437487209408700 137 1
15437487209431350 13 -1
15437487211503950 1500 -1
15437487211504870 1500 -1
15437487211505380 8000 -1
15437487211505950 5537 -1
15437487211506500 1453 -1
15437487211506500 1500 -1
15437487211507050 3802 -1
15437487211507050 576 -1
15437487216508110 127 1
15437487216532012 13 -1
15437487217908052 1500 -1
15437487217908890 1500 -1
15437487217908890 4002 -1
15437487217909370 4072 -1
15437487217909370 2113 -1
15437487222911190 126 1
15437487222934350 13 -1
15437487224856400 1500 -1
15437487224856880 1500 -1
15437487224857450 4023 -1
15437487224858040 4072 -1
15437487224858560 3632 -1
15437487229859120 126 1
15437487229885660 13 -1
15437487231315070 1500 -1
15437487231315588 1500 -1
15437487231316170 4024 -1
15437487231316170 4072 -1
15437487231316700 2371 -1
15437487236318120 125 1
15437487236341332 13 -1
15437487239737590 1500 -1
15437487239737590 407 -1
15437487240416970 1500 -1
15437487240417882 3604 -1
15437487240417882 3040 -1
15437487240418360 1466 -1
15437487245419540 137 1
15437487245444788 13 -1
15437487246956850 1500 -1
15437487246956850 412 -1
15437487246957340 1500 -1
15437487246958460 8000 -1
15437487246959600 6577 -1
15437487246960180 1500 -1
15437487246961802 8000 -1
15437487246962340 6893 -1
15437487246962882 1500 -1
15437487246963420 3384 -1
15437487246963962 2966 -1
15437487251964640 137 1
15437487251988160 13 -1
15437487253754310 1500 -1
15437487253754310 1500 -1
15437487253755750 8000 -1
15437487253756310 5537 -1
15437487253756830 1453 -1
15437487253756918 1500 -1
15437487253757410 3802 -1
15437487253757948 4072 -1
15437487253758472 4072 -1
15437487253759028 2265 -1
15437487258760490 137 1
15437487258783380 13 -1
15437487260606580 1500 -1
15437487260607460 1500 -1
15437487260607950 8000 -1
15437487260608470 5538 -1
15437487260609022 1500 -1
15437487260609022 267 -1
15437487260609550 1500 -1
15437487260610640 8000 -1
15437487260611752 5811 -1
15437487260611752 244 -1
15437487265612422 9 1
15437487270612440 129 1
15437487270635008 13 -1
15437487272117880 1500 -1
15437487272118450 1500 -1
15437487272118940 8000 -1
15437487272120010 5537 -1
15437487272120010 1500 -1
15437487272120010 287 -1
15437487272121200 1500 -1
15437487272121200 3486 -1
15437487272121740 1482 -1
15437487277122610 136 1
15437487277146580 13 -1
15437487279150390 1500 -1
15437487279150390 1500 -1
15437487279151480 8000 -1
15437487279152050 5512 -1
15437487279152600 1453 -1
15437487279153110 1500 -1
15437487279153710 8000 -1
15437487279154760 6893 -1
15437487279154760 864 -1
15437487279154760 9 -1
15437487284155870 136 1
15437487284178970 13 -1
15437487286152420 1500 -1
15437487286152420 1500 -1
15437487286152970 4011 -1
15437487286154130 4072 -1
15437487286154130 4072 -1
15437487286154640 1500 -1
15437487286154640 257 -1
15437487286154680 9 -1
15437487291155510 124 1
15437487291178650 13 -1
15437487292723680 1500 -1
15437487292724390 1500 -1
15437487292724390 4025 -1
15437487292724920 4072 -1
15437487292725470 2572 -1
15437487297726380 126 1
15437487297749910 13 -1
15437487299312338 1500 -1
15437487299312880 1500 -1
15437487299313460 4005 -1
15437487299313980 4072 -1
15437487299313980 2486 -1
15437487304316102 126 1
15437487304339020 13 -1
15437487306386260 1500 -1
15437487306387150 1500 -1
15437487306387650 8000 -1
15437487306388550 5539 -1
15437487306388550 1453 -1
15437487306389080 1500 -1
15437487306390180 8000 -1
15437487306391252 6893 -1
15437487306391252 1128 -1
15437487306391770 1500 -1
15437487306392320 2581 -1
15437487306392320 1697 -1
15437487311393230 138 1
15437487311416630 13 -1
15437487313276790 1500 -1
15437487313276790 1500 -1
15437487313277610 4005 -1
15437487313278192 4072 -1
15437487313278780 4072 -1
15437487313278780 547 -1
0 0 0
15437487152782740 52 -1
15437487172895520 148 1
15437487172895520 285 1
15437487172916310 9 -1
15437487172918810 13 -1
15437487174634560 1500 -1
15437487174635090 1500 -1
15437487174635090 1500 -1
15437487174635620 2625 -1
15437487174636170 4072 -1
15437487174636170 1400 -1
15437487174756640 17 -1
0 0 0
15437487152748170 52 -1
15437487172998650 148 1
15437487172998650 285 1
15437487173019660 9 -1
15437487173022880 13 -1
15437487174581730 1500 -1
15437487174582160 1500 -1
15437487174583210 8000 -1
15437487174602870 5653 -1
15437487174603360 1500 -1
15437487174603360 270 -1
15437487174603900 1500 -1
15437487174603900 3486 -1
15437487174604440 2212 -1
15437487174769060 17 -1
