### "'18805 12566 14969 21662 21683 13046 15391 13457 13879 14089 14548 25799 17527 18041 18218 12495 18543 21828 23486 14925'"
0 0 0
15437495871752420 52 -1
15437495907669220 148 1
15437495907669220 273 1
15437495907690940 9 -1
15437495907693270 13 -1
15437495908206698 1500 -1
15437495908207190 1500 -1
15437495908208220 8000 -1
15437495908228080 5652 -1
15437495908228080 1457 -1
15437495908229270 1500 -1
15437495908229820 2339 -1
15437495908524230 17 -1
0 0 0
15437495871844890 52 -1
15437495889644290 148 1
15437495889644290 274 1
15437495889665750 9 -1
15437495889668490 13 -1
15437495891755710 1500 -1
15437495891756210 1500 -1
15437495891757930 8000 -1
15437495891777060 5654 -1
15437495891777530 1453 -1
15437495891777530 986 -1
15437495892123000 17 -1
0 0 0
15437495871597740 52 -1
15437495891743140 148 1
15437495891743140 283 1
15437495891764460 9 -1
15437495891767362 13 -1
15437495893065010 1500 -1
15437495893065010 1500 -1
15437495893065010 1500 -1
15437495893065460 2640 -1
15437495893066020 4072 -1
15437495893066020 1625 -1
15437495893223800 17 -1
0 0 0
15437495871676012 52 -1
15437495891855480 148 1
15437495891855480 272 1
15437495891876820 9 -1
15437495891878992 13 -1
15437495893427132 1500 -1
15437495893427580 1500 -1
15437495893427580 1500 -1
15437495893428112 2653 -1
15437495893428700 4072 -1
15437495893450110 4014 -1
15437495893520210 17 -1
0 0 0
15437495871571910 52 -1
15437495891506750 148 1
15437495891506750 272 1
15437495891528562 9 -1
15437495891531438 13 -1
15437495892795442 1500 -1
15437495892795930 1500 -1
15437495892795930 1500 -1
15437495892796440 2655 -1
15437495892796440 2474 -1
15437495893184700 17 -1
0 0 0
15437495869587860 52 -1
15437495889598070 148 1
15437495889598070 270 1
15437495889619150 9 -1
15437495889621610 13 -1
15437495889628120 1500 -1
15437495889628620 7004 -1
15437495894721090 122 1
15437495894744040 13 -1
15437495896094710 1500 -1
15437495896094710 1626 -1
15437495896094710 2565 -1
15437495901125600 123 1
15437495901149070 13 -1
15437495902447970 1500 -1
15437495902447970 1500 -1
15437495902447970 2197 -1
15437495907503632 135 1
15437495907526570 13 -1
15437495908803250 1500 -1
15437495908803770 1500 -1
15437495908804870 8000 -1
15437495908805420 5513 -1
15437495908805420 1453 -1
15437495908805972 1500 -1
15437495908806530 2364 -1
15437495913807280 125 1
15437495913830740 13 -1
15437495915516560 1500 -1
15437495915516560 441 -1
15437495915517110 1500 -1
15437495915517672 3604 -1
15437495915518520 2303 -1
15437495920519158 126 1
15437495920542810 13 -1
15437495921976982 1500 -1
15437495921977480 1500 -1
15437495921977990 4034 -1
15437495921977990 2010 -1
15437495926979280 125 1
15437495927003282 13 -1
15437495930298560 1500 -1
15437495930298560 1500 -1
15437495930299440 4036 -1
15437495930299440 1366 -1
15437495935300990 134 1
15437495935324358 13 -1
15437495938402260 1500 -1
15437495938402260 405 -1
15437495939283782 1500 -1
15437495939284620 3604 -1
15437495939284620 4072 -1
15437495939285130 2103 -1
15437495944286260 134 1
15437495944309900 13 -1
15437495945601190 1500 -1
15437495945601190 430 -1
15437495945602100 1500 -1
15437495945602100 3604 -1
15437495945603320 4072 -1
15437495945603320 4072 -1
15437495945603320 376 -1
15437495950604580 126 1
15437495950627970 13 -1
15437495952123920 1500 -1
15437495952123920 1500 -1
15437495952124770 4026 -1
15437495952125330 4072 -1
15437495952125330 2511 -1
15437495957126680 126 1
15437495957150240 13 -1
15437495958458960 1500 -1
15437495958458960 1500 -1
15437495958459790 4011 -1
15437495958460320 4072 -1
15437495958460320 2926 -1
15437495963461750 125 1
15437495963485320 13 -1
15437495964720240 1500 -1
15437495964720240 1500 -1
15437495964721140 4036 -1
15437495964721640 4072 -1
15437495964721640 3134 -1
15437495969723320 124 1
15437495969747820 13 -1
15437495970971590 1500 -1
15437495970972480 1500 -1
15437495970972480 4036 -1
15437495970972960 4072 -1
15437495970972960 3593 -1
15437495975974240 125 1
15437495975997428 13 -1
15437495977879860 418 -1
15437495977880990 1500 -1
15437495977880990 1500 -1
15437495977882040 8000 -1
15437495977883130 5393 -1
15437495977883130 1165 -1
15437495977883690 1500 -1
15437495977883690 2554 -1
15437495977884250 3926 -1
15437495982885500 9 1
15437495987885530 140 1
15437495987909080 13 -1
15437495989996480 1500 -1
15437495989997020 1500 -1
15437495989997540 4010 -1
15437495989998110 4072 -1
15437495989998560 4072 -1
15437495989998560 1500 -1
15437495989998560 1035 -1
15437495989998610 9 -1
15437495995000430 135 1
15437495995024012 13 -1
15437495997246060 1500 -1
15437495997246480 1500 -1
15437495997247490 8000 -1
15437495997248052 5537 -1
15437495997248600 1453 -1
15437495997248660 222 -1
15437496002249488 137 1
15437496002273150 13 -1
15437496003672760 1500 -1
15437496003673230 1500 -1
15437496003674322 8000 -1
15437496003674900 5538 -1
15437496003674900 1453 -1
15437496003674960 399 -1
15437496008676118 125 1
15437496008699840 13 -1
15437496009995850 1500 -1
15437496009996272 1500 -1
15437496009996892 4013 -1
15437496009997380 4072 -1
15437496009997380 1540 -1
15437496015000760 136 1
15437496015024570 13 -1
15437496016205440 1500 -1
15437496016205440 1500 -1
15437496016206510 8000 -1
15437496016207030 5536 -1
15437496016207030 1453 -1
15437496016207580 724 -1
15437496021208990 136 1
15437496021231880 13 -1
15437496022695110 1500 -1
15437496022695510 1500 -1
15437496022696630 8000 -1
15437496022697180 5539 -1
15437496022697730 1500 -1
15437496022697730 283 -1
15437496022697730 1500 -1
15437496022698268 2179 -1
15437496027699590 133 1
15437496027722960 13 -1
15437496029508532 1500 -1
15437496029509010 1500 -1
15437496029510130 8000 -1
15437496029510680 5513 -1
15437496029510680 1453 -1
15437496029511240 1500 -1
15437496029511780 3815 -1
15437496029511780 352 -1
15437496034512650 134 1
15437496034535710 13 -1
15437496036534008 420 -1
15437496036535130 1500 -1
15437496036535658 1500 -1
15437496036535658 2328 -1
15437496036536220 4072 -1
15437496036536710 4072 -1
15437496036537262 1195 -1
