### "'17989 14409 29057 21658 26800 18701 15929 15058 10406 19881 19863 15978 19590 13311 22570 27257 10069 10013 16173 24736'"
0 0 0
15437502282709620 52 -1
15437502318887020 148 1
15437502318908090 9 -1
15437502318968590 268 1
15437502318992600 13 -1
15437502318998370 1500 -1
15437502318998870 8000 -1
15437502319018828 5718 -1
15437502319177770 17 -1
0 0 0
15437502280703040 52 -1
15437502300733890 148 1
15437502300733890 265 1
15437502300755190 9 -1
15437502300758350 13 -1
15437502300764410 1500 -1
15437502300764912 3864 -1
15437502306078360 137 1
15437502306102050 13 -1
15437502306111930 1500 -1
15437502306115912 8000 -1
15437502306122380 6941 -1
15437502306122962 1500 -1
15437502306133240 8000 -1
15437502306133240 925 -1
15437502311278040 135 1
15437502311301790 13 -1
15437502311306760 1500 -1
15437502311307260 8000 -1
15437502311308940 6964 -1
15437502311308940 1500 -1
15437502311308940 826 -1
15437502316350170 127 1
15437502316373410 13 -1
15437502316386350 1500 -1
15437502316386860 8000 -1
15437502316387960 6486 -1
15437502321469950 124 1
15437502321493800 13 -1
15437502321498070 1500 -1
15437502321499230 8000 -1
15437502321499280 991 -1
15437502326500290 138 1
15437502326524032 13 -1
15437502326530262 1500 -1
15437502326531790 8000 -1
15437502326532320 6941 -1
15437502326532320 1500 -1
15437502326532878 2006 -1
15437502331533940 137 1
15437502331558052 13 -1
15437502331561388 1500 -1
15437502331562770 8000 -1
15437502331563320 6964 -1
15437502331563320 1500 -1
15437502331563820 1988 -1
15437502336564990 126 1
15437502336589550 13 -1
15437502336593580 1500 -1
15437502336593580 1533 -1
15437502341594300 136 1
15437502341618208 13 -1
15437502341622410 1500 -1
15437502341623600 8000 -1
15437502341624690 6558 -1
15437502346625350 137 1
15437502346648640 13 -1
15437502346658052 1500 -1
15437502346658620 8000 -1
15437502346660300 6941 -1
15437502346660300 1500 -1
15437502346660300 1715 -1
15437502351661780 136 1
15437502351685720 13 -1
15437502351699830 1500 -1
15437502351700430 8000 -1
15437502351701440 3891 -1
15437502356702180 137 1
15437502356725280 13 -1
15437502356730370 1500 -1
15437502356732060 8000 -1
15437502356732560 6941 -1
15437502356732560 1500 -1
15437502356733610 4695 -1
15437502361734280 138 1
15437502361757950 13 -1
15437502361762490 1500 -1
15437502361763710 8000 -1
15437502361764800 6964 -1
15437502361764800 1500 -1
15437502361766490 8000 -1
15437502361767048 1382 -1
15437502366767650 9 1
15437502371767672 141 1
15437502371791410 13 -1
15437502371794910 1500 -1
15437502371795990 8000 -1
15437502371796020 649 -1
15437502376796810 137 1
15437502376820610 13 -1
15437502376824290 1500 -1
15437502376824960 8000 -1
15437502376825490 570 -1
15437502381826260 135 1
15437502381849480 13 -1
15437502381856990 1500 -1
15437502381858190 8000 -1
15437502381859650 6753 -1
15437502386860440 126 1
15437502386883870 13 -1
15437502386890730 1500 -1
15437502386891912 8000 -1
15437502386892980 6941 -1
15437502386892980 1500 -1
15437502386894110 6861 -1
15437502391894770 136 1
15437502391918110 13 -1
15437502391927190 1500 -1
15437502391927700 8000 -1
15437502391928780 6134 -1
15437502396929550 137 1
15437502396953800 13 -1
15437502396957710 1500 -1
15437502396958280 6446 -1
15437502401959072 126 1
15437502401983820 13 -1
15437502402001200 1500 -1
15437502402001730 8000 -1
15437502402003378 6347 -1
0 0 0
15437502282666832 52 -1
15437502302664060 148 1
15437502302664060 279 1
15437502302685608 9 -1
15437502302688770 13 -1
15437502302692880 1500 -1
15437502302693952 8000 -1
15437502302713960 7044 -1
15437502302713960 1500 -1
15437502302714510 3783 -1
15437502302970390 17 -1
0 0 0
15437502282590352 52 -1
15437502302581730 148 1
15437502302603012 9 -1
15437502302640830 269 1
15437502302665100 13 -1
15437502302670838 1500 -1
15437502302671380 8000 -1
15437502302691780 5069 -1
15437502302960580 17 -1
0 0 0
15437502282517400 52 -1
15437502302483562 148 1
15437502302483562 279 1
15437502302505050 9 -1
15437502302508300 13 -1
15437502302526710 1500 -1
15437502302527260 8000 -1
15437502302546470 7044 -1
15437502302547030 1500 -1
15437502302548152 8000 -1
15437502302548690 3182 -1
15437502302900420 17 -1
0 0 0
15437502282862980 52 -1
15437502300732182 148 1
15437502300732182 280 1
15437502300753068 9 -1
15437502300757230 13 -1
15437502300762350 1500 -1
15437502300763280 8000 -1
15437502300783110 7044 -1
15437502300783600 1500 -1
15437502300783600 114 -1
15437502301293780 17 -1
