### "'19489 12566 19356 15064 13176 11712 12715 13242 26245 14116 17613 17173 17495 11333 15024 15885 14999 16026 18668 16183'"
0 0 0
15437505296489140 52 -1
15437505316536160 148 1
15437505316536160 284 1
15437505316557050 9 -1
15437505316559588 13 -1
15437505318006270 1500 -1
15437505318006790 1500 -1
15437505318007850 8000 -1
15437505318028380 5654 -1
15437505318028380 1453 -1
15437505318028380 1500 -1
15437505318028380 37 -1
15437505318454840 17 -1
0 0 0
15437505296643528 52 -1
15437505316814850 148 1
15437505316814850 272 1
15437505316835930 9 -1
15437505316838770 13 -1
15437505318815140 1500 -1
15437505318815600 1500 -1
15437505318815600 1500 -1
15437505318816140 2644 -1
15437505318818130 4072 -1
15437505318836050 4072 -1
15437505318836050 47 -1
15437505319169130 17 -1
0 0 0
15437505296774002 52 -1
15437505332951320 148 1
15437505332972610 9 -1
15437505333029302 272 1
15437505333052930 13 -1
15437505334259050 1500 -1
15437505334259050 252 -1
15437505334373350 17 -1
0 0 0
15437505296794290 52 -1
15437505314817008 148 1
15437505314817008 272 1
15437505314837750 9 -1
15437505314840382 13 -1
15437505316121490 1500 -1
15437505316121490 562 -1
15437505316122590 1500 -1
15437505316123682 8000 -1
15437505316142900 6893 -1
15437505316142900 1324 -1
15437505316551910 17 -1
0 0 0
15437505294748060 52 -1
15437505314831678 148 1
15437505314831678 270 1
15437505314852828 9 -1
15437505314855370 13 -1
15437505315884030 1500 -1
15437505315884030 1704 -1
15437505315884560 3556 -1
15437505321205990 138 1
15437505321228970 13 -1
15437505321545460 1500 -1
15437505321545970 1559 -1
15437505321546510 4072 -1
15437505321546510 1217 -1
15437505326691730 137 1
15437505326716040 13 -1
15437505328280070 1500 -1
15437505328280540 1500 -1
15437505328281080 3987 -1
15437505328281080 1204 -1
15437505333398600 138 1
15437505333421610 13 -1
15437505335123580 1500 -1
15437505335123580 1500 -1
15437505335124158 4006 -1
15437505335124158 986 -1
15437505340125750 138 1
15437505340150102 13 -1
15437505342309320 1500 -1
15437505342310050 1500 -1
15437505342310050 4003 -1
15437505342310578 2370 -1
15437505347311690 138 1
15437505347336040 13 -1
15437505348677880 1500 -1
15437505348677880 1536 -1
15437505348678710 4072 -1
15437505348678710 1094 -1
15437505353680260 138 1
15437505353703510 13 -1
15437505355300720 1500 -1
15437505355300720 1500 -1
15437505355301040 4006 -1
15437505355301590 1878 -1
15437505360303062 136 1
15437505360326230 13 -1
15437505362281200 1500 -1
15437505362281720 1500 -1
15437505362282250 3205 -1
15437505367283700 163 1
15437505367306800 13 -1
15437505367527640 1500 -1
15437505367528520 1545 -1
15437505367528520 4072 -1
15437505367529020 4072 -1
15437505367529020 2118 -1
15437505372530380 125 1
15437505372553930 13 -1
15437505373797860 1500 -1
15437505373797860 1500 -1
15437505373798730 4038 -1
15437505373798730 4072 -1
15437505373798730 755 -1
15437505378800630 137 1
15437505378824862 13 -1
15437505380474740 1500 -1
15437505380474740 422 -1
15437505381355440 1500 -1
15437505381355910 3604 -1
15437505381356430 4072 -1
15437505381356980 1777 -1
15437505386358060 134 1
15437505386381020 13 -1
15437505388040810 1500 -1
15437505388040810 1500 -1
15437505388041310 3997 -1
15437505388041840 4072 -1
15437505388041840 2303 -1
15437505393043380 125 1
15437505393066880 13 -1
15437505394844710 1500 -1
15437505394844710 1500 -1
15437505394846640 8000 -1
15437505394848750 5539 -1
15437505394849328 1453 -1
15437505394849328 1500 -1
15437505394851310 3830 -1
15437505394851890 3096 -1
15437505399852610 126 1
15437505399875780 13 -1
15437505400510220 1500 -1
15437505400510730 1500 -1
15437505400511270 4036 -1
15437505400511798 4072 -1
15437505400511798 3163 -1
15437505405513730 137 1
15437505405537270 13 -1
15437505406982132 1500 -1
15437505406982132 1500 -1
15437505406982980 3992 -1
15437505406982980 4072 -1
15437505406983990 4072 -1
15437505406983990 1500 -1
15437505406983990 1113 -1
15437505406984028 9 -1
15437505411985570 126 1
15437505412010170 13 -1
15437505414031220 1500 -1
15437505414031220 1500 -1
15437505414031720 4024 -1
15437505414033042 4072 -1
15437505414033042 4072 -1
15437505414033580 1500 -1
15437505414033580 667 -1
15437505414033620 9 -1
15437505419034590 125 1
15437505419058210 13 -1
15437505420271100 1500 -1
15437505420271100 1500 -1
15437505420272170 4038 -1
15437505420272750 4072 -1
15437505420272750 4072 -1
15437505420273312 1500 -1
15437505420273312 974 -1
15437505420273358 9 -1
15437505425274900 125 1
15437505425298760 13 -1
15437505428455100 1500 -1
15437505428455100 417 -1
15437505429398630 1500 -1
15437505429398630 3604 -1
15437505429399660 4072 -1
15437505429399660 378 -1
15437505434400970 9 1
15437505439401010 140 1
15437505439424660 13 -1
15437505441520980 1500 -1
15437505441521910 1500 -1
15437505441521910 4009 -1
15437505441522428 4072 -1
15437505441523140 4072 -1
15437505441523140 24 -1
15437505446524230 126 1
15437505446547520 13 -1
15437505448168730 1500 -1
15437505448169260 1500 -1
15437505448169820 4000 -1
15437505448170340 4072 -1
15437505448170900 4072 -1
15437505448170900 869 -1
15437505453171830 137 1
15437505453196570 13 -1
15437505454762700 1500 -1
15437505454763210 1500 -1
15437505454763730 4018 -1
15437505454764300 4072 -1
15437505454764840 4062 -1
15437505459765770 125 1
15437505459789000 13 -1
15437505461219570 1500 -1
15437505461220060 1500 -1
15437505461220620 4026 -1
15437505461221170 4072 -1
15437505461221730 4072 -1
15437505461221730 1008 -1
15437505466222510 125 1
15437505466245698 13 -1
15437505467366210 1500 -1
15437505467366210 1500 -1
15437505467367180 8000 -1
15437505467367712 5514 -1
15437505467367712 1453 -1
15437505467368260 849 -1
15437505472368950 137 1
15437505472391620 13 -1
15437505474202672 1500 -1
15437505474203010 1500 -1
15437505474203580 4018 -1
15437505474204100 4072 -1
15437505474204668 4072 -1
15437505474204668 1173 -1
15437505479205698 126 1
15437505479229980 13 -1
15437505480915670 1500 -1
15437505480916200 1500 -1
15437505480916728 4027 -1
15437505480917310 4072 -1
15437505480917870 4072 -1
15437505480917870 1500 -1
15437505480917870 114 -1
15437505480918390 9 -1
15437505485919220 126 1
15437505485942420 13 -1
15437505487619520 1500 -1
15437505487619938 1500 -1
15437505487620420 4013 -1
15437505487621030 4072 -1
15437505487621030 3310 -1
15437505492622740 125 1
15437505492646210 13 -1
15437505494018260 430 -1
15437505494022490 1500 -1
15437505494022490 1500 -1
15437505494023630 8000 -1
15437505494024690 5393 -1
15437505494024690 1176 -1
15437505494025250 1500 -1
15437505494025250 2210 -1
15437505499026430 137 1
15437505499048910 13 -1
15437505501106930 1500 -1
15437505501107390 1500 -1
15437505501107390 3239 -1
0 0 0
15437505296584210 52 -1
15437505316594060 148 1
15437505316594060 273 1
15437505316615370 9 -1
15437505316617410 13 -1
15437505318041552 1500 -1
15437505318041552 1500 -1
15437505318042110 1500 -1
15437505318042110 2654 -1
15437505318042632 4072 -1
15437505318060530 1610 -1
15437505318281750 17 -1
