### "'23709 23076 29233 28272 22498 24937 17374 24779 14120 12097 18825 22547 21930 17275 35762 30959 17289 25702 16137 24791'"
0 0 0
15437514769143160 52 -1
15437514789376330 148 1
15437514789376330 282 1
15437514789397380 9 -1
15437514789400210 13 -1
15437514791525850 1500 -1
15437514791525850 1500 -1
15437514791526862 8000 -1
15437514791546860 5655 -1
15437514791547390 1453 -1
15437514791547900 1500 -1
15437514791548430 3802 -1
15437514791551320 4072 -1
15437514791551320 2040 -1
15437514792296250 17 -1
0 0 0
15437514769122090 52 -1
15437514789297090 148 1
15437514789297090 282 1
15437514789318230 9 -1
15437514789321320 13 -1
15437514791705070 1500 -1
15437514791705070 1500 -1
15437514791706040 8000 -1
15437514791726270 5654 -1
15437514791726270 1453 -1
15437514791726748 1500 -1
15437514791727260 3757 -1
15437514792161068 17 -1
0 0 0
15437514769270740 52 -1
15437514787212220 148 1
15437514787212220 282 1
15437514787233550 9 -1
15437514787236960 13 -1
15437514788978680 1500 -1
15437514788979148 1500 -1
15437514788980240 8000 -1
15437514789000280 5655 -1
15437514789000810 1453 -1
15437514789000810 1500 -1
15437514789001360 3814 -1
15437514789001360 576 -1
15437514789722450 17 -1
0 0 0
15437514767100200 52 -1
15437514787171730 148 1
15437514787171730 268 1
15437514787192810 9 -1
15437514787195680 13 -1
15437514788400970 1500 -1
15437514788401470 1500 -1
15437514788401470 1500 -1
15437514788402040 2562 -1
15437514793810660 139 1
15437514793833730 13 -1
15437514794022360 1500 -1
15437514794022360 1562 -1
15437514794022902 4072 -1
15437514794022902 1668 -1
15437514799050332 136 1
15437514799074100 13 -1
15437514802712740 1500 -1
15437514802712740 1500 -1
15437514802714000 4010 -1
15437514802714000 924 -1
15437514807760510 137 1
15437514807785110 13 -1
15437514809520030 1500 -1
15437514809520860 1500 -1
15437514809521380 8000 -1
15437514809522500 5514 -1
15437514809522500 1453 -1
15437514809523070 1500 -1
15437514809540492 3805 -1
15437514809541030 1813 -1
15437514814542590 137 1
15437514814566260 13 -1
15437514817859700 1500 -1
15437514817859700 423 -1
15437514818741370 1500 -1
15437514818742260 3604 -1
15437514818742260 3040 -1
15437514818742260 2796 -1
15437514818743240 4072 -1
15437514818743240 600 -1
15437514823744220 137 1
15437514823768230 13 -1
15437514825209220 1500 -1
15437514825209220 415 -1
15437514825209730 1500 -1
15437514825211260 8000 -1
15437514825212380 6893 -1
15437514825213470 1500 -1
15437514825214030 2698 -1
15437514825214030 2444 -1
15437514830215130 136 1
15437514830238500 13 -1
15437514831628290 1500 -1
15437514831629150 1500 -1
15437514831629150 4022 -1
15437514831629650 4072 -1
15437514831629650 3181 -1
15437514836631340 137 1
15437514836654710 13 -1
15437514838618470 1500 -1
15437514838618950 1500 -1
15437514838619470 3993 -1
15437514838620018 4072 -1
15437514838620018 1161 -1
15437514843621600 135 1
15437514843645410 13 -1
15437514845452690 1500 -1
15437514845452690 1500 -1
15437514845453650 8000 -1
15437514845454820 5538 -1
15437514845454820 1453 -1
15437514845454910 1006 -1
15437514850456100 137 1
15437514850479692 13 -1
15437514852120120 1500 -1
15437514852120120 1500 -1
15437514852121020 8000 -1
15437514852122120 5536 -1
15437514852122650 1453 -1
15437514852122650 1500 -1
15437514852123188 3228 -1
15437514857124010 137 1
15437514857147310 13 -1
15437514857909542 1500 -1
15437514857909542 1500 -1
15437514857910420 8000 -1
15437514857911480 5514 -1
15437514857911480 1453 -1
15437514857912020 1500 -1
15437514857912020 2611 -1
15437514862913000 137 1
15437514862936310 13 -1
15437514864181280 1500 -1
15437514864182160 1500 -1
15437514864182160 4019 -1
15437514864182680 4072 -1
15437514864182680 4072 -1
15437514864183280 1500 -1
15437514864183280 774 -1
15437514864183340 9 -1
15437514869184940 138 1
15437514869208620 13 -1
15437514871310598 1500 -1
15437514871310598 1500 -1
15437514871311480 8000 -1
15437514871312720 5537 -1
15437514871312720 1453 -1
15437514871312720 1500 -1
15437514871314950 8000 -1
15437514871316070 6893 -1
15437514871316070 1111 -1
15437514871316140 457 -1
15437514876317130 136 1
15437514876341938 13 -1
15437514878606580 1500 -1
15437514878607090 1500 -1
15437514878608230 8000 -1
15437514878608748 5513 -1
15437514878608748 1453 -1
15437514878609330 1500 -1
15437514878609330 3802 -1
15437514878610460 4072 -1
15437514878611000 3766 -1
15437514883611900 9 1
15437514888611860 139 1
15437514888635190 13 -1
15437514889590780 1500 -1
15437514889590780 1500 -1
15437514889591342 4011 -1
15437514889591830 4072 -1
15437514889592400 4072 -1
15437514889592400 1500 -1
15437514889592950 796 -1
15437514889592970 9 -1
15437514894594360 136 1
15437514894617450 13 -1
15437514898777040 1500 -1
15437514898777500 1500 -1
15437514898778610 8000 -1
15437514898779130 5539 -1
15437514898779130 1453 -1
15437514898779700 1500 -1
15437514898780280 3803 -1
15437514898780280 2580 -1
15437514903781640 136 1
15437514903804360 13 -1
15437514905427970 1500 -1
15437514905428490 1500 -1
15437514905429020 4010 -1
15437514905429680 4072 -1
15437514905429680 4072 -1
15437514905430110 1136 -1
15437514910431710 135 1
15437514910455410 13 -1
15437514913920742 1500 -1
15437514913920742 415 -1
15437514914810810 1500 -1
15437514914811820 8000 -1
15437514914812890 6574 -1
15437514914813450 1500 -1
15437514914813450 1497 -1
15437514914814020 1500 -1
15437514914814020 2484 -1
15437514919816370 136 1
15437514919839770 13 -1
15437514921887692 1500 -1
15437514921887692 416 -1
15437514921887830 1500 -1
15437514921889090 8000 -1
15437514921889638 6575 -1
15437514921890162 1232 -1
15437514921890750 1500 -1
15437514921890750 2581 -1
15437514921891292 3975 -1
15437514926892380 136 1
15437514926915500 13 -1
15437514928669060 1500 -1
15437514928669060 1500 -1
15437514928670080 8000 -1
15437514928670620 5514 -1
15437514928671150 1453 -1
15437514928671710 1500 -1
15437514928671710 2587 -1
15437514933672800 138 1
15437514933696630 13 -1
15437514935194830 1500 -1
15437514935194830 1500 -1
15437514935195730 8000 -1
15437514935196970 5538 -1
15437514935196970 1453 -1
15437514935197070 1500 -1
15437514935197520 3802 -1
15437514935197520 1791 -1
15437514940199430 136 1
15437514940239730 13 -1
15437514941215920 1500 -1
15437514941216422 1500 -1
15437514941217520 8000 -1
15437514941218040 5538 -1
15437514941218040 1453 -1
15437514941218590 1500 -1
15437514941218590 1587 -1
0 0 0
15437514769031740 52 -1
15437514789041250 148 1
15437514789041250 283 1
15437514789063138 9 -1
15437514789066228 13 -1
15437514791914812 1500 -1
15437514791914812 1500 -1
15437514791915830 8000 -1
15437514791935862 5653 -1
15437514791935862 1453 -1
15437514791936360 1500 -1
15437514791936360 3811 -1
15437514791940640 4072 -1
15437514791940640 1070 -1
15437514792386230 17 -1
0 0 0
15437514769166010 52 -1
15437514805381680 148 1
15437514805381680 271 1
15437514805402940 9 -1
15437514805405230 13 -1
15437514807183440 1500 -1
15437514807184220 1500 -1
15437514807185040 8000 -1
15437514807204730 5652 -1
15437514807205190 1453 -1
15437514807206510 1500 -1
15437514807207090 3179 -1
15437514807482310 17 -1
