### "'21932 19228 20337 13035 29101 18302 17107 15092 17135 20948 23000 17544 22741 17285 23507 19604 27947 24722 35688 26469'"
0 0 0
15437517351324460 52 -1
15437517371153770 148 1
15437517371153770 273 1
15437517371175560 9 -1
15437517371178000 13 -1
15437517372674790 1500 -1
15437517372675280 1500 -1
15437517372676380 8000 -1
15437517372695760 5653 -1
15437517372696322 1500 -1
15437517372696322 296 -1
15437517372696322 1500 -1
15437517372696322 675 -1
15437517372785900 17 -1
0 0 0
15437517351039742 52 -1
15437517371106150 148 1
15437517371106150 282 1
15437517371127688 9 -1
15437517371132072 13 -1
15437517372069890 1500 -1
15437517372070920 8000 -1
15437517372091430 7155 -1
15437517372091430 378 -1
15437517372091430 1500 -1
15437517372091430 984 -1
15437517372719460 17 -1
0 0 0
15437517349190258 52 -1
15437517369157920 148 1
15437517369179298 9 -1
15437517369308210 271 1
15437517369331200 13 -1
15437517369337730 1500 -1
15437517369338220 4876 -1
15437517374406840 137 1
15437517374430050 13 -1
15437517375467330 1500 -1
15437517375467330 1603 -1
15437517375467330 2695 -1
15437517380483230 125 1
15437517380507380 13 -1
15437517381879060 1500 -1
15437517381879590 8000 -1
15437517381880670 7036 -1
15437517381880670 392 -1
15437517381899850 1500 -1
15437517381899850 1500 -1
15437517381900402 3508 -1
15437517381900970 4072 -1
15437517381900970 1763 -1
15437517387135420 136 1
15437517387160030 13 -1
15437517388556740 399 -1
15437517388557898 1500 -1
15437517388558422 1500 -1
15437517388558422 2328 -1
15437517388559540 4072 -1
15437517388560620 4072 -1
15437517388561370 2921 -1
15437517388561370 462 -1
15437517388561450 9 -1
15437517393565170 136 1
15437517393589430 13 -1
15437517395585890 1500 -1
15437517395585890 1500 -1
15437517395586432 4017 -1
15437517395587000 4072 -1
15437517395587540 4072 -1
15437517395587540 83 -1
15437517400588860 137 1
15437517400614350 13 -1
15437517403391600 422 -1
15437517403392640 1500 -1
15437517403392640 1500 -1
15437517403392640 2328 -1
15437517403393740 4072 -1
15437517403394270 4072 -1
15437517403395380 2921 -1
15437517403395380 490 -1
15437517403395432 9 -1
15437517408396640 127 1
15437517408419982 13 -1
15437517413181930 1500 -1
15437517413181930 428 -1
15437517414533920 1500 -1
15437517414534950 8000 -1
15437517414536590 6562 -1
15437517414536590 1500 -1
15437517414536590 1509 -1
15437517414536590 129 -1
15437517419537820 138 1
15437517419561890 13 -1
15437517422139152 1500 -1
15437517422139670 1500 -1
15437517422140730 8000 -1
15437517422141270 5537 -1
15437517422141270 1453 -1
15437517422141820 1500 -1
15437517422142370 3681 -1
15437517427143220 125 1
15437517427167010 13 -1
15437517429006970 1500 -1
15437517429007490 1500 -1
15437517429008040 4011 -1
15437517429008560 4072 -1
15437517429009110 4072 -1
15437517429009680 1500 -1
15437517429009680 1028 -1
15437517429009680 9 -1
15437517434011150 135 1
15437517434034650 13 -1
15437517435821580 1500 -1
15437517435822042 1500 -1
15437517435823130 8000 -1
15437517435824240 5536 -1
15437517435824240 1453 -1
15437517435824240 1500 -1
15437517435824770 3422 -1
15437517440826300 136 1
15437517440849970 13 -1
15437517442804660 1500 -1
15437517442804660 428 -1
15437517442805760 1500 -1
15437517442806860 3604 -1
15437517442807400 4072 -1
15437517442808002 4072 -1
15437517442808540 2271 -1
15437517447809278 127 1
15437517447833340 13 -1
15437517450444000 1500 -1
15437517450444520 1500 -1
15437517450445610 8000 -1
15437517450446120 5536 -1
15437517450446120 1453 -1
15437517450446680 1500 -1
15437517450447230 3817 -1
15437517450447230 371 -1
15437517455448260 137 1
15437517455471580 13 -1
15437517458535350 1500 -1
15437517458535882 1500 -1
15437517458536920 8000 -1
15437517458537460 5514 -1
15437517458537460 1453 -1
15437517458538010 1500 -1
15437517458538010 285 -1
15437517463539450 9 1
15437517468539528 129 1
15437517468563048 13 -1
15437517469845500 1500 -1
15437517469845500 441 -1
15437517470140510 1500 -1
15437517470141540 8000 -1
15437517470142600 6550 -1
15437517470142600 1500 -1
15437517470143148 2797 -1
15437517470143722 1500 -1
15437517470143722 2581 -1
15437517470144280 1759 -1
15437517475145660 125 1
15437517475170270 13 -1
15437517476753190 1500 -1
15437517476753672 1500 -1
15437517476754748 8000 -1
15437517476755300 5538 -1
15437517476755300 1453 -1
15437517476755860 1500 -1
15437517476756440 3819 -1
15437517476756908 1584 -1
15437517481757590 137 1
15437517481781970 13 -1
15437517483607460 1500 -1
15437517483607460 1500 -1
15437517483608870 8000 -1
15437517483609600 5537 -1
15437517483609600 1453 -1
15437517483610150 1500 -1
15437517483611792 8000 -1
15437517483612330 6893 -1
15437517483612330 1122 -1
15437517483612880 372 -1
15437517488613688 125 1
15437517488637090 13 -1
15437517490219100 1500 -1
15437517490219610 1500 -1
15437517490220700 8000 -1
15437517490221250 5538 -1
15437517490221250 1500 -1
15437517490221250 286 -1
15437517490221788 1500 -1
15437517490222340 3486 -1
15437517490222910 3331 -1
15437517495223580 136 1
15437517495247760 13 -1
15437517496939818 1500 -1
15437517496939818 1500 -1
15437517496940702 8000 -1
15437517496941840 5512 -1
15437517496941840 1453 -1
15437517496942330 1500 -1
15437517496942330 962 -1
15437517501943532 136 1
15437517501967420 13 -1
15437517503567842 1500 -1
15437517503568330 1500 -1
15437517503568900 4013 -1
15437517503569450 4072 -1
15437517503569450 1823 -1
15437517508570680 136 1
15437517508595222 13 -1
15437517510557370 1500 -1
15437517510557870 1500 -1
15437517510559010 8000 -1
15437517510559530 5539 -1
15437517510559530 1453 -1
15437517510560090 1500 -1
15437517510560650 3806 -1
15437517510560650 77 -1
15437517515561622 137 1
15437517515585560 13 -1
15437517517452580 1500 -1
15437517517452580 1500 -1
15437517517453670 8000 -1
15437517517454200 5512 -1
15437517517454200 1453 -1
15437517517454710 1500 -1
15437517517455220 3803 -1
15437517517455220 2471 -1
0 0 0
15437517351361750 52 -1
15437517387421320 148 1
15437517387421320 284 1
15437517387443710 9 -1
15437517387446340 13 -1
15437517388413150 1500 -1
15437517388414190 8000 -1
15437517388435390 7154 -1
15437517388435390 377 -1
15437517388435390 1500 -1
15437517388435390 59 -1
15437517388583460 17 -1
0 0 0
15437517351509230 52 -1
15437517369168660 148 1
15437517369168660 285 1
15437517369190330 9 -1
15437517369193730 13 -1
15437517370194140 1500 -1
15437517370195120 8000 -1
15437517370215148 7155 -1
15437517370215560 374 -1
15437517370216128 1500 -1
15437517370216128 1500 -1
15437517370216128 2192 -1
15437517370776392 17 -1
0 0 0
15437517351340530 52 -1
15437517371238210 148 1
15437517371238210 274 1
15437517371259552 9 -1
15437517371261600 13 -1
15437517372845622 1500 -1
15437517372845622 553 -1
15437517373965180 1500 -1
15437517373965710 3604 -1
15437517373966210 4072 -1
15437517373966760 2084 -1
15437517373994688 17 -1
