### "'15605 11441 14647 12909 12754 21836 17485 15388 20524 27310 24395 13165 18407 26369 21448 14185 10940 11766 12892 10647'"
0 0 0
15437581790146958 52 -1
15437581808010110 148 1
15437581808010110 268 1
15437581808031490 9 -1
15437581808034110 13 -1
15437581809477670 1500 -1
15437581809477670 1500 -1
15437581809477670 1500 -1
15437581809478170 2655 -1
15437581809480432 4072 -1
15437581809497880 4072 -1
15437581809497880 577 -1
15437581809783580 17 -1
0 0 0
15437581790122148 52 -1
15437581826104390 148 1
15437581826104390 268 1
15437581826125988 9 -1
15437581826128622 13 -1
15437581827676900 1500 -1
15437581827677400 1500 -1
15437581827678580 8000 -1
15437581827698500 5655 -1
15437581827698500 1453 -1
15437581827699050 1500 -1
15437581827699050 2517 -1
15437581828022290 17 -1
0 0 0
15437581789915560 52 -1
15437581809943760 148 1
15437581809943760 268 1
15437581809965178 9 -1
15437581809967280 13 -1
15437581811324610 1500 -1
15437581811325080 1696 -1
15437581811325620 4072 -1
15437581811325620 469 -1
15437581811647100 17 -1
0 0 0
15437581790006822 52 -1
15437581810201010 148 1
15437581810201010 278 1
15437581810222430 9 -1
15437581810224810 13 -1
15437581812198660 1500 -1
15437581812198660 1500 -1
15437581812198660 1500 -1
15437581812199230 2639 -1
15437581812199718 4072 -1
15437581812218590 3707 -1
15437581812289988 17 -1
0 0 0
15437581787941970 52 -1
15437581807933372 148 1
15437581807933372 266 1
15437581807954530 9 -1
15437581807957790 13 -1
15437581807964880 1500 -1
15437581807965440 7454 -1
15437581813044068 136 1
15437581813067300 13 -1
15437581814061850 1500 -1
15437581814061850 1600 -1
15437581814062360 4072 -1
15437581814062910 4072 -1
15437581814062910 1853 -1
15437581819122090 137 1
15437581819145560 13 -1
15437581822392982 1500 -1
15437581822393488 1500 -1
15437581822394618 4020 -1
15437581822396250 4072 -1
15437581822396250 1815 -1
15437581827518088 125 1
15437581827541850 13 -1
15437581828668620 1500 -1
15437581828670040 8000 -1
15437581828672790 7013 -1
15437581828673360 392 -1
15437581828673360 727 -1
15437581833674760 126 1
15437581833699320 13 -1
15437581836384960 1500 -1
15437581836385440 1500 -1
15437581836385980 4038 -1
15437581836386540 4072 -1
15437581836387090 4072 -1
15437581836387090 361 -1
15437581841387760 138 1
15437581841411590 13 -1
15437581843652630 1500 -1
15437581843653410 1500 -1
15437581843653900 8000 -1
15437581843654980 5536 -1
15437581843654980 1453 -1
15437581843655520 1500 -1
15437581843655520 1205 -1
15437581848656950 126 1
15437581848680970 13 -1
15437581851970330 1500 -1
15437581851970330 442 -1
15437581852925388 1500 -1
15437581852926220 3604 -1
15437581852926220 4072 -1
15437581852926750 3162 -1
15437581852927310 4055 -1
15437581852927870 1500 -1
15437581852928390 2576 -1
15437581852929570 4072 -1
15437581852929570 999 -1
15437581857930630 135 1
15437581857954928 13 -1
15437581859120960 1500 -1
15437581859120960 1541 -1
15437581859121840 3835 -1
15437581864122860 138 1
15437581864146870 13 -1
15437581865123538 1500 -1
15437581865124460 8000 -1
15437581865125880 7037 -1
15437581865125880 372 -1
15437581865125970 1500 -1
15437581865125970 1500 -1
15437581865126390 3508 -1
15437581865126390 1149 -1
15437581870128040 138 1
15437581870151910 13 -1
15437581871121870 1500 -1
15437581871121870 1564 -1
15437581871122690 4072 -1
15437581871123230 4072 -1
15437581871123230 2112 -1
15437581876124690 138 1
15437581876147860 13 -1
15437581877787220 1500 -1
15437581877787650 1500 -1
15437581877788200 8000 -1
15437581877789300 5513 -1
15437581877789300 1500 -1
15437581877789300 269 -1
15437581877789300 272 -1
15437581882790490 135 1
15437581882814118 13 -1
15437581884349740 1500 -1
15437581884350268 1500 -1
15437581884351430 8000 -1
15437581884351930 5539 -1
15437581884351930 1453 -1
15437581884352540 1500 -1
15437581884353052 3816 -1
15437581884353650 3234 -1
15437581889355240 136 1
15437581889378670 13 -1
15437581891982350 1500 -1
15437581891982870 1500 -1
15437581891984040 8000 -1
15437581891984580 5536 -1
15437581891985120 1453 -1
15437581891985120 1500 -1
15437581891985120 2129 -1
15437581896986750 9 1
15437581901986780 127 1
15437581902009790 13 -1
15437581903379030 1500 -1
15437581903379030 1583 -1
15437581903379540 4072 -1
15437581903380100 4072 -1
15437581903380662 3111 -1
15437581908381600 163 1
15437581908405590 13 -1
15437581910442310 1500 -1
15437581910442820 1500 -1
15437581910443380 4010 -1
15437581910443930 4072 -1
15437581910443930 10 -1
15437581915445040 136 1
15437581915468050 13 -1
15437581916680400 1500 -1
15437581916680930 1543 -1
15437581916681450 4072 -1
15437581916682010 4072 -1
15437581916682010 709 -1
15437581921683190 136 1
15437581921707180 13 -1
15437581923165050 1500 -1
15437581923165050 1500 -1
15437581923165600 4011 -1
15437581923166380 4072 -1
15437581923166380 1961 -1
15437581928167580 136 1
15437581928191000 13 -1
15437581929482840 1500 -1
15437581929482840 1500 -1
15437581929483710 3996 -1
15437581929483710 3781 -1
15437581934485270 135 1
15437581934509980 13 -1
15437581935688378 1500 -1
15437581935688378 1500 -1
15437581935688900 4021 -1
15437581935689480 4072 -1
15437581935689480 334 -1
15437581940691000 125 1
15437581940714280 13 -1
15437581942062212 1500 -1
15437581942062212 442 -1
15437581942068050 1500 -1
15437581942069120 8000 -1
15437581942070292 6548 -1
15437581942070292 664 -1
15437581942070342 9 -1
0 0 0
15437581790083700 52 -1
15437581810072430 148 1
15437581810072430 279 1
15437581810093650 9 -1
15437581810096490 13 -1
15437581812037780 1500 -1
15437581812037780 1500 -1
15437581812037780 1500 -1
15437581812038300 2638 -1
15437581812038860 4072 -1
15437581812038860 502 -1
15437581812195930 17 -1
