### "'21116 25285 22829 17885 21070 11618 24611 24259 19605 21465 26398 17138 15865 19529 37909 23884 16117 15655 13687 16839'"
0 0 0
15437657300160870 52 -1
15437657320159212 148 1
15437657320201480 9 -1
15437657320234320 274 1
15437657320258150 13 -1
15437657320785920 1500 -1
15437657320786418 1500 -1
15437657320787560 8000 -1
15437657320806810 5655 -1
15437657320807250 1457 -1
15437657320811300 1500 -1
15437657320811780 3822 -1
15437657320816432 2140 -1
15437657321386390 17 -1
0 0 0
15437657300220330 52 -1
15437657336438000 148 1
15437657336458960 9 -1
15437657336494082 272 1
15437657336517170 13 -1
15437657337982668 1500 -1
15437657337983170 1500 -1
15437657337984250 8000 -1
15437657338003780 5653 -1
15437657338003780 1453 -1
15437657338003780 1500 -1
15437657338004310 1751 -1
15437657338316310 17 -1
0 0 0
15437657300144000 52 -1
15437657320384090 148 1
15437657320384090 273 1
15437657320405130 9 -1
15437657320407800 13 -1
15437657321817700 1500 -1
15437657321818162 1500 -1
15437657321819250 8000 -1
15437657321838200 5654 -1
15437657321838720 1500 -1
15437657321838720 296 -1
15437657321839262 1500 -1
15437657321839262 3167 -1
15437657322009650 17 -1
0 0 0
15437657300247220 52 -1
15437657318208088 148 1
15437657318208088 272 1
15437657318228940 9 -1
15437657318231390 13 -1
15437657320221780 1500 -1
15437657320221780 1500 -1
15437657320222880 8000 -1
15437657320242310 5653 -1
15437657320242370 1453 -1
15437657320242870 1500 -1
15437657320242870 1797 -1
15437657320748360 17 -1
0 0 0
15437657300061892 52 -1
15437657320368890 148 1
15437657320368890 273 1
15437657320390180 9 -1
15437657320394198 13 -1
15437657325243840 9 1
15437657325326210 1500 -1
15437657325326210 1500 -1
15437657325327250 8000 -1
15437657325346870 5653 -1
15437657325347430 1453 -1
15437657325347430 66 -1
15437657325574660 17 -1
0 0 0
15437657298180170 52 -1
15437657318140640 148 1
15437657318162450 9 -1
15437657318162652 268 1
15437657318185820 13 -1
15437657319152340 1500 -1
15437657319152340 1704 -1
15437657319152340 1501 -1
15437657324330330 138 1
15437657324355112 13 -1
15437657329242730 139 1
15437657329266990 13 -1
15437657330547300 1500 -1
15437657330547300 1500 -1
15437657330547850 3081 -1
15437657331440780 1500 -1
15437657331440780 1500 -1
15437657331446350 3982 -1
15437657331446350 2 -1
15437657336494040 139 1
15437657336518440 13 -1
15437657338354060 1500 -1
15437657338354590 1500 -1
15437657338354590 3875 -1
15437657343356162 137 1
15437657343381628 13 -1
15437657345164110 1500 -1
15437657345164558 1500 -1
15437657345164558 2426 -1
15437657350166130 138 1
15437657350193490 13 -1
15437657355166190 136 1
15437657355190210 13 -1
15437657355357950 1500 -1
15437657355358460 1500 -1
15437657355359030 4007 -1
15437657355359030 128 -1
15437657357550040 1500 -1
15437657357550500 1500 -1
15437657357551050 3051 -1
15437657362552020 138 1
15437657362575600 13 -1
15437657367552020 138 1
15437657367577788 13 -1
15437657368259450 416 -1
15437657368261060 1500 -1
15437657368261060 1500 -1
15437657368261060 2002 -1
15437657369627440 1500 -1
15437657369627440 1500 -1
15437657369627990 3955 -1
15437657374628930 137 1
15437657374652892 13 -1
15437657376052452 1500 -1
15437657376052452 1500 -1
15437657376053510 4011 -1
15437657376055670 4072 -1
15437657376055670 689 -1
15437657381056400 126 1
15437657381079850 13 -1
15437657385492560 428 -1
15437657385493680 1500 -1
15437657385494230 1500 -1
15437657385494750 8000 -1
15437657385495840 5393 -1
15437657385495840 1177 -1
15437657385496408 1500 -1
15437657385497520 2542 -1
15437657385514450 2750 -1
15437657390515540 126 1
15437657390539178 13 -1
15437657392042748 1500 -1
15437657392043230 1500 -1
15437657392044320 8000 -1
15437657392044870 5537 -1
15437657392045410 1453 -1
15437657392045980 1500 -1
15437657392046512 3828 -1
15437657392047060 1112 -1
15437657397047688 126 1
15437657397071650 13 -1
15437657398896460 1500 -1
15437657398896920 1500 -1
15437657398898020 8000 -1
15437657398898530 5513 -1
15437657398899068 1453 -1
15437657398899068 1500 -1
15437657398899068 286 -1
15437657403900818 136 1
15437657403926250 13 -1
15437657405918440 1500 -1
15437657405918990 1500 -1
15437657405920100 8000 -1
15437657405920650 5538 -1
15437657405921170 1453 -1
15437657405921170 1500 -1
15437657405921720 2146 -1
15437657410922750 136 1
15437657410945780 13 -1
15437657413251570 1500 -1
15437657413251570 1500 -1
15437657413253000 8000 -1
15437657413253550 5536 -1
15437657413253550 1453 -1
15437657413254080 1500 -1
15437657413255210 3803 -1
15437657413255760 3276 -1
15437657418256600 126 1
15437657418281340 13 -1
15437657421594738 1500 -1
15437657421594738 1500 -1
15437657421595290 4035 -1
15437657421595840 4072 -1
15437657421596370 4072 -1
15437657421596910 1500 -1
15437657421596910 621 -1
15437657421596962 9 -1
15437657426598290 125 1
15437657426622550 13 -1
15437657431598250 125 1
15437657431621500 13 -1
15437657433322780 1500 -1
15437657433323250 1500 -1
15437657433323792 4037 -1
15437657433324310 4072 -1
15437657433324900 4072 -1
15437657433324900 838 -1
15437657438325960 9 1
15437657440359098 1500 -1
15437657440359610 1500 -1
15437657440360690 8000 -1
15437657440361800 5536 -1
15437657440361800 1453 -1
15437657440361860 1500 -1
15437657440361860 210 -1
15437657445363600 128 1
15437657445388630 13 -1
15437657450363550 136 1
15437657450388680 13 -1
15437657451216180 1500 -1
15437657451216670 1500 -1
15437657451217800 8000 -1
15437657451218340 5537 -1
15437657451218880 1453 -1
15437657451218930 1500 -1
15437657451220500 8000 -1
15437657451221580 6893 -1
15437657451221580 1129 -1
15437657451222140 1500 -1
15437657451222140 1086 -1
15437657455268990 1500 -1
15437657455269498 1500 -1
15437657455270600 8000 -1
15437657455271720 5512 -1
15437657455271720 1453 -1
15437657455271800 1500 -1
15437657455272270 3803 -1
15437657455272270 762 -1
15437657460274120 136 1
15437657460297862 13 -1
15437657462657990 1500 -1
15437657462658300 1500 -1
15437657462658852 4007 -1
15437657462659410 4072 -1
15437657462659970 4072 -1
15437657462659970 1118 -1
15437657467661440 125 1
15437657467684810 13 -1
15437657470831550 1500 -1
15437657470832068 1500 -1
15437657470832630 4026 -1
15437657470833200 4072 -1
15437657470833750 4072 -1
15437657470833750 639 -1
15437657475834990 126 1
15437657475859160 13 -1
15437657476480410 1500 -1
15437657476480890 1500 -1
15437657476481440 4009 -1
15437657476482050 4072 -1
15437657476482552 2735 -1
15437657481483340 135 1
15437657481506870 13 -1
15437657486483368 137 1
15437657486507170 13 -1
15437657488108550 1500 -1
15437657488109030 1500 -1
15437657488109560 4009 -1
15437657488110098 4072 -1
15437657488110660 4072 -1
15437657488111170 1500 -1
15437657488111250 347 -1
15437657488111350 9 -1
15437657493112450 137 1
15437657493137030 13 -1
15437657498112530 138 1
15437657498136610 13 -1
15437657499781670 1500 -1
15437657499782180 1500 -1
15437657499783230 8000 -1
15437657499783760 5537 -1
15437657499784310 1500 -1
15437657499784310 273 -1
15437657499784870 1500 -1
15437657499785420 3486 -1
15437657499785420 1360 -1
15437657501420670 1500 -1
15437657501420670 425 -1
15437657502757960 1500 -1
15437657502758420 3604 -1
15437657502758980 4072 -1
15437657502759470 4072 -1
15437657502760010 748 -1
15437657507761380 126 1
15437657507785030 13 -1
15437657510013690 1500 -1
15437657510014250 1500 -1
15437657510014720 3999 -1
15437657510015262 4072 -1
15437657510015820 2905 -1
15437657510123538 1500 -1
15437657510123538 1500 -1
15437657510124100 4026 -1
15437657510124640 4072 -1
15437657510125170 4072 -1
15437657510125720 1500 -1
15437657510125720 780 -1
15437657510125770 9 -1
