### "'24739 21610 25429 23228 22713 21241 21571 38220 16190 24429 27313 21159 14477 18429 25281 24704 14299 29712 20783 23524'"
0 0 0
15437668372356100 52 -1
15437668392323590 148 1
15437668392323590 279 1
15437668392344760 9 -1
15437668392347420 13 -1
15437668393928790 1500 -1
15437668393929260 1500 -1
15437668393930330 8000 -1
15437668393950068 5654 -1
15437668393950068 1453 -1
15437668393950570 1500 -1
15437668393951130 3805 -1
15437668393951130 1615 -1
15437668394612500 17 -1
0 0 0
15437668372551720 52 -1
15437668408968330 148 1
15437668408968330 277 1
15437668408989338 9 -1
15437668408992410 13 -1
15437668412911820 535 -1
15437668412912732 1500 -1
15437668412912732 9 -1
15437668413823730 1500 -1
15437668413824740 8000 -1
15437668413844970 6570 -1
15437668413844970 1500 -1
15437668413846012 8000 -1
15437668413850360 6893 -1
15437668413975958 1500 -1
15437668413976450 2115 -1
15437668413976450 402 -1
15437668414195380 17 -1
0 0 0
15437668372576980 52 -1
15437668390866650 148 1
15437668390866650 278 1
15437668390888190 9 -1
15437668390890902 13 -1
15437668395838310 9 1
15437668396635740 1500 -1
15437668396635740 533 -1
15437668397952170 1500 -1
15437668397952672 8000 -1
15437668397973120 6574 -1
15437668397973180 1500 -1
15437668397973680 2895 -1
15437668397973680 1023 -1
15437668398336170 17 -1
0 0 0
15437668372562830 52 -1
15437668392609342 148 1
15437668392609342 278 1
15437668392630810 9 -1
15437668392633670 13 -1
15437668396257120 1500 -1
15437668396257120 1500 -1
15437668396258200 8000 -1
15437668396278190 5656 -1
15437668396278738 1453 -1
15437668396279280 1500 -1
15437668396279860 3805 -1
15437668396282120 2305 -1
15437668396700390 17 -1
0 0 0
15437668370662790 52 -1
15437668390640262 148 1
15437668390640262 265 1
15437668390661580 9 -1
15437668390664142 13 -1
15437668391967270 1500 -1
15437668391967780 1500 -1
15437668391967780 1500 -1
15437668391968310 2646 -1
15437668391968310 573 -1
15437668397256640 126 1
15437668397280280 13 -1
15437668399319520 1500 -1
15437668399319520 1500 -1
15437668399320410 8000 -1
15437668399321560 5512 -1
15437668399340480 1453 -1
15437668399340950 1500 -1
15437668399340950 3394 -1
15437668404468520 126 1
15437668404492660 13 -1
15437668407317540 1500 -1
15437668407318060 1500 -1
15437668407319190 8000 -1
15437668407319730 5537 -1
15437668407319730 1453 -1
15437668407320362 1500 -1
15437668407320362 1922 -1
15437668412512520 136 1
15437668412536768 13 -1
15437668414025260 1500 -1
15437668414025810 1500 -1
15437668414026890 8000 -1
15437668414028580 5539 -1
15437668414028580 1500 -1
15437668414028580 273 -1
15437668414029140 1500 -1
15437668414029140 1932 -1
15437668419030280 137 1
15437668419054010 13 -1
15437668421644102 1500 -1
15437668421644102 1500 -1
15437668421644630 4012 -1
15437668421645150 4072 -1
15437668421645700 4072 -1
15437668421645700 1189 -1
15437668426648290 124 1
15437668426671980 13 -1
15437668428427310 1500 -1
15437668428427310 1500 -1
15437668428428360 8000 -1
15437668428428870 5513 -1
15437668428429380 1453 -1
15437668428429440 1500 -1
15437668428429930 3819 -1
15437668428429930 1291 -1
15437668433431910 136 1
15437668433455132 13 -1
15437668435103660 1500 -1
15437668435103660 1500 -1
15437668435104750 8000 -1
15437668435105290 5537 -1
15437668435105810 1500 -1
15437668435105810 272 -1
15437668435105810 1500 -1
15437668435106918 3486 -1
15437668435107480 4072 -1
15437668435107480 117 -1
15437668440108710 135 1
15437668440133000 13 -1
15437668441823020 1500 -1
15437668441823020 1500 -1
15437668441824070 8000 -1
15437668441825190 5538 -1
15437668441825760 1500 -1
15437668441825760 271 -1
15437668441825760 1500 -1
15437668441825760 1522 -1
15437668446827380 166 1
15437668446850942 13 -1
15437668449721660 1500 -1
15437668449721660 1500 -1
15437668449722200 3985 -1
15437668449722732 4072 -1
15437668449723300 3550 -1
15437668454724420 135 1
15437668454747720 13 -1
15437668455732160 1500 -1
15437668455732160 1500 -1
15437668455733212 8000 -1
15437668455733750 5537 -1
15437668455734300 1453 -1
15437668455734350 610 -1
15437668460735660 135 1
15437668460759922 13 -1
15437668462400950 1500 -1
15437668462400950 1500 -1
15437668462402020 8000 -1
15437668462402560 5537 -1
15437668462403090 1453 -1
15437668462403130 1500 -1
15437668462403650 3806 -1
15437668462404210 2156 -1
15437668467405692 136 1
15437668467430330 13 -1
15437668469272630 1500 -1
15437668469272630 1500 -1
15437668469273420 8000 -1
15437668469274480 5512 -1
15437668469274480 1500 -1
15437668469275032 274 -1
15437668469275032 1500 -1
15437668469275588 3486 -1
15437668469275588 1578 -1
15437668474276590 137 1
15437668474300750 13 -1
15437668477190690 1500 -1
15437668477190690 1500 -1
15437668477191538 4009 -1
15437668477192090 4072 -1
15437668477192090 3371 -1
15437668482193630 9 1
15437668487193698 138 1
15437668487218152 13 -1
15437668488933950 1500 -1
15437668488934440 1500 -1
15437668488935530 8000 -1
15437668488936080 5536 -1
15437668488936080 1453 -1
15437668488936638 1500 -1
15437668488937180 3807 -1
15437668488937730 4072 -1
15437668488937730 2514 -1
15437668493939108 137 1
15437668493962750 13 -1
15437668495830532 1500 -1
15437668495831050 1500 -1
15437668495831612 8000 -1
15437668495832688 5537 -1
15437668495832688 1453 -1
15437668495833250 1500 -1
15437668495833250 1464 -1
15437668500834442 125 1
15437668500858230 13 -1
15437668502721150 1500 -1
15437668502721150 1500 -1
15437668502722052 8000 -1
15437668502723350 5537 -1
15437668502723350 1453 -1
15437668502723442 1500 -1
15437668502723880 3820 -1
15437668502723880 385 -1
15437668507725490 126 1
15437668507749060 13 -1
15437668509198238 1500 -1
15437668509198238 1500 -1
15437668509199130 4000 -1
15437668509199650 4072 -1
15437668509199650 2429 -1
15437668514201190 125 1
15437668514225530 13 -1
15437668516304268 1500 -1
15437668516304268 1500 -1
15437668516304820 4027 -1
15437668516305398 4072 -1
15437668516305950 4072 -1
15437668516305950 57 -1
15437668521306770 137 1
15437668521330510 13 -1
15437668523341720 1500 -1
15437668523341720 1500 -1
15437668523342280 4008 -1
15437668523342850 4072 -1
15437668523343830 4072 -1
15437668523343830 480 -1
15437668528344690 137 1
15437668528368540 13 -1
15437668532302880 1500 -1
15437668532303870 1500 -1
15437668532303870 4009 -1
15437668532304230 4072 -1
15437668532304780 4072 -1
15437668532304780 1500 -1
15437668532304780 258 -1
15437668532304780 9 -1
0 0 0
15437668372529590 52 -1
15437668392644100 148 1
15437668392644100 281 1
15437668392665650 9 -1
15437668392668570 13 -1
15437668395684300 1500 -1
15437668395684300 1500 -1
15437668395685360 8000 -1
15437668395705320 5654 -1
15437668395706388 1453 -1
15437668395706388 1500 -1
15437668395706388 2291 -1
15437668395988790 17 -1
