### "'25295 27712 25684 46712 20743 13601 35618 17537 10136 13068 15642 31521 28903 30657 29849 36684 16646 28033 22308 30415'"
0 0 0
15437692619180750 52 -1
15437692639248340 148 1
15437692639248340 282 1
15437692639269330 9 -1
15437692639271640 13 -1
15437692640675130 1500 -1
15437692640676160 8000 -1
15437692640696198 7154 -1
15437692640696198 377 -1
15437692640696198 1500 -1
15437692640699130 1500 -1
15437692640699660 3508 -1
15437692640700200 2433 -1
15437692640910240 17 -1
0 0 0
15437692619293330 52 -1
15437692639390400 148 1
15437692639390400 284 1
15437692639411560 9 -1
15437692639415550 13 -1
15437692639435990 1500 -1
15437692639436892 8000 -1
15437692639456820 7044 -1
15437692639457390 1500 -1
15437692639458960 8000 -1
15437692639458960 1837 -1
15437692640005000 17 -1
0 0 0
15437692619514698 52 -1
15437692637553620 148 1
15437692637553620 283 1
15437692637574420 9 -1
15437692637577210 13 -1
15437692637595000 1500 -1
15437692637596550 8000 -1
15437692637598218 7044 -1
15437692637615660 1500 -1
15437692637616702 7420 -1
15437692637996650 17 -1
0 0 0
15437692619530612 52 -1
15437692655643240 148 1
15437692655643240 282 1
15437692655664680 9 -1
15437692655667100 13 -1
15437692656800030 1500 -1
15437692656800570 8000 -1
15437692656820468 7156 -1
15437692656820970 371 -1
15437692656820970 1500 -1
15437692656821530 1500 -1
15437692656821530 1006 -1
15437692657073020 17 -1
0 0 0
15437692619396940 52 -1
15437692639460690 148 1
15437692639460690 282 1
15437692639483212 9 -1
15437692639486530 13 -1
15437692641581130 1500 -1
15437692641581130 542 -1
15437692641581610 1500 -1
15437692641582680 8000 -1
15437692641602710 6893 -1
15437692642523370 1500 -1
15437692642523860 8000 -1
15437692642524920 6893 -1
15437692642526560 1500 -1
15437692642526560 2580 -1
15437692642528232 4072 -1
15437692642528232 3528 -1
15437692642528232 501 -1
15437692643031558 17 -1
0 0 0
15437692617543500 52 -1
15437692637751040 148 1
15437692637751040 268 1
15437692637772560 9 -1
15437692637775990 13 -1
15437692637779820 1500 -1
15437692637780350 6212 -1
15437692642825220 138 1
15437692642849880 13 -1
15437692643780680 1500 -1
15437692643781150 1597 -1
15437692643781150 1786 -1
15437692648809500 137 1
15437692648833302 13 -1
15437692650174388 1500 -1
15437692650174920 1563 -1
15437692650175468 4072 -1
15437692650175468 720 -1
15437692655200530 122 1
15437692655224140 13 -1
15437692656423280 1500 -1
15437692656423280 1560 -1
15437692656423280 15 -1
15437692661424320 137 1
15437692661448500 13 -1
15437692662534260 1500 -1
15437692662534800 1565 -1
15437692662535300 4072 -1
15437692662536390 4072 -1
15437692662536390 2546 -1
15437692667537500 138 1
15437692667561000 13 -1
15437692668462800 1500 -1
15437692668463840 8000 -1
15437692668464940 7014 -1
15437692668464940 373 -1
15437692668466070 1500 -1
15437692668468480 8000 -1
15437692668484982 6893 -1
15437692668484982 1500 -1
15437692668485530 818 -1
15437692668485530 186 -1
15437692673486660 137 1
15437692673510030 13 -1
15437692673699140 1500 -1
15437692673699700 8000 -1
15437692673701380 7035 -1
15437692673701380 373 -1
15437692673701438 798 -1
15437692678702490 137 1
15437692678726930 13 -1
15437692679750220 1500 -1
15437692679751100 1540 -1
15437692679751100 4072 -1
15437692679751648 3153 -1
15437692684752670 137 1
15437692684777240 13 -1
15437692687838100 521 -1
15437692688848660 1500 -1
15437692688848660 1500 -1
15437692688849190 3626 -1
15437692688849760 4072 -1
15437692688849760 2012 -1
15437692693851500 136 1
15437692693876050 13 -1
15437692694784480 1500 -1
15437692694784948 1565 -1
15437692694785540 4072 -1
15437692694786640 4072 -1
15437692694786640 4072 -1
15437692694786640 514 -1
15437692699787960 138 1
15437692699811770 13 -1
15437692702757320 518 -1
15437692703727310 1500 -1
15437692703728920 8000 -1
15437692703730040 6893 -1
15437692703730040 1500 -1
15437692703730040 936 -1
15437692703730640 1500 -1
15437692703730640 2581 -1
15437692703731170 4072 -1
15437692703732260 4072 -1
15437692703732260 130 -1
15437692708737080 137 1
15437692708760890 13 -1
15437692709664020 1500 -1
15437692709664640 8000 -1
15437692709666210 7013 -1
15437692709666210 373 -1
15437692709666800 1500 -1
15437692709666800 1500 -1
15437692709667302 3508 -1
15437692709667850 4072 -1
15437692709668400 1584 -1
15437692714669930 138 1
15437692714693410 13 -1
15437692716023610 1500 -1
15437692716024720 8000 -1
15437692716025820 7037 -1
15437692716025820 372 -1
15437692716026390 1500 -1
15437692716026390 1500 -1
15437692716026940 3508 -1
15437692716027530 4072 -1
15437692716028020 3339 -1
15437692721029760 135 1
15437692721054420 13 -1
15437692724293770 1500 -1
15437692724293770 1500 -1
15437692724294870 8000 -1
15437692724295960 5537 -1
15437692724295960 1453 -1
15437692724296520 1500 -1
15437692724297070 3815 -1
15437692724297590 4072 -1
15437692724297590 2643 -1
15437692729299390 137 1
15437692729323630 13 -1
15437692731226960 1500 -1
15437692731226960 1500 -1
15437692731228362 8000 -1
15437692731228880 5537 -1
15437692731228880 1500 -1
15437692731228880 278 -1
15437692732194368 1500 -1
15437692732195440 8000 -1
15437692732196610 6893 -1
15437692732197120 796 -1
15437692732197120 1369 -1
15437692737198010 9 1
15437692742198020 141 1
15437692742221990 13 -1
15437692744770710 1500 -1
15437692744771200 1500 -1
15437692744771750 4019 -1
15437692744772260 4072 -1
15437692744772810 4072 -1
15437692744773350 1500 -1
15437692744773350 146 -1
15437692744773418 9 -1
15437692749774410 137 1
15437692749797860 13 -1
15437692750740590 1500 -1
15437692750741610 8000 -1
15437692750742760 7037 -1
15437692750742760 373 -1
15437692750743210 1500 -1
15437692750743762 1500 -1
15437692750743762 3508 -1
15437692750744870 4072 -1
15437692750744870 714 -1
15437692755745760 137 1
15437692755769330 13 -1
15437692756735360 1500 -1
15437692756736450 8000 -1
15437692756737540 7014 -1
15437692756737540 374 -1
15437692756738090 1500 -1
15437692756738660 1500 -1
15437692756738660 2568 -1
15437692761739690 137 1
15437692761763800 13 -1
15437692764284660 520 -1
15437692764285740 1500 -1
15437692764286820 8000 -1
15437692764287910 6893 -1
15437692764287910 1160 -1
15437692764288490 1500 -1
15437692764288490 2581 -1
15437692764289000 4072 -1
15437692764290162 4072 -1
15437692764290162 298 -1
15437692769291090 137 1
15437692769314790 13 -1
15437692770688850 1500 -1
15437692770689370 1565 -1
15437692770689930 4072 -1
15437692770690470 4072 -1
15437692770691040 4072 -1
15437692770691040 1384 -1
15437692770691590 9 -1
15437692775692470 137 1
15437692775715900 13 -1
15437692777135280 1500 -1
15437692777136890 8000 -1
15437692777137440 7013 -1
15437692777137980 372 -1
15437692777138550 1500 -1
15437692777138550 1500 -1
15437692777139110 3508 -1
15437692777139700 4072 -1
15437692777139700 689 -1
15437692782140930 138 1
15437692782165060 13 -1
15437692783202642 1500 -1
15437692783204240 8000 -1
15437692783204810 7037 -1
15437692783204810 372 -1
15437692783205860 1500 -1
15437692783206990 8000 -1
15437692783207500 6893 -1
15437692783208042 894 -1
15437692783208042 9 -1
15437692788208880 138 1
15437692788237420 13 -1
15437692789432950 1500 -1
15437692789434030 8000 -1
15437692789434568 7014 -1
15437692789434568 373 -1
15437692789435080 1500 -1
15437692789435640 1500 -1
15437692789435640 568 -1
