### "'22512 23453 22123 33511 12670 10659 31245 25792 22153 19915 27789 20999 34148 24173 22781 12749 15504 19361 32283 23081'"
0 0 0
15437737803512280 52 -1
15437737823591420 148 1
15437737823591420 270 1
15437737823612650 9 -1
15437737823614522 13 -1
15437737824514210 1500 -1
15437737824514698 1704 -1
15437737824514698 1536 -1
15437737829843750 125 1
15437737829866920 13 -1
15437737831526590 1500 -1
15437737831526590 1500 -1
15437737831527490 4026 -1
15437737831528390 4072 -1
15437737831528390 1726 -1
15437737836650870 125 1
15437737836674330 13 -1
15437737838180640 1500 -1
15437737838181160 1500 -1
15437737838181680 4001 -1
15437737838182220 3786 -1
15437737843214050 125 1
15437737843236498 13 -1
15437737844994740 1500 -1
15437737844994740 1500 -1
15437737844995288 4028 -1
15437737844995288 1465 -1
15437737849996992 124 1
15437737850020140 13 -1
15437737851769782 1500 -1
15437737851770250 1500 -1
15437737851770812 8000 -1
15437737851774110 5538 -1
15437737851774110 1453 -1
15437737851774110 1500 -1
15437737851776220 3820 -1
15437737851776790 4072 -1
15437737851791220 4034 -1
15437737856791920 127 1
15437737856814448 13 -1
15437737858748950 1500 -1
15437737858749490 1500 -1
15437737858750550 8000 -1
15437737858751112 5515 -1
15437737858751660 1453 -1
15437737858752220 1500 -1
15437737858752790 3817 -1
15437737858752790 2656 -1
15437737863753970 126 1
15437737863777240 13 -1
15437737865679222 1500 -1
15437737865679222 429 -1
15437737866558570 1500 -1
15437737866559610 8000 -1
15437737866561250 6559 -1
15437737866561320 1500 -1
15437737866561320 2834 -1
15437737871562850 126 1
15437737871586220 13 -1
15437737873580862 1500 -1
15437737873581360 1500 -1
15437737873582490 8000 -1
15437737873583050 5536 -1
15437737873583050 1453 -1
15437737873583590 1500 -1
15437737873583590 596 -1
15437737878584508 126 1
15437737878607940 13 -1
15437737882582620 1500 -1
15437737882582620 429 -1
15437737883703990 1500 -1
15437737883705070 8000 -1
15437737883706140 6562 -1
15437737883706140 1500 -1
15437737883706638 1509 -1
15437737883706720 1500 -1
15437737883707220 2581 -1
15437737883707768 2889 -1
15437737888708920 126 1
15437737888731812 13 -1
15437737890746840 1500 -1
15437737890747390 1500 -1
15437737890748370 8000 -1
15437737890749518 5538 -1
15437737890749518 1453 -1
15437737890749518 1500 -1
15437737890750042 1680 -1
15437737895751160 124 1
15437737895774730 13 -1
15437737898432240 1500 -1
15437737898432760 1500 -1
15437737898433810 8000 -1
15437737898434360 5514 -1
15437737898434910 1453 -1
15437737899344600 1500 -1
15437737899345068 3822 -1
15437737899345620 4072 -1
15437737899346170 4072 -1
15437737899346730 2863 -1
15437737904347960 154 1
15437737904370912 13 -1
15437737905892848 1500 -1
15437737905892848 1500 -1
15437737905893980 8000 -1
15437737905894498 5538 -1
15437737905895020 1500 -1
15437737905895020 286 -1
15437737905895020 1500 -1
15437737905896140 3486 -1
15437737905896140 1035 -1
15437737910897270 126 1
15437737910920660 13 -1
15437737914411070 1500 -1
15437737914411580 1500 -1
15437737914412652 8000 -1
15437737914413170 5537 -1
15437737914413170 1457 -1
15437737915354340 1500 -1
15437737915354860 3458 -1
15437737920355950 9 1
15437737925355990 127 1
15437737925379780 13 -1
15437737927159070 1500 -1
15437737927159070 1500 -1
15437737927159600 4030 -1
15437737927160110 4072 -1
15437737927160110 1801 -1
15437737932161930 126 1
15437737932184980 13 -1
15437737932935100 1500 -1
15437737932935540 1500 -1
15437737932936120 4027 -1
15437737932936670 4072 -1
15437737932937220 4072 -1
15437737932937220 487 -1
15437737937938630 136 1
15437737937962370 13 -1
15437737939701150 1500 -1
15437737939701620 1500 -1
15437737939702730 8000 -1
15437737939703250 5512 -1
15437737939703800 1453 -1
15437737939703870 1500 -1
15437737939703870 42 -1
15437737944705160 126 1
15437737944728430 13 -1
15437737947002630 430 -1
15437737947003130 1500 -1
15437737947003130 9 -1
15437737947006410 1500 -1
15437737947007670 8000 -1
15437737947008790 6560 -1
15437737947010730 1500 -1
15437737947010730 1755 -1
15437737947011270 2796 -1
15437737947011800 2796 -1
15437737947012370 2796 -1
15437737947012370 2796 -1
15437737947012370 25 -1
15437737952013928 126 1
15437737952036850 13 -1
15437737954082140 1500 -1
15437737954082140 1500 -1
15437737954083000 8000 -1
15437737954084050 5539 -1
15437737954084050 1453 -1
15437737954084630 1500 -1
15437737954085180 3762 -1
15437737959086070 125 1
15437737959109240 13 -1
15437737959966090 1500 -1
15437737959966090 1500 -1
15437737959966940 8000 -1
15437737959968200 5513 -1
15437737959968200 1457 -1
15437737960260120 1500 -1
15437737960260620 3815 -1
15437737960261210 4072 -1
15437737960261710 4072 -1
15437737960261710 298 -1
15437737965263030 125 1
15437737965286450 13 -1
15437737967108330 1500 -1
15437737967108330 1500 -1
15437737967109180 4024 -1
15437737967109730 4072 -1
15437737967109730 983 -1
0 0 0
15437737805265320 52 -1
15437737841797010 148 1
15437737841818070 9 -1
15437737841831960 273 1
15437737841854820 13 -1
15437737843145558 1500 -1
15437737843145558 1500 -1
15437737843145558 1500 -1
15437737843146100 2653 -1
15437737843146100 2328 -1
15437737843272810 17 -1
0 0 0
15437737805322880 52 -1
15437737823589620 148 1
15437737823589620 271 1
15437737823611578 9 -1
15437737823613970 13 -1
15437737825320540 1500 -1
15437737825321050 1500 -1
15437737825322102 8000 -1
15437737825341720 5654 -1
15437737825342060 1453 -1
15437737825342610 1500 -1
15437737825342610 3193 -1
15437737826076900 17 -1
0 0 0
15437737805098330 52 -1
15437737825193210 148 1
15437737825193210 284 1
15437737825214700 9 -1
15437737825217522 13 -1
15437737826858500 1500 -1
15437737826858990 1500 -1
15437737826860098 8000 -1
15437737826879448 5654 -1
15437737826879900 1500 -1
15437737826879900 272 -1
15437737826880578 1500 -1
15437737826880578 2485 -1
15437737827114270 17 -1
0 0 0
15437737805085362 52 -1
15437737825016680 148 1
15437737825016680 284 1
15437737825038190 9 -1
15437737825040360 13 -1
15437737826575140 1500 -1
15437737826575602 1500 -1
15437737826576660 8000 -1
15437737826596210 5653 -1
15437737826596680 1453 -1
15437737826597240 1500 -1
15437737826597828 3805 -1
15437737826597828 329 -1
15437737827073410 17 -1
0 0 0
15437737805282140 52 -1
15437737825376640 148 1
15437737825376640 272 1
15437737825397570 9 -1
15437737825400210 13 -1
15437737827397380 1500 -1
15437737827397890 1500 -1
15437737827398930 8000 -1
15437737827418310 5653 -1
15437737827418840 1453 -1
15437737827418972 1500 -1
15437737827419420 3819 -1
15437737827419910 4072 -1
15437737827423660 4072 -1
15437737827424810 2229 -1
15437737827841080 17 -1
