### "'27555 13144 13096 11219 12505 9939 12057 12328 30674 12250 14409 17232 15159 15048 24045 14681 22828 18311 13601 25920'"
0 0 0
15437762686109430 52 -1
15437762706072910 148 1
15437762706072910 270 1
15437762706093910 9 -1
15437762706096010 13 -1
15437762707030440 1500 -1
15437762707031080 1703 -1
15437762707031080 4004 -1
15437762712077010 136 1
15437762712100598 13 -1
15437762713445260 150 -1
15437762718462860 138 1
15437762718486190 13 -1
15437762722473100 1500 -1
15437762722473100 1564 -1
15437762722473590 4072 -1
15437762722473590 795 -1
15437762727482250 137 1
15437762727505830 13 -1
15437762728442780 1500 -1
15437762728443630 1540 -1
15437762728443630 4072 -1
15437762728443630 2955 -1
15437762733445188 136 1
15437762733469160 13 -1
15437762734490130 1500 -1
15437762734490630 1566 -1
15437762734490630 2305 -1
15437762739492000 137 1
15437762739516330 13 -1
15437762740426040 1500 -1
15437762740426040 1559 -1
15437762740426920 4072 -1
15437762740426920 283 -1
15437762745428050 136 1
15437762745450900 13 -1
15437762747460930 1500 -1
15437762747461810 1500 -1
15437762747461810 3159 -1
15437762752463060 137 1
15437762752487430 13 -1
15437762753062990 1500 -1
15437762753062990 1500 -1
15437762753062990 2139 -1
15437762758064740 137 1
15437762758088990 13 -1
15437762759466630 1500 -1
15437762759466630 1500 -1
15437762759466630 1865 -1
15437762764468450 135 1
15437762764492650 13 -1
15437762765924220 1500 -1
15437762765924220 1500 -1
15437762765925050 4023 -1
15437762765926170 4072 -1
15437762765926170 1115 -1
15437762770926868 135 1
15437762770950420 13 -1
15437762775424190 1500 -1
15437762775424560 1500 -1
15437762775425078 4023 -1
15437762775425078 2891 -1
15437762780426682 126 1
15437762780450398 13 -1
15437762780920760 1500 -1
15437762780920760 1500 -1
15437762780921640 4035 -1
15437762780921640 1637 -1
15437762785923090 136 1
15437762785946218 13 -1
15437762787201190 1500 -1
15437762787201190 1500 -1
15437762787201760 3998 -1
15437762787201760 2642 -1
15437762792203130 125 1
15437762792226902 13 -1
15437762794078820 1500 -1
15437762794078820 1500 -1
15437762794079320 4037 -1
15437762794081020 4072 -1
15437762794081020 1373 -1
15437762799081900 138 1
15437762799105870 13 -1
15437762800881500 1500 -1
15437762800881500 1500 -1
15437762800882280 8000 -1
15437762800884660 5538 -1
15437762800884660 1453 -1
15437762800886350 1500 -1
15437762800887480 3810 -1
15437762800888030 4072 -1
15437762800908092 3473 -1
15437762805908958 135 1
15437762805933730 13 -1
15437762807823600 1500 -1
15437762807823600 1500 -1
15437762807824450 3998 -1
15437762807824978 4072 -1
15437762807824978 1308 -1
15437762812826480 135 1
15437762812849490 13 -1
15437762814067850 1500 -1
15437762814067850 1500 -1
15437762814068300 4023 -1
15437762814068840 4072 -1
15437762814069390 3468 -1
15437762819070850 138 1
15437762819094610 13 -1
15437762821364570 1500 -1
15437762821364570 1500 -1
15437762821365400 4019 -1
15437762821365900 4072 -1
15437762821365900 4072 -1
15437762821366620 1500 -1
15437762821366620 731 -1
15437762821366710 9 -1
15437762826368150 9 1
15437762831368220 130 1
15437762831391290 13 -1
15437762833184170 1500 -1
15437762833185040 1500 -1
15437762833185040 4034 -1
15437762833185552 4072 -1
15437762833185552 4072 -1
15437762833185552 134 -1
15437762838187140 126 1
15437762838211040 13 -1
15437762839962100 1500 -1
15437762839962620 1500 -1
15437762839963170 4000 -1
15437762839963710 4072 -1
15437762839963710 4072 -1
15437762839963710 33 -1
15437762844965230 126 1
15437762844988940 13 -1
15437762846331350 1500 -1
15437762846331870 1500 -1
15437762846332992 8000 -1
15437762846333520 5537 -1
15437762846333520 1453 -1
15437762846334072 1500 -1
15437762846334640 3830 -1
15437762846334640 896 -1
15437762851335840 125 1
15437762851359770 13 -1
15437762852883480 1500 -1
15437762852884008 1500 -1
15437762852884540 4036 -1
15437762852885110 4072 -1
15437762852885110 3726 -1
15437762857886478 126 1
15437762857910450 13 -1
15437762859125600 1500 -1
15437762859125600 522 -1
15437762864127000 137 1
15437762864150570 13 -1
15437762866341590 1500 -1
15437762866342120 1500 -1
15437762866343160 8000 -1
15437762866343688 5535 -1
15437762866343688 1453 -1
15437762866344220 1500 -1
15437762866344770 3509 -1
15437762871345540 126 1
15437762871369180 13 -1
15437762872839438 1500 -1
15437762872839438 515 -1
15437762877841080 135 1
15437762877865378 13 -1
15437762879381440 1500 -1
15437762879381440 109 -1
15437762884382550 138 1
15437762884405980 13 -1
15437762886023050 1500 -1
15437762886023050 1500 -1
15437762886024138 8000 -1
15437762886024650 5538 -1
15437762886025210 1453 -1
15437762886025210 492 -1
15437762891026550 135 1
15437762891051518 13 -1
15437762895727730 1500 -1
15437762895727730 133 -1
15437762902084450 135 1
15437762902108550 13 -1
15437762903895150 1500 -1
15437762903895150 1500 -1
15437762903895960 4012 -1
15437762903896510 4072 -1
15437762903896510 2669 -1
15437762908897490 137 1
15437762908920190 13 -1
15437762910779728 1500 -1
15437762910779728 1500 -1
15437762910780630 8000 -1
15437762910781692 5537 -1
15437762910781692 1453 -1
15437762910782260 1500 -1
15437762910782260 3802 -1
15437762910782800 2799 -1
15437762915783960 136 1
15437762915808020 13 -1
15437762917379260 1500 -1
15437762917379260 1500 -1
15437762917380050 3987 -1
15437762917380518 4072 -1
15437762917380518 2512 -1
15437762922382000 127 1
15437762922405180 13 -1
15437762925558838 1500 -1
15437762925558838 428 -1
15437762926442700 1500 -1
15437762926443650 3604 -1
15437762926443650 3040 -1
15437762926443650 2796 -1
15437762926444120 4072 -1
15437762926444672 293 -1
15437762931445848 136 1
15437762931468980 13 -1
15437762933030560 1500 -1
15437762933031440 1500 -1
15437762933031440 8000 -1
15437762933032802 5537 -1
15437762933032802 1453 -1
15437762933032898 1500 -1
15437762933033370 3803 -1
15437762933033928 2777 -1
15437762938035340 134 1
15437762938060190 13 -1
15437762939627390 1500 -1
15437762939627390 1500 -1
15437762939627870 3989 -1
15437762939628400 4072 -1
15437762939628930 4072 -1
15437762939629450 1500 -1
15437762939629450 438 -1
15437762939630010 9 -1
15437762944630430 135 1
15437762944654060 13 -1
15437762946080050 1500 -1
15437762946080050 1500 -1
15437762946080940 4012 -1
15437762946081450 4072 -1
15437762946081450 4072 -1
15437762946081450 235 -1
15437762951083420 137 1
15437762951107358 13 -1
15437762953012090 1500 -1
15437762953012090 1500 -1
15437762953012620 8000 -1
15437762953013720 5540 -1
15437762953013720 1453 -1
15437762953013720 43 -1
15437762958015512 126 1
15437762958038818 13 -1
15437762960262270 1500 -1
15437762960262270 1500 -1
15437762960262812 4029 -1
15437762960263320 4072 -1
15437762960263320 3045 -1
0 0 0
15437762688006900 52 -1
15437762708024200 148 1
15437762708024200 282 1
15437762708045710 9 -1
15437762708048820 13 -1
15437762710107182 1500 -1
15437762710107688 1500 -1
15437762710107688 1500 -1
15437762710108220 2640 -1
15437762710108780 4072 -1
15437762710108780 277 -1
15437762710390310 17 -1
0 0 0
15437762688112340 52 -1
15437762706197490 148 1
15437762706197490 284 1
15437762706218490 9 -1
15437762706220720 13 -1
15437762707597080 1500 -1
15437762707598080 8000 -1
15437762707617920 7153 -1
15437762707618410 373 -1
15437762707618410 1500 -1
15437762707618460 1500 -1
15437762707618930 3508 -1
15437762707620030 4072 -1
15437762707621788 236 -1
15437762707835628 17 -1
0 0 0
15437762687937820 52 -1
15437762708026390 148 1
15437762708026390 282 1
15437762708047660 9 -1
15437762708050580 13 -1
15437762709378590 1500 -1
15437762709379050 1500 -1
15437762709379050 1500 -1
15437762709379620 2641 -1
15437762709380168 4072 -1
15437762709380720 2201 -1
15437762709939790 17 -1
0 0 0
15437762688101910 52 -1
15437762724963688 148 1
15437762724963688 283 1
15437762724985230 9 -1
15437762724988310 13 -1
15437762727403000 1500 -1
15437762727403550 1500 -1
15437762727403550 1500 -1
15437762727404460 2635 -1
15437762727404460 4072 -1
15437762727404460 1566 -1
15437762727639740 17 -1
0 0 0
15437762688036110 52 -1
15437762708079320 148 1
15437762708100318 9 -1
15437762708256100 273 1
15437762708278840 13 -1
15437762709767690 1500 -1
15437762709768200 1500 -1
15437762709768200 1500 -1
15437762709768770 2641 -1
15437762709769260 4072 -1
15437762709769260 2153 -1
15437762709944380 17 -1
