### "'23039 30262 25719 20197 26200 28220 20198 28214 19883 29908 18660 17193 16393 19284 16572 14299 24656 18777 19094 19066'"
0 0 0
15437805783463120 52 -1
15437805803654612 148 1
15437805803654612 275 1
15437805803676360 9 -1
15437805803679200 13 -1
15437805805451410 1500 -1
15437805805451410 1500 -1
15437805805452380 8000 -1
15437805805472580 5654 -1
15437805805473110 1453 -1
15437805805473110 1500 -1
15437805805473660 3827 -1
15437805805474190 2573 -1
15437805805775450 17 -1
0 0 0
15437805781742470 52 -1
15437805801865370 148 1
15437805801865370 271 1
15437805801886490 9 -1
15437805801889480 13 -1
15437805803062040 1500 -1
15437805803062500 1700 -1
15437805803063050 4072 -1
15437805803063050 158 -1
15437805808302810 137 1
15437805808326900 13 -1
15437805810246570 1500 -1
15437805810247058 1500 -1
15437805810251090 8000 -1
15437805810254682 5538 -1
15437805810267400 1453 -1
15437805810267950 1500 -1
15437805810268468 3804 -1
15437805810268468 3077 -1
15437805815366672 126 1
15437805815390070 13 -1
15437805816855062 1500 -1
15437805816855062 1500 -1
15437805816856710 8000 -1
15437805816858390 5512 -1
15437805816858390 1453 -1
15437805816858950 1500 -1
15437805816860190 3829 -1
15437805816860740 4072 -1
15437805816860740 1000 -1
15437805822064250 125 1
15437805822087910 13 -1
15437805824258260 1500 -1
15437805824258840 1500 -1
15437805824259830 8000 -1
15437805824260358 5536 -1
15437805824260358 1453 -1
15437805824260910 1500 -1
15437805824261438 3819 -1
15437805824262000 4072 -1
15437805824262000 1004 -1
15437805829263980 126 1
15437805829288620 13 -1
15437805830668110 1500 -1
15437805830668110 1500 -1
15437805830668950 8000 -1
15437805830670050 5537 -1
15437805830670600 1500 -1
15437805830670600 297 -1
15437805830670600 1500 -1
15437805830670600 220 -1
15437805835671680 125 1
15437805835695382 13 -1
15437805837333140 1500 -1
15437805837333140 1500 -1
15437805837334600 8000 -1
15437805837334600 5514 -1
15437805837335278 1500 -1
15437805837335278 286 -1
15437805837335810 1500 -1
15437805837335810 3486 -1
15437805837336890 4072 -1
15437805837336890 2698 -1
15437805842337820 126 1
15437805842362760 13 -1
15437805846840020 1500 -1
15437805846840020 428 -1
15437805848146460 1500 -1
15437805848147020 8000 -1
15437805848148170 6562 -1
15437805848148670 841 -1
15437805848148720 9 -1
15437805853149380 126 1
15437805853174220 13 -1
15437805858149500 125 1
15437805858154390 430 -1
15437805858155120 1500 -1
15437805858155120 9 -1
15437805858173270 13 -1
15437805859532990 1500 -1
15437805859532990 2328 -1
15437805859532990 4072 -1
15437805859533638 3040 -1
15437805859534200 4072 -1
15437805859534200 414 -1
15437805859943162 1500 -1
15437805859943162 1500 -1
15437805859943960 4002 -1
15437805859944490 4072 -1
15437805859945180 4072 -1
15437805859945180 1386 -1
15437805859945250 9 -1
15437805864946290 127 1
15437805864970490 13 -1
15437805866603770 1500 -1
15437805866603770 1500 -1
15437805866604840 8000 -1
15437805866605402 5537 -1
15437805866605402 1453 -1
15437805866605940 1465 -1
15437805871606892 153 1
15437805871631228 13 -1
15437805873270240 1500 -1
15437805873270300 1500 -1
15437805873270770 4023 -1
15437805873271310 4072 -1
15437805873271850 4072 -1
15437805873271850 1500 -1
15437805873271850 66 -1
15437805873272380 9 -1
15437805878273550 127 1
15437805878297700 13 -1
15437805880461720 1500 -1
15437805880461720 1500 -1
15437805880462260 4026 -1
15437805880462830 4072 -1
15437805880463360 3354 -1
15437805885464600 125 1
15437805885489010 13 -1
15437805887287468 1500 -1
15437805887287992 1500 -1
15437805887289180 8000 -1
15437805887289650 5513 -1
15437805887290202 1453 -1
15437805887290202 1500 -1
15437805887290740 3819 -1
15437805887290740 1518 -1
15437805892291750 9 1
15437805897291800 128 1
15437805897314510 13 -1
15437805900107830 1500 -1
15437805900108380 1500 -1
15437805900109450 8000 -1
15437805900109962 5537 -1
15437805900109962 1453 -1
15437805900110510 958 -1
15437805905111250 125 1
15437805905135180 13 -1
15437805906652160 1500 -1
15437805906652700 1500 -1
15437805906653690 8000 -1
15437805906654220 5513 -1
15437805906654740 1453 -1
15437805906654798 1275 -1
15437805911656110 125 1
15437805911680860 13 -1
15437805915533790 1500 -1
15437805915533790 430 -1
15437805916654560 1500 -1
15437805916655570 8000 -1
15437805916656650 6561 -1
15437805916657210 1247 -1
15437805916657210 9 -1
15437805921658390 125 1
15437805921684440 13 -1
15437805923272260 1500 -1
15437805923272740 1500 -1
15437805923273280 4026 -1
15437805923273840 4072 -1
15437805923274350 4072 -1
15437805923274350 1500 -1
15437805923274350 217 -1
15437805923274900 9 -1
15437805928276032 126 1
15437805928300090 13 -1
15437805930187420 1500 -1
15437805930187420 1500 -1
15437805930188640 8000 -1
15437805930189108 5538 -1
15437805930189682 1453 -1
15437805930189782 1139 -1
15437805935192840 126 1
15437805935216342 13 -1
15437805935874100 1500 -1
15437805935874100 1500 -1
15437805935875030 8000 -1
15437805935875940 5512 -1
15437805935876810 1457 -1
15437805935876920 1500 -1
15437805935876920 3823 -1
15437805935877370 4072 -1
15437805935877950 2178 -1
15437805940879500 127 1
15437805940903202 13 -1
15437805942495530 1500 -1
15437805942496368 1500 -1
15437805942496910 8000 -1
15437805942497600 5536 -1
15437805942497600 1453 -1
15437805942498140 1500 -1
15437805942498670 3817 -1
15437805942499230 4072 -1
15437805942499772 3999 -1
0 0 0
15437805783382310 52 -1
15437805803598480 148 1
15437805803598480 274 1
15437805803619670 9 -1
15437805803623000 13 -1
15437805805393022 1500 -1
15437805805393450 1500 -1
15437805805394558 8000 -1
15437805805413940 5656 -1
15437805805414390 1453 -1
15437805805414960 1500 -1
15437805805414960 878 -1
15437805806014280 17 -1
0 0 0
15437805783630000 52 -1
15437805801728690 148 1
15437805801728690 274 1
15437805801750090 9 -1
15437805801752220 13 -1
15437805803086370 1500 -1
15437805803086370 1500 -1
15437805803087450 8000 -1
15437805803106912 5654 -1
15437805803106912 1453 -1
15437805803107440 1500 -1
15437805803107988 3720 -1
15437805803411890 17 -1
0 0 0
15437805783337040 52 -1
15437805803394690 148 1
15437805803394690 274 1
15437805803415710 9 -1
15437805803419130 13 -1
15437805805505820 1500 -1
15437805805505820 1500 -1
15437805805506908 8000 -1
15437805805526230 5655 -1
15437805805526750 1453 -1
15437805805527288 1500 -1
15437805805527288 3818 -1
15437805805528350 4072 -1
15437805805528900 3053 -1
15437805805647640 17 -1
0 0 0
15437805783528300 52 -1
15437805819988270 148 1
15437805819988270 274 1
15437805820009438 9 -1
15437805820011850 13 -1
15437805823490530 1500 -1
15437805823491030 1500 -1
15437805823492100 8000 -1
15437805823511550 5653 -1
15437805823512110 1453 -1
15437805823512670 1500 -1
15437805823512670 879 -1
15437805823907722 17 -1
