### "'23257 31752 32590 25607 27007 27381 26475 20594 11842 24776 26471 24347 20779 29802 25324 31122 21513 22627 24987 27415'"
0 0 0
15437880872467050 52 -1
15437880892718080 148 1
15437880892718080 274 1
15437880892739500 9 -1
15437880892741640 13 -1
15437880893869360 1500 -1
15437880893870910 8000 -1
15437880893889790 7154 -1
15437880893890290 392 -1
15437880893890290 1500 -1
15437880893891430 1500 -1
15437880893891990 3508 -1
15437880893892530 4072 -1
15437880893896370 4072 -1
15437880893897490 1180 -1
15437880894062430 17 -1
0 0 0
15437880872467610 52 -1
15437880908838040 148 1
15437880908838040 273 1
15437880908859810 9 -1
15437880908862410 13 -1
15437880908870650 1500 -1
15437880908871170 8000 -1
15437880908883740 7043 -1
15437880908891460 1500 -1
15437880908892040 2719 -1
15437880909062510 17 -1
0 0 0
15437880870620980 52 -1
15437880890806880 148 1
15437880890806880 270 1
15437880890827890 9 -1
15437880890830860 13 -1
15437880890838180 1500 -1
15437880890838750 6128 -1
15437880895976160 126 1
15437880895999500 13 -1
15437880896900280 546 -1
15437880896901970 1500 -1
15437880896902500 8000 -1
15437880896903660 6893 -1
15437880896904120 1500 -1
15437880896904680 1500 -1
15437880896921762 3508 -1
15437880896922900 2343 -1
15437880902276640 134 1
15437880902300550 13 -1
15437880902308720 1500 -1
15437880902310360 8000 -1
15437880902312040 6964 -1
15437880902312040 1500 -1
15437880902313148 8000 -1
15437880902314270 1506 -1
15437880907390310 137 1
15437880907413890 13 -1
15437880907424870 1500 -1
15437880907425398 8000 -1
15437880907426470 6941 -1
15437880907426980 1500 -1
15437880907428090 8000 -1
15437880907428132 600 -1
15437880912559940 136 1
15437880912583498 13 -1
15437880915259040 520 -1
15437880916139670 1500 -1
15437880916140160 1500 -1
15437880916140680 3626 -1
15437880916141240 4072 -1
15437880916141240 787 -1
15437880921142680 135 1
15437880921166220 13 -1
15437880922067102 1500 -1
15437880922067630 8000 -1
15437880922068688 7036 -1
15437880922068688 378 -1
15437880922069240 1500 -1
15437880922069240 1500 -1
15437880922069780 3508 -1
15437880922070350 1524 -1
15437880927071800 136 1
15437880927095448 13 -1
15437880927115750 1500 -1
15437880927116260 8000 -1
15437880927117320 6941 -1
15437880927117320 1500 -1
15437880927118490 8000 -1
15437880927118980 596 -1
15437880932119688 137 1
15437880932144130 13 -1
15437880934471030 1500 -1
15437880934471030 1500 -1
15437880934471030 8000 -1
15437880934474320 5537 -1
15437880934474320 1453 -1
15437880934474440 1500 -1
15437880934474440 3810 -1
15437880934474440 1218 -1
15437880939476882 137 1
15437880939500680 13 -1
15437880940402930 1500 -1
15437880940403990 8000 -1
15437880940404520 7039 -1
15437880940405372 376 -1
15437880940405430 1500 -1
15437880940405430 1500 -1
15437880940405430 1037 -1
15437880945407160 134 1
15437880945431560 13 -1
15437880946336480 1500 -1
15437880946337290 8000 -1
15437880946338410 7015 -1
15437880946338410 384 -1
15437880946338962 1500 -1
15437880946339530 1500 -1
15437880946339530 3508 -1
15437880946340650 4072 -1
15437880946340650 2472 -1
15437880951341680 136 1
15437880951365590 13 -1
15437880951684580 1500 -1
15437880951685400 8000 -1
15437880951686758 7039 -1
15437880951686758 379 -1
15437880951686860 1500 -1
15437880951686860 1500 -1
15437880951687830 3508 -1
15437880951687830 2071 -1
15437880956689120 125 1
15437880956712120 13 -1
15437880957869660 1500 -1
15437880957870550 8000 -1
15437880957871620 7014 -1
15437880957871620 391 -1
15437880957872190 1500 -1
15437880957872190 1500 -1
15437880957872692 3508 -1
15437880957873250 4072 -1
15437880957873818 3785 -1
15437880962874588 135 1
15437880962898640 13 -1
15437880964103150 1500 -1
15437880964104090 8000 -1
15437880964104928 7039 -1
15437880964104928 378 -1
15437880964105780 1500 -1
15437880964105780 1500 -1
15437880964105780 1769 -1
15437880969107252 9 1
15437880974107310 138 1
15437880974131140 13 -1
15437880974447670 1500 -1
15437880974448522 8000 -1
15437880974449520 7037 -1
15437880974449520 377 -1
15437880974450440 1500 -1
15437880974450440 1500 -1
15437880974450440 2884 -1
15437880979451990 136 1
15437880979476040 13 -1
15437880980435550 1500 -1
15437880980436330 8000 -1
15437880980437428 7037 -1
15437880980437428 377 -1
15437880980437952 1500 -1
15437880980437952 1500 -1
15437880980438520 3508 -1
15437880980438520 1736 -1
15437880985440140 126 1
15437880985464440 13 -1
15437880986365700 1500 -1
15437880986366540 8000 -1
15437880986367640 7014 -1
15437880986367640 391 -1
15437880987246440 1500 -1
15437880987246440 1500 -1
15437880987247290 3508 -1
15437880987247290 3528 -1
15437880987247290 622 -1
15437880992249190 125 1
15437880992273180 13 -1
15437880993479380 1500 -1
15437880993480420 8000 -1
15437880993481520 7037 -1
15437880993481520 396 -1
15437880993482110 1500 -1
15437880993483100 8000 -1
15437880993483642 6893 -1
15437880993484190 793 -1
15437880993484190 9 -1
15437880998485840 134 1
15437880998509200 13 -1
15437880999409330 1500 -1
15437880999410410 8000 -1
15437880999411480 7014 -1
15437880999411480 383 -1
15437880999412020 1500 -1
15437880999412020 1500 -1
15437880999412550 3508 -1
15437880999413670 4072 -1
15437880999413670 1577 -1
15437881004415370 136 1
15437881004439052 13 -1
15437881005384860 1500 -1
15437881005385690 8000 -1
15437881005386750 7036 -1
15437881005386750 374 -1
15437881005387300 1500 -1
15437881005387300 1500 -1
15437881005387840 3508 -1
15437881005388360 4072 -1
15437881005388940 3675 -1
15437881010389970 126 1
15437881010414050 13 -1
15437881011418682 1500 -1
15437881011419560 8000 -1
15437881011421070 7039 -1
15437881011421070 393 -1
15437881011421160 1500 -1
15437881011421160 1500 -1
15437881011421620 3508 -1
15437881011422160 4072 -1
15437881011422720 4072 -1
15437881011423270 1264 -1
0 0 0
15437880872700428 52 -1
15437880890793800 148 1
15437880890793800 284 1
15437880890815548 9 -1
15437880890818150 13 -1
15437880892183060 1500 -1
15437880892185150 8000 -1
15437880892204760 7155 -1
15437880892204760 377 -1
15437880892204760 1500 -1
15437880892205278 1500 -1
15437880892205852 3508 -1
15437880892205852 6 -1
15437880892892840 17 -1
0 0 0
15437880872356750 52 -1
15437880892665770 148 1
15437880892665770 286 1
15437880892687630 9 -1
15437880892689590 13 -1
15437880893589730 1500 -1
15437880893591320 8000 -1
15437880893612060 7155 -1
15437880893612060 376 -1
15437880893612590 1500 -1
15437880893612590 1500 -1
15437880893613160 3508 -1
15437880893613710 4072 -1
15437880893616980 4072 -1
15437880893616980 358 -1
15437880894010500 17 -1
0 0 0
15437880872269690 52 -1
15437880892238900 148 1
15437880892238900 283 1
15437880892259942 9 -1
15437880892262070 13 -1
15437880896256490 639 -1
15437880897578480 1500 -1
15437880897579480 8000 -1
15437880897599910 6893 -1
15437880897599910 1500 -1
15437880897601830 2822 -1
15437880897602400 4072 -1
15437880897602400 1869 -1
15437880898071370 17 -1
