### "'39209 14088 18933 26431 16498 13065 20612 22710 26070 27355 28920 16480 17719 22590 24433 22646 22078 23709 21862 11743'"
0 0 0
15437884935414900 52 -1
15437884955306240 148 1
15437884955327600 9 -1
15437884955327712 269 1
15437884955352130 13 -1
15437884956322210 1500 -1
15437884956322690 1699 -1
15437884956323220 4072 -1
15437884956323800 4072 -1
15437884956342450 3015 -1
15437884956801060 17 -1
0 0 0
15437884935306930 52 -1
15437884955294560 148 1
15437884955294560 280 1
15437884955315850 9 -1
15437884955318480 13 -1
15437884956507390 1500 -1
15437884956509010 8000 -1
15437884956528420 7154 -1
15437884956528930 378 -1
15437884956528930 1500 -1
15437884956528930 689 -1
15437884956848618 17 -1
0 0 0
15437884935468060 52 -1
15437884953316030 148 1
15437884953316030 281 1
15437884953338060 9 -1
15437884953340982 13 -1
15437884954240330 1500 -1
15437884954241930 8000 -1
15437884954261392 7161 -1
15437884954261860 354 -1
15437884954261860 1500 -1
15437884954263490 8000 -1
15437884954267880 6893 -1
15437884954267880 1500 -1
15437884954267880 818 -1
15437884954267880 1500 -1
15437884954268430 2296 -1
15437884954902490 17 -1
0 0 0
15437884935557042 52 -1
15437884971438020 148 1
15437884971438020 281 1
15437884971458600 9 -1
15437884971461620 13 -1
15437884972615400 1500 -1
15437884972615870 1684 -1
15437884972616410 4072 -1
15437884972616970 4072 -1
15437884972636580 4072 -1
15437884972636580 1377 -1
15437884972636580 9 -1
15437884972757310 17 -1
0 0 0
15437884933342790 52 -1
15437884953330250 148 1
15437884953330250 265 1
15437884953352030 9 -1
15437884953354240 13 -1
15437884953361772 1500 -1
15437884953361772 2669 -1
15437884958759310 137 1
15437884958783210 13 -1
15437884958791130 1500 -1
15437884958791680 5582 -1
15437884963808870 137 1
15437884963832300 13 -1
15437884963837668 1500 -1
15437884963838210 5454 -1
15437884968887960 167 1
15437884968911570 13 -1
15437884969907760 1500 -1
15437884969908258 1579 -1
15437884969908258 3560 -1
15437884974932170 138 1
15437884974956460 13 -1
15437884975951790 1500 -1
15437884975951790 1562 -1
15437884975952670 4072 -1
15437884975952670 92 -1
15437884980953770 125 1
15437884980977200 13 -1
15437884982037620 1500 -1
15437884982038520 1580 -1
15437884982038520 4072 -1
15437884982039830 4072 -1
15437884982039830 1993 -1
15437884987041050 125 1
15437884987064690 13 -1
15437884988941040 1500 -1
15437884988941938 8000 -1
15437884988943340 7013 -1
15437884988943340 392 -1
15437884988943428 1500 -1
15437884988943902 1500 -1
15437884988943902 854 -1
15437884993945178 126 1
15437884993968610 13 -1
15437884994902320 1500 -1
15437884994903090 8000 -1
15437884994904600 7037 -1
15437884994904600 394 -1
15437884994904600 1500 -1
15437884994905118 1500 -1
15437884994905118 2950 -1
15437884999906508 127 1
15437884999929730 13 -1
15437885001265020 1500 -1
15437885001266060 8000 -1
15437885001267140 7035 -1
15437885001267700 389 -1
15437885001267700 1500 -1
15437885001267700 1500 -1
15437885001268800 3508 -1
15437885001268800 2807 -1
15437885006269970 125 1
15437885006294110 13 -1
15437885007251360 511 -1
15437885007252450 1500 -1
15437885007253500 8000 -1
15437885007254580 6893 -1
15437885007255110 1160 -1
15437885007255110 1500 -1
15437885007255672 2581 -1
15437885007256200 4072 -1
15437885007256730 1294 -1
15437885012258320 134 1
15437885012282280 13 -1
15437885014168980 1500 -1
15437885014168980 1500 -1
15437885014170100 8000 -1
15437885014170660 5538 -1
15437885014171160 1453 -1
15437885014171218 1500 -1
15437885014171730 3818 -1
15437885014172248 4072 -1
15437885014172810 1711 -1
15437885019174350 136 1
15437885019197560 13 -1
15437885020563590 1500 -1
15437885020564088 1565 -1
15437885020564662 4072 -1
15437885020565200 4072 -1
15437885020566320 4072 -1
15437885020566320 1360 -1
15437885020566400 9 -1
15437885025567080 127 1
15437885025590410 13 -1
15437885026493240 1500 -1
15437885026494290 8000 -1
15437885026495400 7012 -1
15437885026495950 390 -1
15437885026495950 963 -1
15437885031496698 125 1
15437885031548650 13 -1
15437885032882750 1500 -1
15437885032883810 8000 -1
15437885032884880 7037 -1
15437885032885510 391 -1
15437885032885510 1500 -1
15437885032885510 1500 -1
15437885032886050 2833 -1
15437885037887260 136 1
15437885037910170 13 -1
15437885039169380 1500 -1
15437885039170460 8000 -1
15437885039171570 7014 -1
15437885039171570 377 -1
15437885039172102 1500 -1
15437885039172650 1500 -1
15437885039173220 3508 -1
15437885039173220 1182 -1
15437885044174870 9 1
15437885049174920 128 1
15437885049199620 13 -1
15437885050179770 1500 -1
15437885050180810 8000 -1
15437885050181920 7038 -1
15437885050181920 391 -1
15437885050182510 1500 -1
15437885050183030 1500 -1
15437885050183030 2889 -1
15437885055184160 125 1
15437885055207870 13 -1
15437885056327390 1500 -1
15437885056328480 8000 -1
15437885056329570 7014 -1
15437885056330100 393 -1
15437885056330100 1500 -1
15437885056330660 1500 -1
15437885056330660 2319 -1
15437885061331660 136 1
15437885061354990 13 -1
15437885062690000 1500 -1
15437885062691040 8000 -1
15437885062692140 7035 -1
15437885062692140 374 -1
15437885062692670 1500 -1
15437885062693232 1500 -1
15437885062693232 3508 -1
15437885062693790 461 -1
15437885067694560 136 1
15437885067717940 13 -1
15437885069053090 1500 -1
15437885069054120 8000 -1
15437885069055180 7012 -1
15437885069055710 377 -1
15437885069055710 1500 -1
15437885069055710 1500 -1
15437885069056252 2119 -1
15437885074057450 136 1
15437885074081270 13 -1
15437885074892090 1500 -1
15437885074892610 1500 -1
15437885074893120 4013 -1
15437885074893680 4072 -1
15437885074893680 811 -1
15437885079894782 135 1
15437885079920868 13 -1
15437885080885410 1500 -1
15437885080886220 8000 -1
15437885080887570 7037 -1
15437885080887570 376 -1
15437885080887570 1500 -1
15437885080889202 8000 -1
15437885080890278 6893 -1
15437885080890278 644 -1
15437885080890350 9 -1
15437885085890998 126 1
15437885085914158 13 -1
15437885089868930 508 -1
15437885091176578 1500 -1
15437885091177600 8000 -1
15437885091178680 6893 -1
15437885091179240 1500 -1
15437885091179280 1500 -1
15437885091179280 980 -1
15437885096180660 126 1
15437885096204370 13 -1
15437885097115460 1500 -1
15437885097116570 8000 -1
15437885097117610 7036 -1
15437885097117610 392 -1
15437885097118170 1500 -1
15437885097118170 460 -1
15437885102119260 126 1
15437885102142280 13 -1
15437885103100532 1500 -1
15437885103101050 1582 -1
15437885103101640 4072 -1
15437885103102160 4072 -1
15437885103102710 3049 -1
0 0 0
15437884935494910 52 -1
15437884955488250 148 1
15437884955488250 269 1
15437884955509500 9 -1
15437884955511660 13 -1
15437884956839520 1500 -1
15437884956840600 8000 -1
15437884956859952 7155 -1
15437884956859952 392 -1
15437884956859952 1500 -1
15437884956860490 1500 -1
15437884956861032 3508 -1
15437884956861600 3165 -1
15437884957154410 17 -1
