### "'20032 23281 15383 38840 23308 20631 23146 22606 17366 26162 17646 23636 12217 28688 27481 22662 25896 24419 17612 20068'"
0 0 0
15437900961839340 52 -1
15437900998346970 148 1
15437900998367650 9 -1
15437900998367810 272 1
15437900998390852 13 -1
15437900999925520 1500 -1
15437900999926030 1500 -1
15437900999927102 8000 -1
15437900999946590 5655 -1
15437900999947072 1453 -1
15437900999947620 1500 -1
15437900999947620 3820 -1
15437900999947620 7 -1
15437901000178530 17 -1
0 0 0
15437900961709960 52 -1
15437900981737940 148 1
15437900981737940 282 1
15437900981758740 9 -1
15437900981760860 13 -1
15437900984163790 1500 -1
15437900984164290 1500 -1
15437900984165350 8000 -1
15437900984185740 5657 -1
15437900984185740 1453 -1
15437900985504160 1500 -1
15437900985505208 8000 -1
15437900985506310 6893 -1
15437900985506310 1114 -1
15437900985506830 1500 -1
15437900985506830 2032 -1
15437900985933930 17 -1
0 0 0
15437900959947870 52 -1
15437900980098800 148 1
15437900980098800 262 1
15437900980119792 9 -1
15437900980122290 13 -1
15437900981084818 1500 -1
15437900981084818 1723 -1
15437900981084818 3096 -1
15437900986219550 126 1
15437900986242980 13 -1
15437900988417348 1500 -1
15437900988417348 1500 -1
15437900988422400 8000 -1
15437900988438370 5511 -1
15437900988438370 1453 -1
15437900988438920 1500 -1
15437900988440270 3819 -1
15437900988440270 170 -1
15437900993641370 125 1
15437900993665180 13 -1
15437900995251730 1500 -1
15437900995252212 1500 -1
15437900995253330 8000 -1
15437900995253850 5536 -1
15437900995254410 1500 -1
15437900995254410 285 -1
15437900995254970 1500 -1
15437900995254970 980 -1
15437901000287868 124 1
15437901000311840 13 -1
15437901001640120 1500 -1
15437901001640120 1500 -1
15437901001641000 8000 -1
15437901001642110 5537 -1
15437901001642110 1457 -1
15437901001642590 1500 -1
15437901001643160 3283 -1
15437901006644010 125 1
15437901006668520 13 -1
15437901008086960 1500 -1
15437901008087460 1500 -1
15437901008088018 4000 -1
15437901008088592 4072 -1
15437901008089098 4072 -1
15437901008089640 1500 -1
15437901008089640 860 -1
15437901008089690 9 -1
15437901013091650 127 1
15437901013114910 13 -1
15437901015289258 1500 -1
15437901015289258 1500 -1
15437901015290338 8000 -1
15437901015290930 5537 -1
15437901015291400 1453 -1
15437901015291960 1500 -1
15437901015292500 3817 -1
15437901015293050 3026 -1
15437901020294120 126 1
15437901020319682 13 -1
15437901021899170 1500 -1
15437901021899170 1500 -1
15437901021899682 4024 -1
15437901021900230 4072 -1
15437901021900762 4072 -1
15437901021900762 1500 -1
15437901021900762 1140 -1
15437901021900800 9 -1
15437901026902950 126 1
15437901026927380 13 -1
15437901029212940 1500 -1
15437901029212940 1500 -1
15437901029213850 8000 -1
15437901029215068 5513 -1
15437901029215068 1453 -1
15437901029215610 1500 -1
15437901029215610 3819 -1
15437901029216148 498 -1
15437901034217020 130 1
15437901034240820 13 -1
15437901036138570 1500 -1
15437901036139080 1500 -1
15437901036139640 4021 -1
15437901036140190 4072 -1
15437901036140190 1278 -1
15437901041141450 126 1
15437901041165100 13 -1
15437901043271630 1500 -1
15437901043271630 1500 -1
15437901043272728 8000 -1
15437901043273270 5537 -1
15437901043273820 1453 -1
15437901043273940 1500 -1
15437901043274350 3818 -1
15437901043274920 4072 -1
15437901043275458 1479 -1
15437901048276430 127 1
15437901048299590 13 -1
15437901050190880 1500 -1
15437901050191380 1500 -1
15437901050192462 8000 -1
15437901050193010 5537 -1
15437901050193010 1453 -1
15437901050193560 1500 -1
15437901050194180 3816 -1
15437901050194700 4072 -1
15437901050194780 274 -1
15437901055195970 124 1
15437901055219500 13 -1
15437901056898370 1500 -1
15437901056898370 407 -1
15437901056899272 1500 -1
15437901056900690 8000 -1
15437901056902390 6893 -1
15437901056902390 914 -1
15437901056902462 1500 -1
15437901056902960 2104 -1
15437901061904010 119 1
15437901061927580 13 -1
15437901066230340 1500 -1
15437901066230340 450 -1
15437901067111340 1500 -1
15437901067112340 8000 -1
15437901067113450 6541 -1
15437901067114050 1266 -1
15437901067114050 1500 -1
15437901067114570 2581 -1
15437901067115120 2739 -1
15437901072116360 9 1
15437901077116498 121 1
15437901077139640 13 -1
15437901082116460 119 1
15437901082140638 13 -1
15437901083533830 1500 -1
15437901083533830 1500 -1
15437901083534680 8000 -1
15437901083535718 5537 -1
15437901083535718 1453 -1
15437901083536280 1500 -1
15437901083536830 3839 -1
15437901083536830 1261 -1
15437901084250720 1500 -1
15437901084251580 1500 -1
15437901084251580 4019 -1
15437901084252080 4072 -1
15437901084252650 4072 -1
15437901084253200 1500 -1
15437901084253200 1086 -1
15437901084253262 9 -1
15437901089254320 120 1
15437901089278172 13 -1
15437901090748488 1500 -1
15437901090748488 1500 -1
15437901090749330 8000 -1
15437901090750530 5536 -1
15437901090750530 1500 -1
15437901090750530 302 -1
15437901090751080 1500 -1
15437901090751080 400 -1
15437901095752270 120 1
15437901095775890 13 -1
15437901097760590 1500 -1
15437901097761020 1500 -1
15437901097761580 4019 -1
15437901097762070 4072 -1
15437901097762070 2225 -1
15437901102763670 118 1
15437901102787090 13 -1
15437901104348782 1500 -1
15437901104348782 449 -1
15437901104349280 1500 -1
15437901104350790 8000 -1
15437901104351520 6893 -1
15437901104352100 1500 -1
15437901104352610 2698 -1
15437901104352610 2975 -1
15437901109353680 118 1
15437901109376572 13 -1
15437901110716360 1500 -1
15437901110716360 1500 -1
15437901110717180 4044 -1
15437901110717720 4072 -1
15437901110718278 4072 -1
15437901110718820 1500 -1
15437901110718820 1221 -1
15437901110718870 9 -1
15437901115719710 118 1
15437901115742108 13 -1
15437901117536630 1500 -1
15437901117536630 425 -1
15437901117537740 1500 -1
15437901117538860 8000 -1
15437901117539930 6541 -1
15437901117539930 1500 -1
15437901117540500 2684 -1
15437901117540500 1500 -1
15437901117541060 2320 -1
0 0 0
15437900961852370 52 -1
15437900980023120 148 1
15437900980023120 272 1
15437900980044510 9 -1
15437900980046970 13 -1
15437900981737000 1500 -1
15437900981737000 1500 -1
15437900981738050 8000 -1
15437900981757140 5654 -1
15437900981757590 1453 -1
15437900981758160 1500 -1
15437900981758160 713 -1
15437900982373720 17 -1
0 0 0
15437900961494770 52 -1
15437900981710990 148 1
15437900981710990 283 1
15437900981732048 9 -1
15437900981734550 13 -1
15437900983549640 1500 -1
15437900983550120 1500 -1
15437900983550120 1500 -1
15437900983550680 2624 -1
15437900983551208 4072 -1
15437900983570730 4072 -1
15437900983570730 384 -1
15437900983959460 17 -1
0 0 0
15437900961517590 52 -1
15437900981438530 148 1
15437900981438530 270 1
15437900981460040 9 -1
15437900981462310 13 -1
15437900982878038 1500 -1
15437900982878510 1500 -1
15437900982879068 8000 -1
15437900982898942 5654 -1
15437900982899440 1453 -1
15437900982899990 1500 -1
15437900982899990 3818 -1
15437900982899990 144 -1
15437900983381680 17 -1
