### "'35821 24296 24296 24296 35821 35540 24288 24288 24288 26065 19251 32627 31440 31440 31440 20220 18933 25288 37318 37318'"
0 0 0
15437906144192740 52 -1
15437906162305940 148 1
15437906162305940 283 1
15437906162326630 9 -1
15437906162329240 13 -1
15437906164111782 1500 -1
15437906164112270 1500 -1
15437906164113380 8000 -1
15437906164133210 5654 -1
15437906164133210 1453 -1
15437906164133720 1500 -1
15437906164134850 8000 -1
15437906164138550 6893 -1
15437906164138550 1110 -1
15437906164138550 517 -1
15437906165299290 17 -1
0 0 0
15437906144038680 52 -1
15437906164279950 148 1
15437906164279950 274 1
15437906164301190 9 -1
15437906164303720 13 -1
15437906165818370 1500 -1
15437906165818370 1500 -1
15437906165819440 8000 -1
15437906165839550 5655 -1
15437906165839550 1453 -1
15437906165840080 1500 -1
15437906165840660 3818 -1
15437906165840660 1159 -1
15437906166516690 17 -1
0 0 0
15437906142313810 52 -1
15437906162413800 148 1
15437906162413800 271 1
15437906162435070 9 -1
15437906162438070 13 -1
15437906162445170 1500 -1
15437906162445170 2338 -1
15437906167463080 136 1
15437906167486330 13 -1
15437906168422840 1500 -1
15437906168423290 1582 -1
15437906168423840 3523 -1
15437906173448250 137 1
15437906173471930 13 -1
15437906175846940 1500 -1
15437906175846940 1500 -1
15437906175851770 8000 -1
15437906175867990 5536 -1
15437906175868540 1453 -1
15437906175869060 1500 -1
15437906175872900 8000 -1
15437906175874010 6893 -1
15437906175874578 1121 -1
15437906175874578 506 -1
15437906181094880 125 1
15437906181117900 13 -1
15437906182882300 1500 -1
15437906182882832 1500 -1
15437906182883912 8000 -1
15437906182884450 5537 -1
15437906182885000 1453 -1
15437906182885080 1500 -1
15437906182887040 3830 -1
15437906182887040 1139 -1
15437906187888470 125 1
15437906187911880 13 -1
15437906189409140 1500 -1
15437906189409620 1500 -1
15437906189410670 8000 -1
15437906189411212 5514 -1
15437906189411740 1453 -1
15437906189412310 1500 -1
15437906189412310 3830 -1
15437906189412860 1139 -1
15437906194413710 126 1
15437906194436628 13 -1
15437906195778810 1500 -1
15437906195779330 1500 -1
15437906195779900 8000 -1
15437906195781000 5538 -1
15437906195781000 1453 -1
15437906195781528 1500 -1
15437906195782080 3829 -1
15437906195782080 1140 -1
15437906200783420 125 1
15437906200807300 13 -1
15437906202105680 1500 -1
15437906202106190 1500 -1
15437906202107260 8000 -1
15437906202107820 5536 -1
15437906202107820 1453 -1
15437906202108368 1500 -1
15437906202109490 3830 -1
15437906202109490 2916 -1
15437906207110770 136 1
15437906207134140 13 -1
15437906208428472 1500 -1
15437906208428940 1500 -1
15437906208429510 8000 -1
15437906208430570 5514 -1
15437906208430570 1500 -1
15437906208431138 282 -1
15437906208431138 1103 -1
15437906213432230 137 1
15437906213456390 13 -1
15437906217550630 1500 -1
15437906217550630 423 -1
15437906218561620 1500 -1
15437906218563250 8000 -1
15437906218563790 6893 -1
15437906218564270 1500 -1
15437906218564270 2454 -1
15437906218564790 1500 -1
15437906218565340 2581 -1
15437906218565890 4072 -1
15437906218566452 2384 -1
15437906223567620 139 1
15437906223591248 13 -1
15437906225174950 1500 -1
15437906225175440 1500 -1
15437906225176498 8000 -1
15437906225177060 5536 -1
15437906225177578 1453 -1
15437906225177690 1500 -1
15437906225178160 3810 -1
15437906225178710 4072 -1
15437906225179310 4072 -1
15437906225179310 167 -1
15437906230180460 136 1
15437906230203790 13 -1
15437906232244620 1500 -1
15437906232244620 1500 -1
15437906232245510 8000 -1
15437906232246740 5540 -1
15437906232246740 1453 -1
15437906232246820 1500 -1
15437906232247250 3802 -1
15437906232247800 4072 -1
15437906232248350 4072 -1
15437906232248350 175 -1
15437906237250080 139 1
15437906237273850 13 -1
15437906239532800 1500 -1
15437906239532800 1500 -1
15437906239534230 8000 -1
15437906239534770 5512 -1
15437906239534770 1453 -1
15437906239535330 1500 -1
15437906239535862 3810 -1
15437906239536390 4072 -1
15437906239536942 4072 -1
15437906239536942 167 -1
15437906244537850 125 1
15437906244561170 13 -1
15437906248318232 1500 -1
15437906248318232 441 -1
15437906249328840 1500 -1
15437906249329350 8000 -1
15437906249330462 6893 -1
15437906249330462 1500 -1
15437906249331010 557 -1
15437906249331060 9 -1
15437906254332520 9 1
15437906259332520 129 1
15437906259355480 13 -1
15437906260767738 1500 -1
15437906260767738 1500 -1
15437906260768800 8000 -1
15437906260769898 5536 -1
15437906260769898 1500 -1
15437906260769898 297 -1
15437906260769898 770 -1
15437906265771192 126 1
15437906265794920 13 -1
15437906267517030 1500 -1
15437906267517030 1500 -1
15437906267518110 8000 -1
15437906267518662 5513 -1
15437906267519180 1453 -1
15437906267519700 1500 -1
15437906267519700 3817 -1
15437906267520248 2152 -1
15437906272521560 138 1
15437906272545070 13 -1
15437906274538168 1500 -1
15437906274538168 1500 -1
15437906274539280 8000 -1
15437906274539830 5539 -1
15437906274539830 1453 -1
15437906274540390 1500 -1
15437906274541480 8000 -1
15437906274542552 6893 -1
15437906274542602 1111 -1
15437906274542602 1500 -1
15437906274543130 513 -1
15437906279544170 137 1
15437906279569220 13 -1
15437906281561640 1500 -1
15437906281562160 1500 -1
15437906281563230 8000 -1
15437906281563750 5538 -1
15437906281564300 1500 -1
15437906281564300 269 -1
15437906281564300 1500 -1
15437906281565440 8000 -1
15437906281566538 6893 -1
15437906281567100 796 -1
15437906281567100 1500 -1
15437906281567100 512 -1
15437906286568270 137 1
15437906286592040 13 -1
15437906288412180 1500 -1
15437906288412700 1500 -1
15437906288413790 8000 -1
15437906288414300 5514 -1
15437906288414840 1500 -1
15437906288414840 270 -1
15437906288414840 1500 -1
15437906288415900 8000 -1
15437906288417020 6893 -1
15437906288417020 796 -1
15437906288417020 1500 -1
15437906288417562 511 -1
15437906293418620 125 1
15437906293441290 13 -1
15437906294870542 1500 -1
15437906294870998 1500 -1
15437906294872140 8000 -1
15437906294872640 5538 -1
15437906294873180 1453 -1
15437906294873740 1500 -1
15437906294873740 3828 -1
15437906294874290 1890 -1
15437906299876240 124 1
15437906299900442 13 -1
15437906301191020 1500 -1
15437906301191020 1500 -1
15437906301192000 8000 -1
15437906301193110 5538 -1
15437906301193110 1453 -1
15437906301193150 1500 -1
15437906301193150 1109 -1
15437906306194820 126 1
15437906306218070 13 -1
15437906308014080 1500 -1
15437906308014080 1500 -1
15437906308015120 8000 -1
15437906308016190 5512 -1
15437906308016190 1453 -1
15437906308016770 1500 -1
15437906308017320 3819 -1
15437906308017880 4072 -1
15437906308018430 1377 -1
0 0 0
15437906143981410 52 -1
15437906164264842 148 1
15437906164264842 273 1
15437906164286210 9 -1
15437906164288458 13 -1
15437906165868780 1500 -1
15437906165868780 1500 -1
15437906165869870 8000 -1
15437906165889040 5655 -1
15437906165889500 1500 -1
15437906165889500 287 -1
15437906165890060 1500 -1
15437906165890620 3486 -1
15437906165890620 1157 -1
15437906166379560 17 -1
0 0 0
15437906143895810 52 -1
15437906164245320 148 1
15437906164245320 273 1
15437906164266170 9 -1
15437906164268600 13 -1
15437906166008502 1500 -1
15437906166008990 1500 -1
15437906166010010 8000 -1
15437906166029450 5653 -1
15437906166029970 1453 -1
15437906166030500 1500 -1
15437906166030500 3828 -1
15437906166030500 1149 -1
15437906166472148 17 -1
0 0 0
15437906144112280 52 -1
15437906179781410 148 1
15437906179781410 284 1
15437906179803160 9 -1
15437906179806290 13 -1
15437906182230280 1500 -1
15437906182230750 1500 -1
15437906182231850 8000 -1
15437906182251560 5655 -1
15437906182252130 1453 -1
15437906182252130 1500 -1
15437906182253240 8000 -1
15437906182257500 6893 -1
15437906182257500 1119 -1
15437906182257500 227 -1
15437906182575058 17 -1
