### "'29281 22725 20481 25025 31658 18455 19057 27079 21550 14903 24731 28531 30339 30954 24403 25903 26971 19790 24759 26337'"
0 0 0
15437908977006330 52 -1
15437908996919640 148 1
15437908996941100 9 -1
15437908997042150 282 1
15437908997065188 13 -1
15437908998617460 1500 -1
15437908998617850 1500 -1
15437908998618950 8000 -1
15437908998638920 5655 -1
15437908998639440 1500 -1
15437908998639440 280 -1
15437908998639440 1500 -1
15437908998639950 3486 -1
15437908998640490 1893 -1
15437908998852230 17 -1
0 0 0
15437908976932080 52 -1
15437908994867650 148 1
15437908994867650 271 1
15437908994889678 9 -1
15437908994892010 13 -1
15437908996188870 1500 -1
15437908996189302 1500 -1
15437908996190382 8000 -1
15437908996210170 5655 -1
15437908996210640 1453 -1
15437908996211190 1500 -1
15437908996211190 3829 -1
15437908996212270 4072 -1
15437908996212270 2061 -1
15437908997420860 17 -1
0 0 0
15437908976892590 52 -1
15437908996893138 148 1
15437908996913980 9 -1
15437908997008820 283 1
15437908997031920 13 -1
15437908997805720 1500 -1
15437908997805720 1500 -1
15437908997806750 8000 -1
15437908997828460 5653 -1
15437908997828990 1457 -1
15437908997828990 1500 -1
15437908997829500 3402 -1
15437908998216510 17 -1
0 0 0
15437908976823050 52 -1
15437909013202220 148 1
15437909013202220 272 1
15437909013223390 9 -1
15437909013225710 13 -1
15437909013878930 1500 -1
15437909013879362 1500 -1
15437909013880480 8000 -1
15437909013899528 5655 -1
15437909013900020 1457 -1
15437909013900020 1234 -1
15437909014190878 17 -1
0 0 0
15437908976531060 52 -1
15437908996676550 148 1
15437908996697610 9 -1
15437908996697800 271 1
15437908996721712 13 -1
15437908998018190 1500 -1
15437908998018190 1500 -1
15437908998019208 8000 -1
15437908998041510 5653 -1
15437908998042008 1453 -1
15437908998042008 1500 -1
15437908998042008 1162 -1
15437908998312680 17 -1
0 0 0
15437908974863260 52 -1
15437908994865140 148 1
15437908994865140 267 1
15437908994888580 9 -1
15437908994891930 13 -1
15437908996064848 1500 -1
15437908996065230 1700 -1
15437908996065230 2885 -1
15437909001173420 137 1
15437909001197520 13 -1
15437909005578740 1500 -1
15437909005578740 421 -1
15437909006885750 1500 -1
15437909006886830 8000 -1
15437909006907060 6568 -1
15437909006907060 1500 -1
15437909006910200 2901 -1
15437909006910760 1500 -1
15437909006911320 2581 -1
15437909006913030 4072 -1
15437909006913030 1294 -1
15437909012077160 125 1
15437909012101150 13 -1
15437909013700040 1500 -1
15437909013700490 1500 -1
15437909013701020 8000 -1
15437909013702260 5537 -1
15437909013702260 1453 -1
15437909013702260 636 -1
15437909018733470 135 1
15437909018757290 13 -1
15437909020302120 1500 -1
15437909020302120 1500 -1
15437909020303230 8000 -1
15437909020304350 5537 -1
15437909020304350 1453 -1
15437909020304890 1500 -1
15437909020306220 3815 -1
15437909020306800 3945 -1
15437909025307610 166 1
15437909025331290 13 -1
15437909027191300 1500 -1
15437909027191300 1500 -1
15437909027192390 8000 -1
15437909027192950 5512 -1
15437909027193470 1453 -1
15437909027193530 1500 -1
15437909027194040 2231 -1
15437909032195460 125 1
15437909032220030 13 -1
15437909033006020 1500 -1
15437909033006020 1500 -1
15437909033006548 4028 -1
15437909033007122 4072 -1
15437909033007660 3956 -1
15437909038008872 126 1
15437909038032770 13 -1
15437909038856010 1500 -1
15437909038856010 1500 -1
15437909038857110 8000 -1
15437909038857630 5513 -1
15437909038858150 1453 -1
15437909038858212 1500 -1
15437909038858750 3818 -1
15437909038859280 1594 -1
15437909043861220 137 1
15437909043884930 13 -1
15437909046761350 1500 -1
15437909046761830 1500 -1
15437909046762400 8000 -1
15437909046763520 5542 -1
15437909046764060 1453 -1
15437909046764060 1500 -1
15437909046764640 3779 -1
15437909046765690 4072 -1
15437909046765690 1361 -1
15437909051767120 137 1
15437909051789980 13 -1
15437909053391572 1500 -1
15437909053392078 1500 -1
15437909053393158 8000 -1
15437909053393760 5537 -1
15437909053394250 1500 -1
15437909053394250 271 -1
15437909053394780 1500 -1
15437909053394780 3486 -1
15437909053395310 4072 -1
15437909053395850 3144 -1
15437909058397810 135 1
15437909058421800 13 -1
15437909059999550 1500 -1
15437909059999550 1500 -1
15437909060000638 8000 -1
15437909060001162 5513 -1
15437909060001700 1453 -1
15437909060002260 1500 -1
15437909060002820 3016 -1
15437909060003368 4072 -1
15437909060003920 3040 -1
15437909060003920 1507 -1
15437909065005560 125 1
15437909065029212 13 -1
15437909067791880 1500 -1
15437909067791880 1500 -1
15437909067792960 8000 -1
15437909067794052 5539 -1
15437909067794052 1453 -1
15437909067794098 1500 -1
15437909067794600 3796 -1
15437909067794600 1288 -1
15437909072796600 126 1
15437909072820200 13 -1
15437909075106230 1500 -1
15437909075106230 1500 -1
15437909075107310 8000 -1
15437909075107860 5538 -1
15437909075107860 1453 -1
15437909075108420 1500 -1
15437909075108970 3804 -1
15437909075108970 2780 -1
15437909080110710 125 1
15437909080134380 13 -1
15437909082445210 1500 -1
15437909082445210 1500 -1
15437909082446280 8000 -1
15437909082446830 5536 -1
15437909082447382 1453 -1
15437909082447440 1500 -1
15437909082447920 3818 -1
15437909082448430 3834 -1
15437909087450180 9 1
15437909092450230 128 1
15437909092474288 13 -1
15437909095006040 1500 -1
15437909095006558 1500 -1
15437909095007660 8000 -1
15437909095008190 5536 -1
15437909095008718 1453 -1
15437909095008770 1500 -1
15437909095008770 471 -1
15437909100010008 138 1
15437909100034320 13 -1
15437909102345100 1500 -1
15437909102345100 413 -1
15437909103699952 1500 -1
15437909103701010 8000 -1
15437909103702070 6577 -1
15437909103702070 1230 -1
15437909103702590 1500 -1
15437909103702650 2581 -1
15437909103703160 1638 -1
15437909108704490 137 1
15437909108729450 13 -1
15437909111643030 1500 -1
15437909111643030 390 -1
15437909111643528 1500 -1
15437909111644640 8000 -1
15437909111645802 6602 -1
15437909111645802 1205 -1
15437909111646340 1500 -1
15437909111646340 2581 -1
15437909111646890 3241 -1
15437909116647912 136 1
15437909116671040 13 -1
15437909119204422 1500 -1
15437909119204422 1500 -1
15437909119205440 8000 -1
15437909119206550 5512 -1
15437909119206550 1453 -1
15437909119206550 1500 -1
15437909119207050 3780 -1
15437909119207050 1593 -1
15437909124209290 135 1
15437909124233520 13 -1
15437909125766900 1500 -1
15437909125766900 1500 -1
15437909125767780 8000 -1
15437909125768818 5536 -1
15437909125768818 1453 -1
15437909125769392 1500 -1
15437909125770510 3806 -1
15437909125771050 4072 -1
15437909125771050 1100 -1
15437909130771930 125 1
15437909130795780 13 -1
15437909132469140 1500 -1
15437909132469140 430 -1
15437909132470210 1500 -1
15437909132470760 8000 -1
15437909132471890 6560 -1
15437909132471890 1247 -1
15437909132472538 1500 -1
15437909132472538 2581 -1
15437909132473012 2360 -1
15437909137474250 124 1
15437909137498730 13 -1
15437909139448800 1500 -1
15437909139449660 1500 -1
15437909139449660 8000 -1
15437909139450678 5514 -1
15437909139450678 1453 -1
15437909139450678 541 -1
