### "'23697 14103 20611 18037 15209 22710 18192 13132 23598 15581 10636 25049 23111 18459 11210 24484 11194 21541 36819 11435'"
0 0 0
15437913800813388 52 -1
15437913820901160 148 1
15437913820901160 284 1
15437913820922560 9 -1
15437913820925030 13 -1
15437913822067670 1500 -1
15437913822068660 8000 -1
15437913822089190 7153 -1
15437913822089190 378 -1
15437913822089190 1293 -1
15437913822219550 17 -1
0 0 0
15437913800917600 52 -1
15437913818833790 148 1
15437913818833790 284 1
15437913818855030 9 -1
15437913818857970 13 -1
15437913819762240 1500 -1
15437913819763250 8000 -1
15437913819783520 7155 -1
15437913819783520 376 -1
15437913819783520 1500 -1
15437913819784810 1500 -1
15437913819785390 3508 -1
15437913819785390 447 -1
15437913820200340 17 -1
0 0 0
15437913800709450 52 -1
15437913820901720 148 1
15437913820901720 284 1
15437913820923920 9 -1
15437913820926970 13 -1
15437913820935180 1500 -1
15437913820935760 8000 -1
15437913820955852 7044 -1
15437913820955852 1500 -1
15437913820956390 2736 -1
15437913821330180 17 -1
0 0 0
15437913798779110 52 -1
15437913818860158 148 1
15437913818860158 270 1
15437913818881810 9 -1
15437913818883570 13 -1
15437913818887550 1500 -1
15437913818887550 3847 -1
15437913824044490 138 1
15437913824068430 13 -1
15437913825022060 1500 -1
15437913825022060 1603 -1
15437913825022580 4072 -1
15437913825022580 1011 -1
15437913830047842 139 1
15437913830072898 13 -1
15437913832264590 1500 -1
15437913832265080 1559 -1
15437913832265080 1700 -1
15437913837292760 137 1
15437913837316170 13 -1
15437913838307632 1500 -1
15437913838307632 1537 -1
15437913838308170 3414 -1
15437913843313830 137 1
15437913843338038 13 -1
15437913844336610 1412 -1
15437913849337500 136 1
15437913849361430 13 -1
15437913849375620 1500 -1
15437913849379910 8000 -1
15437913849384450 6941 -1
15437913849385008 1500 -1
15437913849396770 4835 -1
15437913854397790 136 1
15437913854421958 13 -1
15437913855757460 1500 -1
15437913855758728 8000 -1
15437913855760220 7038 -1
15437913855760220 378 -1
15437913855760220 1448 -1
15437913860761430 135 1
15437913860785080 13 -1
15437913861824250 1500 -1
15437913861824250 1565 -1
15437913861824800 4072 -1
15437913861825320 4072 -1
15437913861825870 2075 -1
15437913866826660 135 1
15437913866850780 13 -1
15437913868292890 1500 -1
15437913868293480 1500 -1
15437913868294498 8000 -1
15437913868295610 5514 -1
15437913868295610 1453 -1
15437913868296152 1500 -1
15437913868297270 3816 -1
15437913868297270 463 -1
15437913873298080 136 1
15437913873322100 13 -1
15437913874500900 1500 -1
15437913874501410 1569 -1
15437913874501970 4072 -1
15437913874501970 2154 -1
15437913879503282 135 1
15437913879527550 13 -1
15437913880888780 1500 -1
15437913880888780 1500 -1
15437913880889680 4022 -1
15437913880890150 4072 -1
15437913880891090 4072 -1
15437913880891090 568 -1
15437913885891830 136 1
15437913885916892 13 -1
15437913887156970 1500 -1
15437913887156970 1500 -1
15437913887157810 3996 -1
15437913887158350 3768 -1
15437913892159430 136 1
15437913892187180 13 -1
15437913893510820 1500 -1
15437913893511300 1500 -1
15437913893512750 8000 -1
15437913893513442 5538 -1
15437913893513442 1453 -1
15437913893514010 1500 -1
15437913893514550 3816 -1
15437913893514550 1914 -1
15437913898515800 125 1
15437913898539010 13 -1
15437913899828670 1500 -1
15437913899829190 8000 -1
15437913899830260 7012 -1
15437913899830260 393 -1
15437913899831380 1500 -1
15437913899831380 1500 -1
15437913899831942 3352 -1
15437913904832680 136 1
15437913904856810 13 -1
15437913905758040 1500 -1
15437913905758040 1566 -1
15437913905758892 4072 -1
15437913905758892 1122 -1
15437913910760390 9 1
15437913915760490 127 1
15437913915784250 13 -1
15437913916714960 1500 -1
15437913916714960 1580 -1
15437913916714960 34 -1
15437913921716600 135 1
15437913921740690 13 -1
15437913923146182 1500 -1
15437913923147240 8000 -1
15437913923148330 7037 -1
15437913923148330 378 -1
15437913923148890 1500 -1
15437913923148890 215 -1
15437913928149760 136 1
15437913928173972 13 -1
15437913929550710 1500 -1
15437913929551170 1500 -1
15437913929551700 3997 -1
15437913929552260 4072 -1
15437913929552260 271 -1
15437913934553380 134 1
15437913934576940 13 -1
15437913935588232 1500 -1
15437913935589250 8000 -1
15437913935590370 7037 -1
15437913935590930 380 -1
15437913935590930 1500 -1
15437913935591510 1500 -1
15437913935592070 3508 -1
15437913935592070 1230 -1
15437913940593030 136 1
15437913940616810 13 -1
15437913941645390 1500 -1
15437913941645840 1565 -1
15437913941646390 4072 -1
15437913941646990 4072 -1
15437913941646990 137 -1
15437913946648600 136 1
15437913946672500 13 -1
15437913947836810 1500 -1
15437913947837890 8000 -1
15437913947839798 7014 -1
15437913947839798 377 -1
15437913947839798 1500 -1
15437913947839798 1500 -1
15437913947839798 1798 -1
15437913952841830 125 1
15437913952865410 13 -1
15437913953798020 1500 -1
15437913953799332 8000 -1
15437913953800408 7037 -1
15437913953800408 392 -1
15437913953800982 1500 -1
15437913953802670 8000 -1
15437913953803200 6893 -1
15437913953803750 1500 -1
15437913953803750 818 -1
15437913953804330 1368 -1
15437913958804950 137 1
15437913958828462 13 -1
15437913960171390 1500 -1
15437913960171872 1566 -1
15437913960172430 4072 -1
15437913960173110 4072 -1
15437913960173110 380 -1
15437913965174000 136 1
15437913965198218 13 -1
15437913966379610 1500 -1
15437913966380630 8000 -1
15437913966381740 7012 -1
15437913966382270 377 -1
15437913966382330 1500 -1
15437913966382330 1500 -1
15437913966382820 458 -1
0 0 0
15437913800697140 52 -1
15437913820755060 148 1
15437913820755060 284 1
15437913820777480 9 -1
15437913820778602 13 -1
15437913820785770 1500 -1
15437913820786828 8000 -1
15437913820799500 4763 -1
15437913821312808 17 -1
0 0 0
15437913800842770 52 -1
15437913836828900 148 1
15437913836828900 283 1
15437913836849980 9 -1
15437913836852320 13 -1
15437913838185570 1500 -1
15437913838185570 1683 -1
15437913838186080 4072 -1
15437913838187170 4072 -1
15437913838205630 4072 -1
15437913838205630 79 -1
15437913838333040 17 -1
