### "'30420 22383 15090 14981 21626 10483 22421 13580 10187 16295 18991 20537 15096 15409 10437 17491 18649 19718 24959 16368'"
0 0 0
15437922100939370 52 -1
15437922120943260 148 1
15437922120943260 265 1
15437922120964050 9 -1
15437922120966452 13 -1
15437922120973092 1500 -1
15437922120973620 6066 -1
15437922126337020 137 1
15437922126359920 13 -1
15437922127709530 1500 -1
15437922127710050 1500 -1
15437922127710580 4036 -1
15437922127711120 4072 -1
15437922127711690 4042 -1
15437922132753890 126 1
15437922132776780 13 -1
15437922134473710 1500 -1
15437922134473710 1500 -1
15437922134474822 8000 -1
15437922134475940 5537 -1
15437922134475940 1453 -1
15437922134476480 1500 -1
15437922134477028 2307 -1
15437922139556060 137 1
15437922139579360 13 -1
15437922141414918 1500 -1
15437922141415380 1500 -1
15437922141415930 8000 -1
15437922141417050 5539 -1
15437922141417050 1453 -1
15437922141417580 1500 -1
15437922141417580 3102 -1
15437922146419080 126 1
15437922146442680 13 -1
15437922148098860 1500 -1
15437922148099330 1500 -1
15437922148100200 4011 -1
15437922148100780 4072 -1
15437922148100780 2626 -1
15437922153101922 138 1
15437922153124700 13 -1
15437922155062630 1500 -1
15437922155062630 1500 -1
15437922155063160 4019 -1
15437922155063160 3322 -1
15437922160064558 135 1
15437922160088170 13 -1
15437922161810998 1500 -1
15437922161811820 1500 -1
15437922161811820 4025 -1
15437922161812292 4072 -1
15437922161813050 4072 -1
15437922161813050 1280 -1
15437922166814270 126 1
15437922166839932 13 -1
15437922168511930 1500 -1
15437922168511930 1500 -1
15437922168512980 8000 -1
15437922168514070 5512 -1
15437922168514070 1453 -1
15437922168514140 1172 -1
15437922173515230 124 1
15437922173539160 13 -1
15437922174913130 1500 -1
15437922174914032 8000 -1
15437922174915040 7035 -1
15437922174915600 392 -1
15437922174915600 1500 -1
15437922174916160 1500 -1
15437922174916160 779 -1
15437922179916880 125 1
15437922179940330 13 -1
15437922183294050 440 -1
15437922183294498 1500 -1
15437922183294498 9 -1
15437922184178500 1500 -1
15437922184178500 2328 -1
15437922184179430 4072 -1
15437922184179890 3040 -1
15437922184180450 2378 -1
15437922189181380 127 1
15437922189204410 13 -1
15437922190956320 1500 -1
15437922190956740 1500 -1
15437922190957300 4032 -1
15437922190957912 4072 -1
15437922190958390 4072 -1
15437922190958390 385 -1
15437922195959920 136 1
15437922195984180 13 -1
15437922197683740 1500 -1
15437922197683740 1500 -1
15437922197684620 3996 -1
15437922197684620 3570 -1
15437922202686210 126 1
15437922202708680 13 -1
15437922203929530 1500 -1
15437922203930370 1500 -1
15437922203930370 4037 -1
15437922203930370 2406 -1
15437922208931962 9 1
15437922213932030 128 1
15437922213955660 13 -1
15437922215836930 1500 -1
15437922215836930 1500 -1
15437922215837450 4026 -1
15437922215838540 4072 -1
15437922215838540 4072 -1
15437922215839068 1500 -1
15437922215839068 984 -1
15437922215839118 9 -1
15437922220841140 135 1
15437922220864400 13 -1
15437922221828890 1500 -1
15437922221830530 8000 -1
15437922221831660 7038 -1
15437922221831660 376 -1
15437922221831660 1500 -1
15437922221831660 407 -1
15437922226833178 136 1
15437922226856070 13 -1
15437922227173300 1500 -1
15437922227174370 8000 -1
15437922227175460 7013 -1
15437922227175460 376 -1
15437922227176040 1500 -1
15437922227176040 1476 -1
15437922232177300 136 1
15437922232199870 13 -1
15437922233590520 1500 -1
15437922233590520 1500 -1
15437922233591670 8000 -1
15437922233593280 5538 -1
15437922233593280 1500 -1
15437922233593280 282 -1
15437922233593850 1500 -1
15437922233594970 3486 -1
15437922233594970 1825 -1
15437922238596120 135 1
15437922238619950 13 -1
15437922240439920 1500 -1
15437922240439920 1500 -1
15437922240440430 4021 -1
15437922240440990 4072 -1
15437922240441570 4072 -1
15437922240441570 1356 -1
15437922245443398 137 1
15437922245467032 13 -1
15437922246377820 1500 -1
15437922246378890 8000 -1
15437922246379982 7012 -1
15437922246380488 374 -1
15437922246380488 1500 -1
15437922246381040 1500 -1
15437922246381040 3508 -1
15437922246382150 3404 -1
15437922251382780 124 1
15437922251405150 13 -1
15437922252581338 1500 -1
15437922252581890 8000 -1
15437922252583560 7037 -1
15437922252584118 392 -1
15437922252584118 1500 -1
15437922252584118 1500 -1
15437922252584118 1277 -1
0 0 0
15437922102864512 52 -1
15437922139186910 148 1
15437922139186910 268 1
15437922139207860 9 -1
15437922139210520 13 -1
15437922140719358 1500 -1
15437922140719870 1500 -1
15437922140719870 1500 -1
15437922140720400 2650 -1
15437922140720400 3602 -1
15437922141101720 17 -1
0 0 0
15437922102824100 52 -1
15437922122721890 148 1
15437922122721890 269 1
15437922122743070 9 -1
15437922122746292 13 -1
15437922124028900 1500 -1
15437922124029390 1500 -1
15437922124030450 8000 -1
15437922124049860 5655 -1
15437922124050390 1453 -1
15437922124050390 1500 -1
15437922124050910 3064 -1
15437922124746720 17 -1
0 0 0
15437922102638370 52 -1
15437922122691370 148 1
15437922122691370 279 1
15437922122712440 9 -1
15437922122715430 13 -1
15437922124132460 1500 -1
15437922124132850 1500 -1
15437922124132850 1500 -1
15437922124132850 2243 -1
15437922124496370 17 -1
0 0 0
15437922102813150 52 -1
15437922122960898 148 1
15437922122960898 298 1
15437922123043990 9 -1
15437922123047350 13 -1
15437922124504080 1500 -1
15437922124504080 1500 -1
15437922124504640 1500 -1
15437922124504640 2651 -1
15437922124505190 4072 -1
15437922124523840 4072 -1
15437922124523840 66 -1
15437922124918060 17 -1
0 0 0
15437922102934840 52 -1
15437922120984790 148 1
15437922120984790 269 1
15437922121006010 9 -1
15437922121008200 13 -1
15437922122828730 1500 -1
15437922122828730 1500 -1
15437922122829800 8000 -1
15437922122849678 5655 -1
15437922122850170 1453 -1
15437922122850720 1500 -1
15437922122851290 3829 -1
15437922122855220 4072 -1
15437922122855220 3200 -1
15437922123744130 17 -1
