### "'12273 23600 12583 26430 21107 13093 15210 18839 13226 11714 15288 14196 10669 19697 19700 17063 17233 15576 22720 17842'"
0 0 0
15437922670732450 52 -1
15437922690657440 148 1
15437922690678840 9 -1
15437922690697830 279 1
15437922690720780 13 -1
15437922691679810 1500 -1
15437922691680850 8000 -1
15437922691700930 7153 -1
15437922691700930 380 -1
15437922691700930 1500 -1
15437922691704860 1500 -1
15437922691705430 3508 -1
15437922691705430 346 -1
15437922692248910 17 -1
0 0 0
15437922670875160 52 -1
15437922707038010 148 1
15437922707038010 279 1
15437922707059900 9 -1
15437922707062262 13 -1
15437922708428618 1500 -1
15437922708428618 1683 -1
15437922708429142 4072 -1
15437922708430260 4072 -1
15437922708430260 2036 -1
15437922708695058 17 -1
0 0 0
15437922668741340 52 -1
15437922689007880 148 1
15437922689007880 266 1
15437922689029360 9 -1
15437922689031752 13 -1
15437922689037262 1500 -1
15437922689037262 3782 -1
15437922694129990 137 1
15437922694153580 13 -1
15437922694465990 1500 -1
15437922694466490 1602 -1
15437922694466490 1060 -1
15437922699506240 125 1
15437922699530080 13 -1
15437922699543418 1500 -1
15437922699549180 8000 -1
15437922699552150 6941 -1
15437922699552700 1500 -1
15437922699565250 8000 -1
15437922699565250 555 -1
15437922704673942 137 1
15437922704697430 13 -1
15437922705747960 521 -1
15437922705749012 1500 -1
15437922705749530 8000 -1
15437922705750610 6893 -1
15437922705752310 1500 -1
15437922705752310 1500 -1
15437922705752310 1365 -1
15437922710781730 136 1
15437922710805090 13 -1
15437922711634310 1500 -1
15437922711634310 1567 -1
15437922711635100 4072 -1
15437922711635662 4072 -1
15437922711635662 4072 -1
15437922711635662 80 -1
15437922716637412 126 1
15437922716661360 13 -1
15437922717837260 1500 -1
15437922717838120 8000 -1
15437922717839150 7013 -1
15437922717839150 392 -1
15437922717839690 1500 -1
15437922717839690 581 -1
15437922722840510 126 1
15437922722872890 13 -1
15437922723852790 1500 -1
15437922723852790 1580 -1
15437922723853710 4072 -1
15437922723853710 1061 -1
15437922728854900 124 1
15437922728878550 13 -1
15437922730052040 1500 -1
15437922730052040 1582 -1
15437922730052840 4072 -1
15437922730053370 4072 -1
15437922730053370 2153 -1
15437922735054942 137 1
15437922735078680 13 -1
15437922736117660 1500 -1
15437922736117660 1544 -1
15437922736118560 4072 -1
15437922736118560 4072 -1
15437922736118560 656 -1
15437922741120278 125 1
15437922741143710 13 -1
15437922742520590 1500 -1
15437922742520590 1580 -1
15437922742521120 4072 -1
15437922742521638 4072 -1
15437922742522760 4072 -1
15437922742522760 144 -1
15437922747523470 137 1
15437922747546700 13 -1
15437922748711240 1500 -1
15437922748711240 1538 -1
15437922748711740 4072 -1
15437922748712320 4072 -1
15437922748712880 3142 -1
15437922753714600 125 1
15437922753738180 13 -1
15437922754702210 1500 -1
15437922754702210 1581 -1
15437922754702762 4072 -1
15437922754703330 3669 -1
15437922759704390 136 1
15437922759728000 13 -1
15437922761084508 1500 -1
15437922761084508 1500 -1
15437922761085050 4022 -1
15437922761085050 877 -1
15437922766086630 9 1
15437922771086630 140 1
15437922771110380 13 -1
15437922772011080 1500 -1
15437922772012128 8000 -1
15437922772013162 7042 -1
15437922772013162 354 -1
15437922772013720 1500 -1
15437922772013720 1477 -1
15437922777014530 125 1
15437922777038160 13 -1
15437922778364330 1500 -1
15437922778364830 1500 -1
15437922778365400 8000 -1
15437922778366510 5513 -1
15437922778366510 1453 -1
15437922778367060 1500 -1
15437922778367060 381 -1
15437922783368052 135 1
15437922783391590 13 -1
15437922785194090 1500 -1
15437922785194610 1500 -1
15437922785195170 4021 -1
15437922785195710 4072 -1
15437922785196270 4072 -1
15437922785196810 1500 -1
15437922785196810 560 -1
15437922785196810 9 -1
15437922790197780 136 1
15437922790221478 13 -1
15437922791546700 1500 -1
15437922791547790 8000 -1
15437922791548880 7039 -1
15437922791548880 356 -1
15437922791548930 511 -1
15437922796551412 126 1
15437922796574630 13 -1
15437922797765550 1500 -1
15437922797765970 1556 -1
15437922797766590 4072 -1
15437922797767150 4072 -1
15437922797767710 4072 -1
15437922797767710 432 -1
15437922802768770 126 1
15437922802791842 13 -1
15437922802812390 1500 -1
15437922802812960 8000 -1
15437922802814580 6964 -1
15437922802814580 1500 -1
15437922802815130 4845 -1
15437922807816082 125 1
15437922807839350 13 -1
15437922809160220 1500 -1
15437922809160740 1500 -1
15437922809161840 8000 -1
15437922809162390 5515 -1
15437922809162390 1453 -1
15437922809162390 23 -1
15437922814163600 136 1
15437922814186640 13 -1
15437922814374330 1500 -1
15437922814374330 1567 -1
15437922814374830 4072 -1
15437922814374830 3207 -1
0 0 0
15437922670876290 52 -1
15437922691027140 148 1
15437922691027140 274 1
15437922691048730 9 -1
15437922691052630 13 -1
15437922692179912 1500 -1
15437922692180430 1691 -1
15437922692181010 4072 -1
15437922692181530 4072 -1
15437922692181530 1519 -1
15437922692424890 17 -1
0 0 0
15437922670902210 52 -1
15437922688828840 148 1
15437922688828840 279 1
15437922688850770 9 -1
15437922688853280 13 -1
15437922689817660 1500 -1
15437922689818110 1684 -1
15437922689818720 4072 -1
15437922689819210 4072 -1
15437922689819210 1214 -1
15437922690067950 17 -1
0 0 0
15437922670785730 52 -1
15437922690739210 148 1
15437922690739210 279 1
15437922690760250 9 -1
15437922690762228 13 -1
15437922692128652 1500 -1
15437922692129108 1682 -1
15437922692129682 4072 -1
15437922692130220 1306 -1
15437922692458470 17 -1
