### "'19825 16750 23106 30629 19868 19214 27401 26152 19147 30150 16136 14153 18210 19046 27273 32934 18852 12439 25077 25510'"
0 0 0
15437938423382800 52 -1
15437938443531470 148 1
15437938443531470 298 1
15437938443552620 9 -1
15437938443555580 13 -1
15437938443562490 1500 -1
15437938443562990 7892 -1
15437938448739260 137 1
15437938448762270 13 -1
15437938449694222 1500 -1
15437938449695290 8000 -1
15437938449696332 7055 -1
15437938449696332 378 -1
15437938449697480 1500 -1
15437938449697480 1500 -1
15437938449697480 124 -1
15437938454746270 125 1
15437938454770370 13 -1
15437938455765500 1500 -1
15437938455767680 8000 -1
15437938455768220 7036 -1
15437938455768220 393 -1
15437938455768760 1500 -1
15437938455768760 955 -1
15437938460868030 125 1
15437938460891550 13 -1
15437938461795830 1500 -1
15437938461796780 8000 -1
15437938461798460 7037 -1
15437938461798460 391 -1
15437938461798460 1500 -1
15437938461799008 1500 -1
15437938461800160 3508 -1
15437938461800640 4072 -1
15437938461800640 64 -1
15437938466884748 136 1
15437938466908268 13 -1
15437938467736220 1500 -1
15437938467737300 8000 -1
15437938467738370 7012 -1
15437938467738370 381 -1
15437938467738370 1500 -1
15437938467738370 900 -1
15437938472739630 137 1
15437938472762940 13 -1
15437938474274500 1500 -1
15437938474274500 1500 -1
15437938474275430 8000 -1
15437938474276630 5541 -1
15437938474276630 1453 -1
15437938474276700 1500 -1
15437938474277238 3812 -1
15437938474277740 4072 -1
15437938474278300 2947 -1
15437938479279720 125 1
15437938479303638 13 -1
15437938481024498 1500 -1
15437938481024498 1500 -1
15437938481025022 4036 -1
15437938481026070 4072 -1
15437938481026070 4072 -1
15437938481026608 1110 -1
15437938486027998 125 1
15437938486050940 13 -1
15437938487009080 512 -1
15437938487010770 1500 -1
15437938487010770 3850 -1
15437938487011300 4072 -1
15437938487011850 3040 -1
15437938487012400 1316 -1
15437938492013472 164 1
15437938492038010 13 -1
15437938493070550 1500 -1
15437938493071580 8000 -1
15437938493072670 7037 -1
15437938493072670 377 -1
15437938493072670 1467 -1
15437938498074100 125 1
15437938498100830 13 -1
15437938499469660 1500 -1
15437938499470540 8000 -1
15437938499471570 7015 -1
15437938499471570 391 -1
15437938499472130 1500 -1
15437938499472130 789 -1
15437938504473050 125 1
15437938504496788 13 -1
15437938506329420 1500 -1
15437938506329420 1500 -1
15437938506331150 8000 -1
15437938506331150 5536 -1
15437938506331648 1500 -1
15437938506331648 297 -1
15437938506331648 1500 -1
15437938506332740 3486 -1
15437938506333310 4072 -1
15437938506333310 52 -1
15437938511334440 127 1
15437938511357580 13 -1
15437938512682058 1500 -1
15437938512682058 1500 -1
15437938512682930 8000 -1
15437938512683498 5536 -1
15437938512684050 1453 -1
15437938512684050 1500 -1
15437938512684600 3827 -1
15437938512685170 4072 -1
15437938512685720 4072 -1
15437938512686290 1644 -1
15437938517687312 135 1
15437938517710690 13 -1
15437938520521140 1500 -1
15437938520521140 1500 -1
15437938520522202 8000 -1
15437938520522740 5536 -1
15437938520523300 1500 -1
15437938520523300 282 -1
15437938520523300 704 -1
15437938525524818 9 1
15437938530524800 128 1
15437938530547770 13 -1
15437938531556230 1500 -1
15437938531556680 1583 -1
15437938531557282 4072 -1
15437938531557810 4072 -1
15437938531557810 1366 -1
15437938536560522 138 1
15437938536583380 13 -1
15437938536898890 1500 -1
15437938536899380 1540 -1
15437938536899950 4072 -1
15437938536899950 557 -1
15437938541901980 136 1
15437938541926590 13 -1
15437938542792562 1500 -1
15437938542792562 1500 -1
15437938542793642 8000 -1
15437938542794148 5538 -1
15437938542794148 1453 -1
15437938542794660 1500 -1
15437938542795220 3805 -1
15437938542795220 1953 -1
15437938547796890 126 1
15437938547819880 13 -1
15437938549892330 1500 -1
15437938549892330 405 -1
15437938549892868 1500 -1
15437938549893960 8000 -1
15437938549894530 6562 -1
15437938549895060 1500 -1
15437938549895580 3029 -1
15437938549896130 3162 -1
15437938554896770 125 1
15437938554920570 13 -1
15437938556327060 1500 -1
15437938556327590 1581 -1
15437938556328130 4072 -1
15437938556328130 3047 -1
15437938561329500 126 1
15437938561352090 13 -1
15437938562254332 1500 -1
15437938562254850 1583 -1
15437938562255400 4072 -1
15437938562255980 4072 -1
15437938562256520 4023 -1
15437938567257390 125 1
15437938567280890 13 -1
15437938570461660 1500 -1
15437938570461660 441 -1
15437938571374190 1500 -1
15437938571374720 3604 -1
15437938571375250 4072 -1
15437938571375800 3162 -1
15437938571375800 2646 -1
0 0 0
15437938425313020 52 -1
15437938443368740 148 1
15437938443368740 272 1
15437938443389690 9 -1
15437938443391690 13 -1
15437938443576930 1500 -1
15437938443577400 8000 -1
15437938443597230 7156 -1
15437938443597300 392 -1
15437938443597300 1500 -1
15437938443597300 1500 -1
15437938443597300 67 -1
15437938443889020 17 -1
0 0 0
15437938425281898 52 -1
15437938461544110 148 1
15437938461544110 282 1
15437938461565730 9 -1
15437938461567700 13 -1
15437938462908658 1500 -1
15437938462909810 8000 -1
15437938462929990 7156 -1
15437938462930450 378 -1
15437938462930450 1500 -1
15437938462931002 1500 -1
15437938462931002 3508 -1
15437938462931572 2900 -1
15437938463245360 17 -1
0 0 0
15437938425215960 52 -1
15437938445285390 148 1
15437938445285390 271 1
15437938445306430 9 -1
15437938445308640 13 -1
15437938446239222 1500 -1
15437938446240260 8000 -1
15437938446259720 7154 -1
15437938446260272 395 -1
15437938446260272 1500 -1
15437938446261390 1500 -1
15437938446261970 3345 -1
15437938446496160 17 -1
0 0 0
15437938425081060 52 -1
15437938445065190 148 1
15437938445065190 282 1
15437938445086780 9 -1
15437938445089000 13 -1
15437938446054800 1500 -1
15437938446055850 8000 -1
15437938446075690 7155 -1
15437938446075690 377 -1
15437938446075690 1500 -1
15437938446076240 1500 -1
15437938446076820 3508 -1
15437938446080680 4072 -1
15437938446081230 3306 -1
15437938446573730 17 -1
0 0 0
15437938425192930 52 -1
15437938445077830 148 1
15437938445077830 281 1
15437938445098540 9 -1
15437938445101850 13 -1
15437938446073520 1500 -1
15437938446073520 1685 -1
15437938446074040 4072 -1
15437938446074590 4072 -1
15437938446093400 4072 -1
15437938446093400 1500 -1
15437938446093400 129 -1
15437938446093400 9 -1
15437938446462670 17 -1
