### "'33021 15476 29479 28345 23138 19841 30380 34602 21021 35036 38874 30204 39288 32027 24204 15706 29346 28086 36821 24450'"
0 0 0
15437942946419890 52 -1
15437942966445990 148 1
15437942966445990 271 1
15437942966473588 9 -1
15437942966475850 13 -1
15437942967752668 1500 -1
15437942967753110 1500 -1
15437942967753110 1500 -1
15437942967753670 2652 -1
15437942967753670 425 -1
15437942968115900 17 -1
0 0 0
15437942946215292 52 -1
15437942966307600 148 1
15437942966307600 270 1
15437942966329228 9 -1
15437942966331570 13 -1
15437942967676750 1500 -1
15437942967677792 8000 -1
15437942967698400 7154 -1
15437942967698400 393 -1
15437942967698400 1500 -1
15437942967698920 1500 -1
15437942967698920 3508 -1
15437942967700010 4072 -1
15437942967702400 2140 -1
15437942968237680 17 -1
0 0 0
15437942946492460 52 -1
15437942964728950 148 1
15437942964728950 271 1
15437942964750540 9 -1
15437942964752988 13 -1
15437942966703400 1500 -1
15437942966703860 1500 -1
15437942966704410 8000 -1
15437942966724620 5655 -1
15437942966725112 1453 -1
15437942966725668 1500 -1
15437942966725668 3820 -1
15437942966726210 4072 -1
15437942966729510 4072 -1
15437942966730620 1738 -1
15437942968059830 17 -1
0 0 0
15437942946476340 52 -1
15437942982943800 148 1
15437942982943800 282 1
15437942982964980 9 -1
15437942982967620 13 -1
15437942984775640 1500 -1
15437942984775640 1500 -1
15437942984776710 8000 -1
15437942984796290 5655 -1
15437942984796842 1453 -1
15437942984797390 1500 -1
15437942984797390 522 -1
15437942985120680 17 -1
0 0 0
15437942944747670 52 -1
15437942964719780 148 1
15437942964719780 268 1
15437942964741450 9 -1
15437942964743900 13 -1
15437942966114470 1500 -1
15437942966114932 1699 -1
15437942966115490 4072 -1
15437942966115490 887 -1
15437942971335880 126 1
15437942971359300 13 -1
15437942973144100 1500 -1
15437942973144100 1500 -1
15437942973148090 8000 -1
15437942973151810 5538 -1
15437942973164530 1453 -1
15437942973165628 1500 -1
15437942973165628 3817 -1
15437942973166740 4072 -1
15437942973168600 1137 -1
15437942978306070 126 1
15437942978329452 13 -1
15437942980105030 1500 -1
15437942980105528 1500 -1
15437942980106640 8000 -1
15437942980108262 5538 -1
15437942980108262 1453 -1
15437942980108800 1500 -1
15437942980109360 3819 -1
15437942985133410 126 1
15437942985157300 13 -1
15437942986826420 1500 -1
15437942986826420 1500 -1
15437942986827270 8000 -1
15437942986828300 5514 -1
15437942986828300 1457 -1
15437942986828840 1500 -1
15437942986829370 3817 -1
15437942986829938 4072 -1
15437942986830450 3168 -1
15437942991831250 136 1
15437942991855670 13 -1
15437942993225870 1500 -1
15437942993226768 8000 -1
15437942993228210 7037 -1
15437942993228210 375 -1
15437942993228210 1500 -1
15437942993229870 8000 -1
15437942993230410 6893 -1
15437942993230970 1477 -1
15437942993231010 9 -1
15437942998231710 125 1
15437942998255470 13 -1
15437942999695150 1500 -1
15437942999695150 1500 -1
15437942999695990 8000 -1
15437942999697198 5515 -1
15437942999697198 1457 -1
15437942999697760 1500 -1
15437942999697760 1698 -1
15437943004698940 126 1
15437943004722400 13 -1
15437943006078740 1500 -1
15437943006079220 1500 -1
15437943006080338 8000 -1
15437943006080900 5537 -1
15437943006081440 1453 -1
15437943006082020 1500 -1
15437943006083140 8000 -1
15437943006084210 6893 -1
15437943006084210 833 -1
15437943006084260 9 -1
15437943011085290 138 1
15437943011109490 13 -1
15437943013515540 1500 -1
15437943013515540 1500 -1
15437943013516650 8000 -1
15437943013517190 5536 -1
15437943013517740 1453 -1
15437943013517740 1500 -1
15437943013518900 8000 -1
15437943013519990 6893 -1
15437943013519990 1110 -1
15437943013520500 1500 -1
15437943013521050 2070 -1
15437943018522050 125 1
15437943018546030 13 -1
15437943020078980 1500 -1
15437943020079450 1500 -1
15437943020080510 8000 -1
15437943020081028 5538 -1
15437943020081570 1453 -1
15437943020081648 1500 -1
15437943020082108 3819 -1
15437943020083270 4072 -1
15437943020083270 2994 -1
15437943025084450 137 1
15437943025107970 13 -1
15437943027148960 1500 -1
15437943027148960 387 -1
15437943027151160 1500 -1
15437943027152250 8000 -1
15437943027152810 6893 -1
15437943027153310 1500 -1
15437943027154500 8000 -1
15437943027155580 6893 -1
15437943027156140 1500 -1
15437943027156720 3271 -1
15437943032157400 125 1
15437943032181260 13 -1
15437943034512740 1500 -1
15437943034513258 1500 -1
15437943034514320 8000 -1
15437943034514870 5536 -1
15437943034514870 1453 -1
15437943034515430 1500 -1
15437943034515950 3819 -1
15437943034516500 4072 -1
15437943034517030 4072 -1
15437943034517030 745 -1
15437943039518420 136 1
15437943039542790 13 -1
15437943041705160 1500 -1
15437943041705630 1500 -1
15437943041706728 8000 -1
15437943041707280 5536 -1
15437943041707808 1453 -1
15437943041708350 1500 -1
15437943041708870 3803 -1
15437943041709430 1082 -1
15437943046710200 126 1
15437943046733590 13 -1
15437943048437322 1500 -1
15437943048437322 407 -1
15437943048438440 1500 -1
15437943048438980 3604 -1
15437943048439510 4072 -1
15437943048440070 4072 -1
15437943048440070 690 -1
15437943053440890 9 1
15437943058440918 140 1
15437943058464620 13 -1
15437943060375860 1500 -1
15437943060376280 1500 -1
15437943060377360 8000 -1
15437943060378470 5537 -1
15437943060378470 1453 -1
15437943060379022 1500 -1
15437943060379110 3812 -1
15437943060380130 4072 -1
15437943060380130 2143 -1
15437943065381470 125 1
15437943065404450 13 -1
15437943069793980 1500 -1
15437943069793980 410 -1
15437943070969790 1500 -1
15437943070970860 8000 -1
15437943070971900 6558 -1
15437943070971900 1500 -1
15437943070971900 1513 -1
15437943070972460 1500 -1
15437943070973000 2581 -1
15437943070973540 3182 -1
15437943075974750 125 1
15437943075998640 13 -1
15437943077615350 1500 -1
15437943077615830 1500 -1
15437943077616910 8000 -1
15437943077617468 5538 -1
15437943077617990 1500 -1
15437943077617990 286 -1
15437943077617990 1500 -1
15437943077619700 8000 -1
15437943077620170 6893 -1
15437943077620170 796 -1
15437943077620730 1498 -1
15437943082621560 125 1
15437943082645250 13 -1
15437943084670560 430 -1
15437943084671650 1500 -1
15437943084671650 1500 -1
15437943084672730 8000 -1
15437943084673810 5393 -1
15437943084673810 1176 -1
15437943084673810 1500 -1
15437943084674348 2543 -1
15437943084674922 2588 -1
15437943089676120 126 1
15437943089700150 13 -1
15437943091290340 1500 -1
15437943091290810 1500 -1
15437943091291940 8000 -1
15437943091292980 5538 -1
15437943091292980 1453 -1
15437943091293040 1500 -1
15437943091293530 3819 -1
15437943091294078 2713 -1
15437943096295530 124 1
15437943096319260 13 -1
15437943098287670 1500 -1
15437943098287670 1500 -1
15437943098288770 8000 -1
15437943098289310 5513 -1
15437943098289868 1453 -1
15437943099609010 1500 -1
15437943099609010 3821 -1
15437943099609520 3528 -1
15437943099609520 242 -1
15437943104611052 136 1
15437943104635360 13 -1
15437943106041120 1500 -1
15437943106041660 8000 -1
15437943106043320 7037 -1
15437943106043320 376 -1
15437943106043380 1500 -1
15437943106044468 8000 -1
15437943106045498 6893 -1
15437943106046072 1500 -1
15437943106046072 709 -1
15437943106046130 9 -1
0 0 0
15437942946354890 52 -1
15437942966312740 148 1
15437942966334218 9 -1
15437942966336200 270 1
15437942966358910 13 -1
15437942967910230 1500 -1
15437942967910230 1500 -1
15437942967910230 1500 -1
15437942967910760 2641 -1
15437942967911890 4072 -1
15437942967930760 4072 -1
15437942967930760 460 -1
15437942968107460 17 -1
