### "'12678 12290 19237 11254 12190 14979 26395 21449 25842 9949 20686 10016 21088 19434 17397 16283 27769 13101 23749 22311'"
0 0 0
15437946175094200 52 -1
15437946195014210 148 1
15437946195014210 280 1
15437946195035220 9 -1
15437946195038610 13 -1
15437946195970330 1500 -1
15437946195970810 1681 -1
15437946195970810 2107 -1
15437946196182030 17 -1
0 0 0
15437946175183740 52 -1
15437946211306570 148 1
15437946211306570 268 1
15437946211328550 9 -1
15437946211330650 13 -1
15437946212260310 1500 -1
15437946212260800 1704 -1
15437946212261692 4072 -1
15437946212262930 4072 -1
15437946212262930 178 -1
15437946212303450 17 -1
0 0 0
15437946175338370 52 -1
15437946193051520 148 1
15437946193051520 268 1
15437946193072800 9 -1
15437946193075882 13 -1
15437946194444500 1500 -1
15437946194444500 1701 -1
15437946194445068 4072 -1
15437946194445610 4072 -1
15437946194445610 1604 -1
15437946194609670 17 -1
0 0 0
15437946173027870 52 -1
15437946193184920 148 1
15437946193184920 266 1
15437946193206310 9 -1
15437946193209140 13 -1
15437946193216320 1500 -1
15437946193216870 4643 -1
15437946198464730 122 1
15437946198489050 13 -1
15437946199520840 1500 -1
15437946199521338 1600 -1
15437946199521338 625 -1
15437946204608170 123 1
15437946204632310 13 -1
15437946205966138 1500 -1
15437946205966660 1399 -1
15437946210977650 151 1
15437946211001800 13 -1
15437946212008628 1500 -1
15437946212009110 1585 -1
15437946212009110 2283 -1
15437946217010720 137 1
15437946217035630 13 -1
15437946218982698 1500 -1
15437946218982698 1500 -1
15437946218982698 1882 -1
15437946223984670 122 1
15437946224008580 13 -1
15437946225351870 1500 -1
15437946225352380 1500 -1
15437946225352380 554 -1
15437946230353702 126 1
15437946230377760 13 -1
15437946231281720 1500 -1
15437946231281720 1578 -1
15437946231282238 4072 -1
15437946231282790 4072 -1
15437946231282790 1120 -1
15437946236284030 136 1
15437946236307960 13 -1
15437946237696540 1500 -1
15437946237697020 1541 -1
15437946237697540 4072 -1
15437946237698130 4072 -1
15437946237698670 3924 -1
15437946242699640 136 1
15437946242723930 13 -1
15437946243660490 1500 -1
15437946243661900 8000 -1
15437946243663950 7037 -1
15437946243664620 380 -1
15437946243664620 1500 -1
15437946243664620 1500 -1
15437946243666510 3508 -1
15437946243667120 3141 -1
15437946248667910 136 1
15437946248691480 13 -1
15437946248879098 1500 -1
15437946248880240 8000 -1
15437946248881300 7014 -1
15437946248881300 380 -1
15437946248881820 1500 -1
15437946248881820 1500 -1
15437946248881820 1703 -1
15437946253883172 126 1
15437946253907240 13 -1
15437946254809150 1500 -1
15437946254809648 1579 -1
15437946254810218 4072 -1
15437946254810218 2239 -1
15437946259812282 137 1
15437946259835848 13 -1
15437946261339690 1500 -1
15437946261339690 1500 -1
15437946261340790 8000 -1
15437946261341310 5538 -1
15437946261341310 1453 -1
15437946261341880 1500 -1
15437946261342430 3811 -1
15437946261342430 2712 -1
15437946266343588 136 1
15437946266368820 13 -1
15437946267702600 1500 -1
15437946267703070 1542 -1
15437946267703650 4072 -1
15437946267704200 2963 -1
15437946272705070 137 1
15437946272731220 13 -1
15437946274182630 1500 -1
15437946274183190 1500 -1
15437946274184270 8000 -1
15437946274184830 5538 -1
15437946274185370 1500 -1
15437946274185370 280 -1
15437946274185370 1500 -1
15437946274185370 1040 -1
15437946279186670 126 1
15437946279210890 13 -1
15437946280121282 1500 -1
15437946280121770 1580 -1
15437946280122320 4072 -1
15437946280122880 3016 -1
15437946285123950 124 1
15437946285146630 13 -1
15437946286148332 1500 -1
15437946286149550 8000 -1
15437946286150620 7013 -1
15437946286150620 393 -1
15437946286151190 1500 -1
15437946286151190 1500 -1
15437946286151190 1329 -1
15437946291153050 9 1
15437946296153110 129 1
15437946296177140 13 -1
15437946297112770 1500 -1
15437946297113890 8000 -1
15437946297114980 7037 -1
15437946297114980 391 -1
15437946297115020 1500 -1
15437946297115020 1177 -1
15437946302116620 152 1
15437946302140030 13 -1
15437946303139680 1500 -1
15437946303140700 8000 -1
15437946303141810 7037 -1
15437946303141810 394 -1
15437946303141810 637 -1
15437946308143050 126 1
15437946308167050 13 -1
15437946309615610 510 -1
15437946309617478 1500 -1
15437946309617478 1500 -1
15437946309617970 3626 -1
15437946309617970 2857 -1
15437946314619660 126 1
15437946314642760 13 -1
15437946317705850 537 -1
15437946318717030 1500 -1
15437946318717030 1500 -1
15437946318717908 3626 -1
15437946318717908 4072 -1
15437946318719330 4072 -1
15437946318719330 1137 -1
15437946323720500 125 1
15437946323744140 13 -1
15437946324902250 1500 -1
15437946324903210 8000 -1
15437946324904330 7038 -1
15437946324904330 392 -1
15437946324904950 1500 -1
15437946324904950 1500 -1
15437946324905450 3508 -1
15437946324906010 4072 -1
15437946324906010 431 -1
15437946329907780 136 1
15437946329931840 13 -1
15437946330938940 1500 -1
15437946330938940 1565 -1
15437946330939450 4072 -1
15437946330939990 4072 -1
15437946330940550 2044 -1
15437946335941752 126 1
15437946335965878 13 -1
15437946336874540 1500 -1
15437946336875030 8000 -1
15437946336876120 7013 -1
15437946336876120 392 -1
15437946336876640 1500 -1
15437946336877220 1500 -1
15437946336877220 3508 -1
15437946336877220 483 -1
15437946341879130 136 1
15437946341902540 13 -1
15437946343241020 1500 -1
15437946343241540 8000 -1
15437946343243170 7036 -1
15437946343243170 375 -1
15437946343243700 1500 -1
15437946343243700 1500 -1
15437946343243700 2570 -1
15437946348245530 136 1
15437946348269040 13 -1
15437946349650120 1500 -1
15437946349651230 8000 -1
15437946349652230 7012 -1
15437946349652230 376 -1
15437946349652230 1117 -1
0 0 0
15437946175095912 52 -1
15437946195158200 148 1
15437946195158200 269 1
15437946195179470 9 -1
15437946195182130 13 -1
15437946196116760 1500 -1
15437946196117280 1697 -1
15437946196117790 4072 -1
15437946196118350 4072 -1
15437946196118350 1218 -1
15437946196180320 17 -1
0 0 0
15437946175069820 52 -1
15437946195136052 148 1
15437946195136052 269 1
15437946195157918 9 -1
15437946195159640 13 -1
15437946198623560 653 -1
15437946199769120 1500 -1
15437946199770700 8000 -1
15437946199790650 6893 -1
15437946199790650 1500 -1
15437946199790650 936 -1
15437946199790650 53 -1
15437946199999640 17 -1
