### "'29137 15832 11679 19279 10592 19475 20854 22252 11991 12486 12635 19246 19415 19059 14203 18498 18562 18815 27496 13632'"
0 0 0
15437955278380460 52 -1
15437955298342472 148 1
15437955298363560 9 -1
15437955298363650 256 1
15437955298386690 13 -1
15437955298392180 1500 -1
15437955298392180 4198 -1
15437955303588690 126 1
15437955303612240 13 -1
15437955303619040 1500 -1
15437955303619580 8000 -1
15437955303620120 1172 -1
15437955308690830 125 1
15437955308714290 13 -1
15437955308730300 1500 -1
15437955308730800 8000 -1
15437955308731890 6941 -1
15437955308732450 1500 -1
15437955308732450 1600 -1
15437955313800002 126 1
15437955313823350 13 -1
15437955313834720 1500 -1
15437955313837640 8000 -1
15437955313838820 6964 -1
15437955313838820 1500 -1
15437955313839322 2979 -1
15437955318920870 126 1
15437955318944440 13 -1
15437955318950840 1500 -1
15437955318952060 8000 -1
15437955318952110 2549 -1
15437955323953112 126 1
15437955323976930 13 -1
15437955323985650 1500 -1
15437955323986170 8000 -1
15437955323986710 3066 -1
15437955328987360 126 1
15437955329011250 13 -1
15437955329023440 1500 -1
15437955329024480 8000 -1
15437955329025062 3192 -1
15437955334025700 126 1
15437955334048840 13 -1
15437955334056980 1500 -1
15437955334058040 8000 -1
15437955334059240 6964 -1
15437955334059240 1500 -1
15437955334059690 1371 -1
15437955339061000 126 1
15437955339109940 13 -1
15437955339112630 1500 -1
15437955339118080 8000 -1
15437955339119250 6941 -1
15437955339119250 1500 -1
15437955339119670 1540 -1
15437955344121252 125 1
15437955344145360 13 -1
15437955344160700 1500 -1
15437955344162480 8000 -1
15437955344163620 6964 -1
15437955344164140 1500 -1
15437955344164140 1184 -1
15437955349165110 125 1
15437955349188850 13 -1
15437955349197360 1500 -1
15437955349198010 8000 -1
15437955349199100 4760 -1
15437955354199720 137 1
15437955354223500 13 -1
15437955354240602 1500 -1
15437955354241660 8000 -1
15437955354242750 6964 -1
15437955354242750 1500 -1
15437955354242750 623 -1
15437955359243970 125 1
15437955359269700 13 -1
15437955359280770 1500 -1
15437955359281868 8000 -1
15437955359282990 6941 -1
15437955359282990 1500 -1
15437955359282990 687 -1
15437955364286570 9 1
15437955369286590 140 1
15437955369310920 13 -1
15437955369318780 1500 -1
15437955369319330 8000 -1
15437955369320960 6964 -1
15437955369320960 1500 -1
15437955369320960 940 -1
15437955374322320 125 1
15437955374345910 13 -1
15437955374362650 1500 -1
15437955374363200 8000 -1
15437955374364910 6964 -1
15437955374364910 1500 -1
15437955374365972 8000 -1
15437955374367198 1621 -1
15437955379367800 125 1
15437955379391500 13 -1
15437955379399620 1500 -1
15437955379400160 8000 -1
15437955379401280 4189 -1
15437955384401950 125 1
15437955384425350 13 -1
15437955384432500 1500 -1
15437955384433032 8000 -1
15437955384433580 2059 -1
15437955389434422 125 1
15437955389458130 13 -1
15437955389469290 1500 -1
15437955389469860 8000 -1
15437955389470962 6941 -1
15437955389471510 1407 -1
15437955394472180 126 1
15437955394496270 13 -1
15437955394513390 1500 -1
15437955394513900 8000 -1
15437955394515030 5665 -1
15437955399515750 126 1
15437955399539290 13 -1
15437955399546370 1500 -1
15437955399546960 7265 -1
0 0 0
15437955280042170 52 -1
15437955300167640 148 1
15437955300167640 272 1
15437955300188820 9 -1
15437955300191180 13 -1
15437955300204092 1500 -1
15437955300209730 8000 -1
15437955300214350 7044 -1
15437955300224062 1500 -1
15437955300224062 1404 -1
15437955300645600 17 -1
0 0 0
15437955280139350 52 -1
15437955316553320 148 1
15437955316553320 271 1
15437955316574660 9 -1
15437955316577680 13 -1
15437955316587670 1500 -1
15437955316596060 8000 -1
15437955316598850 7044 -1
15437955316607562 1500 -1
15437955316608130 4377 -1
15437955316645680 17 -1
0 0 0
15437955280225920 52 -1
15437955298445360 148 1
15437955298445360 272 1
15437955298466020 9 -1
15437955298468410 13 -1
15437955298500550 1500 -1
15437955298501080 8000 -1
15437955298521060 7045 -1
15437955298521610 1500 -1
15437955298525360 8000 -1
15437955298525920 3262 -1
15437955299144868 17 -1
0 0 0
15437955279949440 52 -1
15437955299903910 148 1
15437955299925972 9 -1
15437955299926692 274 1
15437955299949410 13 -1
15437955299958178 1500 -1
15437955299959240 8000 -1
15437955299959270 2339 -1
15437955300314810 17 -1
0 0 0
15437955280092512 52 -1
15437955300217500 148 1
15437955300217500 272 1
15437955300239220 9 -1
15437955300243508 13 -1
15437955300252490 1500 -1
15437955300253590 8000 -1
15437955300272592 6492 -1
15437955300310420 17 -1
