### "'15507 19062 16896 27070 21442 14519 27173 15371 24971 27717 25870 23672 22058 18378 19798 15787 16383 14722 29446 21767'"
0 0 0
15437965325260640 52 -1
15437965345327700 148 1
15437965345327700 270 1
15437965345349072 9 -1
15437965345352932 13 -1
15437965345363892 1500 -1
15437965345369920 8000 -1
15437965345374580 7044 -1
15437965345384440 1500 -1
15437965345385010 1187 -1
15437965345740690 17 -1
0 0 0
15437965325413352 52 -1
15437965343278790 148 1
15437965343278790 270 1
15437965343299552 9 -1
15437965343301858 13 -1
15437965343309190 1500 -1
15437965343310720 8000 -1
15437965343329598 6167 -1
15437965343512610 17 -1
0 0 0
15437965325156720 52 -1
15437965345176230 148 1
15437965345176230 279 1
15437965345199020 9 -1
15437965345202940 13 -1
15437965346207940 1500 -1
15437965346209510 8000 -1
15437965346229190 7156 -1
15437965346229680 381 -1
15437965346229680 149 -1
15437965346508492 17 -1
0 0 0
15437965323301000 52 -1
15437965343264990 148 1
15437965343264990 266 1
15437965343285900 9 -1
15437965343287990 13 -1
15437965343292698 1500 -1
15437965343292698 3071 -1
15437965348455770 134 1
15437965348479108 13 -1
15437965348487120 1500 -1
15437965348487120 1807 -1
15437965353496150 137 1
15437965353519918 13 -1
15437965353527220 1500 -1
15437965353527790 5309 -1
15437965358563690 138 1
15437965358587912 13 -1
15437965358596600 1500 -1
15437965358600590 8000 -1
15437965358608620 6946 -1
15437965358609180 1500 -1
15437965358616700 3567 -1
15437965363696560 126 1
15437965363719740 13 -1
15437965363737390 1500 -1
15437965363737900 8000 -1
15437965363740080 6965 -1
15437965363740080 1500 -1
15437965363741168 8000 -1
15437965363742800 1298 -1
15437965368743550 126 1
15437965368766770 13 -1
15437965368775740 1500 -1
15437965368776850 8000 -1
15437965368777960 5933 -1
15437965373778820 126 1
15437965373801680 13 -1
15437965374808960 1500 -1
15437965374810100 8000 -1
15437965374810610 7075 -1
15437965374810610 391 -1
15437965374811740 1500 -1
15437965374811740 1500 -1
15437965374812290 3508 -1
15437965374812290 1706 -1
15437965379813740 135 1
15437965379835910 13 -1
15437965380834300 1500 -1
15437965380834820 8000 -1
15437965380835890 7037 -1
15437965380836430 378 -1
15437965380836980 1500 -1
15437965380836980 1500 -1
15437965380837490 3508 -1
15437965380838060 4072 -1
15437965380838060 393 -1
15437965385839600 135 1
15437965385862538 13 -1
15437965385871620 1500 -1
15437965385872160 8000 -1
15437965385873270 6941 -1
15437965385873870 1500 -1
15437965385874970 7995 -1
15437965390875690 125 1
15437965390899580 13 -1
15437965390914340 1500 -1
15437965390914890 8000 -1
15437965390915958 6964 -1
15437965390916550 1500 -1
15437965390917088 5797 -1
15437965395918428 126 1
15437965395941410 13 -1
15437965395959620 1500 -1
15437965395960130 8000 -1
15437965395961180 6941 -1
15437965395961740 1500 -1
15437965395962300 4183 -1
15437965400963560 126 1
15437965400987570 13 -1
15437965400995842 1500 -1
15437965400996940 8000 -1
15437965400997478 6964 -1
15437965400998030 1500 -1
15437965400998030 503 -1
15437965405999342 125 1
15437965406022610 13 -1
15437965406036242 1500 -1
15437965406036810 8000 -1
15437965406037930 6941 -1
15437965406037930 1500 -1
15437965406038390 1923 -1
15437965411039900 137 1
15437965411063170 13 -1
15437965411072180 1500 -1
15437965411072670 8000 -1
15437965411073760 6367 -1
15437965416074550 9 1
15437965421074590 129 1
15437965421097770 13 -1
15437965421106220 1500 -1
15437965421106730 8000 -1
15437965421107790 6963 -1
15437965426110980 137 1
15437965426134320 13 -1
15437965426141068 1500 -1
15437965426141610 8000 -1
15437965426142690 5279 -1
15437965431143470 126 1
15437965431167440 13 -1
15437965431177030 1500 -1
15437965431177540 8000 -1
15437965431179162 6964 -1
15437965431179162 1500 -1
15437965431180260 8000 -1
15437965431180840 3571 -1
15437965436181870 135 1
15437965436204960 13 -1
15437965437333470 1500 -1
15437965437334080 8000 -1
15437965437335110 7014 -1
15437965437335110 378 -1
15437965437335630 1500 -1
15437965437336180 1500 -1
15437965437336180 2023 -1
15437965442337950 136 1
15437965442361880 13 -1
15437965443492300 1500 -1
15437965443492810 1566 -1
15437965443492810 3343 -1
15437965448494580 136 1
15437965448518570 13 -1
15437965449884750 1500 -1
15437965449884750 1548 -1
15437965449885540 3333 -1
15437965454886590 126 1
15437965454910310 13 -1
15437965455811492 1500 -1
15437965455811492 1582 -1
15437965455812030 4072 -1
15437965455812610 4072 -1
15437965455812610 216 -1
15437965460813652 136 1
15437965460837450 13 -1
15437965462248130 1500 -1
15437965462249000 8000 -1
15437965462250450 7037 -1
15437965462250450 376 -1
15437965462250522 1500 -1
15437965462250522 1500 -1
15437965462250990 2815 -1
0 0 0
15437965325417450 52 -1
15437965345647650 148 1
15437965345647650 280 1
15437965345669078 9 -1
15437965345671180 13 -1
15437965346608688 1500 -1
15437965346609240 8000 -1
15437965346629250 7154 -1
15437965346629780 377 -1
15437965346629780 1500 -1
15437965346629780 1500 -1
15437965346630390 3508 -1
15437965346634430 3819 -1
15437965346841568 17 -1
0 0 0
15437965325422840 52 -1
15437965361490728 148 1
15437965361512858 9 -1
15437965361518020 279 1
15437965361542820 13 -1
15437965361551380 1500 -1
15437965361552442 8000 -1
15437965361571888 5179 -1
15437965361621380 17 -1
