### "'20001 14303 26427 34748 33743 29178 11152 24609 28592 25629 29903 25805 23088 31297 24953 23565 22646 23013 27564 30230'"
0 0 0
15437982452901868 52 -1
15437982472993820 148 1
15437982472993820 265 1
15437982473015780 9 -1
15437982473017550 13 -1
15437982473023470 1500 -1
15437982473023470 3052 -1
15437982478067710 122 1
15437982478091050 13 -1
15437982478098630 1500 -1
15437982478098630 2438 -1
15437982483116010 123 1
15437982483139980 13 -1
15437982484168680 1500 -1
15437982484169180 1622 -1
15437982484169180 1395 -1
15437982489183540 123 1
15437982489207140 13 -1
15437982490202652 1500 -1
15437982490203158 1585 -1
15437982490203158 1407 -1
15437982495251880 123 1
15437982495275740 13 -1
15437982495282670 1500 -1
15437982495282670 3605 -1
15437982500283880 123 1
15437982500307080 13 -1
15437982500313840 1500 -1
15437982500314390 3456 -1
15437982505315030 121 1
15437982505338460 13 -1
15437982506713100 1500 -1
15437982506713100 1563 -1
15437982506713930 2498 -1
15437982511714972 123 1
15437982511737850 13 -1
15437982512940240 1500 -1
15437982512940700 1500 -1
15437982512940700 1719 -1
15437982517942368 123 1
15437982517966210 13 -1
15437982519381500 1500 -1
15437982519382328 1562 -1
15437982519382328 2467 -1
15437982524383430 136 1
15437982524408350 13 -1
15437982525822160 1500 -1
15437982525824240 8000 -1
15437982525828970 7037 -1
15437982525843250 374 -1
15437982525843750 1500 -1
15437982525843750 1500 -1
15437982525846410 3508 -1
15437982525846890 4072 -1
15437982525847430 1858 -1
15437982530848050 137 1
15437982530872322 13 -1
15437982531185182 1500 -1
15437982531185638 1567 -1
15437982531186200 4072 -1
15437982531186750 4072 -1
15437982531186750 93 -1
15437982536188050 125 1
15437982536211810 13 -1
15437982537567010 1500 -1
15437982537568582 8000 -1
15437982537569620 7013 -1
15437982537570168 393 -1
15437982537570168 1500 -1
15437982537570760 1500 -1
15437982537571290 3508 -1
15437982537571860 1342 -1
15437982542572588 136 1
15437982542596800 13 -1
15437982543332830 1500 -1
15437982543333350 1500 -1
15437982543334470 8000 -1
15437982543334980 5537 -1
15437982543335530 1453 -1
15437982543336100 1500 -1
15437982543336660 3815 -1
15437982543337200 4072 -1
15437982543337760 1386 -1
15437982548338562 126 1
15437982548362710 13 -1
15437982549700100 1500 -1
15437982549701690 8000 -1
15437982549702850 7011 -1
15437982549702850 391 -1
15437982549703432 1500 -1
15437982549703432 1500 -1
15437982549704000 3508 -1
15437982549704530 2364 -1
15437982554705880 135 1
15437982554729630 13 -1
15437982555928790 1500 -1
15437982555929890 8000 -1
15437982555930950 7038 -1
15437982555930950 376 -1
15437982555931530 1500 -1
15437982555932090 1500 -1
15437982555932090 3508 -1
15437982555932642 4072 -1
15437982555933198 2581 -1
15437982560935668 126 1
15437982560959280 13 -1
15437982561926670 1500 -1
15437982561927732 8000 -1
15437982561928840 7036 -1
15437982561929380 390 -1
15437982561929380 1500 -1
15437982561929942 1500 -1
15437982561930500 3508 -1
15437982561930500 2541 -1
15437982566931610 125 1
15437982566955522 13 -1
15437982568518580 1500 -1
15437982568519102 1500 -1
15437982568520190 8000 -1
15437982568520720 5511 -1
15437982568521280 1453 -1
15437982568521280 1500 -1
15437982568521832 3769 -1
15437982573522962 126 1
15437982573546550 13 -1
15437982574554620 1500 -1
15437982574556260 8000 -1
15437982574557360 7037 -1
15437982574557360 392 -1
15437982574557440 1500 -1
15437982574557900 1500 -1
15437982574558452 3508 -1
15437982574558980 4072 -1
15437982574559540 3959 -1
15437982579560562 9 1
15437982584560608 129 1
15437982584583960 13 -1
15437982585599580 1500 -1
15437982585600650 8000 -1
15437982585601720 7036 -1
15437982585602250 390 -1
15437982585602250 1500 -1
15437982585602250 1500 -1
15437982585602788 3508 -1
15437982585603350 1689 -1
15437982590605130 125 1
15437982590629670 13 -1
15437982591958310 1500 -1
15437982591958820 8000 -1
15437982591960440 7036 -1
15437982591960440 392 -1
15437982591961090 1500 -1
15437982591961090 1500 -1
15437982591961570 3508 -1
15437982591961570 299 -1
15437982596962832 126 1
15437982596986490 13 -1
15437982597988880 1500 -1
15437982597989932 8000 -1
15437982597990510 7013 -1
15437982597991030 391 -1
15437982597991030 1500 -1
15437982597991600 1500 -1
15437982597991600 2889 -1
15437982602992680 125 1
15437982603016130 13 -1
15437982604867670 1500 -1
15437982604867670 1500 -1
15437982604869060 8000 -1
15437982604869630 5536 -1
15437982604869630 1453 -1
15437982604870170 1500 -1
15437982604870770 3694 -1
15437982609871650 125 1
15437982609895710 13 -1
15437982611026540 1500 -1
15437982611027370 8000 -1
15437982611028410 7039 -1
15437982611028410 391 -1
15437982611028990 1500 -1
15437982611029540 1500 -1
15437982611030120 3508 -1
15437982611030650 4072 -1
15437982611030650 227 -1
15437982616031600 125 1
15437982616055182 13 -1
15437982617423010 1500 -1
15437982617423648 8000 -1
15437982617424610 7011 -1
15437982617424610 391 -1
15437982617425680 1500 -1
15437982617425680 1500 -1
15437982617426230 3508 -1
15437982617426792 4072 -1
15437982617427362 2893 -1
15437982622428090 126 1
15437982622451280 13 -1
15437982623857260 1500 -1
15437982623858320 8000 -1
15437982623859430 7037 -1
15437982623859962 392 -1
15437982623859962 1500 -1
15437982623859962 1500 -1
15437982623860510 3508 -1
15437982623861092 1982 -1
15437982628862172 137 1
15437982628886600 13 -1
15437982629846820 1500 -1
15437982629848412 8000 -1
15437982629849500 7012 -1
15437982629849500 378 -1
15437982629849500 1500 -1
15437982629850070 1500 -1
15437982629850070 3508 -1
15437982629851160 4072 -1
15437982629851710 4072 -1
15437982629851710 1377 -1
15437982634852920 126 1
15437982634876010 13 -1
15437982635882950 1500 -1
15437982635884070 8000 -1
15437982635884640 7039 -1
15437982635885150 392 -1
15437982635885680 1500 -1
15437982635885680 1500 -1
15437982635885680 2234 -1
15437982640886950 127 1
15437982640910340 13 -1
15437982641844650 1500 -1
15437982641845730 8000 -1
15437982641846810 7038 -1
15437982641846810 391 -1
15437982641847342 1500 -1
15437982641847880 1500 -1
15437982641848430 3508 -1
15437982641848430 344 -1
0 0 0
15437982455093620 52 -1
15437982472917830 148 1
15437982472917830 285 1
15437982472940400 9 -1
15437982472950330 13 -1
15437982474318070 1500 -1
15437982474318580 8000 -1
15437982474338910 7154 -1
15437982474338970 377 -1
15437982474338970 1500 -1
15437982474338970 1500 -1
15437982474338970 258 -1
15437982474799800 17 -1
0 0 0
15437982454957330 52 -1
15437982475233840 148 1
15437982475233840 274 1
15437982475256090 9 -1
15437982475259270 13 -1
15437982476237130 1500 -1
15437982476237660 8000 -1
15437982476258030 7154 -1
15437982476258540 391 -1
15437982476258540 1500 -1
15437982476259060 1500 -1
15437982476259060 3508 -1
15437982476262750 3162 -1
15437982476796620 17 -1
0 0 0
15437982455056450 52 -1
15437982491124340 148 1
15437982491124340 276 1
15437982491146200 9 -1
15437982491148900 13 -1
15437982492296100 1500 -1
15437982492297090 8000 -1
15437982492317728 7156 -1
15437982492317728 391 -1
15437982492317728 1500 -1
15437982492318840 8000 -1
15437982492323150 6893 -1
15437982492323150 602 -1
15437982492323150 9 -1
15437982492671890 17 -1
0 0 0
15437982454942710 52 -1
15437982474944480 148 1
15437982474944480 274 1
15437982474966700 9 -1
15437982474968892 13 -1
15437982476740260 1500 -1
15437982476740690 1500 -1
15437982476741760 8000 -1
15437982476761560 5654 -1
15437982476762070 1453 -1
15437982476762640 1500 -1
15437982476763170 8000 -1
15437982476767790 6893 -1
15437982476767790 545 -1
15437982476767790 9 -1
15437982477098860 17 -1
0 0 0
15437982454759190 52 -1
15437982474790980 148 1
15437982474790980 274 1
15437982474811900 9 -1
15437982474814370 13 -1
15437982476057360 1500 -1
15437982476057820 1500 -1
15437982476057820 1500 -1
15437982476058350 2654 -1
15437982476060540 4072 -1
15437982476078290 3348 -1
15437982476458500 17 -1
