### "'29709 33587 21189 26513 30457 23048 26610 14574 30226 28001 20611 23340 21447 23392 22014 27082 22946 21119 22877 16108'"
0 0 0
15437991465547490 52 -1
15437991485513598 148 1
15437991485513598 257 1
15437991485535410 9 -1
15437991485537540 13 -1
15437991485544350 1500 -1
15437991485544860 5139 -1
15437991490655280 126 1
15437991490678900 13 -1
15437991490690702 1500 -1
15437991490694170 8000 -1
15437991490699648 6964 -1
15437991490700180 1500 -1
15437991490711530 8000 -1
15437991490712630 4582 -1
15437991495778142 126 1
15437991495801740 13 -1
15437991495809560 1500 -1
15437991495810080 8000 -1
15437991495811770 6941 -1
15437991495811770 1500 -1
15437991495812320 5173 -1
15437991500822870 136 1
15437991500846180 13 -1
15437991500861198 1500 -1
15437991500862240 8000 -1
15437991500863330 6964 -1
15437991500863330 1500 -1
15437991500864388 8000 -1
15437991500865520 735 -1
15437991505981230 138 1
15437991506005190 13 -1
15437991506027040 1500 -1
15437991506028080 8000 -1
15437991506029120 6941 -1
15437991506029652 1500 -1
15437991506030760 8000 -1
15437991506031920 4351 -1
15437991511032640 9 1
15437991516032660 129 1
15437991516055660 13 -1
15437991516066580 1500 -1
15437991516067280 8000 -1
15437991516068370 6964 -1
15437991516068370 1500 -1
15437991516069460 8000 -1
15437991516070040 2126 -1
15437991521070690 126 1
15437991521095690 13 -1
15437991521109410 1500 -1
15437991521110130 8000 -1
15437991521111210 6964 -1
15437991521111760 1500 -1
15437991521112320 2736 -1
15437991526112910 125 1
15437991526136640 13 -1
15437991527201740 548 -1
15437991527202808 1500 -1
15437991527203920 8000 -1
15437991527205030 6893 -1
15437991527205600 1500 -1
15437991527205600 1500 -1
15437991527206150 2720 -1
15437991527206150 862 -1
15437991532207450 124 1
15437991532230830 13 -1
15437991533134388 1500 -1
15437991533135160 8000 -1
15437991533136620 7037 -1
15437991533136620 393 -1
15437991533136620 1500 -1
15437991533137168 1500 -1
15437991533137168 1688 -1
15437991538138470 126 1
15437991538162848 13 -1
15437991539223680 1500 -1
15437991539224200 8000 -1
15437991539225330 7013 -1
15437991539225330 392 -1
15437991539226020 1500 -1
15437991539226020 1500 -1
15437991539226460 3508 -1
15437991539226460 126 -1
15437991544227240 137 1
15437991544250760 13 -1
15437991544273150 1500 -1
15437991544274250 8000 -1
15437991544275360 6964 -1
15437991544275360 1500 -1
15437991544275910 4139 -1
15437991549280400 125 1
15437991549304500 13 -1
15437991550314510 1500 -1
15437991550316082 8000 -1
15437991550317180 7037 -1
15437991550317180 392 -1
15437991550317180 1500 -1
15437991550317790 1500 -1
15437991550318310 3508 -1
15437991550318870 3816 -1
15437991555319540 126 1
15437991555342792 13 -1
15437991555351282 1500 -1
15437991555351890 8000 -1
15437991555352880 6941 -1
15437991555353438 1500 -1
15437991555354000 5071 -1
15437991560354828 126 1
15437991560377880 13 -1
15437991560386770 1500 -1
15437991560387300 6821 -1
15437991565388090 125 1
15437991565410910 13 -1
15437991566420692 1500 -1
15437991566422290 8000 -1
15437991566423380 7014 -1
15437991566423380 393 -1
15437991566423950 1500 -1
15437991566423950 1500 -1
15437991566423950 1360 -1
15437991571425190 137 1
15437991571449000 13 -1
15437991571461480 1500 -1
15437991571462550 8000 -1
15437991571463640 6964 -1
15437991571463640 1500 -1
15437991571464710 5002 -1
15437991576465500 138 1
15437991576488660 13 -1
15437991577486610 493 -1
15437991577487770 1500 -1
15437991577488320 1500 -1
15437991577488880 3626 -1
15437991577489450 4072 -1
15437991577490010 4072 -1
15437991577490010 985 -1
15437991582490922 125 1
15437991582514250 13 -1
15437991582526050 1500 -1
15437991582526590 8000 -1
15437991582527680 6964 -1
15437991582528220 1500 -1
15437991582528220 2455 -1
15437991587529390 126 1
15437991587552490 13 -1
15437991587560840 1500 -1
15437991587561920 8000 -1
15437991587563060 6941 -1
15437991587563060 1500 -1
15437991587564140 6986 -1
15437991592564868 136 1
15437991592588350 13 -1
15437991593778970 1500 -1
15437991593779882 1567 -1
15437991593779882 4072 -1
15437991593779882 2912 -1
0 0 0
15437991467355822 52 -1
15437991485544040 148 1
15437991485544040 273 1
15437991485565230 9 -1
15437991485567542 13 -1
15437991485587320 1500 -1
15437991485587900 8000 -1
15437991485607318 7044 -1
15437991485607860 1500 -1
15437991485608960 8000 -1
15437991485612910 3834 -1
15437991485917390 17 -1
0 0 0
15437991467266100 52 -1
15437991503765010 148 1
15437991503786230 9 -1
15437991503786350 285 1
15437991503810420 13 -1
15437991504853210 1500 -1
15437991504853690 1680 -1
15437991504854230 4072 -1
15437991504854730 4072 -1
15437991504873950 3519 -1
15437991505171540 17 -1
0 0 0
15437991467153658 52 -1
15437991487342320 148 1
15437991487342320 286 1
15437991487364020 9 -1
15437991487365980 13 -1
15437991487376750 1500 -1
15437991487385150 8000 -1
15437991487397070 7044 -1
15437991487397690 1500 -1
15437991487398780 3314 -1
15437991487838120 17 -1
0 0 0
15437991467119380 52 -1
15437991487099882 148 1
15437991487099882 273 1
15437991487121140 9 -1
15437991487123720 13 -1
15437991487146740 1500 -1
15437991487147830 8000 -1
15437991487167380 7044 -1
15437991487167880 1500 -1
15437991487168960 8000 -1
15437991487174800 6893 -1
15437991487174800 828 -1
15437991487810112 17 -1
0 0 0
15437991467312600 52 -1
15437991487418470 148 1
15437991487418470 273 1
15437991487440080 9 -1
15437991487442720 13 -1
15437991487450380 1500 -1
15437991487451450 8000 -1
15437991487471740 7044 -1
15437991487471740 1500 -1
15437991487474130 8000 -1
15437991487474130 638 -1
15437991487881690 17 -1
