### "'15109 22591 20491 17572 16905 11725 10917 24118 19744 23493 22243 11303 27047 18442 15674 21374 11922 23260 12165 17158'"
0 0 0
15438036638065010 52 -1
15438036657959198 148 1
15438036657959198 280 1
15438036657980868 9 -1
15438036657983830 13 -1
15438036659354420 1500 -1
15438036659354948 8000 -1
15438036659375350 7156 -1
15438036659375920 378 -1
15438036659375920 1500 -1
15438036659376472 1500 -1
15438036659376472 747 -1
15438036659854960 17 -1
0 0 0
15438036637890420 52 -1
15438036657923730 148 1
15438036657923730 279 1
15438036657945520 9 -1
15438036657948238 13 -1
15438036660720180 640 -1
15438036660721280 1500 -1
15438036660721810 3850 -1
15438036660722370 3519 -1
15438036660931570 17 -1
0 0 0
15438036637984740 52 -1
15438036674455490 148 1
15438036674476982 9 -1
15438036674477078 270 1
15438036674500270 13 -1
15438036674508628 1500 -1
15438036674509730 8000 -1
15438036674509750 2385 -1
15438036674664978 17 -1
0 0 0
15438036638131890 52 -1
15438036656247330 148 1
15438036656247330 269 1
15438036656270360 9 -1
15438036656271800 13 -1
15438036656460660 1500 -1
15438036656460660 1699 -1
15438036656461210 4072 -1
15438036656463600 4072 -1
15438036656481120 4035 -1
15438036656704208 17 -1
0 0 0
15438036636270412 52 -1
15438036656408220 148 1
15438036656408220 268 1
15438036656430150 9 -1
15438036656434610 13 -1
15438036656441250 1500 -1
15438036656441842 4581 -1
15438036661624690 125 1
15438036661649200 13 -1
15438036662980198 1500 -1
15438036662981260 8000 -1
15438036662982350 7080 -1
15438036662982350 392 -1
15438036662983530 814 -1
15438036667998120 126 1
15438036668023200 13 -1
15438036669219900 1500 -1
15438036669222060 8000 -1
15438036669223180 7013 -1
15438036669223180 392 -1
15438036669223180 147 -1
15438036674351530 164 1
15438036674378120 13 -1
15438036677972440 1500 -1
15438036677972440 1566 -1
15438036677973350 4072 -1
15438036677974390 3931 -1
15438036682975040 136 1
15438036683000330 13 -1
15438036683938950 1500 -1
15438036683940840 8000 -1
15438036683941930 7040 -1
15438036683941930 376 -1
15438036683942520 1500 -1
15438036683942520 1500 -1
15438036683943610 3508 -1
15438036683943610 868 -1
15438036688944560 135 1
15438036688970460 13 -1
15438036690323350 1500 -1
15438036690324820 8000 -1
15438036690325490 7037 -1
15438036690325490 379 -1
15438036690325580 1500 -1
15438036690325580 1499 -1
15438036695326930 137 1
15438036695353480 13 -1
15438036696749188 1500 -1
15438036696750122 8000 -1
15438036696751170 7012 -1
15438036696751170 374 -1
15438036696774940 1500 -1
15438036696775270 1500 -1
15438036696775270 3508 -1
15438036696775270 245 -1
15438036701777092 135 1
15438036701801140 13 -1
15438036702981542 1500 -1
15438036702982940 8000 -1
15438036702984012 7038 -1
15438036702984012 379 -1
15438036702984580 1500 -1
15438036702984580 1500 -1
15438036702984580 2498 -1
15438036707985880 137 1
15438036708010390 13 -1
15438036708998280 1500 -1
15438036708998280 1542 -1
15438036708999150 4072 -1
15438036708999670 4072 -1
15438036708999670 247 -1
15438036714000680 126 1
15438036714025440 13 -1
15438036714993392 1500 -1
15438036714994280 8000 -1
15438036714995800 7036 -1
15438036714995800 392 -1
15438036714995800 1500 -1
15438036714995800 1500 -1
15438036714996222 3508 -1
15438036714996770 3781 -1
15438036719998168 135 1
15438036720022940 13 -1
15438036721395590 1500 -1
15438036721396440 8000 -1
15438036721397520 7037 -1
15438036721397520 376 -1
15438036721398080 1500 -1
15438036721398080 200 -1
15438036726399168 135 1
15438036726423250 13 -1
15438036726441578 1500 -1
15438036726442708 8000 -1
15438036726443840 6231 -1
15438036731444480 136 1
15438036731469190 13 -1
15438036731480190 1500 -1
15438036731480960 8000 -1
15438036731482288 6964 -1
15438036731482288 1500 -1
15438036731482800 3499 -1
15438036736483830 9 1
15438036741483850 129 1
15438036741510690 13 -1
15438036742902750 1500 -1
15438036742902750 1579 -1
15438036742903262 4072 -1
15438036742903810 4072 -1
15438036742903810 852 -1
15438036747905190 136 1
15438036747929240 13 -1
15438036749307170 1500 -1
15438036749308200 8000 -1
15438036749309260 7013 -1
15438036749309260 374 -1
15438036749309790 1500 -1
15438036749310328 1500 -1
15438036749310328 3508 -1
15438036749310328 12 -1
15438036754311680 126 1
15438036754335490 13 -1
15438036755339530 1500 -1
15438036755340062 1579 -1
15438036755340632 4072 -1
15438036755341170 4072 -1
15438036755341170 1093 -1
15438036760342382 126 1
15438036760367020 13 -1
15438036761376970 1500 -1
15438036761378040 8000 -1
15438036761379120 7043 -1
15438036761379120 365 -1
15438036761379690 427 -1
15438036766380430 127 1
15438036766406022 13 -1
15438036766416668 1500 -1
15438036766417200 8000 -1
15438036766417748 2710 -1
15438036771418520 125 1
15438036771444622 13 -1
15438036772550148 1500 -1
15438036772551230 8000 -1
15438036772552380 7037 -1
15438036772552380 369 -1
15438036772552900 1500 -1
15438036772552900 1500 -1
15438036772553502 3341 -1
15438036777554570 125 1
15438036777579870 13 -1
15438036778543120 1500 -1
15438036778544130 8000 -1
15438036778545790 7014 -1
15438036778545790 391 -1
15438036778545790 1500 -1
15438036778545790 1500 -1
15438036778546290 3030 -1
0 0 0
15438036638073180 52 -1
15438036657954740 148 1
15438036657954740 269 1
15438036657976520 9 -1
15438036657979260 13 -1
15438036659530780 1500 -1
15438036659531270 1500 -1
15438036659532440 8000 -1
15438036659552090 5655 -1
15438036659552560 1453 -1
15438036659553130 1500 -1
15438036659553130 3272 -1
15438036659669040 17 -1
