### "'30215 20782 13070 15576 26277 21610 14472 13069 26143 26788 22346 14150 11889 16813 19547 14267 21738 12786 13863 23460'"
0 0 0
15438043909062600 52 -1
15438043929172940 148 1
15438043929172940 271 1
15438043929194540 9 -1
15438043929198000 13 -1
15438043929202880 1500 -1
15438043929202880 5222 -1
15438043934323490 137 1
15438043934347170 13 -1
15438043934354730 1500 -1
15438043934355310 6591 -1
15438043939429510 137 1
15438043939453240 13 -1
15438043939461700 1500 -1
15438043939462258 6721 -1
15438043944488202 136 1
15438043944511982 13 -1
15438043945456582 1500 -1
15438043945456582 1601 -1
15438043945456582 2354 -1
15438043950458880 136 1
15438043950483250 13 -1
15438043950490060 1500 -1
15438043950490060 1756 -1
15438043955491210 137 1
15438043955514770 13 -1
15438043956876900 1500 -1
15438043956876900 1528 -1
15438043961878380 137 1
15438043961901800 13 -1
15438043961908340 1500 -1
15438043961908340 2783 -1
15438043966909450 137 1
15438043966933510 13 -1
15438043966939250 1500 -1
15438043966939250 1086 -1
15438043971940570 164 1
15438043971965030 13 -1
15438043973334538 1500 -1
15438043973334538 997 -1
15438043978335978 137 1
15438043978359720 13 -1
15438043978672680 1500 -1
15438043978675850 8000 -1
15438043978679112 7014 -1
15438043978679668 378 -1
15438043978679668 1500 -1
15438043978679668 1500 -1
15438043978680210 1866 -1
15438043983681290 136 1
15438043983705790 13 -1
15438043983710900 1500 -1
15438043983711610 8000 -1
15438043983712658 5052 -1
15438043988713450 125 1
15438043988736960 13 -1
15438043988741040 1500 -1
15438043988742290 8000 -1
15438043988742860 3626 -1
15438043993743492 126 1
15438043993767920 13 -1
15438043993772610 1500 -1
15438043993773670 8000 -1
15438043993775352 6964 -1
15438043993775352 1500 -1
15438043993776490 8000 -1
15438043993777620 268 -1
15438043998778800 137 1
15438043998802150 13 -1
15438043998807080 1500 -1
15438043998808310 8000 -1
15438043998809390 6941 -1
15438043998809390 1500 -1
15438043998810480 8000 -1
15438043998811040 913 -1
15438044003811710 126 1
15438044003835180 13 -1
15438044003841880 1500 -1
15438044003842320 8000 -1
15438044003843390 6963 -1
15438044003843390 1500 -1
15438044003844840 4471 -1
15438044008845450 135 1
15438044008868790 13 -1
15438044008872790 1500 -1
15438044008873300 8000 -1
15438044008874410 4707 -1
15438044013875070 136 1
15438044013899360 13 -1
15438044013908020 1500 -1
15438044013909120 8000 -1
15438044013909162 2469 -1
15438044018910288 136 1
15438044018933188 13 -1
15438044018942570 1500 -1
15438044018943670 8000 -1
15438044018944790 6941 -1
15438044018944790 438 -1
15438044023945550 9 1
15438044028945640 129 1
15438044028968670 13 -1
15438044028979340 1500 -1
15438044028979860 8000 -1
15438044028981030 6969 -1
15438044028981030 1500 -1
15438044028981522 1672 -1
15438044033982450 136 1
15438044034006810 13 -1
15438044034015130 1500 -1
15438044034016080 8000 -1
15438044034016690 4847 -1
15438044039017438 138 1
15438044039040560 13 -1
15438044039049860 1500 -1
15438044039050460 8000 -1
15438044039051430 6941 -1
15438044039052000 1500 -1
15438044039052538 3863 -1
15438044044053300 126 1
15438044044076650 13 -1
15438044044084590 1500 -1
15438044044085140 8000 -1
15438044044085690 3371 -1
15438044049086462 135 1
15438044049109722 13 -1
15438044049126640 1500 -1
15438044049127650 8000 -1
15438044049128302 4420 -1
15438044054129310 135 1
15438044054153920 13 -1
15438044054161950 1500 -1
15438044054162480 7621 -1
15438044059163360 127 1
15438044059186202 13 -1
15438044059201000 1500 -1
15438044059201510 8000 -1
15438044059202610 6941 -1
15438044059203150 1500 -1
15438044059203702 5585 -1
15438044064204630 126 1
15438044064228580 13 -1
15438044064244720 1500 -1
15438044064245790 8000 -1
15438044064245852 2030 -1
15438044069246940 125 1
15438044069270710 13 -1
15438044069281940 1500 -1
15438044069282990 8000 -1
15438044069283522 3173 -1
15438044074284142 125 1
15438044074308130 13 -1
15438044074318048 1500 -1
15438044074318718 8000 -1
15438044074319770 6964 -1
15438044074319770 1500 -1
15438044074320890 5849 -1
0 0 0
15438043911215538 52 -1
15438043931297900 148 1
15438043931319038 9 -1
15438043931349080 272 1
15438043931372210 13 -1
15438043931380760 1500 -1
15438043931381270 8000 -1
15438043931401960 7044 -1
15438043931402522 1500 -1
15438043931403890 2907 -1
15438043931634640 17 -1
0 0 0
15438043911118040 52 -1
15438043931323782 148 1
15438043931323782 272 1
15438043931345552 9 -1
15438043931349390 13 -1
15438043931354520 1500 -1
15438043931355050 8000 -1
15438043931366610 3730 -1
15438043931675210 17 -1
0 0 0
15438043911364580 52 -1
15438043929112092 148 1
15438043929112092 273 1
15438043929134000 9 -1
15438043929137110 13 -1
15438043929145300 1500 -1
15438043929145830 8000 -1
15438043929158512 7044 -1
15438043929166410 1500 -1
15438043929167610 8000 -1
15438043929172090 4340 -1
15438043929378920 17 -1
0 0 0
15438043911210220 52 -1
15438043947278230 148 1
15438043947278230 273 1
15438043947299630 9 -1
15438043947301840 13 -1
15438043948308270 1500 -1
15438043948309280 8000 -1
15438043948328850 7154 -1
15438043948329320 396 -1
15438043948329320 1500 -1
15438043948329900 1500 -1
15438043948329900 2720 -1
15438043948330410 3795 -1
15438043948637900 17 -1
0 0 0
15438043911115450 52 -1
15438043931039850 148 1
15438043931061830 9 -1
15438043931110600 272 1
15438043931134510 13 -1
15438043932300970 1500 -1
15438043932301422 1701 -1
15438043932301960 4072 -1
15438043932302470 4072 -1
15438043932321720 4072 -1
15438043932321720 430 -1
15438043932468080 17 -1
