### "'23386 17149 27869 27475 38341 19117 18648 18636 23178 14114 16725 14770 21747 19207 30800 18791 19053 14059 37118 16116'"
0 0 0
15438070286230000 52 -1
15438070306350600 148 1
15438070306350600 272 1
15438070306372270 9 -1
15438070306375870 13 -1
15438070307341610 1500 -1
15438070307342630 8000 -1
15438070307362590 7153 -1
15438070307363090 392 -1
15438070307363090 1500 -1
15438070307366030 1500 -1
15438070307366590 3508 -1
15438070307367160 4072 -1
15438070307367160 531 -1
15438070307615300 17 -1
0 0 0
15438070286408740 52 -1
15438070322207840 148 1
15438070322207840 273 1
15438070322229170 9 -1
15438070322231988 13 -1
15438070324040260 1500 -1
15438070324040760 1500 -1
15438070324041830 8000 -1
15438070324061640 5654 -1
15438070324062520 1453 -1
15438070324063020 1500 -1
15438070324064110 8000 -1
15438070324069330 6893 -1
15438070324069330 1137 -1
15438070324069330 1500 -1
15438070324069880 1510 -1
15438070324617960 17 -1
0 0 0
15438070284022550 52 -1
15438070303996610 148 1
15438070303996610 271 1
15438070304018190 9 -1
15438070304020730 13 -1
15438070304027842 1500 -1
15438070304027842 3846 -1
15438070309210220 136 1
15438070309234510 13 -1
15438070310244350 1500 -1
15438070310244350 1601 -1
15438070310244880 4072 -1
15438070310244880 560 -1
15438070315263850 135 1
15438070315287048 13 -1
15438070315513862 1500 -1
15438070315514340 1541 -1
15438070315514340 2820 -1
15438070320561990 136 1
15438070320587030 13 -1
15438070322149840 1500 -1
15438070322149840 1500 -1
15438070322150732 4008 -1
15438070322150732 440 -1
15438070327208400 126 1
15438070327232580 13 -1
15438070331217580 532 -1
15438070332532188 1500 -1
15438070332533172 8000 -1
15438070332534260 6893 -1
15438070332553288 1500 -1
15438070332553288 862 -1
15438070337555030 139 1
15438070337579430 13 -1
15438070338531360 1500 -1
15438070338533102 8000 -1
15438070338535420 7013 -1
15438070338535990 372 -1
15438070338535990 1500 -1
15438070338535990 410 -1
15438070343537322 125 1
15438070343561320 13 -1
15438070344718922 1500 -1
15438070344720020 8000 -1
15438070344721710 7036 -1
15438070344721710 392 -1
15438070344721710 1500 -1
15438070344721710 378 -1
15438070349723310 126 1
15438070349747030 13 -1
15438070350058460 1500 -1
15438070350059460 8000 -1
15438070350060560 7037 -1
15438070350060560 393 -1
15438070350061640 1500 -1
15438070350061640 1500 -1
15438070350062180 3419 -1
15438070355063850 126 1
15438070355087710 13 -1
15438070356520760 1500 -1
15438070356520760 1500 -1
15438070356521290 4009 -1
15438070356521872 4072 -1
15438070356522390 3162 -1
15438070361524050 125 1
15438070361547410 13 -1
15438070362805222 1500 -1
15438070362806080 1500 -1
15438070362806080 4035 -1
15438070362806580 4072 -1
15438070362807118 4072 -1
15438070362807118 1500 -1
15438070362807118 207 -1
15438070362807680 9 -1
15438070367809050 125 1
15438070367832410 13 -1
15438070368842030 1500 -1
15438070368842840 1558 -1
15438070368842840 4072 -1
15438070368843380 4072 -1
15438070368844090 3697 -1
15438070373844960 124 1
15438070373869490 13 -1
15438070375234980 1500 -1
15438070375235760 1500 -1
15438070375236280 8000 -1
15438070375236790 5537 -1
15438070375237330 1453 -1
15438070375237940 1500 -1
15438070375237940 2428 -1
15438070380238780 125 1
15438070380262940 13 -1
15438070381107640 1500 -1
15438070381107640 1500 -1
15438070381109000 8000 -1
15438070381109468 5536 -1
15438070381112120 1453 -1
15438070381112120 1388 -1
15438070386113210 137 1
15438070386137560 13 -1
15438070387730480 1500 -1
15438070387730948 1500 -1
15438070387732040 8000 -1
15438070387732590 5513 -1
15438070387733090 1453 -1
15438070387733660 1500 -1
15438070387734220 3814 -1
15438070387734758 4072 -1
15438070387735350 3595 -1
15438070392736320 135 1
15438070392760140 13 -1
15438070393755332 524 -1
15438070393756470 1500 -1
15438070393757542 8000 -1
15438070393758630 6893 -1
15438070393759200 1500 -1
15438070393759200 546 -1
15438070398760080 9 1
15438070403759940 128 1
15438070403783600 13 -1
15438070404794330 1500 -1
15438070404795762 8000 -1
15438070404796528 7037 -1
15438070404797090 394 -1
15438070404797090 1500 -1
15438070404797090 793 -1
15438070409798340 137 1
15438070409822810 13 -1
15438070410724230 1500 -1
15438070410724720 1565 -1
15438070410725270 4072 -1
15438070410725820 4072 -1
15438070410726358 3003 -1
15438070415727450 127 1
15438070415750440 13 -1
15438070416741682 512 -1
15438070416742580 1500 -1
15438070416743680 8000 -1
15438070416744780 6893 -1
15438070416745890 1500 -1
15438070416746408 8000 -1
15438070416747500 6893 -1
15438070416748020 1500 -1
15438070416748580 2476 -1
15438070421749180 137 1
15438070421772980 13 -1
15438070422804200 521 -1
15438070422805300 1500 -1
15438070422805870 1500 -1
15438070422806448 3626 -1
15438070422806950 4072 -1
15438070422807500 4072 -1
15438070422807500 986 -1
15438070427809250 134 1
15438070427833778 13 -1
15438070429287720 1500 -1
15438070429287720 1500 -1
15438070429288800 8000 -1
15438070429289810 5514 -1
15438070429289810 1500 -1
15438070429289810 284 -1
15438070429290308 1500 -1
15438070429290840 2698 -1
15438070429290840 1775 -1
15438070434292222 138 1
15438070434318262 13 -1
15438070438388528 520 -1
15438070439735220 1500 -1
15438070439735730 8000 -1
15438070439736810 6893 -1
15438070439737350 1500 -1
15438070439737350 936 -1
15438070439737870 1500 -1
15438070439737870 2581 -1
15438070439738410 3818 -1
15438070444740620 125 1
15438070444764460 13 -1
15438070446020610 1500 -1
15438070446021718 8000 -1
15438070446022230 7037 -1
15438070446022760 392 -1
15438070446023330 1500 -1
15438070446023330 1500 -1
15438070446023890 3508 -1
15438070446024440 4072 -1
15438070446024440 1665 -1
15438070451026090 136 1
15438070451050798 13 -1
15438070452418398 1500 -1
15438070452419900 8000 -1
15438070452421000 7037 -1
15438070452421000 376 -1
15438070452421570 1500 -1
15438070452421570 1180 -1
0 0 0
15438070286152870 52 -1
15438070306118022 148 1
15438070306118022 285 1
15438070306139250 9 -1
15438070306142270 13 -1
15438070307305428 1500 -1
15438070307305970 8000 -1
15438070307326190 7154 -1
15438070307326190 377 -1
15438070307326190 406 -1
15438070307662790 17 -1
0 0 0
15438070286435700 52 -1
15438070304031078 148 1
15438070304031078 284 1
15438070304052510 9 -1
15438070304055390 13 -1
15438070305423340 1500 -1
15438070305424358 8000 -1
15438070305445060 7154 -1
15438070305445060 376 -1
15438070305445060 1500 -1
15438070305445570 1500 -1
15438070305445570 3508 -1
15438070305445570 136 -1
15438070305994530 17 -1
0 0 0
15438070286128370 52 -1
15438070306082080 148 1
15438070306082080 285 1
15438070306103850 9 -1
15438070306107010 13 -1
15438070307496240 633 -1
15438070307497310 1500 -1
15438070307498370 8000 -1
15438070307518020 6893 -1
15438070307518020 1500 -1
15438070307518020 936 -1
15438070307518540 1500 -1
15438070307518540 2581 -1
15438070307522882 4072 -1
15438070307522882 156 -1
15438070307673140 17 -1
