### "'21685 29297 29878 24190 20555 31637 24107 22841 23361 27798 25695 17489 29146 34211 26308 22478 27428 13130 21068 26951'"
0 0 0
15438085515736908 52 -1
15438085535751930 148 1
15438085535751930 272 1
15438085535774150 9 -1
15438085535777120 13 -1
15438085537137210 1500 -1
15438085537138280 8000 -1
15438085537158260 7154 -1
15438085537158260 393 -1
15438085537158260 1500 -1
15438085537158800 1500 -1
15438085537159368 3508 -1
15438085537159368 923 -1
15438085537689828 17 -1
0 0 0
15438085516053360 52 -1
15438085551992260 148 1
15438085551992260 271 1
15438085552013960 9 -1
15438085552016620 13 -1
15438085553184330 1500 -1
15438085553185410 8000 -1
15438085553205050 7153 -1
15438085553205440 391 -1
15438085553205440 1500 -1
15438085553205990 1500 -1
15438085553205990 3508 -1
15438085553210090 4072 -1
15438085553210630 4072 -1
15438085553210630 228 -1
15438085553273138 17 -1
0 0 0
15438085513859962 52 -1
15438085533924540 148 1
15438085533924540 262 1
15438085533946490 9 -1
15438085533948628 13 -1
15438085533956490 1500 -1
15438085533957018 6881 -1
15438085539170230 137 1
15438085539193440 13 -1
15438085540428470 1500 -1
15438085540428938 1500 -1
15438085540428938 2557 -1
15438085545481600 137 1
15438085545506540 13 -1
15438085546851252 1500 -1
15438085546851790 1536 -1
15438085546851790 2823 -1
15438085551885720 153 1
15438085551911140 13 -1
15438085552939500 1500 -1
15438085552942290 8000 -1
15438085552945098 7037 -1
15438085552945660 392 -1
15438085552945660 1500 -1
15438085552945660 1500 -1
15438085552945660 797 -1
15438085558098140 125 1
15438085558122920 13 -1
15438085559256350 1500 -1
15438085559257180 8000 -1
15438085559258850 7015 -1
15438085559258850 392 -1
15438085559258968 1500 -1
15438085559259400 1500 -1
15438085559259952 3508 -1
15438085559259952 841 -1
15438085564261000 127 1
15438085564285778 13 -1
15438085565764320 1500 -1
15438085565765190 1500 -1
15438085565765720 8000 -1
15438085565766280 5538 -1
15438085565766820 1453 -1
15438085565766880 1500 -1
15438085565767410 3522 -1
15438085570768412 126 1
15438085570792720 13 -1
15438085572324750 1500 -1
15438085572325550 1500 -1
15438085572326060 8000 -1
15438085572326870 5538 -1
15438085572326870 1453 -1
15438085572327458 1500 -1
15438085572327990 3828 -1
15438085572327990 214 -1
15438085577329030 125 1
15438085577352130 13 -1
15438085579153618 1500 -1
15438085579153618 1500 -1
15438085579154670 8000 -1
15438085579155790 5515 -1
15438085579155790 1453 -1
15438085579156360 1500 -1
15438085579156360 3829 -1
15438085579157460 4072 -1
15438085579157500 578 -1
15438085584158800 126 1
15438085584182050 13 -1
15438085585483040 1500 -1
15438085585483040 1500 -1
15438085585484080 8000 -1
15438085585485170 5537 -1
15438085585485170 1453 -1
15438085585485290 1500 -1
15438085585485770 3827 -1
15438085585486290 2549 -1
15438085590487990 126 1
15438085590512568 13 -1
15438085591712130 1500 -1
15438085591713058 8000 -1
15438085591714430 7037 -1
15438085591714430 392 -1
15438085591714490 731 -1
15438085596716370 125 1
15438085596741190 13 -1
15438085597898070 1500 -1
15438085597899138 8000 -1
15438085597900200 7013 -1
15438085597900200 393 -1
15438085597900200 1500 -1
15438085597900810 1500 -1
15438085597901370 3508 -1
15438085597903790 4072 -1
15438085597903790 1807 -1
15438085602904900 138 1
15438085602929890 13 -1
15438085605410308 1500 -1
15438085605410308 1500 -1
15438085605411180 8000 -1
15438085605412540 5536 -1
15438085605412540 1500 -1
15438085605412540 278 -1
15438085605412540 1500 -1
15438085605412992 3486 -1
15438085605413540 4072 -1
15438085605414600 4072 -1
15438085605414600 2937 -1
15438085610415940 125 1
15438085610440450 13 -1
15438085611807050 1500 -1
15438085611807050 1500 -1
15438085611807910 8000 -1
15438085611809070 5537 -1
15438085611809600 1500 -1
15438085611809600 298 -1
15438085611809600 1500 -1
15438085611810170 3486 -1
15438085611810170 3158 -1
15438085616811530 136 1
15438085616835930 13 -1
15438085618231630 1500 -1
15438085618233220 8000 -1
15438085618234350 7013 -1
15438085618234350 376 -1
15438085618234350 1500 -1
15438085618234910 1500 -1
15438085618234910 2736 -1
15438085623237000 9 1
15438085628237020 129 1
15438085628262200 13 -1
15438085629595580 1500 -1
15438085629595580 1500 -1
15438085629596880 8000 -1
15438085629597412 5538 -1
15438085629597412 1453 -1
15438085629597980 1500 -1
15438085629598520 3827 -1
15438085629599030 4072 -1
15438085629599030 210 -1
15438085634599710 127 1
15438085634623840 13 -1
15438085635555830 1500 -1
15438085635555830 1581 -1
15438085635556340 4072 -1
15438085635556860 4072 -1
15438085635556860 2058 -1
15438085640558400 134 1
15438085640582090 13 -1
15438085641860002 1500 -1
15438085641860002 1500 -1
15438085641861370 8000 -1
15438085641862040 5536 -1
15438085641862040 1453 -1
15438085641862590 1500 -1
15438085641862590 1749 -1
15438085646863710 126 1
15438085646887938 13 -1
15438085648056380 1500 -1
15438085648056850 1557 -1
15438085648057390 4072 -1
15438085648057390 1799 -1
15438085653059080 124 1
15438085653083078 13 -1
15438085654573200 541 -1
15438085654575290 1500 -1
15438085654575880 8000 -1
15438085654576940 6893 -1
15438085654577500 1500 -1
15438085654577500 936 -1
15438085654579620 1500 -1
15438085654579620 2581 -1
15438085654580180 3681 -1
15438085659581298 126 1
15438085659604570 13 -1
15438085660979240 534 -1
15438085660981350 1500 -1
15438085660982420 8000 -1
15438085660982930 6893 -1
15438085660983480 1500 -1
15438085660983480 936 -1
15438085660983480 1500 -1
15438085660984010 2581 -1
15438085660984550 3694 -1
15438085665986080 127 1
15438085666009390 13 -1
15438085666018382 1500 -1
15438085666018860 8000 -1
15438085666019950 6946 -1
15438085666020492 1500 -1
15438085666021610 7403 -1
15438085671022400 124 1
15438085671045730 13 -1
15438085672441900 1500 -1
15438085672442450 8000 -1
15438085672443522 7037 -1
15438085672443522 392 -1
15438085672444090 1500 -1
15438085672444602 1500 -1
15438085672444602 1282 -1
0 0 0
15438085516036970 52 -1
15438085535846180 148 1
15438085535846180 272 1
15438085535867240 9 -1
15438085535869588 13 -1
15438085537230630 1500 -1
15438085537232202 8000 -1
15438085537251660 7153 -1
15438085537251660 390 -1
15438085537251660 1500 -1
15438085537252910 1500 -1
15438085537253480 3508 -1
15438085537253990 4072 -1
15438085537254510 1961 -1
15438085537473890 17 -1
0 0 0
15438085515962090 52 -1
15438085535867750 148 1
15438085535867750 282 1
15438085535888432 9 -1
15438085535891900 13 -1
15438085537254550 1500 -1
15438085537255580 8000 -1
15438085537275200 7153 -1
15438085537275200 377 -1
15438085537275200 1500 -1
15438085537275750 1500 -1
15438085537276290 3508 -1
15438085537276900 4072 -1
15438085537277390 2555 -1
15438085537669560 17 -1
0 0 0
15438085516059620 52 -1
15438085533922840 148 1
15438085533922840 271 1
15438085533945392 9 -1
15438085533949750 13 -1
15438085535089090 1500 -1
15438085535090670 8000 -1
15438085535110910 7153 -1
15438085535110910 393 -1
15438085535111470 1500 -1
15438085535111470 1500 -1
15438085535111470 1926 -1
15438085535620050 17 -1
