### "'16758 14074 10767 11296 16780 13206 11428 11008 21823 9960 13523 10364 15289 14358 15052 10052 14015 22993 17455 16728'"
0 0 0
15438086385787880 52 -1
15438086405915700 148 1
15438086405915700 265 1
15438086405936580 9 -1
15438086405939460 13 -1
15438086405945612 1500 -1
15438086405946090 4478 -1
15438086411180950 138 1
15438086411204090 13 -1
15438086412162300 1500 -1
15438086412162300 402 -1
15438086417178790 154 1
15438086417202260 13 -1
15438086418617290 1500 -1
15438086418617762 1555 -1
15438086418618320 4072 -1
15438086418618860 4072 -1
15438086418618860 226 -1
15438086423677180 124 1
15438086423700450 13 -1
15438086426464700 540 -1
15438086427376790 1500 -1
15438086427378380 8000 -1
15438086427378860 6893 -1
15438086427378860 18 -1
15438086427379420 9 -1
15438086432456050 136 1
15438086432480062 13 -1
15438086433409350 1500 -1
15438086433409350 1568 -1
15438086433409892 4072 -1
15438086433410470 4072 -1
15438086433410470 370 -1
15438086438411800 126 1
15438086438436680 13 -1
15438086439622000 1500 -1
15438086439622900 1559 -1
15438086439623440 4072 -1
15438086439623440 4008 -1
15438086444624600 137 1
15438086444648300 13 -1
15438086445650092 1500 -1
15438086445650960 8000 -1
15438086445652440 7038 -1
15438086445652440 372 -1
15438086445652960 1500 -1
15438086445652960 1500 -1
15438086445652960 2085 -1
15438086450654350 135 1
15438086450677530 13 -1
15438086451614260 1500 -1
15438086451614780 1565 -1
15438086451615290 4072 -1
15438086451615290 2975 -1
15438086456616730 126 1
15438086456640520 13 -1
15438086457645370 1500 -1
15438086457645910 1556 -1
15438086457646450 4072 -1
15438086457646970 4072 -1
15438086457647532 2452 -1
15438086462648430 125 1
15438086462671330 13 -1
15438086464002680 1500 -1
15438086464003170 1581 -1
15438086464003698 4072 -1
15438086464004240 3363 -1
15438086469005270 126 1
15438086469028720 13 -1
15438086469928542 1500 -1
15438086469929020 1558 -1
15438086469929560 4072 -1
15438086469930090 2728 -1
15438086474931210 125 1
15438086474954260 13 -1
15438086475984370 1500 -1
15438086475984370 1581 -1
15438086475984910 4072 -1
15438086475985420 4072 -1
15438086475985990 4072 -1
15438086475985990 145 -1
15438086480987130 126 1
15438086481009368 13 -1
15438086482957850 1500 -1
15438086482957850 1582 -1
15438086482958360 4072 -1
15438086482958890 4072 -1
15438086482959440 3285 -1
15438086487960680 9 1
15438086492960588 129 1
15438086492983880 13 -1
15438086494312028 1500 -1
15438086494312500 1578 -1
15438086494313050 4072 -1
15438086494313610 4072 -1
15438086494314150 3982 -1
15438086499315168 134 1
15438086499339830 13 -1
15438086500728190 1500 -1
15438086500728190 1567 -1
15438086500728740 4072 -1
15438086500729290 3066 -1
15438086505730190 135 1
15438086505753450 13 -1
15438086506685140 1500 -1
15438086506685140 1545 -1
15438086506685690 4072 -1
15438086506686252 4072 -1
15438086506686820 2956 -1
15438086511688110 137 1
15438086511711370 13 -1
15438086513112258 1500 -1
15438086513112850 8000 -1
15438086513113830 7036 -1
15438086513113830 372 -1
15438086513114920 1500 -1
15438086513114970 1500 -1
15438086513115490 3255 -1
15438086518117260 136 1
15438086518140162 13 -1
15438086518939670 1500 -1
15438086518939670 1543 -1
15438086518940200 2831 -1
15438086523941210 136 1
15438086523964420 13 -1
15438086524994910 1500 -1
15438086524995990 8000 -1
15438086524997030 7037 -1
15438086524997030 376 -1
15438086524997080 713 -1
15438086529998190 124 1
15438086530020760 13 -1
15438086531047570 535 -1
15438086531048680 1500 -1
15438086531049240 1500 -1
15438086531049768 3626 -1
15438086531050940 4072 -1
15438086531050940 4072 -1
15438086531051450 1584 -1
15438086536053268 123 1
15438086536076340 13 -1
15438086536981550 1500 -1
15438086536982070 8000 -1
15438086536983200 7011 -1
15438086536983740 394 -1
15438086536983740 434 -1
0 0 0
15438086388067902 52 -1
15438086408038640 148 1
15438086408038640 267 1
15438086408059822 9 -1
15438086408062350 13 -1
15438086409207470 1500 -1
15438086409207972 1698 -1
15438086409208490 4072 -1
15438086409210520 4072 -1
15438086409228080 3001 -1
15438086409602500 17 -1
0 0 0
15438086388161110 52 -1
15438086405851230 148 1
15438086405851230 268 1
15438086405872690 9 -1
15438086405875480 13 -1
15438086406906140 1500 -1
15438086406906630 1698 -1
15438086406907170 4072 -1
15438086406907170 2508 -1
15438086407121500 17 -1
0 0 0
15438086388063840 52 -1
15438086423939590 148 1
15438086423961130 9 -1
15438086423961270 267 1
15438086423985100 13 -1
15438086428046070 657 -1
15438086429391090 1500 -1
15438086429391602 1500 -1
15438086429391602 3626 -1
15438086429392690 4072 -1
15438086429392690 2130 -1
15438086429696260 17 -1
0 0 0
15438086388061340 52 -1
15438086408060460 148 1
15438086408060460 268 1
15438086408082510 9 -1
15438086408085330 13 -1
15438086409459930 1500 -1
15438086409460390 1698 -1
15438086409460950 4072 -1
15438086409461510 3767 -1
15438086409614552 17 -1
0 0 0
15438086388005490 52 -1
15438086407859148 148 1
15438086407880700 9 -1
15438086408038040 278 1
15438086408061790 13 -1
15438086409226060 1500 -1
15438086409227500 8000 -1
15438086409247640 7154 -1
15438086409247640 380 -1
15438086409247640 12 -1
15438086409616360 17 -1
