### "'28355 12569 19194 20691 34249 22783 24975 19377 17919 27450 21995 32035 26272 27522 26002 30644 21612 24775 24462 25303'"
0 0 0
15438095549780950 52 -1
15438095586146510 148 1
15438095586146510 279 1
15438095586168370 9 -1
15438095586171680 13 -1
15438095587610910 1500 -1
15438095587611380 1500 -1
15438095587612570 8000 -1
15438095587632288 5655 -1
15438095587632800 1453 -1
15438095587633360 1500 -1
15438095587633360 3818 -1
15438095587633910 1838 -1
15438095587871320 17 -1
0 0 0
15438095549543610 52 -1
15438095569651010 148 1
15438095569651010 271 1
15438095569673632 9 -1
15438095569675920 13 -1
15438095570841370 1500 -1
15438095570841898 1500 -1
15438095570841898 1500 -1
15438095570842450 2651 -1
15438095570843130 4072 -1
15438095570843130 1616 -1
15438095571408770 17 -1
0 0 0
15438095549522510 52 -1
15438095569465700 148 1
15438095569465700 270 1
15438095569486958 9 -1
15438095569490312 13 -1
15438095572226440 1500 -1
15438095572226440 1500 -1
15438095572227530 8000 -1
15438095572247270 5654 -1
15438095572247270 1453 -1
15438095572247270 1375 -1
15438095572773560 17 -1
0 0 0
15438095549668930 52 -1
15438095569789820 148 1
15438095569789820 282 1
15438095569812310 9 -1
15438095569815760 13 -1
15438095572184680 1500 -1
15438095572184680 1500 -1
15438095572185730 8000 -1
15438095572205560 5655 -1
15438095572205560 1453 -1
15438095572206090 1500 -1
15438095572206090 1372 -1
15438095572788020 17 -1
0 0 0
15438095547940070 52 -1
15438095567900072 148 1
15438095567900072 255 1
15438095567921410 9 -1
15438095567924890 13 -1
15438095567929570 1500 -1
15438095567930670 8000 -1
15438095567930700 327 -1
15438095573316318 125 1
15438095573340362 13 -1
15438095574707520 1500 -1
15438095574707990 1500 -1
15438095574709110 8000 -1
15438095574710168 5575 -1
15438095574710168 1453 -1
15438095574710710 1500 -1
15438095574711880 8000 -1
15438095574729710 6893 -1
15438095574729710 46 -1
15438095574729710 9 -1
15438095579810390 125 1
15438095579834180 13 -1
15438095581339180 1500 -1
15438095581339180 1500 -1
15438095581340250 8000 -1
15438095581341300 5538 -1
15438095581341300 1453 -1
15438095581341830 1500 -1
15438095581341830 3464 -1
15438095586467500 125 1
15438095586490080 13 -1
15438095588355538 1500 -1
15438095588355538 406 -1
15438095588356360 1500 -1
15438095588357502 8000 -1
15438095588358570 6560 -1
15438095588358570 1247 -1
15438095588358570 320 -1
15438095593359480 126 1
15438095593385100 13 -1
15438095595748990 1500 -1
15438095595749850 1500 -1
15438095595750420 8000 -1
15438095595751318 5537 -1
15438095595751318 1453 -1
15438095595751410 100 -1
15438095600752658 136 1
15438095600777730 13 -1
15438095602599990 1500 -1
15438095602600810 1500 -1
15438095602601340 8000 -1
15438095602602230 5538 -1
15438095602602730 1453 -1
15438095602602790 1500 -1
15438095602603290 3815 -1
15438095602604410 4072 -1
15438095602604410 244 -1
15438095607605160 125 1
15438095607629320 13 -1
15438095609667830 1500 -1
15438095609667830 1500 -1
15438095609669180 8000 -1
15438095609669860 5513 -1
15438095609670400 1453 -1
15438095609670970 1500 -1
15438095609670970 2676 -1
15438095614671950 136 1
15438095614695800 13 -1
15438095616479530 1500 -1
15438095616480020 1500 -1
15438095616480570 8000 -1
15438095616481650 5538 -1
15438095616481650 1453 -1
15438095616482830 1500 -1
15438095616482830 3814 -1
15438095616483330 4072 -1
15438095616483942 4072 -1
15438095616484410 758 -1
15438095621485340 126 1
15438095621509480 13 -1
15438095622878340 1500 -1
15438095622879282 1500 -1
15438095622879750 8000 -1
15438095622880320 5538 -1
15438095622880818 1453 -1
15438095622881380 1500 -1
15438095622881930 3829 -1
15438095622881930 3124 -1
15438095627883070 126 1
15438095627907750 13 -1
15438095629526620 1500 -1
15438095629527540 1500 -1
15438095629528070 8000 -1
15438095629528570 5513 -1
15438095629529130 1453 -1
15438095629529180 1500 -1
15438095629529710 3818 -1
15438095629530808 4072 -1
15438095629530808 313 -1
15438095634531460 126 1
15438095634555940 13 -1
15438095636416640 1500 -1
15438095636416640 1500 -1
15438095636417540 8000 -1
15438095636418880 5538 -1
15438095636418880 1500 -1
15438095636418880 294 -1
15438095636419440 1500 -1
15438095636419960 3486 -1
15438095636420520 2856 -1
15438095641421260 125 1
15438095641446870 13 -1
15438095643165570 1500 -1
15438095643166410 1500 -1
15438095643166930 8000 -1
15438095643167850 5536 -1
15438095643167850 1453 -1
15438095643168380 1500 -1
15438095643168900 3819 -1
15438095643169470 4072 -1
15438095643170020 3434 -1
15438095648171000 137 1
15438095648195440 13 -1
15438095648385090 1500 -1
15438095648386500 8000 -1
15438095648387740 7013 -1
15438095648387740 375 -1
15438095648387740 1500 -1
15438095648388300 1500 -1
15438095648388300 1871 -1
15438095653389750 9 1
15438095658389880 139 1
15438095658414000 13 -1
15438095660868660 1500 -1
15438095660868660 1500 -1
15438095660870080 8000 -1
15438095660870790 5543 -1
15438095660870790 1453 -1
15438095660871360 1500 -1
15438095660871930 3788 -1
15438095660871930 1668 -1
15438095665873138 125 1
15438095665897670 13 -1
15438095667904338 1500 -1
15438095667905230 1500 -1
15438095667905740 8000 -1
15438095667906220 5515 -1
15438095667906762 1453 -1
15438095667907300 1500 -1
15438095667907300 3820 -1
15438095667907850 1323 -1
15438095672908590 125 1
15438095672933330 13 -1
15438095674465120 1500 -1
15438095674466110 1500 -1
15438095674466528 8000 -1
15438095674467070 5537 -1
15438095674467570 1453 -1
15438095674467620 1500 -1
15438095674468140 3818 -1
15438095674468680 2166 -1
15438095679469660 137 1
15438095679494360 13 -1
15438095681405230 1500 -1
15438095681405230 1500 -1
15438095681405770 4013 -1
15438095681406290 4072 -1
15438095681406290 1073 -1
15438095686408160 137 1
15438095686431980 13 -1
15438095689089242 1500 -1
15438095689089242 1500 -1
15438095689090330 8000 -1
15438095689091390 5514 -1
15438095689091390 1453 -1
15438095689091950 1500 -1
15438095689092490 3804 -1
15438095689092550 1750 -1
15438095694094040 125 1
15438095694117930 13 -1
15438095694342598 1500 -1
15438095694342598 1581 -1
15438095694343130 4072 -1
15438095694343650 4072 -1
15438095694344202 3604 -1
15438095699345542 136 1
15438095699370288 13 -1
15438095700135018 1500 -1
15438095700135870 1500 -1
15438095700136412 8000 -1
15438095700136960 5537 -1
15438095700137480 1457 -1
15438095700137530 1500 -1
15438095700137530 1120 -1
0 0 0
15438095549795130 52 -1
15438095568084422 148 1
15438095568084422 272 1
15438095568105928 9 -1
15438095568108220 13 -1
15438095569854510 1500 -1
15438095569854970 1500 -1
15438095569856120 8000 -1
15438095569876202 5655 -1
15438095569876202 1453 -1
15438095569877440 1500 -1
15438095569878030 3817 -1
15438095569878530 4072 -1
15438095569878530 1147 -1
15438095570579500 17 -1
