### "'26507 24721 21582 28373 22853 17263 10441 16221 27818 18783 39833 33027 19311 20742 27080 31872 24489 24646 22486 25100'"
0 0 0
15438097544675642 52 -1
15438097564947750 148 1
15438097564947750 267 1
15438097564968970 9 -1
15438097564971400 13 -1
15438097566615270 1500 -1
15438097566615730 1500 -1
15438097566616810 8000 -1
15438097566636590 5654 -1
15438097566636590 1453 -1
15438097566637148 1500 -1
15438097566637148 3829 -1
15438097566637710 1573 -1
15438097567014780 17 -1
0 0 0
15438097544956360 52 -1
15438097580878020 148 1
15438097580898840 9 -1
15438097580905060 279 1
15438097580927610 13 -1
15438097582436120 1500 -1
15438097582436120 540 -1
15438097582437170 1500 -1
15438097582438390 8000 -1
15438097582457740 6568 -1
15438097582458300 1500 -1
15438097582458880 2779 -1
15438097582458880 764 -1
15438097582744830 17 -1
0 0 0
15438097544956420 52 -1
15438097562742010 148 1
15438097562742010 278 1
15438097562762870 9 -1
15438097562766048 13 -1
15438097564212670 1500 -1
15438097564212670 1500 -1
15438097564213720 8000 -1
15438097564234970 5655 -1
15438097564234970 1453 -1
15438097564235510 1500 -1
15438097564235510 3814 -1
15438097564236060 3374 -1
15438097565425670 17 -1
0 0 0
15438097544795138 52 -1
15438097565050098 148 1
15438097565050098 279 1
15438097565070910 9 -1
15438097565073990 13 -1
15438097566693210 1500 -1
15438097566693680 1500 -1
15438097566694750 8000 -1
15438097566713790 5654 -1
15438097566714310 1453 -1
15438097566715382 1500 -1
15438097566715950 3812 -1
15438097566716450 4072 -1
15438097566716450 1170 -1
15438097567052160 17 -1
0 0 0
15438097544718080 52 -1
15438097564983562 148 1
15438097564983562 277 1
15438097565005180 9 -1
15438097565008730 13 -1
15438097566844780 1500 -1
15438097566844780 1500 -1
15438097566845830 8000 -1
15438097566866160 5655 -1
15438097566866160 1453 -1
15438097566866700 1500 -1
15438097566866700 2263 -1
15438097567013690 17 -1
0 0 0
15438097542670350 52 -1
15438097562785780 148 1
15438097562785780 264 1
15438097562806870 9 -1
15438097562808818 13 -1
15438097562817618 1500 -1
15438097562818170 6219 -1
15438097567961180 137 1
15438097567983698 13 -1
15438097568303570 1500 -1
15438097568304050 1577 -1
15438097568304600 4072 -1
15438097568304600 1227 -1
15438097573329820 139 1
15438097573353470 13 -1
15438097574518910 1500 -1
15438097574519380 1561 -1
15438097574520510 4072 -1
15438097574520510 1384 -1
15438097579596428 136 1
15438097579619650 13 -1
15438097580644838 1500 -1
15438097580645330 1562 -1
15438097580645880 4072 -1
15438097580645880 605 -1
15438097585708360 138 1
15438097585732190 13 -1
15438097586739730 1500 -1
15438097586739730 1536 -1
15438097586740270 4072 -1
15438097586740270 839 -1
15438097591741640 136 1
15438097591765038 13 -1
15438097592790440 1500 -1
15438097592790440 1564 -1
15438097592790970 2759 -1
15438097597791880 126 1
15438097597815440 13 -1
15438097598748390 1500 -1
15438097598750000 8000 -1
15438097598750550 7013 -1
15438097598750550 394 -1
15438097598751100 503 -1
15438097603751860 126 1
15438097603775092 13 -1
15438097605214990 1500 -1
15438097605214990 1500 -1
15438097605215868 4036 -1
15438097605216392 3559 -1
15438097610217250 138 1
15438097610240800 13 -1
15438097611931040 1500 -1
15438097611931570 1500 -1
15438097611932070 4005 -1
15438097611933190 4072 -1
15438097611933760 4072 -1
15438097611933760 1225 -1
15438097616935570 126 1
15438097616959360 13 -1
15438097618523050 1500 -1
15438097618523910 1500 -1
15438097618524390 8000 -1
15438097618526060 5514 -1
15438097618526060 1453 -1
15438097618526590 1500 -1
15438097618527670 3829 -1
15438097618528200 4072 -1
15438097618528200 598 -1
15438097623529200 126 1
15438097623553000 13 -1
15438097624817222 1500 -1
15438097624817700 1500 -1
15438097624819250 8000 -1
15438097624819940 5538 -1
15438097624820040 1453 -1
15438097624820040 964 -1
15438097629821538 127 1
15438097629844840 13 -1
15438097631258112 1500 -1
15438097631258112 1500 -1
15438097631259200 8000 -1
15438097631259748 5538 -1
15438097631260280 1453 -1
15438097631260340 1500 -1
15438097631261970 8000 -1
15438097631262510 6893 -1
15438097631263060 1137 -1
15438097631263060 1500 -1
15438097631263620 2581 -1
15438097631263620 421 -1
15438097636265020 136 1
15438097636288340 13 -1
15438097637689900 1500 -1
15438097637690958 8000 -1
15438097637692050 7014 -1
15438097637692050 374 -1
15438097637692620 1500 -1
15438097637692620 1500 -1
15438097637693232 3508 -1
15438097637693730 4072 -1
15438097637694240 4072 -1
15438097637694240 1635 -1
15438097642695910 125 1
15438097642719000 13 -1
15438097647695950 125 1
15438097647719850 13 -1
15438097649240790 1500 -1
15438097649241280 1500 -1
15438097649242390 8000 -1
15438097649242920 5536 -1
15438097649243482 1453 -1
15438097649243482 1492 -1
15438097649545150 1500 -1
15438097649545630 1500 -1
15438097649546740 8000 -1
15438097649547270 5514 -1
15438097649547270 1453 -1
15438097649547802 1500 -1
15438097649547802 1423 -1
15438097654550590 135 1
15438097654574790 13 -1
15438097656305550 1500 -1
15438097656306018 1500 -1
15438097656307080 8000 -1
15438097656308170 5538 -1
15438097656308170 1453 -1
15438097656308730 1500 -1
15438097656308790 3817 -1
15438097656309280 3944 -1
15438097661310770 9 1
15438097666310760 140 1
15438097666334000 13 -1
15438097667781292 1500 -1
15438097667781780 1500 -1
15438097667782890 8000 -1
15438097667783520 5537 -1
15438097667783990 1453 -1
15438097667784582 1500 -1
15438097667784582 3815 -1
15438097667785080 4072 -1
15438097667785640 4072 -1
15438097667785640 594 -1
15438097672787180 136 1
15438097672810770 13 -1
15438097674231530 1500 -1
15438097674231998 1500 -1
15438097674233110 8000 -1
15438097674233652 5537 -1
15438097674234190 1453 -1
15438097674234760 1500 -1
15438097674234760 3815 -1
15438097674235302 1355 -1
15438097679236300 137 1
15438097679260560 13 -1
15438097680780088 1500 -1
15438097680780088 1500 -1
15438097680781160 8000 -1
15438097680781730 5539 -1
15438097680782180 1453 -1
15438097680782240 1500 -1
15438097680782730 3814 -1
15438097680783278 1513 -1
15438097685784718 136 1
15438097685808850 13 -1
15438097687999120 1500 -1
15438097687999598 1500 -1
15438097688000710 8000 -1
15438097688001210 5513 -1
15438097688001750 1453 -1
15438097688001810 1500 -1
15438097688002320 3167 -1
15438097693003610 125 1
15438097693027620 13 -1
15438097693729100 1500 -1
15438097693729100 1500 -1
15438097693730162 8000 -1
15438097693730680 5538 -1
15438097693731220 1453 -1
15438097693731288 1500 -1
15438097693731800 3829 -1
15438097693732350 1952 -1
15438097698733448 166 1
15438097698757370 13 -1
15438097699075020 1500 -1
15438097699076000 8000 -1
15438097699077060 7012 -1
15438097699077600 376 -1
15438097699077670 1500 -1
15438097699078168 1500 -1
15438097699078720 3508 -1
15438097699078720 1298 -1
15438097704079658 127 1
15438097704102220 13 -1
15438097705003890 1500 -1
15438097705005432 8000 -1
15438097705006520 7037 -1
15438097705006520 391 -1
15438097705006520 1500 -1
15438097705008170 8000 -1
15438097705008700 6893 -1
15438097705008760 345 -1
15438097705008760 9 -1
15438097710009652 126 1
15438097710033060 13 -1
15438097710350480 1500 -1
15438097710351530 8000 -1
15438097710353178 7039 -1
15438097710353178 391 -1
15438097710353230 1500 -1
15438097710353230 1500 -1
15438097710354290 3450 -1
15438097715355310 125 1
15438097715378690 13 -1
15438097715705040 1500 -1
15438097715706720 8000 -1
15438097715707200 7014 -1
15438097715707200 392 -1
15438097715707760 591 -1
