### "'19913 13649 19368 29984 16309 25501 36988 16006 13446 18653 24868 18800 37022 17380 24653 14577 33079 27056 13122 17885'"
0 0 0
15438101563998740 52 -1
15438101584112440 148 1
15438101584112440 282 1
15438101584133810 9 -1
15438101584136130 13 -1
15438101585886778 1500 -1
15438101585886778 540 -1
15438101586857830 1500 -1
15438101586858800 8000 -1
15438101586879290 6567 -1
15438101586879290 1500 -1
15438101586879840 3024 -1
15438101586880382 4072 -1
15438101586882820 3040 -1
15438101586882820 529 -1
15438101587217830 17 -1
0 0 0
15438101562020550 52 -1
15438101582102830 148 1
15438101582102830 268 1
15438101582123770 9 -1
15438101582126350 13 -1
15438101583496980 1500 -1
15438101583496980 1699 -1
15438101583497510 3994 -1
15438101588588910 136 1
15438101588612130 13 -1
15438101590065350 1500 -1
15438101590065350 1500 -1
15438101590065350 3251 -1
15438101595069220 137 1
15438101595093010 13 -1
15438101595281370 1500 -1
15438101595281910 1537 -1
15438101595282460 4072 -1
15438101595282460 793 -1
15438101600338190 126 1
15438101600361680 13 -1
15438101602520310 1500 -1
15438101602521390 1500 -1
15438101602538070 8000 -1
15438101602538700 5538 -1
15438101602539092 1453 -1
15438101602539630 1500 -1
15438101602541640 3817 -1
15438101602554222 2365 -1
15438101607555360 126 1
15438101607579940 13 -1
15438101609241158 1500 -1
15438101609241158 1500 -1
15438101609242858 8000 -1
15438101609246060 5514 -1
15438101609246600 1500 -1
15438101609246600 298 -1
15438101609246600 1500 -1
15438101609253540 8000 -1
15438101609254610 6893 -1
15438101609254610 796 -1
15438101609254610 1500 -1
15438101609254610 153 -1
15438101614256650 134 1
15438101614280680 13 -1
15438101615802670 1500 -1
15438101615803110 1500 -1
15438101615803620 4012 -1
15438101615804200 4072 -1
15438101615804738 4072 -1
15438101615804738 1002 -1
15438101620805730 154 1
15438101620830678 13 -1
15438101622678420 1500 -1
15438101622678950 1500 -1
15438101622679470 4019 -1
15438101622680020 4072 -1
15438101622680020 2516 -1
15438101627681220 137 1
15438101627704430 13 -1
15438101628976130 1500 -1
15438101628976130 1500 -1
15438101628977630 8000 -1
15438101628978110 5516 -1
15438101628978110 1453 -1
15438101628978670 834 -1
15438101633979350 136 1
15438101634003300 13 -1
15438101635496840 1500 -1
15438101635497350 1500 -1
15438101635498440 8000 -1
15438101635498960 5538 -1
15438101635499510 1453 -1
15438101635499590 1500 -1
15438101635500072 3811 -1
15438101635500640 1738 -1
15438101640501630 125 1
15438101640525110 13 -1
15438101642432808 1500 -1
15438101642432808 1500 -1
15438101642433880 8000 -1
15438101642434440 5538 -1
15438101642434440 1453 -1
15438101642434990 981 -1
15438101647435910 138 1
15438101647460070 13 -1
15438101649282802 1500 -1
15438101649282802 1500 -1
15438101649283860 8000 -1
15438101649284420 5513 -1
15438101649284940 1500 -1
15438101649284940 268 -1
15438101649284940 1500 -1
15438101649286030 8000 -1
15438101649287140 6893 -1
15438101649287140 796 -1
15438101649287700 1500 -1
15438101649287700 217 -1
15438101654289178 137 1
15438101654311978 13 -1
15438101656100680 1500 -1
15438101656100680 1500 -1
15438101656101210 4019 -1
15438101656101760 4072 -1
15438101656102280 4072 -1
15438101656102828 1500 -1
15438101656102828 878 -1
15438101656102880 9 -1
15438101661104478 136 1
15438101661128408 13 -1
15438101662742400 1500 -1
15438101662742400 423 -1
15438101662743300 1500 -1
15438101662743780 8000 -1
15438101662744830 6565 -1
15438101662745340 1242 -1
15438101662745400 1500 -1
15438101662745882 2581 -1
15438101662745882 1520 -1
15438101667746870 125 1
15438101667769420 13 -1
15438101669256238 1500 -1
15438101669256740 1500 -1
15438101669257310 4009 -1
15438101669257842 4072 -1
15438101669258420 3624 -1
15438101674259390 9 1
15438101679259410 128 1
15438101679281690 13 -1
15438101680638298 1500 -1
15438101680638800 1500 -1
15438101680639870 8000 -1
15438101680640430 5538 -1
15438101680640430 1453 -1
15438101680641078 1500 -1
15438101680641630 3830 -1
15438101680642170 4072 -1
15438101680642732 4072 -1
15438101680642732 1786 -1
15438101685644010 137 1
15438101685666930 13 -1
15438101687737390 1500 -1
15438101687737880 1500 -1
15438101687738978 8000 -1
15438101687739540 5512 -1
15438101687740050 1453 -1
15438101687740610 1500 -1
15438101687741160 3803 -1
15438101687741160 3934 -1
15438101692742390 136 1
15438101692765940 13 -1
15438101694258160 1500 -1
15438101694258680 1500 -1
15438101694259220 4022 -1
15438101694259800 4072 -1
15438101694259800 2181 -1
15438101699261200 136 1
15438101699286700 13 -1
15438101701145850 1500 -1
15438101701146360 1500 -1
15438101701147450 8000 -1
15438101701148018 5537 -1
15438101701148018 1453 -1
15438101701148040 66 -1
15438101706149070 124 1
15438101706172560 13 -1
15438101707583070 1500 -1
15438101707583070 1500 -1
15438101707583940 8000 -1
15438101707585270 5514 -1
15438101707585270 1500 -1
15438101707585270 296 -1
15438101707585810 1500 -1
15438101707586360 3486 -1
15438101707586902 4072 -1
15438101707586902 2615 -1
15438101712588150 136 1
15438101712612210 13 -1
15438101714404160 1500 -1
15438101714405070 1500 -1
15438101714405070 4000 -1
15438101714405610 4072 -1
15438101714405610 4072 -1
15438101714406270 1057 -1
15438101719407370 137 1
15438101719429980 13 -1
15438101721574750 1500 -1
15438101721574750 1500 -1
15438101721575320 3995 -1
15438101721575870 4072 -1
15438101721575870 1215 -1
15438101726577130 136 1
15438101726601450 13 -1
15438101728420150 1500 -1
15438101728420150 1500 -1
15438101728421050 8000 -1
15438101728422220 5513 -1
15438101728422220 1453 -1
15438101728422310 1500 -1
15438101728422750 1424 -1
0 0 0
15438101564385190 52 -1
15438101582053010 148 1
15438101582053010 270 1
15438101582074470 9 -1
15438101582076440 13 -1
15438101583725690 1500 -1
15438101583726140 1500 -1
15438101583727210 8000 -1
15438101583747320 5654 -1
15438101583747870 1500 -1
15438101583747870 285 -1
15438101583748450 1500 -1
15438101583748450 262 -1
15438101584154770 17 -1
0 0 0
15438101564180930 52 -1
15438101584178140 148 1
15438101584178140 279 1
15438101584199520 9 -1
15438101584202722 13 -1
15438101585990378 1500 -1
15438101585990850 1500 -1
15438101585990850 1500 -1
15438101585991408 2630 -1
15438101585992530 4072 -1
15438101586010750 2719 -1
15438101586286630 17 -1
0 0 0
15438101564215560 52 -1
15438101584357810 148 1
15438101584357810 280 1
15438101584379210 9 -1
15438101584382542 13 -1
15438101586585382 1500 -1
15438101586585382 1500 -1
15438101586586430 8000 -1
15438101586606550 5654 -1
15438101586607110 1453 -1
15438101586607110 1500 -1
15438101586607110 49 -1
15438101586894100 17 -1
0 0 0
15438101564382228 52 -1
15438101600277920 148 1
15438101600277920 280 1
15438101600299220 9 -1
15438101600301710 13 -1
15438101600621800 1500 -1
15438101600621800 1682 -1
15438101600622352 4072 -1
15438101600623450 4072 -1
15438101600642260 4072 -1
15438101600642260 1181 -1
15438101600871330 17 -1
