### "'13320 15650 24772 22041 25846 24981 22380 22629 19708 19057 24832 29652 27470 18462 20442 20324 26773 24272 14682 14633'"
0 0 0
15436139018303350 52 -1
15436139038270180 148 1
15436139038270180 255 1
15436139038291610 9 -1
15436139038294230 13 -1
15436139038303000 1500 -1
15436139038303000 3480 -1
15436139043445870 136 1
15436139043469390 13 -1
15436139046519820 1500 -1
15436139046520330 1500 -1
15436139046520892 4062 -1
15436139046520892 1817 -1
15436139051537500 138 1
15436139051561510 13 -1
15436139055180270 1500 -1
15436139055180730 1500 -1
15436139055181292 4012 -1
15436139055181292 1658 -1
15436139060215650 126 1
15436139060239630 13 -1
15436139061491960 1500 -1
15436139061492432 1500 -1
15436139061495750 8000 -1
15436139061498920 5537 -1
15436139061499520 1500 -1
15436139061499520 295 -1
15436139061513190 1500 -1
15436139061513742 3486 -1
15436139061513742 1834 -1
15436139066515470 136 1
15436139066539740 13 -1
15436139068006762 1500 -1
15436139068007280 1500 -1
15436139068008310 8000 -1
15436139068008860 5514 -1
15436139068008860 1453 -1
15436139068009420 1500 -1
15436139068009960 3061 -1
15436139073010740 125 1
15436139073035130 13 -1
15436139074295148 1500 -1
15436139074296200 8000 -1
15436139074297300 7038 -1
15436139074297300 393 -1
15436139075241800 1500 -1
15436139075242270 1500 -1
15436139075242270 2720 -1
15436139075242270 150 -1
15436139080243900 126 1
15436139080268760 13 -1
15436139082945930 1500 -1
15436139082945930 1500 -1
15436139082947010 8000 -1
15436139082947530 5542 -1
15436139082948050 1453 -1
15436139082948110 1500 -1
15436139082948110 389 -1
15436139087949300 126 1
15436139087973600 13 -1
15436139089661290 1500 -1
15436139089661788 1500 -1
15436139089663460 8000 -1
15436139089664580 5514 -1
15436139089664580 1453 -1
15436139089665150 1238 -1
15436139094665950 124 1
15436139094689630 13 -1
15436139098984620 1500 -1
15436139098984620 418 -1
15436139099930720 1500 -1
15436139099931760 8000 -1
15436139099933360 6573 -1
15436139099933360 1234 -1
15436139099933360 1500 -1
15436139099933900 2581 -1
15436139099933900 1707 -1
15436139104935100 136 1
15436139104959190 13 -1
15436139105927710 1500 -1
15436139105928782 8000 -1
15436139105930410 7039 -1
15436139105930410 377 -1
15436139106874210 1500 -1
15436139106874650 1500 -1
15436139106875270 3508 -1
15436139106875720 3528 -1
15436139106875720 2873 -1
15436139111877410 154 1
15436139111901100 13 -1
15436139113064420 1500 -1
15436139113064920 1579 -1
15436139113064920 1101 -1
15436139118066350 137 1
15436139118090350 13 -1
15436139119004550 494 -1
15436139119006410 1500 -1
15436139119006938 8000 -1
15436139119008010 6893 -1
15436139119008780 1500 -1
15436139119008780 1500 -1
15436139119009240 3508 -1
15436139119009800 3528 -1
15436139119009800 693 -1
15436139124011410 136 1
15436139124035210 13 -1
15436139125012300 1500 -1
15436139125013120 8000 -1
15436139125014220 7038 -1
15436139125014220 375 -1
15436139125014770 1500 -1
15436139125014770 221 -1
15436139130015590 125 1
15436139130039480 13 -1
15436139131271010 1500 -1
15436139131271010 1500 -1
15436139131272340 8000 -1
15436139131273150 5537 -1
15436139131273150 1500 -1
15436139131273150 297 -1
15436139131273702 1500 -1
15436139131273702 779 -1
15436139136274992 9 1
15436139141274950 139 1
15436139141303170 13 -1
15436139144694530 519 -1
15436139145815390 1500 -1
15436139145816432 8000 -1
15436139145817050 6893 -1
15436139145817520 1500 -1
15436139145817520 936 -1
15436139145818130 1156 -1
15436139150821568 125 1
15436139150845420 13 -1
15436139153694798 517 -1
15436139154585550 1500 -1
15436139154586380 8000 -1
15436139154587460 6893 -1
15436139154588000 1500 -1
15436139154588562 2822 -1
15436139154589110 4072 -1
15436139154589110 1642 -1
15436139159590850 127 1
15436139159614510 13 -1
15436139161606892 1500 -1
15436139161607340 1500 -1
15436139161608470 8000 -1
15436139161609080 5537 -1
15436139161609080 1453 -1
15436139161609610 1500 -1
15436139161610090 3803 -1
15436139161610090 1150 -1
15436139166614460 126 1
15436139166638340 13 -1
15436139168304110 1500 -1
15436139168304592 1500 -1
15436139168305110 4014 -1
15436139168305718 4072 -1
15436139168306200 3726 -1
15436139173306930 125 1
15436139173331330 13 -1
15436139174313790 1500 -1
15436139174314310 1559 -1
15436139174314880 4072 -1
15436139174315482 4072 -1
15436139174315482 3583 -1
15436139179317170 136 1
15436139179341112 13 -1
15436139181857810 1500 -1
15436139181858320 1500 -1
15436139181858880 8000 -1
15436139181860630 5539 -1
15436139181860630 1500 -1
15436139181860630 248 -1
15436139181860630 1500 -1
15436139181861680 3486 -1
15436139181861680 2333 -1
15436139186862978 135 1
15436139186887210 13 -1
15436139188813860 1500 -1
15436139188813860 1500 -1
15436139188814918 8000 -1
15436139188815510 5513 -1
15436139188815970 1453 -1
15436139188816040 1500 -1
15436139188816040 1768 -1
15436139193817690 126 1
15436139193840690 13 -1
15436139195937950 1500 -1
15436139195937950 1500 -1
15436139195939030 8000 -1
15436139195939570 5537 -1
15436139195940120 1500 -1
15436139195940120 284 -1
15436139195940160 188 -1
0 0 0
15436139020447450 52 -1
15436139040528450 148 1
15436139040528450 272 1
15436139040550302 9 -1
15436139040552540 13 -1
15436139041547670 1500 -1
15436139041547670 1698 -1
15436139041548160 4072 -1
15436139041550440 4072 -1
15436139041569008 4072 -1
15436139041569008 506 -1
15436139041799140 17 -1
0 0 0
15436139020304040 52 -1
15436139040371870 148 1
15436139040371870 271 1
15436139040393060 9 -1
15436139040395990 13 -1
15436139042372630 1500 -1
15436139042373660 8000 -1
15436139042393780 7154 -1
15436139042393780 392 -1
15436139042393780 1500 -1
15436139042394280 1500 -1
15436139042394280 3508 -1
15436139042394850 1506 -1
15436139042758360 17 -1
0 0 0
15436139020252320 52 -1
15436139040224430 148 1
15436139040224430 282 1
15436139040245480 9 -1
15436139040249150 13 -1
15436139042700030 1500 -1
15436139042700490 1500 -1
15436139042701610 8000 -1
15436139042720950 5654 -1
15436139042721390 1453 -1
15436139042721940 1500 -1
15436139042721940 2722 -1
15436139043112882 17 -1
0 0 0
15436139020463920 52 -1
15436139056445702 148 1
15436139056466790 9 -1
15436139056557700 272 1
15436139056581850 13 -1
15436139058375590 1500 -1
15436139058375590 1500 -1
15436139058376680 8000 -1
15436139058397130 5653 -1
15436139058397130 1453 -1
15436139058397680 1500 -1
15436139058398250 3817 -1
15436139058401360 2710 -1
15436139058770650 17 -1
0 0 0
15436139020505180 52 -1
15436139038384358 148 1
15436139038384358 281 1
15436139038405960 9 -1
15436139038408740 13 -1
15436139039540310 641 -1
15436139039542100 1500 -1
15436139039542100 1500 -1
15436139039542720 3626 -1
15436139039543210 4072 -1
15436139039561270 2261 -1
15436139040134110 17 -1
