### "'25353 14244 26932 25280 22453 10265 13267 18714 28974 20588 26847 27176 35714 13250 24973 28214 19258 22409 28892 27564'"
0 0 0
15436148322039140 52 -1
15436148357913858 148 1
15436148357934812 9 -1
15436148357950990 284 1
15436148357973670 13 -1
15436148357984260 1500 -1
15436148357984778 8000 -1
15436148358004580 7044 -1
15436148358004580 1500 -1
15436148358008370 4578 -1
15436148358250690 17 -1
0 0 0
15436148322116498 52 -1
15436148341983140 148 1
15436148342004420 9 -1
15436148342004560 281 1
15436148342028720 13 -1
15436148342959550 1500 -1
15436148342960588 8000 -1
15436148342981120 7154 -1
15436148342981120 380 -1
15436148342981120 1500 -1
15436148342981120 1500 -1
15436148342981650 3508 -1
15436148342982200 2026 -1
15436148343424050 17 -1
0 0 0
15436148321742220 52 -1
15436148341834580 148 1
15436148341834580 283 1
15436148341855900 9 -1
15436148341858060 13 -1
15436148341866118 1500 -1
15436148341867220 8000 -1
15436148341878008 4904 -1
15436148342266690 17 -1
0 0 0
15436148319744740 52 -1
15436148339768168 148 1
15436148339768168 262 1
15436148339789000 9 -1
15436148339791250 13 -1
15436148339795908 1500 -1
15436148339795908 2446 -1
15436148345140510 137 1
15436148345163780 13 -1
15436148346549120 1500 -1
15436148346549120 1604 -1
15436148346549120 2749 -1
15436148351591220 137 1
15436148351614398 13 -1
15436148351620810 1500 -1
15436148351621360 5976 -1
15436148356711140 138 1
15436148356734150 13 -1
15436148356741570 1229 -1
15436148361765750 137 1
15436148361789060 13 -1
15436148361795052 1500 -1
15436148361795600 5417 -1
15436148366796278 138 1
15436148366820580 13 -1
15436148366828210 1500 -1
15436148366828730 5627 -1
15436148371829380 138 1
15436148371853098 13 -1
15436148372754180 1500 -1
15436148372754180 153 -1
15436148377755430 136 1
15436148377778700 13 -1
15436148379153618 1500 -1
15436148379154110 1540 -1
15436148379154640 4072 -1
15436148379154640 2410 -1
15436148384156170 137 1
15436148384179290 13 -1
15436148385145978 1500 -1
15436148385146510 1566 -1
15436148385147100 4072 -1
15436148385147100 244 -1
15436148390148160 138 1
15436148390171210 13 -1
15436148391662300 1500 -1
15436148391662820 1562 -1
15436148391663330 4072 -1
15436148391663330 3283 -1
15436148396664850 136 1
15436148396689020 13 -1
15436148398185760 1500 -1
15436148398186240 1500 -1
15436148398186770 3994 -1
15436148398187302 4072 -1
15436148398187302 2330 -1
15436148403188770 137 1
15436148403211750 13 -1
15436148403220310 1500 -1
15436148403222610 8000 -1
15436148403223690 6964 -1
15436148403223690 1500 -1
15436148403224240 839 -1
15436148408225460 136 1
15436148408249450 13 -1
15436148409183682 1500 -1
15436148409184580 8000 -1
15436148409186210 7014 -1
15436148409186210 375 -1
15436148409186210 1500 -1
15436148409186800 1500 -1
15436148409187920 3508 -1
15436148409187920 4072 -1
15436148409188500 1653 -1
15436148414190170 136 1
15436148414214390 13 -1
15436148415208250 1500 -1
15436148415209120 8000 -1
15436148415210150 7036 -1
15436148415210150 380 -1
15436148415210710 1500 -1
15436148415211330 1500 -1
15436148415211330 842 -1
15436148420212350 137 1
15436148420235540 13 -1
15436148421571432 1500 -1
15436148421572320 8000 -1
15436148421573852 7037 -1
15436148421573852 377 -1
15436148421573852 1500 -1
15436148421573852 1500 -1
15436148421574380 3508 -1
15436148421574932 3596 -1
15436148426576350 136 1
15436148426599010 13 -1
15436148427967032 1500 -1
15436148427968090 8000 -1
15436148427969210 7012 -1
15436148427969210 378 -1
15436148427969210 1500 -1
15436148427969770 1500 -1
15436148427970310 3508 -1
15436148427970870 3924 -1
15436148432971590 137 1
15436148432996490 13 -1
15436148433973060 1500 -1
15436148433974090 8000 -1
15436148433975210 7037 -1
15436148433975210 374 -1
15436148433975770 1500 -1
15436148433976310 8000 -1
15436148433977380 6893 -1
15436148433977940 1500 -1
15436148433977940 818 -1
15436148433978022 281 -1
15436148438979490 126 1
15436148439002408 13 -1
15436148439994990 1500 -1
15436148439994990 1559 -1
15436148439995840 4072 -1
15436148439996350 4072 -1
15436148439996350 2176 -1
15436148444997680 9 1
15436148449997690 140 1
15436148450020750 13 -1
15436148451395832 1500 -1
15436148451396890 8000 -1
15436148451397980 7038 -1
15436148451397980 374 -1
15436148451398460 1500 -1
15436148451398460 1500 -1
15436148451399022 3508 -1
15436148451399022 1725 -1
15436148456400180 136 1
15436148456423640 13 -1
15436148457365540 1500 -1
15436148457366600 8000 -1
15436148457367700 7012 -1
15436148457367700 376 -1
15436148457368260 1500 -1
15436148457368260 1500 -1
15436148457368770 3508 -1
15436148457369330 4072 -1
15436148457369330 892 -1
15436148462370440 137 1
15436148462394000 13 -1
15436148464334490 1500 -1
15436148464334490 423 -1
15436148464335070 1500 -1
15436148464336130 8000 -1
15436148464337210 6568 -1
15436148464337210 1239 -1
15436148464337260 209 -1
15436148469338328 126 1
15436148469361600 13 -1
15436148470930460 1500 -1
15436148470930960 1500 -1
15436148470932090 8000 -1
15436148470932630 5537 -1
15436148470932630 1453 -1
15436148470933190 1500 -1
15436148470933772 3090 -1
15436148475935080 137 1
15436148475957930 13 -1
15436148477286380 1500 -1
15436148477289290 8000 -1
15436148477290410 7015 -1
15436148477290410 375 -1
15436148477290930 1500 -1
15436148477290930 1500 -1
15436148477291470 3508 -1
15436148477291970 4072 -1
15436148477291970 1571 -1
15436148482293040 125 1
15436148482316380 13 -1
15436148483482240 1500 -1
15436148483483328 8000 -1
15436148483484420 7037 -1
15436148483484420 391 -1
15436148483485050 1500 -1
15436148483485050 1500 -1
15436148483485530 3508 -1
15436148483486090 4072 -1
15436148483486090 227 -1
15436148488487288 138 1
15436148488510240 13 -1
15436148488694300 1500 -1
15436148488695330 8000 -1
15436148488696452 7014 -1
15436148488696452 375 -1
15436148488697010 1500 -1
15436148488697010 1500 -1
15436148488697578 3193 -1
15436148493698580 136 1
15436148493721508 13 -1
15436148494932088 1500 -1
15436148494932690 8000 -1
15436148494933770 7037 -1
15436148494933770 376 -1
15436148494934340 1500 -1
15436148494934340 1500 -1
15436148494934900 2630 -1
15436148499935860 126 1
15436148499959300 13 -1
15436148500909280 1500 -1
15436148500909800 1581 -1
15436148500910380 4072 -1
15436148500910900 4072 -1
15436148500910900 2380 -1
15436148505912280 138 1
15436148505935522 13 -1
15436148506875150 1500 -1
15436148506876170 8000 -1
15436148506877242 7014 -1
15436148506877242 372 -1
15436148506877770 1500 -1
15436148506877770 1500 -1
15436148506878778 3421 -1
0 0 0
15436148322164618 52 -1
15436148339759318 148 1
15436148339759318 284 1
15436148339780760 9 -1
15436148339783340 13 -1
15436148340951250 1500 -1
15436148340952270 8000 -1
15436148340972860 7152 -1
15436148340972860 372 -1
15436148340972860 1500 -1
15436148340973490 1500 -1
15436148340973490 3508 -1
15436148340974050 2107 -1
15436148341663830 17 -1
0 0 0
15436148321826360 52 -1
15436148341924760 148 1
15436148341924760 281 1
15436148341946240 9 -1
15436148341948928 13 -1
15436148341959240 1500 -1
15436148341960310 8000 -1
15436148341969830 7045 -1
15436148341979640 1500 -1
15436148341981872 8000 -1
15436148341981872 1057 -1
15436148342614150 17 -1
