### "'21624 24104 14766 18848 36594 45888 35568 25375 24117 34958 10993 30708 43604 30267 37993 26372 25459 25354 15269 28192'"
0 0 0
15436149215051740 52 -1
15436149235079050 148 1
15436149235079050 282 1
15436149235101200 9 -1
15436149235103970 13 -1
15436149236126990 1500 -1
15436149236127980 8000 -1
15436149236147860 7152 -1
15436149236148400 379 -1
15436149236148400 1500 -1
15436149236148400 603 -1
15436149236506950 17 -1
0 0 0
15436149215057630 52 -1
15436149235108140 148 1
15436149235129408 9 -1
15436149235195100 272 1
15436149235219420 13 -1
15436149235227060 1500 -1
15436149235227580 8000 -1
15436149235247590 5427 -1
15436149235614728 17 -1
0 0 0
15436149215281840 52 -1
15436149233575448 148 1
15436149233575448 271 1
15436149233596640 9 -1
15436149233599680 13 -1
15436149233610908 1500 -1
15436149233617238 8000 -1
15436149233620580 7045 -1
15436149233631590 1500 -1
15436149233632100 3749 -1
15436149233739460 17 -1
0 0 0
15436149215219690 52 -1
15436149235286210 148 1
15436149235286210 283 1
15436149235307760 9 -1
15436149235310710 13 -1
15436149235322240 1500 -1
15436149235328660 8000 -1
15436149235332000 7044 -1
15436149235343280 1500 -1
15436149235346280 6229 -1
15436149235559290 17 -1
0 0 0
15436149215285360 52 -1
15436149251582028 148 1
15436149251603652 9 -1
15436149251603790 281 1
15436149251626502 13 -1
15436149251642560 1500 -1
15436149251662480 8000 -1
15436149251663580 7044 -1
15436149251668342 1500 -1
15436149251669490 7500 -1
15436149251915880 17 -1
0 0 0
15436149213475530 52 -1
15436149233715260 148 1
15436149233715260 257 1
15436149233736488 9 -1
15436149233738360 13 -1
15436149233742540 1500 -1
15436149233742540 3570 -1
15436149238978300 126 1
15436149239000880 13 -1
15436149239010570 1500 -1
15436149239011120 8000 -1
15436149239021430 6946 -1
15436149239022000 1500 -1
15436149239031950 8000 -1
15436149239033020 6893 -1
15436149239033580 1500 -1
15436149239036428 2335 -1
15436149244083540 126 1
15436149244106532 13 -1
15436149244124270 1500 -1
15436149244125290 8000 -1
15436149244126350 6964 -1
15436149244126350 1500 -1
15436149244128590 8000 -1
15436149244129710 6893 -1
15436149244129710 1500 -1
15436149244130800 8000 -1
15436149244131970 3629 -1
15436149249204840 125 1
15436149249227850 13 -1
15436149249241058 1500 -1
15436149249242120 8000 -1
15436149249242670 6941 -1
15436149249243210 1500 -1
15436149249244298 8000 -1
15436149249245360 6893 -1
15436149249245360 1500 -1
15436149249245920 1309 -1
15436149254250160 136 1
15436149254275000 13 -1
15436149255647718 1500 -1
15436149255649322 8000 -1
15436149255649828 7078 -1
15436149255649828 376 -1
15436149255650940 1500 -1
15436149255650940 1500 -1
15436149255651500 3508 -1
15436149255651500 867 -1
15436149260652462 125 1
15436149260675630 13 -1
15436149260697160 1500 -1
15436149260698250 8000 -1
15436149260698840 6969 -1
15436149260699370 1500 -1
15436149260700470 8000 -1
15436149260701540 6893 -1
15436149260701540 1500 -1
15436149260701540 699 -1
15436149265702880 125 1
15436149265727040 13 -1
15436149265735820 1500 -1
15436149265736370 8000 -1
15436149265736930 1550 -1
15436149270737820 124 1
15436149270761030 13 -1
15436149270775220 1500 -1
15436149270775790 8000 -1
15436149270776852 6964 -1
15436149270777350 1500 -1
15436149270778460 8000 -1
15436149270779532 4833 -1
15436149275780200 125 1
15436149275803240 13 -1
15436149275815330 1500 -1
15436149275815840 8000 -1
15436149275816900 6941 -1
15436149275817462 1500 -1
15436149275818520 8000 -1
15436149275819590 6893 -1
15436149275819590 1500 -1
15436149275821208 8000 -1
15436149275821208 1345 -1
15436149280821960 136 1
15436149280845790 13 -1
15436149280858830 1500 -1
15436149280859930 8000 -1
15436149280861040 6964 -1
15436149280861040 1500 -1
15436149280862100 8000 -1
15436149280863212 4392 -1
15436149285864180 136 1
15436149285887858 13 -1
15436149285905722 1500 -1
15436149285906260 8000 -1
15436149285907928 6941 -1
15436149285907928 1500 -1
15436149285908990 8000 -1
15436149285910060 6893 -1
15436149285910060 1500 -1
15436149285910600 3734 -1
15436149290915800 136 1
15436149290939650 13 -1
15436149290950230 1500 -1
15436149290950780 8000 -1
15436149290951870 6964 -1
15436149290952380 1500 -1
15436149290953450 8000 -1
15436149290954020 497 -1
15436149295954790 137 1
15436149295979000 13 -1
15436149295995400 1500 -1
15436149295995960 8000 -1
15436149295997580 6947 -1
15436149295997580 1500 -1
15436149295998672 7584 -1
15436149300999970 9 1
15436149305999980 129 1
15436149306023310 13 -1
15436149306034070 1500 -1
15436149306034588 8000 -1
15436149306035710 6965 -1
15436149306036260 1500 -1
15436149306037372 7479 -1
15436149311038340 125 1
15436149311061330 13 -1
15436149311090332 1500 -1
15436149311091412 8000 -1
15436149311092538 5849 -1
15436149316093250 124 1
15436149316119760 13 -1
15436149316148100 1500 -1
15436149316148660 8000 -1
15436149316150240 6941 -1
15436149316150240 1500 -1
15436149316151320 8000 -1
15436149316151870 2317 -1
15436149321152648 126 1
15436149321176050 13 -1
15436149321191430 1500 -1
15436149321191980 8000 -1
15436149321193040 6965 -1
15436149321193622 1500 -1
15436149321194720 7112 -1
15436149326195350 136 1
15436149326220210 13 -1
15436149326236060 1500 -1
15436149326236538 8000 -1
15436149326237618 6941 -1
15436149326238170 1500 -1
15436149326238170 2907 -1
15436149331240060 125 1
15436149331263660 13 -1
15436149331273040 1500 -1
15436149331273570 8000 -1
15436149331274632 6964 -1
15436149331275188 1500 -1
15436149331276250 8000 -1
15436149331276842 3095 -1
15436149336277620 136 1
15436149336302012 13 -1
15436149336314330 1500 -1
15436149336314880 8000 -1
15436149336316540 6941 -1
15436149336316540 1500 -1
15436149336317640 8000 -1
15436149336318740 6893 -1
15436149336319330 1500 -1
15436149336319330 569 -1
