### "'23104 14945 16119 17319 25717 20462 18538 22338 16360 22965 14695 17295 14861 25676 21900 11028 20883 15572 27512 35157'"
0 0 0
15436175408266440 52 -1
15436175426382660 148 1
15436175426382660 282 1
15436175426403748 9 -1
15436175426406340 13 -1
15436175426414430 1500 -1
15436175426424460 8000 -1
15436175426435670 7045 -1
15436175426435670 1500 -1
15436175426437340 5229 -1
15436175426593152 17 -1
0 0 0
15436175408121610 52 -1
15436175428060710 148 1
15436175428060710 280 1
15436175428081952 9 -1
15436175428084410 13 -1
15436175428092950 1500 -1
15436175428093450 8000 -1
15436175428106000 6779 -1
15436175428377090 17 -1
0 0 0
15436175408081820 52 -1
15436175428152650 148 1
15436175428152650 270 1
15436175428173972 9 -1
15436175428177790 13 -1
15436175428181180 1500 -1
15436175428181770 8000 -1
15436175428201352 7044 -1
15436175428201850 944 -1
15436175428393200 17 -1
0 0 0
15436175406309112 52 -1
15436175426282570 148 1
15436175426303900 9 -1
15436175426586280 268 1
15436175426608630 13 -1
15436175426610920 1500 -1
15436175426610920 4537 -1
15436175431658790 136 1
15436175431682020 13 -1
15436175431701720 1500 -1
15436175431705850 8000 -1
15436175431722000 6969 -1
15436175431722000 1500 -1
15436175431724340 7842 -1
15436175436790850 125 1
15436175436813632 13 -1
15436175436820330 1500 -1
15436175436820860 8000 -1
15436175436820940 56 -1
15436175441839070 125 1
15436175441863990 13 -1
15436175441871870 1500 -1
15436175441874660 8000 -1
15436175441875730 6969 -1
15436175441875730 1500 -1
15436175441876270 2587 -1
15436175446988202 138 1
15436175447011940 13 -1
15436175447029058 1500 -1
15436175447030150 8000 -1
15436175447032070 6941 -1
15436175447032650 1500 -1
15436175447033200 4463 -1
15436175452033920 125 1
15436175452056710 13 -1
15436175452061310 1500 -1
15436175452062408 8000 -1
15436175452062960 6940 -1
15436175457063702 137 1
15436175457087122 13 -1
15436175457104070 1500 -1
15436175457105190 8000 -1
15436175457106308 6941 -1
15436175457106308 1500 -1
15436175457106840 5090 -1
15436175462108008 137 1
15436175462131090 13 -1
15436175462140060 1500 -1
15436175462140580 8000 -1
15436175462141718 5275 -1
15436175467142380 134 1
15436175467165330 13 -1
15436175467170250 1500 -1
15436175467170802 8000 -1
15436175467171850 6942 -1
15436175467171850 920 -1
15436175472172740 126 1
15436175472196742 13 -1
15436175472204280 1500 -1
15436175472204810 8000 -1
15436175472205880 5441 -1
15436175477206590 126 1
15436175477229910 13 -1
15436175477236090 1500 -1
15436175477236630 8000 -1
15436175477238268 6941 -1
15436175477238268 1500 -1
15436175477239360 7801 -1
15436175482240100 136 1
15436175482263020 13 -1
15436175482273740 1500 -1
15436175482274820 8000 -1
15436175482276500 6965 -1
15436175482276500 1500 -1
15436175482277070 4025 -1
15436175487278170 126 1
15436175487300830 13 -1
15436175487306400 1500 -1
15436175487306940 8000 -1
15436175487307500 1585 -1
15436175492308330 9 1
15436175497308518 129 1
15436175497331460 13 -1
15436175497344040 1500 -1
15436175497344710 8000 -1
15436175497346050 6969 -1
15436175497346050 1500 -1
15436175497346590 3008 -1
15436175502347742 126 1
15436175502371212 13 -1
15436175502379150 1500 -1
15436175502380270 8000 -1
15436175502381380 6152 -1
15436175507382020 135 1
15436175507405710 13 -1
15436175507428240 1500 -1
15436175507428930 8000 -1
15436175507430370 6941 -1
15436175507430370 1500 -1
15436175507431480 8000 -1
15436175507432620 1637 -1
15436175512433210 136 1
15436175512456990 13 -1
15436175512466518 1500 -1
15436175512467260 8000 -1
15436175512468660 6964 -1
15436175512468660 1500 -1
15436175512469780 8000 -1
15436175512471408 6893 -1
15436175512471960 1500 -1
15436175512471960 898 -1
15436175517473600 126 1
15436175517496740 13 -1
15436175517501130 1500 -1
15436175517501790 8000 -1
15436175517501882 3216 -1
15436175522503030 136 1
15436175522526640 13 -1
15436175522532260 1500 -1
15436175522533850 8000 -1
15436175522534348 6964 -1
15436175522534348 1500 -1
15436175522535490 8000 -1
15436175522536030 749 -1
15436175527536870 135 1
15436175527559970 13 -1
15436175527573600 1500 -1
15436175527575160 8000 -1
15436175527575700 6941 -1
15436175527575700 349 -1
0 0 0
15436175408235890 52 -1
15436175444477210 148 1
15436175444477210 270 1
15436175444499080 9 -1
15436175444500750 13 -1
15436175444505110 1500 -1
15436175444505640 8000 -1
15436175444526270 7044 -1
15436175444526270 1500 -1
15436175444526270 663 -1
15436175444753060 17 -1
0 0 0
15436175408080470 52 -1
15436175428028950 148 1
15436175428049690 9 -1
15436175428103130 280 1
15436175428126230 13 -1
15436175428130940 1500 -1
15436175428131470 8000 -1
15436175428152360 5605 -1
15436175428298080 17 -1
