### "'22155 13196 30704 23822 26886 14590 19552 20074 20960 10801 21531 16450 16169 17572 18593 14737 13939 14613 17338 11534'"
0 0 0
15436194449076728 52 -1
15436194469047640 148 1
15436194469047640 268 1
15436194469069008 9 -1
15436194469071528 13 -1
15436194469076070 1500 -1
15436194469076600 8000 -1
15436194469076650 485 -1
15436194469411030 17 -1
0 0 0
15436194449261590 52 -1
15436194485620090 148 1
15436194485620090 278 1
15436194485641980 9 -1
15436194485644260 13 -1
15436194485660592 1500 -1
15436194485662810 8000 -1
15436194485665250 7044 -1
15436194485680530 1500 -1
15436194485681118 1677 -1
15436194485855840 17 -1
0 0 0
15436194447342752 52 -1
15436194467417800 148 1
15436194467417800 265 1
15436194467438910 9 -1
15436194467441570 13 -1
15436194467446130 1500 -1
15436194467446130 2235 -1
15436194472668230 138 1
15436194472691740 13 -1
15436194472697510 1500 -1
15436194472698050 8000 -1
15436194472717630 6964 -1
15436194472718180 1500 -1
15436194472718698 5947 -1
15436194477795600 127 1
15436194477819490 13 -1
15436194479017150 1500 -1
15436194479017660 8000 -1
15436194479019280 7056 -1
15436194479019840 391 -1
15436194479019840 1500 -1
15436194479019840 1500 -1
15436194479021500 3508 -1
15436194479021500 3621 -1
15436194484132618 126 1
15436194484155710 13 -1
15436194484163840 1500 -1
15436194484164360 8000 -1
15436194484165450 5175 -1
15436194489266390 126 1
15436194489289870 13 -1
15436194489305160 1500 -1
15436194489306778 8000 -1
15436194489307858 6941 -1
15436194489307858 1500 -1
15436194489307858 2199 -1
15436194494309340 126 1
15436194494331800 13 -1
15436194494341560 1500 -1
15436194494342120 8000 -1
15436194494343150 6964 -1
15436194494343150 1500 -1
15436194494343740 3085 -1
15436194499344972 137 1
15436194499368492 13 -1
15436194499376430 1500 -1
15436194499377530 8000 -1
15436194499378100 1358 -1
15436194504378750 135 1
15436194504401520 13 -1
15436194505985128 1500 -1
15436194505985128 428 -1
15436194505985630 1500 -1
15436194505986680 8000 -1
15436194505987750 6563 -1
15436194505988318 1500 -1
15436194505988318 1752 -1
15436194505988318 460 -1
15436194510989880 125 1
15436194511013150 13 -1
15436194511020830 1500 -1
15436194511021390 8000 -1
15436194511022490 6964 -1
15436194511022490 75 -1
15436194516023330 126 1
15436194516046380 13 -1
15436194516052870 1500 -1
15436194516053410 8000 -1
15436194516054490 6726 -1
15436194521055260 137 1
15436194521078760 13 -1
15436194521086120 1500 -1
15436194521086690 8000 -1
15436194521087710 6964 -1
15436194521087710 1197 -1
15436194526088720 136 1
15436194526111938 13 -1
15436194527593470 1500 -1
15436194527593470 401 -1
15436194527594550 1500 -1
15436194527595652 8000 -1
15436194527596210 6565 -1
15436194527596760 774 -1
15436194532597880 137 1
15436194532620900 13 -1
15436194534107030 1500 -1
15436194534107030 1500 -1
15436194534107530 4019 -1
15436194534108068 4072 -1
15436194534108630 3799 -1
15436194539109740 9 1
15436194544109660 141 1
15436194544133220 13 -1
15436194545064420 1500 -1
15436194545064420 1500 -1
15436194545065140 4009 -1
15436194545065660 4072 -1
15436194545065660 3011 -1
15436194550066870 125 1
15436194550090030 13 -1
15436194550097670 1500 -1
15436194550098210 8000 -1
15436194550098750 5198 -1
15436194555099558 137 1
15436194555123032 13 -1
15436194556479170 1500 -1
15436194556479660 1541 -1
15436194556479660 1475 -1
15436194561481112 136 1
15436194561504058 13 -1
15436194563176870 1500 -1
15436194563177350 1500 -1
15436194563177900 4021 -1
15436194563178460 4072 -1
15436194563178990 4072 -1
15436194563178990 1500 -1
15436194563178990 835 -1
15436194563179540 9 -1
15436194568180658 125 1
15436194568203508 13 -1
15436194568514560 1500 -1
15436194568515000 1559 -1
15436194568515530 4072 -1
15436194568516150 4072 -1
15436194568516150 460 -1
15436194573517270 136 1
15436194573540850 13 -1
15436194575558280 1500 -1
15436194575558800 1500 -1
15436194575559950 8000 -1
15436194575560492 5536 -1
15436194575560492 1453 -1
15436194575561040 1500 -1
15436194575561580 3517 -1
15436194580562388 138 1
15436194580585630 13 -1
15436194582422540 1500 -1
15436194582423120 1500 -1
15436194582423830 4021 -1
15436194582423830 4072 -1
15436194582423830 1919 -1
0 0 0
15436194449267110 52 -1
15436194467396030 148 1
15436194467396030 278 1
15436194467417740 9 -1
15436194467420620 13 -1
15436194467436010 1500 -1
15436194467438350 8000 -1
15436194467441640 7044 -1
15436194467456328 1500 -1
15436194467456820 4280 -1
15436194467699202 17 -1
0 0 0
15436194449198870 52 -1
15436194469275950 148 1
15436194469275950 278 1
15436194469297618 9 -1
15436194469300340 13 -1
15436194469304480 1500 -1
15436194469305520 8000 -1
15436194469319420 3857 -1
15436194469656860 17 -1
0 0 0
15436194449076160 52 -1
15436194469348820 148 1
15436194469348820 279 1
15436194469370270 9 -1
15436194469373160 13 -1
15436194469381830 1500 -1
15436194469382360 8000 -1
15436194469401842 7044 -1
15436194469402360 1500 -1
15436194469404590 8000 -1
15436194469407340 4829 -1
15436194469755490 17 -1
